40
0 592 464 784 1040 476 983 441 432 1177 467 1274 1096 630 505 492 1050 692 732 627 387 141 739 487 1006 472 417 329 857 628 553 781 305 1050 1081 1007 426 437 642 540
592 0 188 560 757 275 802 633 379 689 337 825 762 78 579 443 533 245 242 127 207 470 320 507 680 191 186 306 265 602 466 577 308 618 559 668 498 480 168 581
464 188 0 448 683 99 690 445 193 724 158 837 710 184 395 264 588 233 422 166 161 327 292 325 622 253 179 139 425 435 298 459 255 614 619 615 311 294 177 401
784 560 448 0 256 362 243 449 356 519 336 550 318 493 339 292 480 335 790 438 608 651 275 314 233 696 628 504 633 228 232 25 690 354 508 239 373 355 398 304
1040 757 683 256 0 607 165 684 612 419 588 377 96 681 578 548 467 513 963 630 844 907 438 565 93 918 859 755 753 452 487 260 933 277 484 114 625 609 589 541
476 275 99 362 607 0 601 365 108 701 62 799 645 250 303 167 580 227 516 212 249 335 263 231 554 351 273 154 483 336 198 371 327 574 612 550 228 208 203 305
983 802 690 243 165 601 0 586 576 580 566 542 261 732 489 499 608 569 1027 677 849 860 500 496 237 940 870 733 847 360 438 231 925 428 629 259 557 546 637 452
441 633 445 449 684 365 586 0 257 948 306 998 762 615 110 222 868 560 863 577 524 359 560 159 681 647 560 360 847 232 250 435 535 790 900 689 138 159 561 145
432 379 193 356 612 108 576 257 0 767 52 850 664 358 202 84 660 320 615 320 309 295 340 133 574 425 340 162 591 262 139 357 360 627 692 574 120 101 308 212
1177 689 724 519 419 701 580 948 767 0 721 158 334 614 839 744 161 491 806 586 860 1036 438 793 344 880 856 849 538 744 700 541 966 165 147 324 839 817 557 809
467 337 158 336 588 62 566 306 52 721 0 808 634 310 241 106 610 267 577 270 294 327 290 169 544 403 322 168 540 279 144 340 360 584 642 542 168 147 256 244
1274 825 837 550 377 799 542 998 850 158 808 0 281 748 888 813 315 608 958 714 983 1133 545 853 332 1014 983 952 692 778 762 568 1087 224 304 317 905 885 680 854
1096 762 710 318 96 645 261 762 664 334 634 281 0 684 653 608 404 517 952 636 870 959 442 633 90 933 881 797 723 531 549 328 965 210 417 95 691 673 595 617
630 78 184 493 681 250 732 615 358 614 310 748 684 0 549 410 461 168 298 55 258 500 243 477 603 266 247 320 240 557 424 511 365 539 488 590 478 458 95 546
505 579 395 339 578 303 489 110 202 839 241 888 653 549 0 139 764 472 817 505 504 399 463 71 571 624 537 344 770 129 148 325 537 680 795 579 98 106 484 37
492 443 264 292 548 167 499 222 84 744 106 813 608 410 139 0 652 338 683 365 392 362 339 67 520 506 422 246 632 178 61 289 444 594 684 522 95 73 345 138
1050 533 588 480 467 580 608 868 660 161 610 315 404 461 764 652 0 357 644 439 714 910 320 709 376 724 707 720 377 688 617 505 821 193 32 354 747 724 414 739
692 245 233 335 513 227 569 560 320 491 267 608 517 168 472 338 357 0 458 118 374 552 75 404 435 418 376 363 312 444 327 356 478 389 388 423 426 403 78 458
732 242 422 790 963 516 1027 863 615 806 577 958 952 298 817 683 644 458 0 353 365 639 529 746 879 260 329 513 272 845 708 809 427 778 660 863 732 716 391 821
627 127 166 438 630 212 677 577 320 586 270 714 636 55 505 365 439 118 353 0 274 492 194 433 553 303 270 306 270 506 375 456 381 500 467 541 439 418 41 500
387 207 161 608 844 249 849 524 309 860 294 983 870 258 504 392 714 374 365 274 0 276 442 440 782 123 37 163 471 570 438 618 107 763 742 775 408 397 303 519
141 470 327 651 907 335 860 359 295 1036 327 1133 959 500 399 362 910 552 639 492 276 0 597 367 869 381 311 189 733 513 423 650 223 908 941 869 309 316 504 430
739 320 292 275 438 263 500 560 340 438 290 545 442 243 463 339 320 75 529 194 442 597 0 401 359 493 447 411 358 415 315 298 544 322 352 347 433 410 153 444
487 507 325 314 565 231 496 159 133 793 169 853 633 477 71 67 709 404 746 433 440 367 401 0 547 558 473 284 700 146 93 305 481 639 741 552 61 52 413 78
1006 680 622 233 93 554 237 681 574 344 544 332 90 603 571 520 376 435 879 553 782 869 359 547 0 848 794 707 662 453 462 245 876 191 395 22 604 586 513 536
472 191 253 696 918 351 940 647 425 880 403 1014 933 266 624 506 724 418 260 303 123 381 493 558 848 0 86 286 425 683 548 709 166 803 749 838 529 517 341 637
417 186 179 628 859 273 870 560 340 856 322 983 881 247 537 422 707 376 329 270 37 311 447 473 794 86 0 200 447 600 466 639 122 766 734 785 442 431 302 551
329 306 139 504 755 154 733 360 162 849 168 952 797 320 344 246 720 363 513 306 163 189 411 284 707 286 200 0 559 423 301 508 198 727 751 703 246 238 315 362
857 265 425 633 753 483 847 847 591 538 540 692 723 240 770 632 377 312 272 270 471 733 358 700 662 425 447 559 0 755 633 657 569 531 391 643 709 687 286 762
628 602 435 228 452 336 360 232 262 744 279 778 531 557 129 178 688 444 845 506 570 513 415 146 453 683 600 423 755 0 137 209 622 581 718 463 204 198 476 92
553 466 298 232 487 198 438 250 139 700 144 762 549 424 148 61 617 327 708 375 438 423 315 93 462 548 466 301 633 137 0 227 498 546 649 465 144 124 348 131
781 577 459 25 260 371 231 435 357 541 340 568 328 511 325 289 505 356 809 456 618 650 298 305 245 709 639 508 657 209 227 0 697 376 533 254 365 349 417 290
305 308 255 690 933 327 925 535 360 966 360 1087 965 365 537 444 821 478 427 381 107 223 544 481 876 166 122 198 569 622 498 697 0 866 849 870 438 433 409 558
1050 618 614 354 277 574 428 790 627 165 584 224 210 539 680 594 193 389 778 500 763 908 322 639 191 803 766 727 531 581 546 376 866 0 207 169 689 667 464 649
1081 559 619 508 484 612 629 900 692 147 642 304 417 488 795 684 32 388 660 467 742 941 352 741 395 749 734 751 391 718 649 533 849 207 0 373 780 757 443 770
1007 668 615 239 114 550 259 689 574 324 542 317 95 590 579 522 354 423 863 541 775 869 347 552 22 838 785 703 643 463 465 254 870 169 373 0 609 590 501 544
426 498 311 373 625 228 557 138 120 839 168 905 691 478 98 95 747 426 732 439 408 309 433 61 604 529 442 246 709 204 144 365 438 689 780 609 0 23 424 123
437 480 294 355 609 208 546 159 101 817 147 885 673 458 106 73 724 403 716 418 397 316 410 52 586 517 431 238 687 198 124 349 433 667 757 590 23 0 402 125
642 168 177 398 589 203 637 561 308 557 256 680 595 95 484 345 414 78 391 41 303 504 153 413 513 341 302 315 286 476 348 417 409 464 443 501 424 402 0 476
540 581 401 304 541 305 452 145 212 809 244 854 617 546 37 138 739 458 821 500 519 430 444 78 536 637 551 362 762 92 131 290 558 649 770 544 123 125 476 0
0 9130
590 710
1220 1650
2750 3150
3190 3700
4110 4770
3160 3670
8480 8680
1300 1980
5230 5400
2280 2580
5280 5550
3120 3440
710 1250
1800 2080
1360 2060
4900 5430
900 1200
7400 7900
750 1040
7280 7350
8890 8940
4490 4760
1640 2010
3110 3360
300 870
150 720
1400 1710
6050 6240
2600 2900
2150 2600
3770 4340
220 390
4620 5110
6550 6800
3390 3920
1660 1920
1740 2120
770 1510
1830 2280
# scale factor = 10
