COMMAND: /usr/bin/time -v /usr/bin/timeout 915 /home/fabio/CODD-NEWDom/cmake-build-release-ilyin/knapsack2 /home/fabio/CODD-NEWDom/data/knapsack/knapPI_3_5000_1000_1.txt 128
CAPA:24805
B&B searching...
dual@root:72563
B&B Nodes          Dual	 Primal	 Gap(%)
----------------------------------------------
update in RO 72505.000000
CHECKER:72505.000000 RC:0
TIME:4702.000000
P TIGHTEN: 4.702000 <P:72505.000000, D:72563.000000, INC:(5000)[1 1 1 1 1 1 1 1 1 1 1 1 1 1 1 1 1 1 1 1 1 1 1 1 1 1 1 1 1 1 1 1 1 1 1 1 1 1 1 1 1 1 1 1 1 1 1 1 1 1 1 1 1 1 1 1 1 1 1 1 1 1 1 1 1 1 1 1 1 1 1 1 1 1 1 1 1 1 1 1 1 1 1 1 1 1 1 1 1 1 1 1 1 1 1 1 1 1 1 1 1 1 1 1 1 1 1 1 1 1 1 1 1 1 1 1 1 1 1 1 1 1 1 1 1 1 1 1 1 1 1 1 1 1 1 1 1 1 1 1 1 1 1 1 1 1 1 1 1 1 1 1 1 1 1 1 1 1 1 1 1 1 1 1 1 1 1 1 1 1 1 1 1 1 1 1 1 1 1 1 1 1 1 1 1 1 1 1 1 1 0 1 1 1 1 1 1 1 1 1 1 1 1 1 1 1 1 1 1 1 1 1 1 1 1 1 1 1 1 1 1 1 1 1 1 1 1 1 1 1 1 1 1 1 1 1 1 1 1 1 1 1 1 1 1 1 1 1 1 1 1 1 1 1 1 1 1 1 1 1 1 1 1 1 1 1 1 1 1 1 1 1 1 1 1 1 1 1 1 1 1 1 1 1 1 1 1 1 1 1 1 1 1 1 1 1 1 1 1 1 1 1 1 1 1 1 1 1 1 1 1 1 1 1 1 1 1 1 1 1 1 1 1 1 1 1 1 1 1 1 1 1 1 1 1 1 1 1 1 1 1 1 1 1 1 1 1 1 1 1 1 1 1 1 1 1 1 1 1 1 1 1 1 1 1 1 1 1 1 1 1 1 1 1 1 1 1 1 1 1 1 1 1 1 1 1 1 1 1 1 1 1 1 1 1 1 1 1 1 1 1 1 1 1 1 1 1 1 1 1 1 1 1 1 1 1 1 1 1 1 1 1 1 1 1 1 1 1 1 1 1 1 1 1 1 1 1 1 1 1 1 1 1 1 1 1 1 1 1 1 1 1 1 1 1 1 1 1 1 1 1 1 1 1 1 1 1 1 1 1 1 1 1 1 1 1 1 1 0 0 0 0 0 0 0 0 0 0 0 0 0 0 0 0 0 0 0 0 0 0 0 0 0 0 0 0 0 0 0 0 0 0 0 0 0 0 0 0 0 0 0 0 0 0 0 0 0 0 0 0 0 0 0 0 0 0 0 0 0 0 0 0 0 0 0 0 0 0 0 0 0 0 0 0 0 0 0 0 0 0 0 0 0 0 0 0 0 0 0 0 0 0 0 0 0 0 0 0 0 0 0 0 0 0 0 0 0 0 0 0 0 0 0 0 0 0 0 0 0 0 0 0 0 0 0 0 0 0 0 0 0 0 0 0 0 0 0 0 0 0 0 0 0 0 0 0 0 0 0 0 0 0 0 0 0 0 0 0 0 0 0 0 0 0 0 0 0 0 0 0 0 0 0 0 0 0 0 0 0 0 0 0 0 0 0 0 0 0 0 0 0 0 0 0 0 0 0 0 0 0 0 0 0 0 0 0 0 0 0 0 0 0 0 0 0 0 0 0 0 0 0 0 0 0 0 0 0 0 0 0 0 0 0 0 0 0 0 0 0 0 0 0 0 0 0 0 0 0 0 0 0 0 0 0 0 0 0 0 0 0 0 0 0 0 0 0 0 0 0 0 0 0 0 0 0 0 0 0 0 0 0 0 0 0 0 0 0 0 0 0 0 0 0 0 0 0 0 0 0 0 0 0 0 0 0 0 0 0 0 0 0 0 0 0 0 0 0 0 0 0 0 0 0 0 0 0 0 0 0 0 0 0 0 0 0 0 0 0 0 0 0 0 0 0 0 0 0 0 0 0 0 0 0 0 0 0 0 0 0 0 0 0 0 0 0 0 0 0 0 0 0 0 0 0 0 0 0 0 0 0 0 0 0 0 0 0 0 0 0 0 0 0 0 0 0 0 0 0 0 0 0 0 0 0 0 0 0 0 0 0 0 0 0 0 0 0 0 0 0 0 0 0 0 0 0 0 0 0 0 0 0 0 0 0 0 0 0 0 0 0 0 0 0 0 0 0 0 0 0 0 0 0 0 0 0 0 0 0 0 0 0 0 0 0 0 0 0 0 0 0 0 0 0 0 0 0 0 0 0 0 0 0 0 0 0 0 0 0 0 0 0 0 0 0 0 0 0 0 0 0 0 0 0 0 0 0 0 0 0 0 0 0 0 0 0 0 0 0 0 0 0 0 0 0 0 0 0 0 0 0 0 0 0 0 0 0 0 0 0 0 0 0 0 0 0 0 0 0 0 0 0 0 0 0 0 0 0 0 0 0 0 0 0 0 0 0 0 0 0 0 0 0 0 0 0 0 0 0 0 0 0 0 0 0 0 0 0 0 0 0 0 0 0 0 0 0 0 0 0 0 0 0 0 0 0 0 0 0 0 0 0 0 0 0 0 0 0 0 0 0 0 0 0 0 0 0 0 0 0 0 0 0 0 0 0 0 0 0 0 0 0 0 0 0 0 0 0 0 0 0 0 0 0 0 0 0 0 0 0 0 0 0 0 0 0 0 0 0 0 0 0 0 0 0 0 0 0 0 0 0 0 0 0 0 0 0 0 0 0 0 0 0 0 0 0 0 0 0 0 0 0 0 0 0 0 0 0 0 0 0 0 0 0 0 0 0 0 0 0 0 0 0 0 0 0 0 0 0 0 0 0 0 0 0 0 0 0 0 0 0 0 0 0 0 0 0 0 0 0 0 0 0 0 0 0 0 0 0 0 0 0 0 0 0 0 0 0 0 0 0 0 0 0 0 0 0 0 0 0 0 0 0 0 0 0 0 0 0 0 0 0 0 0 0 0 0 0 0 0 0 0 0 0 0 0 0 0 0 0 0 0 0 0 0 0 0 0 0 0 0 0 0 0 0 0 0 0 0 0 0 0 0 0 0 0 0 0 0 0 0 0 0 0 0 0 0 0 0 0 0 0 0 0 0 0 0 0 0 0 0 0 0 0 0 0 0 0 0 0 0 0 0 0 0 0 0 0 0 0 0 0 0 0 0 0 0 0 0 0 0 0 0 0 0 0 0 0 0 0 0 0 0 0 0 0 0 0 0 0 0 0 0 0 0 0 0 0 0 0 0 0 0 0 0 0 0 0 0 0 0 0 0 0 0 0 0 0 0 0 0 0 0 0 0 0 0 0 0 0 0 0 0 0 0 0 0 0 0 0 0 0 0 0 0 0 0 0 0 0 0 0 0 0 0 0 0 0 0 0 0 0 0 0 0 0 0 0 0 0 0 0 0 0 0 0 0 0 0 0 0 0 0 0 0 0 0 0 0 0 0 0 0 0 0 0 0 0 0 0 0 0 0 0 0 0 0 0 0 0 0 0 0 0 0 0 0 0 0 0 0 0 0 0 0 0 0 0 0 0 0 0 0 0 0 0 0 0 0 0 0 0 0 0 0 0 0 0 0 0 0 0 0 0 0 0 0 0 0 0 0 0 0 0 0 0 0 0 0 0 0 0 0 0 0 0 0 0 0 0 0 0 0 0 0 0 0 0 0 0 0 0 0 0 0 0 0 0 0 0 0 0 0 0 0 0 0 0 0 0 0 0 0 0 0 0 0 0 0 0 0 0 0 0 0 0 0 0 0 0 0 0 0 0 0 0 0 0 0 0 0 0 0 0 0 0 0 0 0 0 0 0 0 0 0 0 0 0 0 0 0 0 0 0 0 0 0 0 0 0 0 0 0 0 0 0 0 0 0 0 0 0 0 0 0 0 0 0 0 0 0 0 0 0 0 0 0 0 0 0 0 0 0 0 0 0 0 0 0 0 0 0 0 0 0 0 0 0 0 0 0 0 0 0 0 0 0 0 0 0 0 0 0 0 0 0 0 0 0 0 0 0 0 0 0 0 0 0 0 0 0 0 0 0 0 0 0 0 0 0 0 0 0 0 0 0 0 0 0 0 0 0 0 0 0 0 0 0 0 0 0 0 0 0 0 0 0 0 0 0 0 0 0 0 0 0 0 0 0 0 0 0 0 0 0 0 0 0 0 0 0 0 0 0 0 0 0 0 0 0 0 0 0 0 0 0 0 0 0 0 0 0 0 0 0 0 0 0 0 0 0 0 0 0 0 0 0 0 0 0 0 0 0 0 0 0 0 0 0 0 0 0 0 0 0 0 0 0 0 0 0 0 0 0 0 0 0 0 0 0 0 0 0 0 0 0 0 0 0 0 0 0 0 0 0 0 0 0 0 0 0 0 0 0 0 0 0 0 0 0 0 0 0 0 0 0 0 0 0 0 0 0 0 0 0 0 0 0 0 0 0 0 0 0 0 0 0 0 0 0 0 0 0 0 0 0 0 0 0 0 0 0 0 0 0 0 0 0 0 0 0 0 0 0 0 0 0 0 0 0 0 0 0 0 0 0 0 0 0 0 0 0 0 0 0 0 0 0 0 0 0 0 0 0 0 0 0 0 0 0 0 0 0 0 0 0 0 0 0 0 0 0 0 0 0 0 0 0 0 0 0 0 0 0 0 0 0 0 0 0 0 0 0 0 0 0 0 0 0 0 0 0 0 0 0 0 0 0 0 0 0 0 0 0 0 0 0 0 0 0 0 0 0 0 0 0 0 0 0 0 0 0 0 0 0 0 0 0 0 0 0 0 0 0 0 0 0 0 0 0 0 0 0 0 0 0 0 0 0 0 0 0 0 0 0 0 0 0 0 0 0 0 0 0 0 0 0 0 0 0 0 0 0 0 0 0 0 0 0 0 0 0 0 0 0 0 0 0 0 0 0 0 0 0 0 0 0 0 0 0 0 0 0 0 0 0 0 0 0 0 0 0 0 0 0 0 0 0 0 0 0 0 0 0 0 0 0 0 0 0 0 0 0 0 0 0 0 0 0 0 0 0 0 0 0 0 0 0 0 0 0 0 0 0 0 0 0 0 0 0 0 0 0 0 0 0 0 0 0 0 0 0 0 0 0 0 0 0 0 0 0 0 0 0 0 0 0 0 0 0 0 0 0 0 0 0 0 0 0 0 0 0 0 0 0 0 0 0 0 0 0 0 0 0 0 0 0 0 0 0 0 0 0 0 0 0 0 0 0 0 0 0 0 0 0 0 0 0 0 0 0 0 0 0 0 0 0 0 0 0 0 0 0 0 0 0 0 0 0 0 0 0 0 0 0 0 0 0 0 0 0 0 0 0 0 0 0 0 0 0 0 0 0 0 0 0 0 0 0 0 0 0 0 0 0 0 0 0 0 0 0 0 0 0 0 0 0 0 0 0 0 0 0 0 0 0 0 0 0 0 0 0 0 0 0 0 0 0 0 0 0 0 0 0 0 0 0 0 0 0 0 0 0 0 0 0 0 0 0 0 0 0 0 0 0 0 0 0 0 0 0 0 0 0 0 0 0 0 0 0 0 0 0 0 0 0 0 0 0 0 0 0 0 0 0 0 0 0 0 0 0 0 0 0 0 0 0 0 0 0 0 0 0 0 0 0 0 0 0 0 0 0 0 0 0 0 0 0 0 0 0 0 0 0 0 0 0 0 0 0 0 0 0 0 0 0 0 0 0 0 0 0 0 0 0 0 0 0 0 0 0 0 0 0 0 0 0 0 0 0 0 0 0 0 0 0 0 0 0 0 0 0 0 0 0 0 0 0 0 0 0 0 0 0 0 0 0 0 0 0 0 0 0 0 0 0 0 0 0 0 0 0 0 0 0 0 0 0 0 0 0 0 0 0 0 0 0 0 0 0 0 0 0 0 0 0 0 0 0 0 0 0 0 0 0 0 0 0 0 0 0 0 0 0 0 0 0 0 0 0 0 0 0 0 0 0 0 0 0 0 0 0 0 0 0 0 0 0 0 0 0 0 0 0 0 0 0 0 0 0 0 0 0 0 0 0 0 0 0 0 0 0 0 0 0 0 0 0 0 0 0 0 0 0 0 0 0 0 0 0 0 0 0 0 0 0 0 0 0 0 0 0 0 0 0 0 0 0 0 0 0 0 0 0 0 0 0 0 0 0 0 0 0 0 0 0 0 0 0 0 0 0 0 0 0 0 0 0 0 0 0 0 0 0 0 0 0 0 0 0 0 0 0 0 0 0 0 0 0 0 0 0 0 0 0 0 0 0 0 0 0 0 0 0 0 0 0 0 0 0 0 0 0 0 0 0 0 0 0 0 0 0 0 0 0 0 0 0 0 0 0 0 0 0 0 0 0 0 0 0 0 0 0 0 0 0 0 0 0 0 0 0 0 0 0 0 0 0 0 0 0 0 0 0 0 0 0 0 0 0 0 0 0 0 0 0 0 0 0 0 0 0 0 0 0 0 0 0 0 0 0 0 0 0 0 0 0 0 0 0 0 0 0 0 0 0 0 0 0 0 0 0 0 0 0 0 0 0 0 0 0 0 0 0 0 0 0 0 0 0 0 0 0 0 0 0 0 0 0 0 0 0 0 0 0 0 0 0 0 0 0 0 0 0 0 0 0 0 0 0 0 0 0 0 0 0 0 0 0 0 0 0 0 0 0 0 0 0 0 0 0 0 0 0 0 0 0 0 0 0 0 0 0 0 0 0 0 0 0 0 0 0 0 0 0 0 0 0 0 0 0 0 0 0 0 0 0 0 0 0 0 0 0 0 0 0 0 0 0 0 0 0 0 0 0 0 0 0 0 0 0 0 0 0 0 0 0 0 0 0 0 0 0 0 0 0 0 0 0 0 0 0 0 0 0 0 0 0 0 0 0 0 0 0 0 0 0 0 0 0 0 0 0 0 0 0 0 0 0 0 0 0 0 0 0 0 0 0 0 0 0 0 0 0 0 0 0 0 0 0 0 0 0 0 0 0 0 0 0 0 0 0 0 0 0 0 0 0 0 0 0 0 0 0 0 0 0 0 0 0 0 0 0 0 0 0 0 0 0 0 0 0 0 0 0 0 0 0 0 0 0 0 0 0 0 0 0 0 0 0 0 0 0 0 0 0 0 0 0 0 0 0 0 0 0 0 0 0 0 0 0 0 0 0 0 0 0 0 0 0 0 0 0 0 0 0 0 0 0 0 0 0 0 0 0 0 0 0 0 0 0 0 0 0 0 0 0 0 0 0 0 0 0 0 0 0 0 0 0 0 0 0 0 0 0 0 0 0 0 0 0 0 0 0 0 0 0 0 0 0 0 0 0 0 0 0 0 0 0 0 0 0 0 0 0 0 0 0 0 0 0 0 0 0 0 0 0 0 0 0 0 0 0 0 0 0 0 0 0 0 0 0 0 0 0 0 0 0 0 0 0 0 0 0 0 0 0 0 0 0 0 0 0 0 0 0 0 0 0 0 0 0 0 0 0 0 0 0 0 0 0 0 0 0 0 0 0 0 0 0 0 0 0 0 0 0 0 0 0 0 0 0 0 0 0 0 0 0 0 0 0 0 0 0 0 0 0 0 0 0 0 0 0 0 0 0 0 0 0 0 0 0 0 0 0 0 0 0 0 0 0 0 0 0 0 0 0 0 0 0 0 0 0 0 0 0 0 0 0 0 0 0 0 0 0 0 0 0 0 0 0 0 0 0 0 0 0 0 0 0 0 0 0 0 0 0 0 0 0 0 0 0 0 0 0 0 0 0 0 0 0 0 0 0 0 0 0 0 0 0 0 0 0 0 0 0 0 0 0 0 0 0 0 0 0 0 0 0 0 0 0 0 0 0 0 0 0 0 0 0 0 0 0 0 0 0 0 0 0 0 0 0 0 0 0 0 0 0 0 0 0 0 0 0 0 0 0 0 0 0 0 0 0 0 0 0 0 0 0 0 0 0 0 0 0 0 0 0 0 0 0 0 0 0 0 0 0 0 0 0 0 0 0 0 0 0 0 0 0 0 0 0 0 0 0 0 0 0 0 0 0 0 0 0 0 0 0 0 0 0 0 0 0 0 0 0 0 0 0 0 0 0 0 0 0 0 0 0 0 0 0 0 0 0 0 0 0 0 0 0 0 0 0 0 0 0 0 0 0 0 0 0 0 0 0 0 0 0 0 0 0 0 0 0 0 0 0 0 0 0 0 0 0 0 0 0 0 0 0 0 0 0 0 0 0 0 0 0 0 0 0 0 0 0 0 0 0 0 0 0 0 0 0 0 0 0 0 0 0 0 0 0 0 0 0 0 0 0 0 0 0 0 0 0 0 0 0 0 0 0 0 0 0 0 0 0 0 0 0 0 0 0 0 0 0 0 0 0 0 0 0 0 0 0 0 0 0 0 0 0 0 0 0 0 0 0 0 0 0 0 0 0 0 0 0 0 0 0 0 0 0 0 0 0 0 0 0 0 0 0 0 0 0 0 0 0 0 0 0 0 0 0 0 0 0 0 0 0 0 0 0 0 0 0 0 0 0 0 0 0 0 0 0 0 0 0 0 0 0 0 0 0 0 0 0 0 0 0 0 0 0 0 0 0 0 0 0 0 0 0 0 0 0 0 0 0 0 0 0 0 0 0 0 0 0 0 0 0 0 0 0 0 0 0 0 0 0 0 0 0 0 0 0 0 0 0 0 0 0 0 0 0 0 0 0 0 0 0 0 0 0 0 0 0 0 0 0 0 0 0 0 0 0 0 0 0 0 0 0 0 0 0 0 0 0 0 0 0 0 0 0 0 0 0 0 0 0 0 0 0 0 0 0 0 0 0 0 0 0 0 0 0 0 0 0 0 0 0 0 0 0 0 0 0 0 0 0 0 0 0 0 0 0 0 0 0 0 0 0 0 0 0 0 0 0 0 0 0 0 0 0 0 0 0 0 0 0 0 0 0 0 0 0 0 0 0 0 0 0 0 0 0 0 0 0 0 0 0 0 0 0 0 0 0 0 0 0 0 0 0 0 0 0 0 0 0 0 0 0 0 0 0 0 0 0 0 0 0 0 0 0 0 0 0 0 0 0 0 0 0 0 0 0 0 0 0 0 0 0 0 0 0 0 0 0 0 0 0 0 0 0 0 0 0 0 0 0 0 0 0 0 0 0 0 0 0 0 0 0 0 0 0 0 0 0 0 0 0 0 0 0 0 0 0 0 0 0 0 0 0 0 0 0 0 0 0 0 0 0 0 0 0 0 0 0 0 0 0 0 0 0 0 0 0 0 0 0 0 0 0 0 0 0 0 0 0 0 0 0 0 0 0 0 0 0 0 0 0 0 0 0 0 0 0 0 0 0 0 0 0 0 0 0 0 0 0 0 0 0 0 0 0 0 0 0 0 0 0 0 0 0 0 0 0 0 0 0 0 0 0 0 0 0 0 0 0 0 0 0 0 0 0 0 0 0 0 0 0 0 0 0 0 0 0 0 0 0 0 0 0 0 0 0 0 0 0 0 0 0 0 0 0 0 0 0 0 0 0 0 0 0 0 0 0 0 0 0 0 0 0 0 0 0 0 0 0 0 0 0 0 0 0 0 0 0 0 0 0 0 0 0 0 0 0 0 0 0 0 0 0 0 0 0 0 0 0 0 0 0 0 0 0 0 0 0 0 0 0 0 0 0 0 0 0 0 0 0 0 0 0 0 0 0 0 0 0 0 0 0 0 0 0 0 0 0 0 0 0 0 0 0 0 0 0 0 0 0 0 0 0 0 0 0 0 0 0 0 0 0 0 0 0 0 0 0 0 0 0 0 0 0 0 0 0 0 0 0 0 0 0 0 0 0 0 0 0 0 0 0 0 0 0 0 0 0 0 0 0 0 0 0 0 0 0 0 0 0 0 0 0 0 0 0 0 0 0 0 0 0 0 0 0 0 0 0 0 0 0 0 0 0 0 0 0 0 0 0 0 0 0 0 0 0 0 0 0 0 0 0 0 0 0 0 0 0 0 0 0 0 0 0 0 0 0 0 0 0 0 0 0 0 0 0 0 0 0 0 0 0 0 0 0 0 0 0 0 0 0 0 0 0 0 0 0 0 0 0 0 0 0 0 0 0 0 0 0 0 0 0 0 0 0 0 0 0 0 0 0 0 0 0 0 0 0 0 0 0 0 0 0 0 0 0 0 0 0 0 0 0 0 0 0 0 0 0 0 0 0 0 0 0 0 0 0 0 0 0 0 0 0 0 0 0 0 0 0 0 0 0 0 0 0 0 0 0 0 0 0 0 0 0 0 0 0 0 0 0 0 0 0 0 0 0 0 0 0 0 0 0 0 0 0 0 0 0 0 0 0 0 0 0 0 0 0 0 0 0 0 0 0 0 0 0 0 0 0 0 0 0 0 0 0 0 0 0 0 0 0 0 0 0 0 0 0 0 0 0 0 0 0 0 0 0 0 0 0 0 0 0 0 0 0 0 0 0 0 0 0 0 0 0 0 0 0 0 0 0 0 0 0 0 0 0 0 0 0 0 0 0 0 0 0 0 0 0 0 0 0 0 0 0 0 0 0 0 0 0 0 0 0 0 0 0 0 0 0 0 0 0 0 0 0 0 0 0 0 0 0 0 0 0 0 0 0 0 0 0 0 0 0 0 0 0 0 0 0 0 0 0 0 0 0 0 0 0 0 0 0 0 0 0 0 0 0 0 0 0 0 0 0 0 0 0 0 0 0 0 0 0 0 0 0 0 0 0 0 0 0 0 0 0 0 0 0 0 0 0 0 0 0 0 0 0 0 0 0 0 0 0 0 0 0 0 0 0 0 0 0 0 0 0 0 0 0 0 0 0 0 0 0 0 0 0 0 0 0 0 0 0 0 0 0 0 0 0 0 0 0 0 0 0 0 0 0 0 0 0 0 0 0 0 0 0 0 0 0 0 0 0 0 0 0 0 0 0 0 0 0 0 0 0 0 0 0 0 0 0 0 0 0 0 0 0 0 0 0 0 0 0 0 0 0 0 0 0 0 0 0 0 0 0 0 0 0 0 0 0 0 0 0 0 0 0 0 0 0 0 0 0 0 0 0 0 0 0 0 0 0 0 0 0 0 0 0 0 0 0 0 0 0 0 0 0 0 0 0 0 0 0 0 0 0 0 0 0 0 0 0 0 0 0 0 0 0 0 0 0 0 0 0 0 0 0 0 0 0 0 0 0 0 0 0 0 0 0 0 0 0 0 0 0 0 0 0 0 0 0 0 0 0 0 0 0 0 0 0 0 0 0 0 0 0 0 0 0 0 0 0 0 0 0 0 0 0 0 0 0 0 0 0 0 0 0 0 0 0 0 0 0 0 0 0 0 0 0 0 0 0 0 0 0 0 0 0 0 0 0 0 0 0 0 ]> 72505.000000 72505.000000 + 0.000000 #343996
B&B(    2)	 72562.000000	 72505.000000	 0.0786%	 time:6.5090s
B&B(    7)	 72561.000000	 72505.000000	 0.0772%	 time:12.9640s
B&B(   11)	 72560.000000	 72505.000000	 0.0759%	 time:19.4420s
B&B(   16)	 72560.000000	 72505.000000	 0.0759%	 time:25.8030s
B&B(   22)	 72559.000000	 72505.000000	 0.0745%	 time:32.1320s
B&B(   31)	 72558.000000	 72505.000000	 0.0731%	 time:38.4570s
B&B(   38)	 72558.000000	 72505.000000	 0.0731%	 time:44.6640s
B&B(   47)	 72557.000000	 72505.000000	 0.0717%	 time:49.9580s
B&B(   55)	 72556.000000	 72505.000000	 0.0703%	 time:55.0870s
B&B(   62)	 72555.000000	 72505.000000	 0.0690%	 time:61.2740s
B&B(   68)	 72555.000000	 72505.000000	 0.0690%	 time:67.3280s
B&B(   73)	 72555.000000	 72505.000000	 0.0690%	 time:73.0290s
B&B(   80)	 72554.000000	 72505.000000	 0.0676%	 time:78.1400s
B&B(   87)	 72553.000000	 72505.000000	 0.0662%	 time:83.1620s
B&B(   93)	 72553.000000	 72505.000000	 0.0662%	 time:88.9130s
B&B(   98)	 72552.000000	 72505.000000	 0.0648%	 time:94.6600s
B&B(  109)	 72552.000000	 72505.000000	 0.0648%	 time:100.6930s
B&B(  115)	 72551.000000	 72505.000000	 0.0634%	 time:106.6190s
B&B(  123)	 72551.000000	 72505.000000	 0.0634%	 time:111.7240s
B&B(  131)	 72550.000000	 72505.000000	 0.0621%	 time:116.8120s
B&B(  136)	 72550.000000	 72505.000000	 0.0621%	 time:122.3350s
B&B(  145)	 72549.000000	 72505.000000	 0.0607%	 time:127.3800s
B&B(  162)	 72548.000000	 72505.000000	 0.0593%	 time:133.3840s
B&B(  168)	 72548.000000	 72505.000000	 0.0593%	 time:138.6870s
B&B(  178)	 72547.000000	 72505.000000	 0.0579%	 time:144.8020s
B&B(  182)	 72547.000000	 72505.000000	 0.0579%	 time:150.1330s
B&B(  189)	 72547.000000	 72505.000000	 0.0579%	 time:155.2690s
B&B(  198)	 72547.000000	 72505.000000	 0.0579%	 time:160.6930s
B&B(  205)	 72546.000000	 72505.000000	 0.0565%	 time:165.8450s
B&B(  210)	 72546.000000	 72505.000000	 0.0565%	 time:171.3610s
B&B(  216)	 72546.000000	 72505.000000	 0.0565%	 time:176.6560s
B&B(  225)	 72545.000000	 72505.000000	 0.0552%	 time:183.0540s
B&B(  231)	 72545.000000	 72505.000000	 0.0552%	 time:188.3120s
B&B(  238)	 72544.000000	 72505.000000	 0.0538%	 time:194.5020s
B&B(  243)	 72544.000000	 72505.000000	 0.0538%	 time:200.5910s
B&B(  251)	 72544.000000	 72505.000000	 0.0538%	 time:206.0790s
B&B(  256)	 72544.000000	 72505.000000	 0.0538%	 time:212.1340s
B&B(  261)	 72543.000000	 72505.000000	 0.0524%	 time:218.0110s
B&B(  267)	 72543.000000	 72505.000000	 0.0524%	 time:224.3090s
B&B(  273)	 72543.000000	 72505.000000	 0.0524%	 time:230.5810s
B&B(  281)	 72543.000000	 72505.000000	 0.0524%	 time:237.0580s
B&B(  290)	 72542.000000	 72505.000000	 0.0510%	 time:242.7260s
B&B(  295)	 72542.000000	 72505.000000	 0.0510%	 time:248.6410s
B&B(  301)	 72542.000000	 72505.000000	 0.0510%	 time:253.7280s
B&B(  305)	 72542.000000	 72505.000000	 0.0510%	 time:259.5480s
B&B(  315)	 72541.000000	 72505.000000	 0.0497%	 time:265.9790s
B&B(  322)	 72541.000000	 72505.000000	 0.0497%	 time:271.0400s
B&B(  326)	 72541.000000	 72505.000000	 0.0497%	 time:276.8360s
B&B(  332)	 72540.000000	 72505.000000	 0.0483%	 time:282.9100s
B&B(  339)	 72540.000000	 72505.000000	 0.0483%	 time:289.3270s
B&B(  345)	 72540.000000	 72505.000000	 0.0483%	 time:295.4880s
B&B(  352)	 72540.000000	 72505.000000	 0.0483%	 time:300.6670s
B&B(  360)	 72539.000000	 72505.000000	 0.0469%	 time:307.0000s
B&B(  367)	 72539.000000	 72505.000000	 0.0469%	 time:312.1430s
B&B(  372)	 72539.000000	 72505.000000	 0.0469%	 time:318.1990s
B&B(  378)	 72539.000000	 72505.000000	 0.0469%	 time:324.5020s
B&B(  386)	 72538.000000	 72505.000000	 0.0455%	 time:330.9080s
B&B(  392)	 72538.000000	 72505.000000	 0.0455%	 time:335.9970s
B&B(  399)	 72538.000000	 72505.000000	 0.0455%	 time:341.1710s
B&B(  404)	 72538.000000	 72505.000000	 0.0455%	 time:347.2440s
B&B(  410)	 72538.000000	 72505.000000	 0.0455%	 time:352.2960s
B&B(  414)	 72538.000000	 72505.000000	 0.0455%	 time:358.2480s
B&B(  424)	 72538.000000	 72505.000000	 0.0455%	 time:363.5910s
B&B(  431)	 72537.000000	 72505.000000	 0.0441%	 time:368.6220s
B&B(  437)	 72537.000000	 72505.000000	 0.0441%	 time:374.7950s
B&B(  445)	 72537.000000	 72505.000000	 0.0441%	 time:380.0880s
B&B(  453)	 72536.000000	 72505.000000	 0.0428%	 time:385.1160s
B&B(  461)	 72536.000000	 72505.000000	 0.0428%	 time:390.2620s
B&B(  467)	 72536.000000	 72505.000000	 0.0428%	 time:396.2880s
B&B(  476)	 72536.000000	 72505.000000	 0.0428%	 time:402.6940s
B&B(  485)	 72535.000000	 72505.000000	 0.0414%	 time:407.8570s
B&B(  489)	 72535.000000	 72505.000000	 0.0414%	 time:413.5930s
B&B(  497)	 72535.000000	 72505.000000	 0.0414%	 time:418.7250s
B&B(  505)	 72535.000000	 72505.000000	 0.0414%	 time:423.8590s
B&B(  514)	 72534.000000	 72505.000000	 0.0400%	 time:428.9290s
B&B(  523)	 72534.000000	 72505.000000	 0.0400%	 time:433.9480s
B&B(  531)	 72534.000000	 72505.000000	 0.0400%	 time:439.2330s
B&B(  538)	 72534.000000	 72505.000000	 0.0400%	 time:445.1600s
B&B(  547)	 72534.000000	 72505.000000	 0.0400%	 time:451.2810s
B&B(  558)	 72533.000000	 72505.000000	 0.0386%	 time:456.4670s
B&B(  565)	 72533.000000	 72505.000000	 0.0386%	 time:462.6310s
B&B(  572)	 72533.000000	 72505.000000	 0.0386%	 time:468.8640s
B&B(  579)	 72533.000000	 72505.000000	 0.0386%	 time:473.9330s
B&B(  588)	 72533.000000	 72505.000000	 0.0386%	 time:480.2400s
B&B(  600)	 72532.000000	 72505.000000	 0.0372%	 time:485.8010s
B&B(  608)	 72532.000000	 72505.000000	 0.0372%	 time:490.8240s
B&B(  616)	 72532.000000	 72505.000000	 0.0372%	 time:497.1560s
B&B(  626)	 72532.000000	 72505.000000	 0.0372%	 time:502.2880s
B&B(  641)	 72531.000000	 72505.000000	 0.0359%	 time:508.0580s
B&B(  649)	 72531.000000	 72505.000000	 0.0359%	 time:514.2930s
B&B(  658)	 72531.000000	 72505.000000	 0.0359%	 time:519.4010s
B&B(  671)	 72530.000000	 72505.000000	 0.0345%	 time:524.9110s
B&B(  680)	 72530.000000	 72505.000000	 0.0345%	 time:530.1290s
B&B(  690)	 72530.000000	 72505.000000	 0.0345%	 time:535.1960s
B&B(  695)	 72530.000000	 72505.000000	 0.0345%	 time:540.8600s
B&B(  713)	 72530.000000	 72505.000000	 0.0345%	 time:546.6720s
B&B(  726)	 72529.000000	 72505.000000	 0.0331%	 time:552.0810s
B&B(  738)	 72529.000000	 72505.000000	 0.0331%	 time:557.5600s
B&B(  751)	 72529.000000	 72505.000000	 0.0331%	 time:562.6770s
B&B(  762)	 72528.000000	 72505.000000	 0.0317%	 time:567.7680s
B&B(  770)	 72528.000000	 72505.000000	 0.0317%	 time:573.8150s
B&B(  789)	 72528.000000	 72505.000000	 0.0317%	 time:579.8330s
B&B(  806)	 72527.000000	 72505.000000	 0.0303%	 time:585.4020s
B&B(  812)	 72527.000000	 72505.000000	 0.0303%	 time:591.0050s
B&B(  823)	 72527.000000	 72505.000000	 0.0303%	 time:596.0310s
B&B(  841)	 72526.000000	 72505.000000	 0.0290%	 time:601.7550s
B&B(  864)	 72526.000000	 72505.000000	 0.0290%	 time:608.0710s
B&B(  904)	 72525.000000	 72505.000000	 0.0276%	 time:613.1120s
B&B(  960)	 72523.000000	 72505.000000	 0.0248%	 time:618.1230s
B&B( 1024)	 72522.000000	 72505.000000	 0.0234%	 time:623.1380s
B&B( 1097)	 72520.000000	 72505.000000	 0.0207%	 time:628.1740s
B&B( 1187)	 72518.000000	 72505.000000	 0.0179%	 time:633.1920s
B&B( 1344)	 72513.000000	 72505.000000	 0.0110%	 time:638.1970s
Done(128):72505.0000000000000000	 #nodes:1520/1520	 P/D:4158/107173	 Time:4.7020000000000000/639.4919999999999618s	 LIM?:0	 Seen:0
	Command being timed: "/usr/bin/timeout 915 /home/fabio/CODD-NEWDom/cmake-build-release-ilyin/knapsack2 /home/fabio/CODD-NEWDom/data/knapsack/knapPI_3_5000_1000_1.txt 128"
	User time (seconds): 632.05
	System time (seconds): 8.21
	Percent of CPU this job got: 99%
	Elapsed (wall clock) time (h:mm:ss or m:ss): 10:40.32
	Average shared text size (kbytes): 0
	Average unshared data size (kbytes): 0
	Average stack size (kbytes): 0
	Average total size (kbytes): 0
	Maximum resident set size (kbytes): 12227480
	Average resident set size (kbytes): 0
	Major (requiring I/O) page faults: 0
	Minor (reclaiming a frame) page faults: 5588851
	Voluntary context switches: 3
	Involuntary context switches: 1954
	Swaps: 0
	File system inputs: 0
	File system outputs: 56
	Socket messages sent: 0
	Socket messages received: 0
	Signals delivered: 0
	Page size (bytes): 4096
	Exit status: 0

