COMMAND: /usr/bin/time -v /usr/bin/timeout 915 /home/fabio/CODD-NEWDom/cmake-build-release-ilyin/knapsack2 /home/fabio/CODD-NEWDom/data/knapsack/knapPI_3_2000_1000_1.txt 64
CAPA:9819
B&B searching...
dual@root:29012
B&B Nodes          Dual	 Primal	 Gap(%)
----------------------------------------------
update in RO 28919.000000
CHECKER:28919.000000 RC:0
TIME:657.000000
P TIGHTEN: 0.658000 <P:28919.000000, D:29012.000000, INC:(2000)[1 1 1 1 1 1 1 1 1 1 1 0 1 1 1 1 1 1 1 1 1 1 1 1 1 1 1 1 1 1 1 1 1 1 1 1 1 1 1 1 1 1 1 1 1 1 1 1 1 1 1 1 1 1 1 1 1 1 1 1 1 1 1 1 1 1 1 1 1 1 1 1 1 1 1 1 1 1 1 1 1 1 1 1 1 1 1 1 1 1 1 1 1 1 1 1 1 1 1 1 1 1 1 1 1 1 1 1 1 1 1 1 1 1 1 1 1 1 1 1 1 1 1 1 1 1 1 1 1 1 1 1 1 1 1 1 1 1 1 1 1 1 1 1 1 1 1 1 1 1 1 1 1 1 1 1 1 1 1 1 1 1 1 1 1 1 1 1 1 1 1 1 1 1 1 1 1 1 1 1 1 1 1 1 1 1 1 1 1 1 1 0 1 0 0 0 0 0 0 0 0 0 0 0 0 0 0 0 0 0 0 0 0 0 0 0 0 0 0 0 0 0 0 0 0 0 0 0 0 0 0 0 0 0 0 0 0 0 0 0 0 0 0 0 0 0 0 0 0 0 0 0 0 0 0 0 0 0 0 0 0 0 0 0 0 0 0 0 0 0 0 0 0 0 0 0 0 0 0 0 0 0 0 0 0 0 0 0 0 0 0 0 0 0 0 0 0 0 0 0 0 0 0 0 0 0 0 0 0 0 0 0 0 0 0 0 0 0 0 0 0 0 0 0 0 0 0 0 0 0 0 0 0 0 0 0 0 0 0 0 0 0 0 0 0 0 0 0 0 0 0 0 0 0 0 0 0 0 0 0 0 0 0 0 0 0 0 0 0 0 0 0 0 0 0 0 0 0 0 0 0 0 0 0 0 0 0 0 0 0 0 0 0 0 0 0 0 0 0 0 0 0 0 0 0 0 0 0 0 0 0 0 0 0 0 0 0 0 0 0 0 0 0 0 0 0 0 0 0 0 0 0 0 0 0 0 0 0 0 0 0 0 0 0 0 0 0 0 0 0 0 0 0 0 0 0 0 0 0 0 0 0 0 0 0 0 0 0 0 0 0 0 0 0 0 0 0 0 0 0 0 0 0 0 0 0 0 0 0 0 0 0 0 0 0 0 0 0 0 0 0 0 0 0 0 0 0 0 0 0 0 0 0 0 0 0 0 0 0 0 0 0 0 0 0 0 0 0 0 0 0 0 0 0 0 0 0 0 0 0 0 0 0 0 0 0 0 0 0 0 0 0 0 0 0 0 0 0 0 0 0 0 0 0 0 0 0 0 0 0 0 0 0 0 0 0 0 0 0 0 0 0 0 0 0 0 0 0 0 0 0 0 0 0 0 0 0 0 0 0 0 0 0 0 0 0 0 0 0 0 0 0 0 0 0 0 0 0 0 0 0 0 0 0 0 0 0 0 0 0 0 0 0 0 0 0 0 0 0 0 0 0 0 0 0 0 0 0 0 0 0 0 0 0 0 0 0 0 0 0 0 0 0 0 0 0 0 0 0 0 0 0 0 0 0 0 0 0 0 0 0 0 0 0 0 0 0 0 0 0 0 0 0 0 0 0 0 0 0 0 0 0 0 0 0 0 0 0 0 0 0 0 0 0 0 0 0 0 0 0 0 0 0 0 0 0 0 0 0 0 0 0 0 0 0 0 0 0 0 0 0 0 0 0 0 0 0 0 0 0 0 0 0 0 0 0 0 0 0 0 0 0 0 0 0 0 0 0 0 0 0 0 0 0 0 0 0 0 0 0 0 0 0 0 0 0 0 0 0 0 0 0 0 0 0 0 0 0 0 0 0 0 0 0 0 0 0 0 0 0 0 0 0 0 0 0 0 0 0 0 0 0 0 0 0 0 0 0 0 0 0 0 0 0 0 0 0 0 0 0 0 0 0 0 0 0 0 0 0 0 0 0 0 0 0 0 0 0 0 0 0 0 0 0 0 0 0 0 0 0 0 0 0 0 0 0 0 0 0 0 0 0 0 0 0 0 0 0 0 0 0 0 0 0 0 0 0 0 0 0 0 0 0 0 0 0 0 0 0 0 0 0 0 0 0 0 0 0 0 0 0 0 0 0 0 0 0 0 0 0 0 0 0 0 0 0 0 0 0 0 0 0 0 0 0 0 0 0 0 0 0 0 0 0 0 0 0 0 0 0 0 0 0 0 0 0 0 0 0 0 0 0 0 0 0 0 0 0 0 0 0 0 0 0 0 0 0 0 0 0 0 0 0 0 0 0 0 0 0 0 0 0 0 0 0 0 0 0 0 0 0 0 0 0 0 0 0 0 0 0 0 0 0 0 0 0 0 0 0 0 0 0 0 0 0 0 0 0 0 0 0 0 0 0 0 0 0 0 0 0 0 0 0 0 0 0 0 0 0 0 0 0 0 0 0 0 0 0 0 0 0 0 0 0 0 0 0 0 0 0 0 0 0 0 0 0 0 0 0 0 0 0 0 0 0 0 0 0 0 0 0 0 0 0 0 0 0 0 0 0 0 0 0 0 0 0 0 0 0 0 0 0 0 0 0 0 0 0 0 0 0 0 0 0 0 0 0 0 0 0 0 0 0 0 0 0 0 0 0 0 0 0 0 0 0 0 0 0 0 0 0 0 0 0 0 0 0 0 0 0 0 0 0 0 0 0 0 0 0 0 0 0 0 0 0 0 0 0 0 0 0 0 0 0 0 0 0 0 0 0 0 0 0 0 0 0 0 0 0 0 0 0 0 0 0 0 0 0 0 0 0 0 0 0 0 0 0 0 0 0 0 0 0 0 0 0 0 0 0 0 0 0 0 0 0 0 0 0 0 0 0 0 0 0 0 0 0 0 0 0 0 0 0 0 0 0 0 0 0 0 0 0 0 0 0 0 0 0 0 0 0 0 0 0 0 0 0 0 0 0 0 0 0 0 0 0 0 0 0 0 0 0 0 0 0 0 0 0 0 0 0 0 0 0 0 0 0 0 0 0 0 0 0 0 0 0 0 0 0 0 0 0 0 0 0 0 0 0 0 0 0 0 0 0 0 0 0 0 0 0 0 0 0 0 0 0 0 0 0 0 0 0 0 0 0 0 0 0 0 0 0 0 0 0 0 0 0 0 0 0 0 0 0 0 0 0 0 0 0 0 0 0 0 0 0 0 0 0 0 0 0 0 0 0 0 0 0 0 0 0 0 0 0 0 0 0 0 0 0 0 0 0 0 0 0 0 0 0 0 0 0 0 0 0 0 0 0 0 0 0 0 0 0 0 0 0 0 0 0 0 0 0 0 0 0 0 0 0 0 0 0 0 0 0 0 0 0 0 0 0 0 0 0 0 0 0 0 0 0 0 0 0 0 0 0 0 0 0 0 0 0 0 0 0 0 0 0 0 0 0 0 0 0 0 0 0 0 0 0 0 0 0 0 0 0 0 0 0 0 0 0 0 0 0 0 0 0 0 0 0 0 0 0 0 0 0 0 0 0 0 0 0 0 0 0 0 0 0 0 0 0 0 0 0 0 0 0 0 0 0 0 0 0 0 0 0 0 0 0 0 0 0 0 0 0 0 0 0 0 0 0 0 0 0 0 0 0 0 0 0 0 0 0 0 0 0 0 0 0 0 0 0 0 0 0 0 0 0 0 0 0 0 0 0 0 0 0 0 0 0 0 0 0 0 0 0 0 0 0 0 0 0 0 0 0 0 0 0 0 0 0 0 0 0 0 0 0 0 0 0 0 0 0 0 0 0 0 0 0 0 0 0 0 0 0 0 0 0 0 0 0 0 0 0 0 0 0 0 0 0 0 0 0 0 0 0 0 0 0 0 0 0 0 0 0 0 0 0 0 0 0 0 0 0 0 0 0 0 0 0 0 0 0 0 0 0 0 0 0 0 0 0 0 0 0 0 0 0 0 0 0 0 0 0 0 0 0 0 0 0 0 0 0 0 0 0 0 0 0 0 0 0 0 0 0 0 0 0 0 0 0 0 0 0 0 0 0 0 0 0 0 0 0 0 0 0 0 0 0 0 0 0 0 0 0 0 0 0 0 0 0 0 0 0 0 0 0 0 0 0 0 0 0 0 0 0 0 0 0 0 0 0 0 0 0 0 0 0 0 0 0 0 0 0 0 0 0 0 0 0 0 0 0 0 0 0 0 0 0 0 0 0 0 0 0 0 0 0 0 0 0 0 0 0 0 0 0 0 0 0 0 0 0 0 0 0 0 0 0 0 0 0 0 0 0 0 0 0 0 0 0 0 0 0 0 0 0 0 0 0 0 0 0 0 0 0 0 0 0 0 0 0 0 0 0 0 0 0 0 0 0 0 0 0 0 0 0 0 0 0 0 0 0 0 0 0 0 0 0 0 0 0 0 0 0 0 0 0 0 0 0 0 0 0 0 0 0 0 0 0 0 0 0 0 0 0 0 0 0 0 0 0 0 0 0 0 0 0 0 0 0 0 0 0 0 0 0 0 0 0 0 0 0 0 0 0 0 0 0 0 0 0 0 0 0 0 0 0 0 0 ]> 28919.000000 28919.000000 + 0.000000 #125789
B&B(   23)	 29005.000000	 28919.000000	 0.2974%	 time:5.0450s
B&B(   52)	 28998.000000	 28919.000000	 0.2732%	 time:10.2420s
B&B(   76)	 28996.000000	 28919.000000	 0.2663%	 time:15.2960s
B&B(  101)	 28995.000000	 28919.000000	 0.2628%	 time:20.4470s
B&B(  123)	 28994.000000	 28919.000000	 0.2593%	 time:25.5340s
B&B(  149)	 28993.000000	 28919.000000	 0.2559%	 time:30.6250s
B&B(  172)	 28992.000000	 28919.000000	 0.2524%	 time:35.6510s
B&B(  194)	 28991.000000	 28919.000000	 0.2490%	 time:40.7350s
B&B(  221)	 28990.000000	 28919.000000	 0.2455%	 time:45.8670s
B&B(  247)	 28989.000000	 28919.000000	 0.2421%	 time:50.8940s
B&B(  269)	 28988.000000	 28919.000000	 0.2386%	 time:55.9250s
B&B(  292)	 28988.000000	 28919.000000	 0.2386%	 time:60.9420s
B&B(  318)	 28987.000000	 28919.000000	 0.2351%	 time:66.1060s
B&B(  344)	 28986.000000	 28919.000000	 0.2317%	 time:71.1900s
B&B(  369)	 28985.000000	 28919.000000	 0.2282%	 time:76.2160s
B&B(  393)	 28985.000000	 28919.000000	 0.2282%	 time:81.2560s
B&B(  420)	 28984.000000	 28919.000000	 0.2248%	 time:86.3980s
B&B(  445)	 28984.000000	 28919.000000	 0.2248%	 time:91.5480s
B&B(  470)	 28983.000000	 28919.000000	 0.2213%	 time:96.7260s
B&B(  496)	 28982.000000	 28919.000000	 0.2178%	 time:101.7960s
B&B(  522)	 28982.000000	 28919.000000	 0.2178%	 time:106.9360s
B&B(  547)	 28981.000000	 28919.000000	 0.2144%	 time:111.9810s
B&B(  572)	 28981.000000	 28919.000000	 0.2144%	 time:117.0150s
B&B(  598)	 28981.000000	 28919.000000	 0.2144%	 time:122.1490s
B&B(  625)	 28980.000000	 28919.000000	 0.2109%	 time:127.3300s
B&B(  650)	 28979.000000	 28919.000000	 0.2075%	 time:132.4540s
B&B(  677)	 28979.000000	 28919.000000	 0.2075%	 time:137.4560s
B&B(  704)	 28978.000000	 28919.000000	 0.2040%	 time:142.6620s
B&B(  727)	 28978.000000	 28919.000000	 0.2040%	 time:147.7490s
B&B(  752)	 28977.000000	 28919.000000	 0.2006%	 time:152.8850s
B&B(  779)	 28976.000000	 28919.000000	 0.1971%	 time:158.0930s
B&B(  809)	 28976.000000	 28919.000000	 0.1971%	 time:163.1980s
B&B(  837)	 28975.000000	 28919.000000	 0.1936%	 time:168.2810s
B&B(  864)	 28975.000000	 28919.000000	 0.1936%	 time:173.3360s
B&B(  893)	 28975.000000	 28919.000000	 0.1936%	 time:178.4960s
B&B(  921)	 28975.000000	 28919.000000	 0.1936%	 time:183.5240s
B&B(  945)	 28974.000000	 28919.000000	 0.1902%	 time:188.5750s
B&B(  971)	 28974.000000	 28919.000000	 0.1902%	 time:193.7970s
B&B(  997)	 28974.000000	 28919.000000	 0.1902%	 time:199.0230s
B&B( 1028)	 28973.000000	 28919.000000	 0.1867%	 time:204.1180s
B&B( 1054)	 28973.000000	 28919.000000	 0.1867%	 time:209.1300s
B&B( 1084)	 28972.000000	 28919.000000	 0.1833%	 time:214.3440s
B&B( 1112)	 28972.000000	 28919.000000	 0.1833%	 time:219.4070s
B&B( 1140)	 28971.000000	 28919.000000	 0.1798%	 time:224.4270s
B&B( 1169)	 28971.000000	 28919.000000	 0.1798%	 time:229.6530s
B&B( 1195)	 28970.000000	 28919.000000	 0.1764%	 time:234.8380s
B&B( 1222)	 28970.000000	 28919.000000	 0.1764%	 time:239.9410s
B&B( 1252)	 28969.000000	 28919.000000	 0.1729%	 time:245.1200s
B&B( 1281)	 28969.000000	 28919.000000	 0.1729%	 time:250.2600s
B&B( 1311)	 28968.000000	 28919.000000	 0.1694%	 time:255.3350s
B&B( 1338)	 28968.000000	 28919.000000	 0.1694%	 time:260.4030s
B&B( 1366)	 28967.000000	 28919.000000	 0.1660%	 time:265.4780s
B&B( 1392)	 28967.000000	 28919.000000	 0.1660%	 time:270.5140s
B&B( 1419)	 28966.000000	 28919.000000	 0.1625%	 time:275.6630s
B&B( 1445)	 28966.000000	 28919.000000	 0.1625%	 time:280.7390s
B&B( 1475)	 28965.000000	 28919.000000	 0.1591%	 time:285.7720s
B&B( 1506)	 28965.000000	 28919.000000	 0.1591%	 time:290.9740s
B&B( 1539)	 28965.000000	 28919.000000	 0.1591%	 time:296.0860s
B&B( 1567)	 28964.000000	 28919.000000	 0.1556%	 time:301.1140s
B&B( 1598)	 28964.000000	 28919.000000	 0.1556%	 time:306.1560s
B&B( 1630)	 28963.000000	 28919.000000	 0.1521%	 time:311.3480s
B&B( 1657)	 28963.000000	 28919.000000	 0.1521%	 time:316.4000s
B&B( 1687)	 28962.000000	 28919.000000	 0.1487%	 time:321.5410s
B&B( 1719)	 28962.000000	 28919.000000	 0.1487%	 time:326.6950s
B&B( 1746)	 28962.000000	 28919.000000	 0.1487%	 time:331.7660s
B&B( 1777)	 28961.000000	 28919.000000	 0.1452%	 time:336.8400s
B&B( 1805)	 28961.000000	 28919.000000	 0.1452%	 time:341.8990s
B&B( 1833)	 28960.000000	 28919.000000	 0.1418%	 time:346.9190s
B&B( 1863)	 28960.000000	 28919.000000	 0.1418%	 time:352.0600s
B&B( 1892)	 28960.000000	 28919.000000	 0.1418%	 time:357.1000s
B&B( 1925)	 28959.000000	 28919.000000	 0.1383%	 time:362.2570s
B&B( 1953)	 28959.000000	 28919.000000	 0.1383%	 time:367.3970s
B&B( 1983)	 28958.000000	 28919.000000	 0.1349%	 time:372.4990s
B&B( 2013)	 28958.000000	 28919.000000	 0.1349%	 time:377.5660s
B&B( 2049)	 28957.000000	 28919.000000	 0.1314%	 time:382.6480s
B&B( 2078)	 28957.000000	 28919.000000	 0.1314%	 time:387.8100s
B&B( 2114)	 28956.000000	 28919.000000	 0.1279%	 time:392.8830s
B&B( 2144)	 28956.000000	 28919.000000	 0.1279%	 time:397.9970s
B&B( 2178)	 28955.000000	 28919.000000	 0.1245%	 time:403.1020s
B&B( 2208)	 28955.000000	 28919.000000	 0.1245%	 time:408.2560s
B&B( 2244)	 28954.000000	 28919.000000	 0.1210%	 time:413.2650s
B&B( 2273)	 28954.000000	 28919.000000	 0.1210%	 time:418.3440s
B&B( 2314)	 28953.000000	 28919.000000	 0.1176%	 time:423.3720s
B&B( 2345)	 28953.000000	 28919.000000	 0.1176%	 time:428.4410s
B&B( 2374)	 28953.000000	 28919.000000	 0.1176%	 time:433.6230s
B&B( 2416)	 28952.000000	 28919.000000	 0.1141%	 time:438.6750s
B&B( 2445)	 28952.000000	 28919.000000	 0.1141%	 time:443.7240s
B&B( 2487)	 28952.000000	 28919.000000	 0.1141%	 time:448.8870s
B&B( 2526)	 28951.000000	 28919.000000	 0.1107%	 time:454.0170s
B&B( 2561)	 28951.000000	 28919.000000	 0.1107%	 time:459.0570s
B&B( 2600)	 28950.000000	 28919.000000	 0.1072%	 time:464.1990s
B&B( 2631)	 28950.000000	 28919.000000	 0.1072%	 time:469.3800s
B&B( 2671)	 28950.000000	 28919.000000	 0.1072%	 time:474.5070s
B&B( 2707)	 28949.000000	 28919.000000	 0.1037%	 time:479.6140s
B&B( 2745)	 28949.000000	 28919.000000	 0.1037%	 time:484.6450s
B&B( 2780)	 28949.000000	 28919.000000	 0.1037%	 time:489.6520s
B&B( 2819)	 28948.000000	 28919.000000	 0.1003%	 time:494.7060s
B&B( 2855)	 28947.000000	 28919.000000	 0.0968%	 time:499.8420s
B&B( 2890)	 28947.000000	 28919.000000	 0.0968%	 time:504.9800s
B&B( 2932)	 28947.000000	 28919.000000	 0.0968%	 time:510.1070s
B&B( 2965)	 28947.000000	 28919.000000	 0.0968%	 time:515.1300s
B&B( 3008)	 28946.000000	 28919.000000	 0.0934%	 time:520.2660s
B&B( 3050)	 28946.000000	 28919.000000	 0.0934%	 time:525.4300s
B&B( 3092)	 28946.000000	 28919.000000	 0.0934%	 time:530.5120s
B&B( 3139)	 28945.000000	 28919.000000	 0.0899%	 time:535.5770s
B&B( 3178)	 28945.000000	 28919.000000	 0.0899%	 time:540.7100s
B&B( 3213)	 28944.000000	 28919.000000	 0.0864%	 time:545.8150s
B&B( 3255)	 28944.000000	 28919.000000	 0.0864%	 time:550.8200s
B&B( 3301)	 28943.000000	 28919.000000	 0.0830%	 time:555.8470s
B&B( 3344)	 28943.000000	 28919.000000	 0.0830%	 time:560.9500s
B&B( 3388)	 28942.000000	 28919.000000	 0.0795%	 time:565.9800s
B&B( 3431)	 28942.000000	 28919.000000	 0.0795%	 time:571.0710s
B&B( 3478)	 28941.000000	 28919.000000	 0.0761%	 time:576.1760s
B&B( 3528)	 28941.000000	 28919.000000	 0.0761%	 time:581.3290s
B&B( 3578)	 28940.000000	 28919.000000	 0.0726%	 time:586.3990s
B&B( 3638)	 28939.000000	 28919.000000	 0.0692%	 time:591.5490s
B&B( 3713)	 28938.000000	 28919.000000	 0.0657%	 time:596.5600s
B&B( 3921)	 28936.000000	 28919.000000	 0.0588%	 time:601.5700s
B&B( 4487)	 28925.000000	 28919.000000	 0.0207%	 time:606.5710s
Done(64):28919.0000000000000000	 #nodes:4642/4642	 P/D:4717/454137	 Time:0.6570000000000000/606.6710000000000491s	 LIM?:0	 Seen:0
	Command being timed: "/usr/bin/timeout 915 /home/fabio/CODD-NEWDom/cmake-build-release-ilyin/knapsack2 /home/fabio/CODD-NEWDom/data/knapsack/knapPI_3_2000_1000_1.txt 64"
	User time (seconds): 606.15
	System time (seconds): 0.60
	Percent of CPU this job got: 99%
	Elapsed (wall clock) time (h:mm:ss or m:ss): 10:06.78
	Average shared text size (kbytes): 0
	Average unshared data size (kbytes): 0
	Average stack size (kbytes): 0
	Average total size (kbytes): 0
	Maximum resident set size (kbytes): 1416192
	Average resident set size (kbytes): 0
	Major (requiring I/O) page faults: 0
	Minor (reclaiming a frame) page faults: 354991
	Voluntary context switches: 3
	Involuntary context switches: 1616
	Swaps: 0
	File system inputs: 0
	File system outputs: 32
	Socket messages sent: 0
	Socket messages received: 0
	Signals delivered: 0
	Page size (bytes): 4096
	Exit status: 0

