COMMAND: /usr/bin/time -v /usr/bin/timeout 915 /home/fabio/CODD-NEWDom/cmake-build-release-ilyin/knapsack2 /home/fabio/CODD-NEWDom/data/knapsack/knapPI_3_2000_1000_1.txt 128
CAPA:9819
B&B searching...
dual@root:29012
B&B Nodes          Dual	 Primal	 Gap(%)
----------------------------------------------
update in RO 28919.000000
CHECKER:28919.000000 RC:0
TIME:1372.000000
P TIGHTEN: 1.373000 <P:28919.000000, D:29012.000000, INC:(2000)[1 1 1 1 1 1 1 1 1 1 1 0 1 1 1 1 1 1 1 1 1 1 1 1 1 1 1 1 1 1 1 1 1 1 1 1 1 1 1 1 1 1 1 1 1 1 1 1 1 1 1 1 1 1 1 1 1 1 1 1 1 1 1 1 1 1 1 1 1 1 1 1 1 1 1 1 1 1 1 1 1 1 1 1 1 1 1 1 1 1 1 1 1 1 1 1 1 1 1 1 1 1 1 1 1 1 1 1 1 1 1 1 1 1 1 1 1 1 1 1 1 1 1 1 1 1 1 1 1 1 1 1 1 1 1 1 1 1 1 1 1 1 1 1 1 1 1 1 1 1 1 1 1 1 1 1 1 1 1 1 1 1 1 1 1 1 1 1 1 1 1 1 1 1 1 1 1 1 1 1 1 1 1 1 1 1 1 1 1 1 1 0 1 0 0 0 0 0 0 0 0 0 0 0 0 0 0 0 0 0 0 0 0 0 0 0 0 0 0 0 0 0 0 0 0 0 0 0 0 0 0 0 0 0 0 0 0 0 0 0 0 0 0 0 0 0 0 0 0 0 0 0 0 0 0 0 0 0 0 0 0 0 0 0 0 0 0 0 0 0 0 0 0 0 0 0 0 0 0 0 0 0 0 0 0 0 0 0 0 0 0 0 0 0 0 0 0 0 0 0 0 0 0 0 0 0 0 0 0 0 0 0 0 0 0 0 0 0 0 0 0 0 0 0 0 0 0 0 0 0 0 0 0 0 0 0 0 0 0 0 0 0 0 0 0 0 0 0 0 0 0 0 0 0 0 0 0 0 0 0 0 0 0 0 0 0 0 0 0 0 0 0 0 0 0 0 0 0 0 0 0 0 0 0 0 0 0 0 0 0 0 0 0 0 0 0 0 0 0 0 0 0 0 0 0 0 0 0 0 0 0 0 0 0 0 0 0 0 0 0 0 0 0 0 0 0 0 0 0 0 0 0 0 0 0 0 0 0 0 0 0 0 0 0 0 0 0 0 0 0 0 0 0 0 0 0 0 0 0 0 0 0 0 0 0 0 0 0 0 0 0 0 0 0 0 0 0 0 0 0 0 0 0 0 0 0 0 0 0 0 0 0 0 0 0 0 0 0 0 0 0 0 0 0 0 0 0 0 0 0 0 0 0 0 0 0 0 0 0 0 0 0 0 0 0 0 0 0 0 0 0 0 0 0 0 0 0 0 0 0 0 0 0 0 0 0 0 0 0 0 0 0 0 0 0 0 0 0 0 0 0 0 0 0 0 0 0 0 0 0 0 0 0 0 0 0 0 0 0 0 0 0 0 0 0 0 0 0 0 0 0 0 0 0 0 0 0 0 0 0 0 0 0 0 0 0 0 0 0 0 0 0 0 0 0 0 0 0 0 0 0 0 0 0 0 0 0 0 0 0 0 0 0 0 0 0 0 0 0 0 0 0 0 0 0 0 0 0 0 0 0 0 0 0 0 0 0 0 0 0 0 0 0 0 0 0 0 0 0 0 0 0 0 0 0 0 0 0 0 0 0 0 0 0 0 0 0 0 0 0 0 0 0 0 0 0 0 0 0 0 0 0 0 0 0 0 0 0 0 0 0 0 0 0 0 0 0 0 0 0 0 0 0 0 0 0 0 0 0 0 0 0 0 0 0 0 0 0 0 0 0 0 0 0 0 0 0 0 0 0 0 0 0 0 0 0 0 0 0 0 0 0 0 0 0 0 0 0 0 0 0 0 0 0 0 0 0 0 0 0 0 0 0 0 0 0 0 0 0 0 0 0 0 0 0 0 0 0 0 0 0 0 0 0 0 0 0 0 0 0 0 0 0 0 0 0 0 0 0 0 0 0 0 0 0 0 0 0 0 0 0 0 0 0 0 0 0 0 0 0 0 0 0 0 0 0 0 0 0 0 0 0 0 0 0 0 0 0 0 0 0 0 0 0 0 0 0 0 0 0 0 0 0 0 0 0 0 0 0 0 0 0 0 0 0 0 0 0 0 0 0 0 0 0 0 0 0 0 0 0 0 0 0 0 0 0 0 0 0 0 0 0 0 0 0 0 0 0 0 0 0 0 0 0 0 0 0 0 0 0 0 0 0 0 0 0 0 0 0 0 0 0 0 0 0 0 0 0 0 0 0 0 0 0 0 0 0 0 0 0 0 0 0 0 0 0 0 0 0 0 0 0 0 0 0 0 0 0 0 0 0 0 0 0 0 0 0 0 0 0 0 0 0 0 0 0 0 0 0 0 0 0 0 0 0 0 0 0 0 0 0 0 0 0 0 0 0 0 0 0 0 0 0 0 0 0 0 0 0 0 0 0 0 0 0 0 0 0 0 0 0 0 0 0 0 0 0 0 0 0 0 0 0 0 0 0 0 0 0 0 0 0 0 0 0 0 0 0 0 0 0 0 0 0 0 0 0 0 0 0 0 0 0 0 0 0 0 0 0 0 0 0 0 0 0 0 0 0 0 0 0 0 0 0 0 0 0 0 0 0 0 0 0 0 0 0 0 0 0 0 0 0 0 0 0 0 0 0 0 0 0 0 0 0 0 0 0 0 0 0 0 0 0 0 0 0 0 0 0 0 0 0 0 0 0 0 0 0 0 0 0 0 0 0 0 0 0 0 0 0 0 0 0 0 0 0 0 0 0 0 0 0 0 0 0 0 0 0 0 0 0 0 0 0 0 0 0 0 0 0 0 0 0 0 0 0 0 0 0 0 0 0 0 0 0 0 0 0 0 0 0 0 0 0 0 0 0 0 0 0 0 0 0 0 0 0 0 0 0 0 0 0 0 0 0 0 0 0 0 0 0 0 0 0 0 0 0 0 0 0 0 0 0 0 0 0 0 0 0 0 0 0 0 0 0 0 0 0 0 0 0 0 0 0 0 0 0 0 0 0 0 0 0 0 0 0 0 0 0 0 0 0 0 0 0 0 0 0 0 0 0 0 0 0 0 0 0 0 0 0 0 0 0 0 0 0 0 0 0 0 0 0 0 0 0 0 0 0 0 0 0 0 0 0 0 0 0 0 0 0 0 0 0 0 0 0 0 0 0 0 0 0 0 0 0 0 0 0 0 0 0 0 0 0 0 0 0 0 0 0 0 0 0 0 0 0 0 0 0 0 0 0 0 0 0 0 0 0 0 0 0 0 0 0 0 0 0 0 0 0 0 0 0 0 0 0 0 0 0 0 0 0 0 0 0 0 0 0 0 0 0 0 0 0 0 0 0 0 0 0 0 0 0 0 0 0 0 0 0 0 0 0 0 0 0 0 0 0 0 0 0 0 0 0 0 0 0 0 0 0 0 0 0 0 0 0 0 0 0 0 0 0 0 0 0 0 0 0 0 0 0 0 0 0 0 0 0 0 0 0 0 0 0 0 0 0 0 0 0 0 0 0 0 0 0 0 0 0 0 0 0 0 0 0 0 0 0 0 0 0 0 0 0 0 0 0 0 0 0 0 0 0 0 0 0 0 0 0 0 0 0 0 0 0 0 0 0 0 0 0 0 0 0 0 0 0 0 0 0 0 0 0 0 0 0 0 0 0 0 0 0 0 0 0 0 0 0 0 0 0 0 0 0 0 0 0 0 0 0 0 0 0 0 0 0 0 0 0 0 0 0 0 0 0 0 0 0 0 0 0 0 0 0 0 0 0 0 0 0 0 0 0 0 0 0 0 0 0 0 0 0 0 0 0 0 0 0 0 0 0 0 0 0 0 0 0 0 0 0 0 0 0 0 0 0 0 0 0 0 0 0 0 0 0 0 0 0 0 0 0 0 0 0 0 0 0 0 0 0 0 0 0 0 0 0 0 0 0 0 0 0 0 0 0 0 0 0 0 0 0 0 0 0 0 0 0 0 0 0 0 0 0 0 0 0 0 0 0 0 0 0 0 0 0 0 0 0 0 0 0 0 0 0 0 0 0 0 0 0 0 0 0 0 0 0 0 0 0 0 0 0 0 0 0 0 0 0 0 0 0 0 0 0 0 0 0 0 0 0 0 0 0 0 0 0 0 0 0 0 0 0 0 0 0 0 0 0 0 0 0 0 0 0 0 0 0 0 0 0 0 0 0 0 0 0 0 0 0 0 0 0 0 0 0 0 0 0 0 0 0 0 0 0 0 0 0 0 0 0 0 0 0 0 0 0 0 0 0 0 0 0 0 0 0 0 0 0 0 0 0 0 0 0 0 0 0 0 0 0 0 0 0 0 0 0 0 0 0 0 0 0 0 0 0 0 0 0 0 0 0 0 0 0 0 0 0 0 0 0 0 0 0 0 0 0 0 0 0 0 0 0 0 0 0 0 0 0 0 0 0 0 0 0 0 0 0 0 0 0 0 0 0 0 0 0 0 0 0 0 0 0 0 0 0 0 0 0 0 0 0 0 0 0 0 0 0 0 0 0 0 0 0 0 0 0 0 0 0 0 0 0 0 0 0 0 0 0 0 0 0 0 0 0 0 0 0 0 0 0 0 0 0 0 0 0 0 0 0 0 0 ]> 28919.000000 28919.000000 + 0.000000 #248485
B&B(   10)	 29008.000000	 28919.000000	 0.3078%	 time:5.3230s
B&B(   25)	 29004.000000	 28919.000000	 0.2939%	 time:10.3700s
B&B(   39)	 29002.000000	 28919.000000	 0.2870%	 time:15.7630s
B&B(   71)	 28995.000000	 28919.000000	 0.2628%	 time:21.0540s
B&B(   94)	 28992.000000	 28919.000000	 0.2524%	 time:26.2620s
B&B(  116)	 28990.000000	 28919.000000	 0.2455%	 time:31.6650s
B&B(  132)	 28988.000000	 28919.000000	 0.2386%	 time:36.6750s
B&B(  149)	 28987.000000	 28919.000000	 0.2351%	 time:42.0700s
B&B(  162)	 28986.000000	 28919.000000	 0.2317%	 time:47.0860s
B&B(  177)	 28985.000000	 28919.000000	 0.2282%	 time:52.0960s
B&B(  193)	 28984.000000	 28919.000000	 0.2248%	 time:57.3340s
B&B(  208)	 28984.000000	 28919.000000	 0.2248%	 time:62.5380s
B&B(  225)	 28983.000000	 28919.000000	 0.2213%	 time:67.8240s
B&B(  244)	 28982.000000	 28919.000000	 0.2178%	 time:73.1200s
B&B(  259)	 28982.000000	 28919.000000	 0.2178%	 time:78.4790s
B&B(  278)	 28981.000000	 28919.000000	 0.2144%	 time:83.8500s
B&B(  294)	 28980.000000	 28919.000000	 0.2109%	 time:89.2010s
B&B(  313)	 28979.000000	 28919.000000	 0.2075%	 time:94.2920s
B&B(  333)	 28979.000000	 28919.000000	 0.2075%	 time:99.4880s
B&B(  350)	 28978.000000	 28919.000000	 0.2040%	 time:104.8280s
B&B(  366)	 28977.000000	 28919.000000	 0.2006%	 time:109.9380s
B&B(  382)	 28976.000000	 28919.000000	 0.1971%	 time:115.1610s
B&B(  397)	 28976.000000	 28919.000000	 0.1971%	 time:120.3160s
B&B(  414)	 28975.000000	 28919.000000	 0.1936%	 time:125.4890s
B&B(  431)	 28975.000000	 28919.000000	 0.1936%	 time:130.6940s
B&B(  448)	 28974.000000	 28919.000000	 0.1902%	 time:135.8510s
B&B(  464)	 28974.000000	 28919.000000	 0.1902%	 time:140.9590s
B&B(  481)	 28973.000000	 28919.000000	 0.1867%	 time:146.0830s
B&B(  504)	 28972.000000	 28919.000000	 0.1833%	 time:151.3330s
B&B(  524)	 28972.000000	 28919.000000	 0.1833%	 time:156.4600s
B&B(  549)	 28971.000000	 28919.000000	 0.1798%	 time:161.7390s
B&B(  568)	 28970.000000	 28919.000000	 0.1764%	 time:167.0600s
B&B(  592)	 28969.000000	 28919.000000	 0.1729%	 time:172.2610s
B&B(  607)	 28969.000000	 28919.000000	 0.1729%	 time:177.3780s
B&B(  629)	 28968.000000	 28919.000000	 0.1694%	 time:182.7720s
B&B(  644)	 28968.000000	 28919.000000	 0.1694%	 time:187.8830s
B&B(  666)	 28967.000000	 28919.000000	 0.1660%	 time:193.1790s
B&B(  686)	 28966.000000	 28919.000000	 0.1625%	 time:198.4090s
B&B(  701)	 28966.000000	 28919.000000	 0.1625%	 time:203.4710s
B&B(  722)	 28965.000000	 28919.000000	 0.1591%	 time:208.7810s
B&B(  747)	 28965.000000	 28919.000000	 0.1591%	 time:214.1510s
B&B(  766)	 28964.000000	 28919.000000	 0.1556%	 time:219.5090s
B&B(  787)	 28963.000000	 28919.000000	 0.1521%	 time:224.6520s
B&B(  809)	 28963.000000	 28919.000000	 0.1521%	 time:229.6680s
B&B(  828)	 28962.000000	 28919.000000	 0.1487%	 time:234.8230s
B&B(  857)	 28961.000000	 28919.000000	 0.1452%	 time:239.8350s
B&B(  874)	 28961.000000	 28919.000000	 0.1452%	 time:244.8630s
B&B(  896)	 28960.000000	 28919.000000	 0.1418%	 time:250.0400s
B&B(  917)	 28960.000000	 28919.000000	 0.1418%	 time:255.0860s
B&B(  939)	 28959.000000	 28919.000000	 0.1383%	 time:260.1880s
B&B(  972)	 28958.000000	 28919.000000	 0.1349%	 time:265.4290s
B&B(  995)	 28958.000000	 28919.000000	 0.1349%	 time:270.8060s
B&B( 1021)	 28957.000000	 28919.000000	 0.1314%	 time:276.1650s
B&B( 1044)	 28956.000000	 28919.000000	 0.1279%	 time:281.1700s
B&B( 1066)	 28956.000000	 28919.000000	 0.1279%	 time:286.2110s
B&B( 1095)	 28955.000000	 28919.000000	 0.1245%	 time:291.5280s
B&B( 1119)	 28955.000000	 28919.000000	 0.1245%	 time:296.6230s
B&B( 1142)	 28954.000000	 28919.000000	 0.1210%	 time:301.6330s
B&B( 1176)	 28953.000000	 28919.000000	 0.1176%	 time:306.9810s
B&B( 1209)	 28952.000000	 28919.000000	 0.1141%	 time:312.3370s
B&B( 1247)	 28952.000000	 28919.000000	 0.1141%	 time:317.3480s
B&B( 1286)	 28951.000000	 28919.000000	 0.1107%	 time:322.6890s
B&B( 1322)	 28950.000000	 28919.000000	 0.1072%	 time:327.7910s
B&B( 1397)	 28948.000000	 28919.000000	 0.1003%	 time:332.8240s
B&B( 1552)	 28944.000000	 28919.000000	 0.0864%	 time:337.8470s
B&B( 1747)	 28943.000000	 28919.000000	 0.0830%	 time:342.8490s
B&B( 1966)	 28941.000000	 28919.000000	 0.0761%	 time:347.8660s
B&B( 2221)	 28938.000000	 28919.000000	 0.0657%	 time:352.8780s
B&B( 2542)	 28935.000000	 28919.000000	 0.0553%	 time:357.8860s
B&B( 3029)	 28930.000000	 28919.000000	 0.0380%	 time:362.8910s
Done(128):28919.0000000000000000	 #nodes:4079/4079	 P/D:5446/175181	 Time:1.3720000000000001/365.1709999999999923s	 LIM?:0	 Seen:0
	Command being timed: "/usr/bin/timeout 915 /home/fabio/CODD-NEWDom/cmake-build-release-ilyin/knapsack2 /home/fabio/CODD-NEWDom/data/knapsack/knapPI_3_2000_1000_1.txt 128"
	User time (seconds): 363.37
	System time (seconds): 1.95
	Percent of CPU this job got: 99%
	Elapsed (wall clock) time (h:mm:ss or m:ss): 6:05.36
	Average shared text size (kbytes): 0
	Average unshared data size (kbytes): 0
	Average stack size (kbytes): 0
	Average total size (kbytes): 0
	Maximum resident set size (kbytes): 2752196
	Average resident set size (kbytes): 0
	Major (requiring I/O) page faults: 0
	Minor (reclaiming a frame) page faults: 1187789
	Voluntary context switches: 3
	Involuntary context switches: 967
	Swaps: 0
	File system inputs: 0
	File system outputs: 32
	Socket messages sent: 0
	Socket messages received: 0
	Signals delivered: 0
	Page size (bytes): 4096
	Exit status: 0

