COMMAND: /usr/bin/time -v /usr/bin/timeout 915 /home/fabio/CODD-NEWDom/cmake-build-release-ilyin/misp5 /home/fabio/CODD-NEWDom/data/misp/san400_0.7_3.clq 64
TOP=400
B&B searching...
dual@root:400
B&B Nodes          Dual	 Primal	 Gap(%)
----------------------------------------------
update in RO 11.000000

CHECKER is 1 SUM:11
TIME:40.000000
P TIGHTEN: 0.040000 <P:11.000000, D:400.000000, INC:(46)[1 0 0 0 0 1 0 1 0 1 0 1 0 0 0 1 1 0 0 0 0 0 0 0 0 0 1 0 0 0 0 0 0 0 1 0 1 0 0 0 0 0 0 0 0 1 ]> 11.000000 11.000000 + 0.000000 #2517
update in RO 12.000000

CHECKER is 1 SUM:12
TIME:40.000000
P TIGHTEN: 0.041000 <P:12.000000, D:400.000000, INC:(54)[1 0 1 0 0 1 0 1 0 1 0 0 0 0 0 0 0 0 0 1 0 0 0 0 0 0 0 0 1 0 0 0 0 0 1 0 1 0 0 0 0 0 0 0 0 1 0 0 0 1 0 0 0 1 ]> 12.000000 12.000000 + 0.000000 #3031
update in RO 13.000000

CHECKER is 1 SUM:13
TIME:43.000000
P TIGHTEN: 0.044000 <P:13.000000, D:400.000000, INC:(141)[0 1 0 0 1 0 1 1 1 0 0 1 0 0 0 0 0 0 0 0 0 1 0 0 0 0 0 0 0 0 0 0 0 0 0 0 0 0 0 1 0 0 0 1 0 0 0 0 0 0 1 1 0 0 0 0 0 0 0 0 0 0 0 0 0 0 0 0 0 0 0 0 0 0 0 0 0 0 0 0 0 0 0 0 0 0 0 0 0 0 0 0 0 0 1 0 0 0 0 0 0 0 0 0 0 0 0 0 0 0 0 0 0 0 0 0 0 0 0 0 0 0 0 0 0 0 0 0 0 0 0 0 0 0 0 0 0 0 0 0 1 ]> 13.000000 13.000000 + 0.000000 #8586
update in RO 14.000000

CHECKER is 1 SUM:14
TIME:100.000000
P TIGHTEN: 0.100000 <P:14.000000, D:149.000000, INC:(224)[0 0 0 0 0 0 1 1 0 1 0 1 0 0 0 1 1 0 0 0 0 0 0 0 0 0 0 0 0 0 0 0 0 1 0 0 1 0 0 0 0 0 0 0 0 1 0 0 0 0 0 0 0 0 0 0 0 0 0 0 0 0 1 0 0 0 0 0 0 0 0 0 0 0 0 0 0 0 0 0 0 0 0 0 0 0 0 0 0 0 0 0 0 0 0 0 0 0 0 0 0 0 0 0 1 0 0 0 0 0 0 0 0 0 0 0 0 0 0 0 0 0 0 0 0 0 0 0 0 0 0 0 0 0 0 0 0 0 0 0 0 1 0 0 0 0 0 0 1 0 0 0 0 0 0 0 0 0 0 0 0 0 0 0 0 0 0 0 0 0 0 0 0 0 0 0 0 0 0 0 0 0 0 0 0 0 0 0 0 0 0 0 0 0 0 0 0 0 0 0 0 0 0 0 0 0 0 0 0 0 0 0 0 0 0 0 0 0 0 0 0 0 0 1 ]> 14.000000 14.000000 + 0.000000 #13057
update in RO 15.000000

CHECKER is 1 SUM:15
TIME:100.000000
P TIGHTEN: 0.101000 <P:15.000000, D:149.000000, INC:(351)[0 0 0 0 0 0 1 1 0 0 0 1 0 0 0 1 1 0 0 0 1 0 0 0 0 0 0 0 0 0 0 0 0 1 0 0 1 0 0 0 0 0 0 0 0 1 0 0 0 0 0 0 0 0 0 0 0 0 0 0 0 0 0 0 0 0 0 0 0 0 0 0 0 0 0 0 0 0 0 0 0 0 0 0 0 0 0 0 0 0 0 0 0 0 0 0 0 0 0 0 0 0 0 0 0 0 0 0 0 0 0 0 0 0 0 0 0 0 0 0 0 0 0 0 0 0 0 0 0 0 0 0 0 0 0 0 0 0 0 0 0 0 0 0 0 0 0 1 1 0 0 0 0 0 0 0 0 0 0 0 0 0 0 0 0 0 0 0 0 0 0 0 0 0 0 0 0 0 0 0 0 0 0 0 0 0 0 0 0 0 0 0 0 0 0 0 0 0 0 0 0 0 0 0 0 0 0 0 0 0 0 0 0 0 0 0 0 0 0 0 0 0 0 1 0 0 0 0 0 0 0 0 0 0 0 0 0 0 0 0 0 0 0 0 1 0 1 0 0 0 0 0 0 0 0 0 0 0 0 0 0 0 0 0 0 0 0 0 0 0 0 0 0 0 0 0 0 0 0 0 0 0 0 0 0 0 0 0 0 0 0 0 0 0 0 0 0 0 0 0 0 0 0 0 0 0 0 0 0 0 0 0 0 0 0 0 0 0 0 0 0 0 0 0 0 0 0 0 0 0 0 0 0 0 0 0 0 0 0 0 0 0 0 0 0 0 0 0 0 0 1 ]> 15.000000 15.000000 + 0.000000 #14830
update in RO 16.000000

CHECKER is 1 SUM:16
TIME:389.000000
P TIGHTEN: 0.389000 <P:16.000000, D:149.000000, INC:(351)[0 1 0 0 0 0 0 1 0 0 0 1 0 0 0 0 1 0 0 0 0 1 0 0 0 0 0 0 0 0 0 0 0 1 0 0 1 0 0 1 0 0 0 1 0 0 0 0 0 0 1 0 0 0 0 0 0 0 0 0 0 0 0 0 0 0 0 0 0 0 0 0 0 0 0 0 0 0 0 0 0 0 0 0 0 0 0 0 0 0 0 0 0 0 0 0 0 0 1 1 0 0 0 0 0 0 0 0 0 0 0 0 0 0 0 0 0 0 0 1 0 0 0 0 0 0 0 0 0 0 0 0 0 0 0 0 0 0 0 0 0 0 0 0 0 0 0 0 0 0 0 0 0 0 0 0 0 0 0 0 0 0 0 0 0 0 0 0 0 0 0 0 0 0 0 0 0 0 0 0 0 0 0 0 0 0 0 0 0 0 1 0 0 0 0 0 0 0 0 0 0 0 0 0 0 0 0 0 0 0 0 0 0 0 0 0 0 0 1 0 0 0 0 0 0 0 0 0 0 0 0 0 0 0 0 0 0 0 0 0 0 0 0 0 0 0 0 0 0 0 0 0 0 0 0 0 0 0 0 0 0 0 0 0 0 0 0 0 0 0 0 0 0 0 0 0 0 0 0 0 0 0 0 0 0 0 0 0 0 0 0 0 0 0 0 0 0 0 0 0 0 0 0 0 0 0 0 0 0 0 0 0 0 0 0 0 0 0 0 0 0 0 0 0 0 0 0 0 0 0 0 0 0 0 0 0 0 0 0 0 0 0 0 0 0 0 0 0 0 0 1 ]> 16.000000 16.000000 + 0.000000 #13986
update in RO 17.000000

CHECKER is 1 SUM:17
TIME:1100.000000
P TIGHTEN: 1.101000 <P:17.000000, D:147.000000, INC:(355)[0 0 0 0 0 0 0 0 0 0 0 0 1 1 0 0 0 0 0 1 0 0 0 0 1 1 0 1 0 0 1 0 0 0 0 0 1 0 0 0 0 0 0 0 0 0 0 0 0 0 0 0 0 1 0 0 0 0 0 0 0 0 0 0 0 0 0 0 0 0 0 0 0 0 0 0 0 0 0 0 0 0 0 0 0 0 0 0 0 0 0 0 0 0 0 0 0 0 0 0 0 1 0 0 0 0 0 0 0 0 0 0 0 0 0 0 0 0 0 0 0 0 0 0 0 0 0 0 0 0 0 0 0 0 0 0 0 0 0 0 0 0 0 0 0 0 0 0 0 0 0 0 0 0 0 0 0 0 0 0 0 0 0 0 0 0 0 0 0 0 0 0 0 0 0 0 0 0 0 0 0 0 0 0 0 0 0 0 0 0 1 0 0 0 0 0 0 0 0 0 0 0 0 0 0 0 0 0 0 0 0 0 0 0 0 0 0 0 1 0 0 0 0 0 0 0 0 0 0 0 0 0 0 0 0 0 0 1 0 0 0 0 0 0 0 0 0 0 0 1 0 0 0 0 0 0 0 0 0 0 0 0 0 0 0 0 0 0 0 0 0 0 0 0 0 0 0 0 0 0 0 0 0 0 0 0 0 0 0 0 0 0 0 0 0 0 0 0 0 0 0 0 0 0 0 0 0 0 0 0 1 0 0 0 0 0 0 0 0 0 0 0 0 0 0 0 0 0 0 0 0 0 0 0 0 0 0 0 0 0 0 0 0 0 0 0 0 0 0 1 0 0 0 0 1 ]> 17.000000 17.000000 + 0.000000 #16435
B&B(  228)	 136.000000	 17.000000	      -	 time:5.0180s
B&B(  472)	 125.000000	 17.000000	      -	 time:10.0300s
B&B(  731)	 117.000000	 17.000000	      -	 time:15.0350s
B&B(  976)	 113.000000	 17.000000	      -	 time:20.0460s
B&B( 1221)	 113.000000	 17.000000	      -	 time:25.0640s
B&B( 1472)	 111.000000	 17.000000	      -	 time:30.0810s
B&B( 1723)	 110.000000	 17.000000	      -	 time:35.0840s
B&B( 1975)	 109.000000	 17.000000	      -	 time:40.0910s
B&B( 2237)	 108.000000	 17.000000	      -	 time:45.1050s
B&B( 2500)	 107.000000	 17.000000	      -	 time:50.1130s
B&B( 2754)	 107.000000	 17.000000	      -	 time:55.1230s
B&B( 3007)	 106.000000	 17.000000	      -	 time:60.1350s
B&B( 3268)	 105.000000	 17.000000	      -	 time:65.1460s
B&B( 3535)	 105.000000	 17.000000	      -	 time:70.1650s
B&B( 3792)	 104.000000	 17.000000	      -	 time:75.1840s
B&B( 4045)	 104.000000	 17.000000	      -	 time:80.1850s
B&B( 4302)	 103.000000	 17.000000	      -	 time:85.2010s
B&B( 4563)	 103.000000	 17.000000	      -	 time:90.2100s
B&B( 4824)	 103.000000	 17.000000	      -	 time:95.2140s
B&B( 5080)	 102.000000	 17.000000	      -	 time:100.2240s
B&B( 5348)	 102.000000	 17.000000	      -	 time:105.2350s
B&B( 5628)	 102.000000	 17.000000	      -	 time:110.2390s
B&B( 5888)	 101.000000	 17.000000	      -	 time:115.2550s
B&B( 6152)	 101.000000	 17.000000	      -	 time:120.2560s
B&B( 6422)	 100.000000	 17.000000	      -	 time:125.2630s
B&B( 6690)	 100.000000	 17.000000	      -	 time:130.2650s
B&B( 6964)	 99.000000	 17.000000	      -	 time:135.2700s
B&B( 7228)	 99.000000	 17.000000	      -	 time:140.2850s
B&B( 7499)	 99.000000	 17.000000	      -	 time:145.2910s
B&B( 7773)	 98.000000	 17.000000	      -	 time:150.3040s
B&B( 8037)	 98.000000	 17.000000	      -	 time:155.3070s
B&B( 8313)	 98.000000	 17.000000	      -	 time:160.3100s
B&B( 8585)	 97.000000	 17.000000	      -	 time:165.3160s
B&B( 8863)	 97.000000	 17.000000	      -	 time:170.3230s
B&B( 9128)	 97.000000	 17.000000	      -	 time:175.3390s
B&B( 9405)	 97.000000	 17.000000	      -	 time:180.3610s
B&B( 9638)	 96.000000	 17.000000	      -	 time:185.3800s
B&B( 9917)	 96.000000	 17.000000	      -	 time:190.3920s
B&B(10191)	 96.000000	 17.000000	      -	 time:195.3940s
B&B(10465)	 96.000000	 17.000000	      -	 time:200.3970s
B&B(10736)	 96.000000	 17.000000	      -	 time:205.3990s
B&B(11017)	 95.000000	 17.000000	      -	 time:210.4120s
B&B(11261)	 95.000000	 17.000000	      -	 time:215.4220s
B&B(11507)	 95.000000	 17.000000	      -	 time:220.4300s
B&B(11734)	 95.000000	 17.000000	      -	 time:225.4370s
B&B(11956)	 95.000000	 17.000000	      -	 time:230.4530s
B&B(12176)	 95.000000	 17.000000	      -	 time:235.4660s
B&B(12406)	 95.000000	 17.000000	      -	 time:240.4760s
B&B(12638)	 95.000000	 17.000000	      -	 time:245.4820s
B&B(12860)	 94.000000	 17.000000	      -	 time:250.4880s
B&B(13103)	 94.000000	 17.000000	      -	 time:255.4960s
B&B(13340)	 94.000000	 17.000000	      -	 time:260.5120s
B&B(13596)	 94.000000	 17.000000	      -	 time:265.5280s
B&B(13892)	 94.000000	 17.000000	      -	 time:270.5450s
B&B(14162)	 94.000000	 17.000000	      -	 time:275.5620s
B&B(14440)	 93.000000	 17.000000	      -	 time:280.5650s
B&B(14747)	 93.000000	 17.000000	      -	 time:285.5730s
B&B(15051)	 93.000000	 17.000000	      -	 time:290.5790s
B&B(15326)	 93.000000	 17.000000	      -	 time:295.5900s
B&B(15604)	 93.000000	 17.000000	      -	 time:300.5930s
B&B(15900)	 93.000000	 17.000000	      -	 time:305.5960s
B&B(16210)	 93.000000	 17.000000	      -	 time:310.6120s
B&B(16516)	 93.000000	 17.000000	      -	 time:315.6180s
B&B(16818)	 92.000000	 17.000000	      -	 time:320.6330s
B&B(17156)	 92.000000	 17.000000	      -	 time:325.6440s
B&B(17460)	 92.000000	 17.000000	      -	 time:330.6600s
B&B(17705)	 92.000000	 17.000000	      -	 time:335.6760s
B&B(17928)	 92.000000	 17.000000	      -	 time:340.7030s
B&B(18150)	 92.000000	 17.000000	      -	 time:345.7090s
B&B(18361)	 92.000000	 17.000000	      -	 time:350.7220s
B&B(18597)	 92.000000	 17.000000	      -	 time:355.7310s
B&B(18833)	 92.000000	 17.000000	      -	 time:360.7470s
B&B(19083)	 92.000000	 17.000000	      -	 time:365.7720s
B&B(19337)	 92.000000	 17.000000	      -	 time:370.7770s
B&B(19592)	 91.000000	 17.000000	      -	 time:375.7830s
B&B(19842)	 91.000000	 17.000000	      -	 time:380.7900s
B&B(20093)	 91.000000	 17.000000	      -	 time:385.7960s
B&B(20336)	 91.000000	 17.000000	      -	 time:390.8110s
B&B(20581)	 91.000000	 17.000000	      -	 time:395.8250s
B&B(20828)	 91.000000	 17.000000	      -	 time:400.8310s
B&B(21079)	 91.000000	 17.000000	      -	 time:405.8380s
B&B(21322)	 91.000000	 17.000000	      -	 time:410.8510s
B&B(21571)	 91.000000	 17.000000	      -	 time:415.8640s
B&B(21856)	 91.000000	 17.000000	      -	 time:420.8730s
B&B(22162)	 91.000000	 17.000000	      -	 time:425.8800s
B&B(22491)	 91.000000	 17.000000	      -	 time:430.8900s
B&B(22792)	 90.000000	 17.000000	      -	 time:435.8980s
B&B(23087)	 90.000000	 17.000000	      -	 time:440.9080s
B&B(23411)	 90.000000	 17.000000	      -	 time:445.9170s
B&B(23725)	 90.000000	 17.000000	      -	 time:450.9320s
B&B(24004)	 90.000000	 17.000000	      -	 time:455.9470s
B&B(24308)	 90.000000	 17.000000	      -	 time:460.9530s
B&B(24605)	 90.000000	 17.000000	      -	 time:465.9710s
B&B(24898)	 90.000000	 17.000000	      -	 time:470.9720s
B&B(25198)	 90.000000	 17.000000	      -	 time:475.9910s
B&B(25497)	 90.000000	 17.000000	      -	 time:481.0100s
B&B(25764)	 90.000000	 17.000000	      -	 time:486.0260s
B&B(26067)	 90.000000	 17.000000	      -	 time:491.0330s
B&B(26331)	 90.000000	 17.000000	      -	 time:496.0430s
B&B(26571)	 90.000000	 17.000000	      -	 time:501.0560s
B&B(26840)	 89.000000	 17.000000	      -	 time:506.0770s
B&B(27087)	 89.000000	 17.000000	      -	 time:511.0860s
B&B(27357)	 89.000000	 17.000000	      -	 time:516.0880s
B&B(27598)	 89.000000	 17.000000	      -	 time:521.0950s
B&B(27879)	 89.000000	 17.000000	      -	 time:526.1050s
B&B(28173)	 89.000000	 17.000000	      -	 time:531.1150s
B&B(28478)	 89.000000	 17.000000	      -	 time:536.1210s
B&B(28772)	 89.000000	 17.000000	      -	 time:541.1440s
B&B(29060)	 89.000000	 17.000000	      -	 time:546.1600s
B&B(29405)	 89.000000	 17.000000	      -	 time:551.1680s
B&B(29693)	 89.000000	 17.000000	      -	 time:556.1770s
B&B(30022)	 89.000000	 17.000000	      -	 time:561.1980s
B&B(30327)	 89.000000	 17.000000	      -	 time:566.2060s
B&B(30632)	 89.000000	 17.000000	      -	 time:571.2150s
B&B(30925)	 89.000000	 17.000000	      -	 time:576.2270s
B&B(31249)	 88.000000	 17.000000	      -	 time:581.2300s
B&B(31547)	 88.000000	 17.000000	      -	 time:586.2420s
B&B(31838)	 88.000000	 17.000000	      -	 time:591.2470s
B&B(32136)	 88.000000	 17.000000	      -	 time:596.2650s
B&B(32437)	 88.000000	 17.000000	      -	 time:601.2730s
B&B(32735)	 88.000000	 17.000000	      -	 time:606.2770s
B&B(33040)	 88.000000	 17.000000	      -	 time:611.2980s
B&B(33331)	 88.000000	 17.000000	      -	 time:616.3130s
B&B(33645)	 88.000000	 17.000000	      -	 time:621.3190s
B&B(33959)	 88.000000	 17.000000	      -	 time:626.3370s
B&B(34251)	 88.000000	 17.000000	      -	 time:631.3430s
B&B(34561)	 88.000000	 17.000000	      -	 time:636.3530s
B&B(34854)	 88.000000	 17.000000	      -	 time:641.3560s
B&B(35158)	 88.000000	 17.000000	      -	 time:646.3700s
B&B(35454)	 88.000000	 17.000000	      -	 time:651.3850s
B&B(35775)	 88.000000	 17.000000	      -	 time:656.3980s
B&B(36113)	 88.000000	 17.000000	      -	 time:661.4120s
B&B(36467)	 88.000000	 17.000000	      -	 time:666.4280s
B&B(36775)	 88.000000	 17.000000	      -	 time:671.4290s
B&B(37084)	 88.000000	 17.000000	      -	 time:676.4440s
B&B(37399)	 87.000000	 17.000000	      -	 time:681.4460s
B&B(37709)	 87.000000	 17.000000	      -	 time:686.4610s
B&B(38011)	 87.000000	 17.000000	      -	 time:691.4730s
B&B(38312)	 87.000000	 17.000000	      -	 time:696.4760s
B&B(38628)	 87.000000	 17.000000	      -	 time:701.4790s
B&B(38935)	 87.000000	 17.000000	      -	 time:706.Command exited with non-zero status 124
	Command being timed: "/usr/bin/timeout 915 /home/fabio/CODD-NEWDom/cmake-build-release-ilyin/misp5 /home/fabio/CODD-NEWDom/data/misp/san400_0.7_3.clq 64"
	User time (seconds): 912.74
	System time (seconds): 2.53
	Percent of CPU this job got: 99%
	Elapsed (wall clock) time (h:mm:ss or m:ss): 15:15.35
	Average shared text size (kbytes): 0
	Average unshared data size (kbytes): 0
	Average stack size (kbytes): 0
	Average total size (kbytes): 0
	Maximum resident set size (kbytes): 4658688
	Average resident set size (kbytes): 0
	Major (requiring I/O) page faults: 0
	Minor (reclaiming a frame) page faults: 1167618
	Voluntary context switches: 4
	Involuntary context switches: 3552
	Swaps: 0
	File system inputs: 0
	File system outputs: 40
	Socket messages sent: 0
	Socket messages received: 0
	Signals delivered: 0
	Page size (bytes): 4096
	Exit status: 124

