COMMAND: /usr/bin/time -v /usr/bin/timeout 915 /home/fabio/CODD-NEWDom/cmake-build-release-ilyin/misp5 /home/fabio/CODD-NEWDom/data/misp/p_hat700-2.clq 128
TOP=700
B&B searching...
dual@root:700
B&B Nodes          Dual	 Primal	 Gap(%)
----------------------------------------------
update in RO 28.000000

CHECKER is 1 SUM:28
TIME:233.000000
P TIGHTEN: 0.234000 <P:28.000000, D:700.000000, INC:(594)[0 0 0 1 0 0 0 1 0 0 0 1 0 1 0 1 0 0 0 0 0 0 0 1 0 0 0 0 0 1 1 0 0 0 0 0 0 0 0 0 0 0 0 0 0 0 0 0 0 1 0 0 0 1 0 0 0 0 0 0 0 0 0 0 0 0 0 0 0 0 0 0 0 0 0 0 0 0 0 0 0 0 0 0 0 0 0 0 0 0 0 0 0 0 0 0 1 0 0 0 0 0 0 0 0 1 0 0 0 0 0 0 0 0 1 0 0 1 0 0 0 0 0 0 0 0 0 0 0 0 0 0 0 0 0 0 0 0 0 0 0 0 0 0 0 0 0 0 0 0 0 1 0 0 0 0 0 0 0 0 0 0 0 0 0 0 0 0 0 0 0 0 0 0 0 0 0 0 0 0 0 0 0 0 0 0 0 0 0 1 0 0 0 0 0 0 0 0 0 0 0 0 0 0 0 0 0 0 0 0 0 1 0 0 0 0 0 0 0 0 0 0 0 0 1 0 0 0 0 0 0 0 0 0 0 0 0 0 0 0 0 0 0 0 0 0 0 0 0 0 0 1 0 0 0 0 0 0 0 0 0 0 0 0 0 0 0 1 0 0 0 0 0 0 0 0 0 0 0 0 0 0 0 0 0 0 0 0 0 0 0 0 0 0 0 0 0 0 0 0 0 0 0 0 0 0 0 0 0 0 0 0 0 0 0 0 1 0 0 0 0 0 0 0 0 0 0 0 0 0 0 0 0 0 0 0 0 0 0 0 0 0 0 0 0 0 0 0 0 0 0 0 0 0 0 0 0 0 0 0 0 0 0 0 0 0 0 0 0 0 0 0 0 0 0 0 0 0 0 0 0 0 0 0 0 0 0 0 0 0 0 0 0 0 0 0 0 0 0 0 0 0 0 0 0 0 1 0 0 0 0 0 0 0 0 0 0 0 0 0 0 0 0 0 0 0 0 0 0 0 0 0 0 0 0 0 0 0 0 0 0 0 0 0 0 0 0 0 0 0 0 0 0 0 0 0 0 0 0 0 0 0 0 0 0 0 0 0 0 0 0 0 0 0 0 0 0 0 0 0 0 0 0 0 0 0 0 0 0 0 0 0 0 0 1 0 0 0 0 0 0 0 0 0 0 0 0 0 0 0 1 0 1 0 0 0 0 0 0 0 0 0 0 0 0 0 0 0 0 0 0 0 0 0 1 0 0 0 0 0 0 0 0 0 0 0 0 0 0 0 0 0 0 0 0 0 0 0 0 0 0 0 0 0 0 0 0 0 0 0 0 0 0 0 0 1 0 0 0 0 0 0 0 0 0 0 0 0 0 0 0 0 0 1 ]> 28.000000 28.000000 + 0.000000 #63150
update in RO 29.000000

CHECKER is 1 SUM:29
TIME:234.000000
P TIGHTEN: 0.235000 <P:29.000000, D:700.000000, INC:(608)[0 0 0 1 0 0 0 1 0 0 0 1 0 1 0 1 0 0 1 0 0 0 0 0 0 0 0 0 0 1 1 0 0 0 0 0 0 0 0 0 0 0 0 0 0 0 0 0 0 1 0 0 0 1 0 0 0 0 0 0 0 0 0 0 0 0 0 0 0 0 0 0 0 0 0 0 0 0 0 0 0 0 0 0 0 0 0 0 0 0 0 0 0 0 0 0 1 0 0 0 0 0 0 0 0 1 0 0 0 0 0 0 0 0 1 0 0 1 0 0 0 0 0 0 0 0 0 0 0 0 0 0 0 0 0 0 0 0 0 0 0 0 0 0 0 0 0 0 0 0 0 1 0 0 0 0 0 0 0 0 0 0 0 0 0 0 0 0 0 0 0 0 0 0 0 0 0 0 0 0 0 0 0 0 0 0 0 0 0 1 0 0 0 0 0 0 0 0 0 0 0 0 0 0 0 0 0 0 0 0 0 1 0 0 0 0 0 0 0 0 0 0 0 0 1 0 0 0 0 0 0 0 0 0 0 0 0 0 0 0 0 0 0 0 0 0 0 0 0 0 0 1 0 0 0 0 0 0 0 0 0 0 0 0 0 0 0 1 0 0 0 0 0 0 0 0 0 0 0 0 0 0 0 0 0 0 0 0 0 1 0 0 0 0 0 0 0 0 0 0 0 0 0 0 0 0 0 0 0 0 0 0 0 0 0 0 1 0 0 0 0 0 0 0 0 0 0 0 0 0 0 0 0 0 0 0 0 0 0 0 0 0 0 0 0 0 0 0 0 0 0 0 0 0 0 0 0 0 0 0 0 0 0 0 0 0 0 0 0 0 0 0 0 0 0 0 0 0 0 0 0 0 0 0 0 0 0 0 0 0 0 0 0 0 0 0 0 0 0 0 0 0 0 0 0 0 1 0 0 0 0 0 0 0 0 0 0 0 0 0 0 0 0 0 0 0 0 0 0 0 0 0 0 0 0 0 0 0 0 0 0 0 0 0 0 0 0 0 0 0 0 0 0 0 0 0 0 0 0 0 0 0 0 0 0 0 0 0 0 0 0 0 0 0 0 0 0 0 0 0 0 0 0 0 0 0 0 0 0 0 0 0 0 0 1 0 0 0 0 0 0 0 0 0 0 0 0 0 0 0 1 0 0 0 0 0 0 0 0 0 0 0 0 0 0 0 0 0 0 0 0 0 0 0 1 0 0 0 0 0 0 0 0 0 0 0 0 0 0 0 0 0 0 0 0 0 0 0 0 0 0 0 0 0 0 0 0 0 0 0 0 0 0 0 0 1 0 0 0 0 0 0 0 0 0 0 0 0 0 0 0 0 0 1 0 0 0 0 0 0 0 0 0 0 0 0 0 1 ]> 29.000000 29.000000 + 0.000000 #63457
update in RO 32.000000

CHECKER is 1 SUM:32
TIME:235.000000
P TIGHTEN: 0.236000 <P:32.000000, D:700.000000, INC:(678)[0 0 0 1 0 0 0 0 1 0 0 1 0 1 1 0 0 0 0 0 0 0 0 0 1 0 0 0 0 1 1 0 0 0 0 0 0 0 0 0 0 0 0 0 0 0 0 0 0 0 0 0 0 1 0 0 0 0 0 0 0 0 0 0 0 0 0 0 0 0 0 0 1 0 0 0 0 0 0 0 0 0 0 0 0 0 0 0 0 0 0 0 0 0 0 0 0 0 0 0 0 0 0 1 0 1 0 0 0 0 0 0 0 0 1 0 0 1 0 0 0 0 0 0 0 0 0 0 0 0 0 0 0 0 0 0 0 0 0 0 0 0 0 0 0 0 0 0 0 0 0 1 0 0 0 0 0 0 0 0 0 0 0 0 0 0 0 0 0 0 0 0 0 0 0 0 0 0 0 0 0 0 0 0 0 0 0 0 0 0 0 0 1 0 0 0 0 0 0 0 0 0 0 0 0 0 0 0 0 0 0 1 0 0 0 0 0 0 0 0 0 0 1 0 0 0 0 0 0 0 0 0 0 0 0 0 0 0 0 0 0 0 0 0 0 0 0 0 0 0 0 0 0 0 0 0 0 0 0 0 0 0 0 0 0 0 0 1 0 0 0 0 0 0 0 0 0 0 0 0 0 0 0 0 1 0 0 0 0 1 0 0 0 0 1 0 0 0 0 0 0 0 0 0 0 0 0 0 0 0 0 0 0 0 0 0 0 0 0 0 0 0 1 0 0 0 0 0 0 0 0 0 0 0 0 0 0 0 0 0 0 0 0 0 1 0 0 0 0 0 1 0 0 0 0 0 0 0 0 0 0 0 0 0 0 0 0 0 0 0 0 0 0 0 0 0 0 0 0 0 0 0 0 0 0 0 0 0 0 0 0 0 0 0 0 0 0 0 0 0 0 0 0 0 0 0 1 0 0 0 0 0 0 0 0 0 0 0 0 0 0 0 0 0 0 0 0 0 0 0 0 0 0 0 0 0 0 0 0 0 0 0 0 0 0 0 0 0 0 0 0 0 0 0 0 0 0 0 0 0 0 0 0 0 0 0 0 0 0 0 0 0 0 0 0 0 0 0 0 0 0 0 0 0 0 0 0 0 0 0 0 0 0 0 0 0 0 0 0 0 0 0 0 0 0 0 0 0 0 0 0 0 0 0 0 0 0 0 0 0 0 0 0 0 0 0 0 0 0 0 0 0 0 0 0 0 0 0 0 0 0 0 0 0 0 0 0 0 0 0 0 0 0 1 0 0 0 0 0 0 0 0 0 0 0 0 0 0 0 0 0 0 0 0 0 0 0 0 1 0 0 0 0 0 0 0 0 0 0 0 0 0 0 0 0 0 0 0 0 0 0 0 0 0 0 0 0 1 0 0 0 1 0 0 0 0 0 0 0 0 0 0 0 0 0 0 0 0 0 0 0 0 0 0 0 0 0 0 0 0 0 0 0 0 0 0 0 0 0 0 0 0 1 0 0 0 0 0 0 0 0 0 0 0 0 0 1 0 0 0 0 0 0 0 0 0 0 0 ]> 32.000000 32.000000 + 0.000000 #63841
update in RO 33.000000

CHECKER is 1 SUM:33
TIME:235.000000
P TIGHTEN: 0.236000 <P:33.000000, D:700.000000, INC:(678)[0 0 0 1 0 0 0 0 1 0 0 1 0 1 1 0 0 0 0 0 0 0 0 0 1 0 0 0 0 1 1 0 0 0 0 0 0 0 0 0 0 0 0 0 0 0 0 0 0 0 0 0 0 1 0 0 0 0 0 0 0 0 0 0 0 0 0 0 0 0 0 0 1 0 0 0 0 0 0 0 0 0 0 0 0 0 0 0 0 0 0 0 0 0 0 0 0 0 0 0 0 0 0 1 0 1 0 0 0 0 0 0 0 0 1 0 0 1 0 0 0 0 0 0 0 0 0 0 0 0 0 0 0 0 0 0 0 0 0 0 0 0 0 0 0 0 0 0 0 0 0 1 0 0 0 0 0 0 0 0 0 0 0 0 0 0 0 0 0 0 0 0 0 0 0 0 0 0 0 0 0 0 0 0 0 0 0 0 0 0 0 0 1 0 0 0 0 0 0 0 0 0 0 0 0 0 0 0 0 0 0 1 0 0 0 0 0 0 0 0 0 0 1 0 0 0 0 0 0 0 0 0 0 0 0 0 0 0 0 0 0 0 0 0 0 0 0 0 0 0 0 0 0 0 0 0 0 0 0 0 0 0 0 0 0 0 0 1 0 0 0 0 0 0 0 0 0 0 0 0 0 0 0 0 1 0 0 0 0 1 0 0 0 0 1 0 0 0 0 0 0 0 0 0 0 0 0 0 0 0 0 0 0 0 0 0 0 0 0 0 0 0 1 0 0 0 0 0 0 0 0 0 0 0 0 0 0 0 0 0 0 0 0 0 1 0 0 0 0 0 1 0 0 0 0 0 0 0 0 0 0 0 0 0 0 0 0 0 0 0 0 0 0 0 0 0 0 0 0 0 0 0 0 0 0 0 0 0 0 0 0 0 0 0 0 0 0 0 0 0 0 0 0 0 0 0 1 0 0 0 0 0 0 0 0 0 0 0 0 0 0 0 0 0 0 0 0 0 0 0 0 0 0 0 0 0 0 0 0 0 0 0 0 0 0 0 0 0 0 0 0 0 0 0 0 0 0 0 0 0 0 0 0 0 0 0 0 0 0 0 0 0 0 0 0 0 0 0 0 0 0 0 0 0 0 0 0 0 0 0 0 0 0 0 0 0 0 0 0 0 0 0 0 0 0 0 0 0 0 0 0 0 0 0 0 0 0 0 0 0 0 0 0 0 0 0 0 0 0 0 0 0 0 0 0 0 0 0 0 0 0 0 0 0 0 0 0 0 0 0 0 0 0 1 0 0 0 0 0 0 0 0 0 0 0 0 0 0 0 0 0 0 0 0 0 0 0 0 1 0 0 0 0 0 0 0 0 0 0 0 0 0 0 0 0 0 0 0 0 0 0 0 0 0 0 0 0 1 0 0 0 1 0 0 0 0 0 0 0 0 0 0 0 0 0 0 0 0 0 0 0 0 0 0 0 0 0 0 0 0 0 0 0 0 0 0 0 0 0 0 0 0 1 0 0 0 0 0 0 0 0 0 0 0 0 0 1 0 0 0 0 0 0 0 0 0 0 1 ]> 33.000000 33.000000 + 0.000000 #63841
update in RO 34.000000

CHECKER is 1 SUM:34
TIME:777.000000
P TIGHTEN: 0.778000 <P:34.000000, D:161.000000, INC:(678)[0 0 0 1 0 0 0 0 0 0 0 1 0 1 1 0 0 0 1 0 0 0 0 0 0 0 0 0 0 1 1 0 0 0 0 0 0 0 0 0 0 0 0 0 0 0 0 0 0 1 0 0 0 1 0 0 0 0 0 0 0 0 0 0 0 0 0 0 0 0 0 0 1 0 0 0 0 0 0 0 0 0 0 0 0 0 0 0 0 0 0 0 0 0 0 0 0 0 0 0 0 0 0 1 0 1 0 0 0 0 0 0 0 0 1 0 0 1 0 0 0 0 0 0 0 0 0 0 0 0 0 0 0 0 0 0 0 0 0 0 0 0 0 0 0 0 0 0 1 0 0 1 0 0 0 0 0 0 0 0 0 0 0 0 0 0 0 0 0 0 0 0 0 0 0 0 0 0 0 0 0 0 0 0 0 0 0 0 0 0 0 0 1 0 0 0 0 0 0 0 0 0 0 0 0 0 0 0 0 0 0 1 0 0 0 0 0 0 0 0 0 0 0 0 0 0 0 0 0 0 0 0 0 0 0 0 0 0 0 0 0 0 0 0 0 0 0 0 0 0 0 0 0 0 0 0 0 0 0 0 1 0 0 0 0 0 0 0 0 0 0 0 0 0 0 0 0 0 0 0 0 0 0 0 0 0 0 0 0 0 0 0 0 0 0 0 1 0 0 0 0 0 0 0 0 0 0 0 0 0 0 0 0 0 0 0 1 0 0 0 0 0 0 0 1 0 0 1 0 0 0 0 0 0 0 0 0 0 0 0 0 0 0 0 0 0 0 1 0 0 0 0 0 0 0 0 0 0 0 0 0 0 0 0 0 0 0 0 0 0 0 0 1 0 0 0 0 0 0 0 0 0 0 0 0 0 0 0 0 0 0 0 0 0 0 0 0 0 0 0 0 0 0 0 0 0 1 0 0 0 0 0 0 0 0 0 0 0 0 0 0 0 0 0 0 0 0 0 0 0 0 0 0 0 0 0 1 0 0 0 0 0 0 0 0 0 0 0 0 0 0 0 0 0 0 0 0 0 0 0 0 0 0 0 0 0 0 0 0 0 0 0 0 0 0 0 0 0 0 0 0 0 0 0 0 0 0 0 0 0 0 0 0 0 1 0 0 0 0 0 0 0 0 0 0 0 0 0 0 0 0 0 0 0 0 0 0 0 0 0 0 0 0 0 0 0 0 0 0 0 0 0 0 0 1 0 0 0 0 0 0 0 0 0 0 0 0 0 1 0 0 0 0 0 0 0 0 0 0 0 0 0 0 0 0 0 0 0 0 0 0 0 0 0 0 1 0 0 0 0 0 0 0 0 0 0 0 0 0 0 0 0 0 0 0 0 0 0 0 0 0 0 0 0 0 0 0 1 0 0 0 0 0 0 0 0 0 0 0 0 0 0 0 0 0 0 0 0 0 0 0 0 0 0 0 0 0 0 0 0 0 0 0 0 0 0 0 0 0 0 0 0 0 0 0 0 0 0 0 0 0 0 0 0 0 0 1 0 0 0 0 0 0 0 0 0 0 1 ]> 34.000000 34.000000 + 0.000000 #50993
update in RO 36.000000

CHECKER is 1 SUM:36
TIME:1071.000000
P TIGHTEN: 1.072000 <P:36.000000, D:161.000000, INC:(678)[0 0 0 1 0 0 0 0 1 0 0 0 0 1 1 0 0 0 0 0 0 0 0 0 0 0 0 0 0 1 1 0 0 0 0 0 0 0 0 0 0 0 0 0 0 0 0 0 0 1 0 0 0 1 0 0 1 0 0 0 0 0 0 0 0 0 0 0 0 0 0 0 1 0 0 0 0 0 0 0 0 0 0 0 0 0 0 0 0 0 0 0 0 0 0 0 0 0 0 0 0 0 0 1 0 1 0 0 0 0 0 0 0 0 0 0 1 1 0 0 0 1 0 0 0 0 0 0 0 0 0 0 0 0 0 0 0 0 0 0 0 0 0 0 0 0 0 0 1 0 0 1 0 0 0 0 0 0 0 0 0 0 0 0 0 0 0 0 0 0 0 0 0 0 0 0 0 0 0 0 0 0 0 0 0 0 0 0 0 0 0 0 1 0 0 0 0 0 0 0 0 0 0 0 0 0 0 0 0 0 0 1 0 0 0 0 0 0 0 0 0 0 0 0 0 0 0 0 0 0 0 0 0 0 0 0 0 0 0 1 0 0 1 0 0 0 0 0 0 0 0 0 0 0 0 0 0 0 0 1 0 0 0 0 0 0 0 0 0 0 0 0 0 0 0 0 0 0 0 0 0 0 0 0 0 0 0 0 0 0 0 0 0 0 0 0 1 0 0 0 0 0 0 0 0 0 0 0 0 0 0 0 0 0 0 0 1 0 0 0 0 0 0 0 1 0 0 0 0 0 0 0 0 0 0 0 0 0 0 0 0 0 0 0 1 0 0 1 0 0 0 0 0 0 0 0 0 0 0 0 0 0 0 0 0 0 0 0 0 0 0 0 0 0 0 0 0 0 0 0 0 0 0 0 0 0 0 0 0 0 0 0 1 0 0 0 0 0 0 0 0 0 0 0 0 0 0 0 0 0 0 0 0 0 0 0 0 0 0 0 0 0 0 0 0 0 0 0 0 0 0 0 0 0 0 0 1 0 0 0 0 0 0 0 0 0 0 0 0 0 0 0 0 0 0 0 0 0 0 0 0 0 0 0 0 0 0 0 0 0 0 0 0 0 0 0 0 0 0 0 0 0 0 0 0 0 0 0 0 0 0 0 0 0 0 0 0 0 0 0 0 0 0 0 0 0 0 0 0 0 0 0 1 0 0 0 0 0 0 0 0 0 0 0 0 0 0 0 0 0 0 0 0 0 1 0 0 0 0 0 0 0 0 0 0 0 0 0 0 0 0 0 0 0 0 0 0 0 0 0 0 0 0 0 0 0 0 0 0 0 0 0 0 0 0 1 0 0 0 0 0 0 0 1 0 0 0 0 0 0 0 0 0 0 0 0 0 0 0 0 0 0 0 0 0 0 0 1 0 0 0 0 0 0 0 0 0 0 0 0 0 0 0 0 0 0 0 0 0 0 0 0 0 0 0 0 0 0 0 0 0 0 0 0 0 0 0 0 1 0 0 0 0 0 0 0 0 0 0 0 0 0 0 0 0 0 1 0 0 0 0 0 0 0 0 0 0 0 ]> 36.000000 36.000000 + 0.000000 #57239
update in RO 37.000000

CHECKER is 1 SUM:37
TIME:1072.000000
P TIGHTEN: 1.072000 <P:37.000000, D:161.000000, INC:(678)[0 0 0 1 0 0 0 0 1 0 0 0 0 1 1 0 0 0 0 0 0 0 0 0 0 0 0 0 0 1 1 0 0 0 0 0 0 0 0 0 0 0 0 0 0 0 0 0 0 1 0 0 0 1 0 0 1 0 0 0 0 0 0 0 0 0 0 0 0 0 0 0 1 0 0 0 0 0 0 0 0 0 0 0 0 0 0 0 0 0 0 0 0 0 0 0 0 0 0 0 0 0 0 1 0 1 0 0 0 0 0 0 0 0 0 0 1 1 0 0 0 1 0 0 0 0 0 0 0 0 0 0 0 0 0 0 0 0 0 0 0 0 0 0 0 0 0 0 1 0 0 1 0 0 0 0 0 0 0 0 0 0 0 0 0 0 0 0 0 0 0 0 0 0 0 0 0 0 0 0 0 0 0 0 0 0 0 0 0 0 0 0 1 0 0 0 0 0 0 0 0 0 0 0 0 0 0 0 0 0 0 1 0 0 0 0 0 0 0 0 0 0 0 0 0 0 0 0 0 0 0 0 0 0 0 0 0 0 0 1 0 0 1 0 0 0 0 0 0 0 0 0 0 0 0 0 0 0 0 1 0 0 0 0 0 0 0 0 0 0 0 0 0 0 0 0 0 0 0 0 0 0 0 0 0 0 0 0 0 0 0 0 0 0 0 0 1 0 0 0 0 0 0 0 0 0 0 0 0 0 0 0 0 0 0 0 1 0 0 0 0 0 0 0 1 0 0 0 0 0 0 0 0 0 0 0 0 0 0 0 0 0 0 0 1 0 0 1 0 0 0 0 0 0 0 0 0 0 0 0 0 0 0 0 0 0 0 0 0 0 0 0 0 0 0 0 0 0 0 0 0 0 0 0 0 0 0 0 0 0 0 0 1 0 0 0 0 0 0 0 0 0 0 0 0 0 0 0 0 0 0 0 0 0 0 0 0 0 0 0 0 0 0 0 0 0 0 0 0 0 0 0 0 0 0 0 1 0 0 0 0 0 0 0 0 0 0 0 0 0 0 0 0 0 0 0 0 0 0 0 0 0 0 0 0 0 0 0 0 0 0 0 0 0 0 0 0 0 0 0 0 0 0 0 0 0 0 0 0 0 0 0 0 0 0 0 0 0 0 0 0 0 0 0 0 0 0 0 0 0 0 0 1 0 0 0 0 0 0 0 0 0 0 0 0 0 0 0 0 0 0 0 0 0 1 0 0 0 0 0 0 0 0 0 0 0 0 0 0 0 0 0 0 0 0 0 0 0 0 0 0 0 0 0 0 0 0 0 0 0 0 0 0 0 0 1 0 0 0 0 0 0 0 1 0 0 0 0 0 0 0 0 0 0 0 0 0 0 0 0 0 0 0 0 0 0 0 1 0 0 0 0 0 0 0 0 0 0 0 0 0 0 0 0 0 0 0 0 0 0 0 0 0 0 0 0 0 0 0 0 0 0 0 0 0 0 0 0 1 0 0 0 0 0 0 0 0 0 0 0 0 0 0 0 0 0 1 0 0 0 0 0 0 0 0 0 0 1 ]> 37.000000 37.000000 + 0.000000 #57239
update in RO 38.000000

CHECKER is 1 SUM:38
TIME:1466.000000
P TIGHTEN: 1.466000 <P:38.000000, D:161.000000, INC:(678)[0 0 0 1 0 0 0 1 0 0 0 0 0 0 0 1 0 0 1 0 0 0 0 0 0 0 0 0 0 1 1 0 0 0 0 0 0 0 0 0 0 0 0 0 0 0 0 0 0 1 0 0 0 1 0 0 0 0 0 0 0 0 0 0 0 0 0 0 0 0 0 0 0 0 0 1 0 0 1 0 0 0 0 0 0 0 0 0 0 0 0 0 0 0 0 0 0 0 0 0 0 0 0 0 0 1 0 0 0 0 0 0 0 0 1 0 0 1 0 0 0 1 0 0 0 0 0 0 1 0 0 0 0 0 0 0 0 0 0 0 0 0 0 0 0 0 0 0 0 0 0 1 0 0 0 0 0 0 0 0 0 0 0 0 0 0 0 0 0 0 0 0 0 0 0 0 0 0 0 0 0 0 0 0 0 0 0 0 0 1 0 0 1 0 0 0 0 0 0 0 0 0 0 0 0 0 0 0 0 0 0 0 0 0 0 0 0 0 0 0 0 0 0 0 0 0 0 0 0 0 0 0 0 0 0 0 0 0 1 1 0 0 0 0 0 0 0 0 0 0 0 1 0 0 0 0 0 0 0 0 0 0 0 0 0 0 0 1 0 0 0 0 0 0 0 0 0 0 0 0 0 0 0 0 0 0 0 0 0 1 0 1 0 0 0 0 0 0 0 0 0 0 0 0 0 0 0 0 0 0 0 0 0 0 0 0 1 0 0 0 0 0 0 0 0 0 0 0 0 0 0 0 0 0 0 0 0 0 0 0 0 0 0 0 0 0 0 0 0 0 0 0 0 0 0 0 0 0 0 0 0 0 0 0 0 0 0 1 0 0 0 0 1 0 0 0 0 0 1 0 0 0 0 0 0 0 0 0 0 0 0 0 0 0 0 0 1 0 0 0 0 0 0 0 0 0 0 0 0 0 0 0 0 0 0 0 0 0 0 0 0 0 0 0 0 0 0 0 0 0 0 0 0 0 0 0 0 0 0 0 0 0 0 0 0 0 0 0 0 0 0 0 0 0 0 0 0 0 1 0 0 0 0 0 0 0 0 0 0 0 0 0 0 0 0 0 0 0 0 0 0 0 0 0 0 0 0 0 0 0 0 0 0 0 1 0 0 0 0 0 0 0 0 0 0 0 0 0 0 0 0 0 0 0 0 0 0 0 0 0 0 0 0 0 0 0 0 0 0 0 0 0 0 0 0 0 0 0 0 0 0 0 0 0 0 0 0 0 0 0 0 0 0 0 0 0 0 0 0 0 0 0 0 0 0 0 0 0 0 0 0 0 0 0 0 1 0 0 1 0 0 0 0 0 0 0 1 0 0 0 0 0 0 0 0 0 0 0 0 0 0 0 0 0 0 0 0 1 0 0 0 1 0 0 0 0 0 0 0 0 0 0 0 0 0 0 0 0 0 0 0 0 0 0 0 0 0 0 0 0 0 0 0 0 0 0 0 0 1 0 0 0 0 0 0 0 0 0 0 0 0 0 0 0 0 0 0 0 0 0 0 0 0 0 0 0 0 1 ]> 38.000000 38.000000 + 0.000000 #44564
B&B(   51)	 161.000000	 38.000000	      -	 time:5.0290s
update in RO 39.0000

CHECKER is 1 SUM:39
TIME:9179.000000
P TIGHTEN: 9.180000 <P:39.000000, D:159.000000, INC:(678)[0 0 0 0 0 0 0 0 0 0 0 0 0 0 1 0 0 0 0 0 0 0 0 0 0 1 0 0 0 1 1 0 0 0 0 0 0 0 0 0 0 0 0 0 0 0 0 1 0 1 0 0 0 1 0 0 0 0 0 0 0 0 0 0 0 0 0 0 0 0 0 0 1 0 0 1 0 0 1 0 0 0 0 0 0 0 1 0 0 0 0 0 0 0 0 0 0 0 0 0 0 0 0 1 0 1 0 0 0 0 0 0 0 0 1 0 0 1 0 0 0 1 0 0 0 0 0 0 0 0 0 0 0 0 0 0 0 0 0 0 0 0 0 0 0 0 0 0 1 0 0 1 0 0 0 0 0 0 0 0 0 0 0 0 0 0 0 0 0 0 0 0 0 0 0 0 0 0 0 0 0 0 0 0 0 0 0 0 0 0 0 0 1 0 0 0 0 0 0 0 0 0 0 0 0 0 0 0 0 0 0 1 0 0 0 0 0 0 0 0 0 0 0 0 0 0 0 0 0 0 0 0 0 0 0 0 0 0 0 1 0 0 0 0 0 0 0 0 0 0 0 0 0 0 0 0 0 0 0 1 0 0 0 0 0 0 0 1 0 0 0 0 0 0 0 0 0 0 0 0 0 0 0 0 1 0 0 0 0 0 0 0 0 0 0 0 0 0 0 0 0 0 0 0 0 0 0 0 0 0 0 0 0 0 0 0 1 0 0 0 0 0 0 0 0 0 0 0 0 0 0 0 0 0 0 0 0 0 0 0 0 0 0 0 0 0 0 0 0 0 1 0 0 0 0 0 0 0 0 0 0 0 0 0 0 0 0 1 0 0 0 0 1 0 0 0 0 0 1 0 0 0 0 0 0 0 0 0 0 0 0 0 0 0 0 0 1 0 0 0 0 0 0 0 0 0 0 0 0 0 0 0 0 0 0 0 0 0 0 0 0 0 0 0 0 0 0 0 0 0 0 0 0 0 0 0 1 0 0 0 0 0 0 0 0 0 0 0 0 0 0 0 0 0 0 0 0 0 0 0 0 0 0 0 0 0 0 0 0 0 0 0 0 0 0 0 0 0 0 0 0 0 0 0 0 0 0 0 0 0 0 0 0 0 0 0 0 0 0 0 0 0 0 0 0 0 0 0 0 0 0 0 1 0 0 0 0 0 0 0 0 0 0 0 0 0 0 0 0 0 0 0 0 0 0 0 0 0 0 0 0 0 0 0 0 0 0 0 0 0 0 0 0 0 0 0 0 0 0 0 0 0 0 0 0 0 0 0 0 0 0 0 0 0 0 0 0 0 1 0 0 0 0 0 0 0 0 0 0 0 0 0 0 0 0 0 0 0 0 0 0 0 0 0 0 0 0 1 0 0 0 1 0 0 0 0 0 0 0 0 0 0 0 0 0 0 0 0 0 0 0 0 0 0 0 0 0 0 0 0 0 0 0 0 0 0 0 0 1 0 0 0 1 0 0 0 0 0 0 0 0 0 0 0 0 0 1 0 0 0 0 0 0 0 0 0 0 1 ]> 39.000000 39.000000 + 0.000000 #51208
B&B(  104)	 159.000000	 39.000000	      -	 time:10.0470s
update in RO 40.0000

CHECKER is 1 SUM:40
TIME:10613.000000
P TIGHTEN: 10.613000 <P:40.000000, D:159.000000, INC:(678)[0 0 0 0 0 0 0 0 0 0 0 0 0 0 1 0 0 0 1 0 0 0 0 0 0 0 0 0 0 1 1 0 0 0 0 0 0 0 0 0 0 0 0 0 0 0 0 1 0 1 0 0 0 1 0 0 0 0 0 0 0 0 0 0 0 0 0 0 0 0 0 0 1 0 0 1 0 0 1 0 0 0 0 0 0 0 1 0 0 0 0 0 0 0 0 0 0 0 0 0 0 0 0 0 0 1 0 0 0 0 0 0 0 0 1 0 0 1 0 0 0 1 0 0 0 0 0 0 1 0 0 0 0 0 0 0 0 0 0 0 0 0 0 0 0 0 0 0 1 0 0 1 0 0 0 0 0 0 0 0 1 0 0 0 0 0 0 0 0 0 0 0 0 0 0 0 0 0 0 0 0 0 0 0 0 0 0 0 0 0 0 0 1 0 0 0 0 0 0 0 0 0 0 0 0 0 0 0 0 0 0 0 0 0 0 0 0 0 0 0 0 0 0 0 0 0 0 0 0 0 0 0 0 0 0 0 0 0 0 0 0 0 0 0 0 0 0 0 0 0 0 0 0 0 0 0 0 0 0 0 0 0 0 0 0 0 0 0 0 0 0 0 0 0 0 0 0 0 0 0 0 0 0 0 0 0 0 0 0 0 0 1 0 0 0 0 1 0 0 0 0 0 0 0 0 0 0 0 0 0 0 0 0 0 0 0 1 0 0 0 0 0 0 0 0 0 0 0 0 0 0 0 0 0 0 0 0 0 0 0 0 0 0 0 0 0 0 0 0 1 0 0 0 0 0 0 0 0 0 0 0 0 0 0 0 0 0 1 0 0 0 0 1 0 0 0 0 0 1 0 0 0 0 0 0 0 1 0 0 0 0 0 0 0 0 0 0 0 0 0 0 0 0 0 0 0 0 0 0 0 0 0 0 0 0 0 0 1 0 0 0 0 0 0 0 0 0 0 0 0 0 0 0 0 0 0 1 0 0 0 0 0 0 0 0 0 0 0 0 0 0 0 0 1 0 0 0 0 0 0 0 0 0 0 0 0 0 1 0 0 0 0 0 0 0 0 0 0 0 0 0 0 0 0 0 0 0 0 0 0 0 0 0 0 1 0 0 0 0 0 0 0 0 0 0 0 0 0 0 0 0 0 0 0 0 0 0 0 0 0 0 0 0 0 0 0 0 0 0 0 0 0 0 0 0 0 0 0 0 0 0 0 0 0 0 0 0 0 0 0 0 0 0 0 0 0 0 0 0 0 0 1 0 0 0 0 0 0 0 0 0 0 0 0 0 0 0 0 1 0 1 0 0 0 0 0 0 0 0 0 0 0 0 0 0 0 0 0 0 0 0 0 0 0 0 0 0 1 0 0 0 1 0 0 0 0 0 0 0 0 0 0 0 0 0 0 0 0 0 0 0 0 0 0 0 0 0 0 0 0 0 0 0 0 0 0 0 0 0 0 0 0 0 0 0 0 0 0 0 0 0 0 0 0 0 0 1 0 0 0 0 0 0 0 0 0 0 1 ]> 40.000000 40.000000 + 0.000000 #47334
B&B(  159)	 158.000000	 40.000000	      -	 time:15.1350s
B&B(  214)	 156.000000	 40.000000	      -	 time:20.2060s
B&B(  269)	 153.000000	 40.000000	      -	 time:25.2390s
B&B(  326)	 151.000000	 40.000000	      -	 time:30.2490s
B&B(  383)	 148.000000	 40.000000	      -	 time:35.3320s
B&B(  442)	 145.000000	 40.000000	      -	 time:40.3840s
B&B(  500)	 144.000000	 40.000000	      -	 time:45.3910s
B&B(  561)	 142.000000	 40.000000	      -	 time:50.3990s
B&B(  624)	 139.000000	 40.000000	      -	 time:55.4160s
B&B(  686)	 138.000000	 40.000000	      -	 time:60.4660s
B&B(  748)	 137.000000	 40.000000	      -	 time:65.4750s
B&B(  815)	 134.000000	 40.000000	      -	 time:70.4950s
B&B(  879)	 133.000000	 40.000000	      -	 time:75.5430s
B&B(  939)	 132.000000	 40.000000	      -	 time:80.6100s
B&B( 1003)	 132.000000	 40.000000	      -	 time:85.6800s
B&B( 1069)	 130.000000	 40.000000	      -	 time:90.7010s
B&B( 1136)	 129.000000	 40.000000	      -	 time:95.7510s
B&B( 1201)	 128.000000	 40.000000	      -	 time:100.7840s
B&B( 1258)	 128.000000	 40.000000	      -	 time:105.8480s
B&B( 1317)	 128.000000	 40.000000	      -	 time:110.9170s
B&B( 1376)	 127.000000	 40.000000	      -	 time:115.9860s
B&B( 1432)	 127.000000	 40.000000	      -	 time:121.0190s
B&B( 1492)	 127.000000	 40.000000	      -	 time:126.0720s
B&B( 1554)	 126.000000	 40.000000	      -	 time:131.0770s
B&B( 1616)	 126.000000	 40.000000	      -	 time:136.0840s
B&B( 1678)	 125.000000	 40.000000	      -	 time:141.1460s
B&B( 1745)	 125.000000	 40.000000	      -	 time:146.1950s
B&B( 1803)	 125.000000	 40.000000	      -	 time:151.2690s
B&B( 1860)	 125.000000	 40.000000	      -	 time:156.3040s
B&B( 1917)	 125.000000	 40.000000	      -	 time:161.3510s
B&B( 1979)	 124.000000	 40.000000	      -	 time:166.4010s
B&B( 2042)	 124.000000	 40.000000	      -	 time:171.4560s
B&B( 2105)	 124.000000	 40.000000	      -	 time:176.4910s
B&B( 2165)	 124.000000	 40.000000	      -	 time:181.5800s
B&B( 2224)	 124.000000	 40.000000	      -	 time:186.6020s
B&B( 2283)	 124.000000	 40.000000	      -	 time:191.6680s
B&B( 2342)	 124.000000	 40.000000	      -	 time:196.7130s
B&B( 2405)	 123.000000	 40.000000	      -	 time:201.7480s
B&B( 2472)	 123.000000	 40.000000	      -	 time:206.7690s
B&B( 2534)	 123.000000	 40.000000	      -	 time:211.7960s
B&B( 2597)	 123.000000	 40.000000	      -	 time:216.8490s
B&B( 2662)	 122.000000	 40.000000	      -	 time:221.8910s
B&B( 2734)	 122.000000	 40.000000	      -	 time:226.9070s
B&B( 2794)	 122.000000	 40.000000	      -	 time:231.9200s
B&B( 2848)	 122.000000	 40.000000	      -	 time:236.9340s
B&B( 2908)	 122.000000	 40.000000	      -	 time:242.0040s
B&B( 2965)	 122.000000	 40.000000	      -	 time:247.0070s
B&B( 3025)	 121.000000	 40.000000	      -	 time:252.0520s
B&B( 3088)	 121.000000	 40.000000	      -	 time:257.1250s
B&B( 3153)	 121.000000	 40.000000	      -	 time:262.1970s
B&B( 3214)	 121.000000	 40.000000	      -	 time:267.2150s
B&B( 3276)	 121.000000	 40.000000	      -	 time:272.2290s
B&B( 3336)	 121.000000	 40.000000	      -	 time:277.2400s
B&B( 3399)	 120.000000	 40.000000	      -	 time:282.2720s
B&B( 3461)	 120.000000	 40.000000	      -	 time:287.3290s
B&B( 3522)	 120.000000	 40.000000	      -	 time:292.4270s
B&B( 3581)	 120.000000	 40.000000	      -	 time:297.4290s
B&B( 3645)	 120.000000	 40.000000	      -	 time:302.5160s
B&B( 3704)	 120.000000	 40.000000	      -	 time:307.5760s
B&B( 3765)	 120.000000	 40.000000	      -	 time:312.5790s
B&B( 3827)	 120.000000	 40.000000	      -	 time:317.6140s
B&B( 3888)	 120.000000	 40.000000	      -	 time:322.6760s
B&B( 3954)	 119.000000	 40.000000	      -	 time:327.7400s
B&B( 4013)	 119.000000	 40.000000	      -	 time:332.7540s
B&B( 4076)	 119.000000	 40.000000	      -	 time:337.8100s
B&B( 4139)	 119.000000	 40.000000	      -	 time:342.8640s
B&B( 4200)	 119.000000	 40.000000	      -	 time:347.8890s
B&B( 4265)	 119.000000	 40.000000	      -	 time:352.9090s
B&B( 4329)	 119.000000	 40.000000	      -	 time:357.9130s
B&B( 4394)	 119.000000	 40.000000	      -	 time:362.9470s
B&B( 4455)	 119.000000	 40.000000	      -	 time:368.0210s
B&B( 4520)	 118.000000	 40.000000	      -	 time:373.0510s
B&B( 4581)	 118.000000	 40.000000	      -	 time:378.0640s
B&B( 4650)	 118.000000	 40.000000	      -	 time:383.0660s
B&B( 4718)	 118.000000	 40.000000	      -	 time:388.1140s
B&B( 4799)	 118.000000	 40.000000	      -	 time:393.1330s
B&B( 4864)	 118.000000	 40.000000	      -	 time:398.2240s
B&B( 4925)	 118.000000	 40.000000	      -	 time:403.2940s
B&B( 4987)	 118.000000	 40.000000	      -	 time:408.3010s
B&B( 5049)	 118.000000	 40.000000	      -	 time:413.3430s
B&B( 5114)	 118.000000	 40.000000	      -	 time:418.4230s
B&B( 5174)	 117.000000	 40.000000	      -	 time:423.4630s
B&B( 5241)	 117.000000	 40.000000	      -	 time:428.5050s
B&B( 5304)	 117.000000	 40.000000	      -	 time:433.5190s
B&B( 5368)	 117.000000	 40.000000	      -	 time:438.5880s
B&B( 5430)	 117.000000	 40.000000	      -	 time:443.6100s
B&B( 5494)	 117.000000	 40.000000	      -	 time:448.6770s
B&B( 5558)	 117.000000	 40.000000	      -	 time:453.6900s
B&B( 5633)	 117.000000	 40.000000	      -	 time:458.7060s
B&B( 5704)	 117.000000	 40.000000	      -	 time:463.7480s
B&B( 5769)	 117.000000	 40.000000	      -	 time:468.7940s
B&B( 5835)	 117.000000	 40.000000	      -	 time:473.8200s
B&B( 5899)	 116.000000	 40.000000	      -	 time:478.8750s
B&B( 5966)	 116.000000	 40.000000	      -	 time:483.9030s
B&B( 6030)	 116.000000	 40.000000	      -	 time:488.9780s
B&B( 6094)	 116.000000	 40.000000	      -	 time:494.0290s
B&B( 6163)	 116.000000	 40.000000	      -	 time:499.0380s
B&B( 6228)	 116.000000	 40.000000	      -	 time:504.0670s
B&B( 6292)	 116.000000	 40.000000	      -	 time:509.1040s
B&B( 6357)	 116.000000	 40.000000	      -	 time:514.1520s
B&B( 6428)	 116.000000	 40.000000	      -	 time:519.2210s
B&B( 6501)	 116.000000	 40.000000	      -	 time:524.2360s
B&B( 6574)	 116.000000	 40.000000	      -	 time:529.3220s
B&B( 6637)	 116.000000	 40.000000	      -	 time:534.3980s
B&B( 6714)	 115.000000	 40.000000	      -	 time:539.4290s
B&B( 6783)	 115.000000	 40.000000	      -	 time:544.4690s
B&B( 6853)	 115.000000	 40.000000	      -	 time:549.5410s
B&B( 6918)	 115.000000	 40.000000	      -	 time:554.6070s
B&B( 6987)	 115.000000	 40.000000	      -	 time:559.6330s
B&B( 7053)	 115.000000	 40.000000	      -	 time:564.6380s
B&B( 7118)	 115.000000	 40.000000	      -	 time:569.6970s
B&B( 7176)	 115.000000	 40.000000	      -	 time:574.7070s
B&B( 7236)	 115.000000	 40.000000	      -	 time:579.7560s
B&B( 7302)	 115.000000	 40.000000	      -	 time:584.8260s
B&B( 7366)	 115.000000	 40.000000	      -	 time:589.8460s
B&B( 7433)	 115.000000	 40.000000	      -	 time:594.8660s
B&B( 7494)	 114.000000	 40.000000	      -	 time:599.9360s
B&B( 7567)	 114.000000	 40.000000	      -	 time:604.9730s
B&B( 7635)	 114.000000	 40.000000	      -	 time:610.0380s
B&B( 7699)	 114.000000	 40.000000	      -	 time:615.1050s
B&B( 7762)	 114.000000	 40.000000	      -	 time:620.1900s
B&B( 7831)	 114.000000	 40.000000	      -	 time:625.2470s
B&B( 7897)	 114.000000	 40.000000	      -	 time:630.2600s
B&B( 7970)	 114.000000	 40.000000	      -	 time:635.2880s
B&B( 8037)	 114.000000	 40.000000	      -	 time:640.3550s
B&B( 8102)	 114.000000	 40.000000	      -	 time:645.3580s
B&B( 8165)	 114.000000	 40.000000	      -	 time:650.3910s
B&B( 8232)	 114.000000	 40.000000	      -	 time:655.4240s
B&B( 8295)	 113.000000	 40.000000	      -	 time:660.4320s
B&B( 8365)	 113.000000	 40.000000	      -	 time:665.4980s
B&B( 8441)	 113.000000	 40.000000	      -	 time:670.5080s
B&B( 8504)	 113.000000	 40.000000	      -	 time:675.5250s
B&B( 8563)	 113.000000	 40.000000	      -	 time:680.5590s
B&B( 8632)	 113.000000	 40.000000	      -	 time:685.6230s
B&B( 8702)	 113.000000	 40.000000	      -	 time:690.6640s
B&B( 8764)	 113.000000	 40.000000	      -	 time:695.7310s
B&B( 8825)	 113.000000	 40.000000	      -	 time:700.7770s
B&B( 8888)	 113.000000	 40.000000	      -	 time:705.8250s
B&B( 8961)	 113.000000	 40.000000	      -	 time:710.8430s
B&B( 9025)	 113.000000	 40.000000	      -	 time:715.8570s
B&B( 9087)	 113.000000	 40.000000	      -	 time:720.8610s
B&B( 9153)	 112.000000	 40.000000	      -	 time:725.8660s
B&B( 9221)	 112.000000	 40.000000	      -	 time:730.8690s
B&B( 9286)	 112.000000	 40.000000	      -	 time:735.9470s
B&B( 9353)	 112.000000	 40.000000	      -	 time:741.0190s
B&B( 9419)	 112.000000	 40.000000	      -	 time:746.0920s
B&B( 9482)	 112.000000	 40.000000	      -	 time:751.1050s
B&B( 9557)	 112.000000	 40.000000	      -	 time:756.1680s
B&B( 9623)	 112.000000	 40.000000	      -	 time:761.2000s
B&B( 9697)	 112.000000	 40.000000	      -	 time:766.2160s
B&B( 9770)	 112.000000	 40.000000	      -	 time:771.2570s
B&B( 9838)	 112.000000	 40.000000	      -	 time:776.3350s
B&B( 9904)	 112.000000	 40.000000	      -	 time:781.3770s
B&B( 9969)	 112.000000	 40.000000	      -	 time:786.3780s
B&B(10045)	 112.000000	 40.000000	      -	 time:791.4280s
B&B(10109)	 112.000000	 40.000000	      -	 time:796.4830s
B&B(10174)	 112.000000	 40.000000	      -	 time:801.5620s
B&B(10240)	 112.000000	 40.000000	      -	 time:806.6390s
B&B(10305)	 112.000000	 40.000000	      -	 time:811.6530s
B&B(10368)	 112.000000	 40.000000	      -	 time:816.7020s
B&B(10439)	 111.000000	 40.000000	      -	 time:821.7630s
B&B(10507)	 111.000000	 40.000000	      -	 time:826.7970s
B&B(10568)	 111.000000	 40.000000	      -	 time:831.8640s
B&B(10637)	 111.000000	 40.000000	      -	 time:836.8870s
B&B(10706)	 111.000000Command exited with non-zero status 124
	Command being timed: "/usr/bin/timeout 915 /home/fabio/CODD-NEWDom/cmake-build-release-ilyin/misp5 /home/fabio/CODD-NEWDom/data/misp/p_hat700-2.clq 128"
	User time (seconds): 913.21
	System time (seconds): 2.01
	Percent of CPU this job got: 99%
	Elapsed (wall clock) time (h:mm:ss or m:ss): 15:15.32
	Average shared text size (kbytes): 0
	Average unshared data size (kbytes): 0
	Average stack size (kbytes): 0
	Average total size (kbytes): 0
	Maximum resident set size (kbytes): 4200960
	Average resident set size (kbytes): 0
	Major (requiring I/O) page faults: 0
	Minor (reclaiming a frame) page faults: 1056224
	Voluntary context switches: 4
	Involuntary context switches: 3708
	Swaps: 0
	File system inputs: 0
	File system outputs: 80
	Socket messages sent: 0
	Socket messages received: 0
	Signals delivered: 0
	Page size (bytes): 4096
	Exit status: 124

