COMMAND: /usr/bin/time -v /usr/bin/timeout 915 /home/fabio/CODD-NEWDom/cmake-build-release-ilyin/misp5 /home/fabio/CODD-NEWDom/data/misp/brock400_4.clq 64
TOP=400
B&B searching...
dual@root:400
B&B Nodes          Dual	 Primal	 Gap(%)
----------------------------------------------
update in RO 17.000000

CHECKER is 1 SUM:17
TIME:53.000000
P TIGHTEN: 0.054000 <P:17.000000, D:400.000000, INC:(228)[1 1 0 0 1 0 1 1 0 1 0 1 0 0 0 0 0 0 1 0 0 0 1 0 0 0 0 0 0 0 0 0 0 0 0 0 0 0 0 1 0 0 0 0 0 0 0 0 1 0 0 0 0 0 0 1 0 1 0 0 0 0 0 0 0 0 0 0 0 0 0 0 0 0 0 0 0 0 0 1 0 0 1 0 0 0 0 0 0 0 0 0 0 0 0 0 0 0 0 0 0 0 0 0 0 0 0 0 0 0 0 0 0 0 0 0 0 0 0 0 0 0 0 0 0 0 0 0 0 0 0 0 0 0 0 0 0 0 0 0 0 0 0 0 0 0 0 0 0 0 0 0 0 0 0 0 0 0 0 0 1 0 0 0 0 0 0 0 0 0 0 0 0 0 0 0 0 0 0 1 0 0 0 0 0 0 0 0 0 0 0 0 0 0 0 0 0 0 0 0 0 0 0 0 0 0 0 0 0 0 0 0 0 0 0 0 0 0 0 0 0 0 0 0 0 0 0 0 ]> 17.000000 17.000000 + 0.000000 #13736
update in RO 18.000000

CHECKER is 1 SUM:18
TIME:53.000000
P TIGHTEN: 0.054000 <P:18.000000, D:400.000000, INC:(228)[1 1 0 0 1 0 1 1 0 1 0 1 0 0 0 0 0 0 1 0 0 0 1 0 0 0 0 0 0 0 0 0 0 0 0 0 0 0 0 1 0 0 0 0 0 0 0 0 1 0 0 0 0 0 0 1 0 1 0 0 0 0 0 0 0 0 0 0 0 0 0 0 0 0 0 0 0 0 0 1 0 0 1 0 0 0 0 0 0 0 0 0 0 0 0 0 0 0 0 0 0 0 0 0 0 0 0 0 0 0 0 0 0 0 0 0 0 0 0 0 0 0 0 0 0 0 0 0 0 0 0 0 0 0 0 0 0 0 0 0 0 0 0 0 0 0 0 0 0 0 0 0 0 0 0 0 0 0 0 0 1 0 0 0 0 0 0 0 0 0 0 0 0 0 0 0 0 0 0 1 0 0 0 0 0 0 0 0 0 0 0 0 0 0 0 0 0 0 0 0 0 0 0 0 0 0 0 0 0 0 0 0 0 0 0 0 0 0 0 0 0 0 0 0 0 0 0 1 ]> 18.000000 18.000000 + 0.000000 #13736
update in RO 19.000000

CHECKER is 1 SUM:19
TIME:56.000000
P TIGHTEN: 0.057000 <P:19.000000, D:400.000000, INC:(316)[1 0 0 1 1 0 1 1 0 1 0 1 0 0 0 0 0 0 1 1 0 0 1 1 0 0 0 0 0 0 0 0 0 0 0 0 0 0 0 0 0 0 0 0 0 0 0 0 0 0 0 0 0 0 0 1 0 1 0 0 0 0 1 0 0 0 0 0 0 0 0 0 0 0 0 0 0 0 0 1 0 0 0 0 0 0 0 0 0 0 0 0 0 0 0 0 0 0 0 0 0 0 0 0 0 0 0 0 0 0 0 0 0 0 0 0 0 0 0 0 0 0 0 0 0 0 0 0 0 0 0 0 0 0 0 0 0 0 0 0 0 0 0 0 0 0 0 0 0 0 0 0 0 0 0 0 0 0 0 0 0 0 0 0 0 0 0 0 0 0 1 0 0 0 0 0 0 0 0 0 0 0 0 0 0 0 0 0 0 0 0 0 0 0 0 0 0 0 0 0 0 0 0 0 1 0 0 0 0 0 0 0 0 0 0 0 0 0 0 0 0 0 0 0 0 0 0 0 0 0 0 0 0 0 0 0 0 0 0 0 0 0 0 0 0 0 0 0 0 0 0 0 0 0 0 0 0 0 0 0 0 0 0 0 0 0 0 0 0 0 0 0 0 0 0 0 0 0 0 0 0 0 0 0 0 0 0 0 0 0 0 0 0 0 0 0 0 0 0 1 0 0 0 0 0 0 0 0 0 0 0 0 0 0 0 1 ]> 19.000000 19.000000 + 0.000000 #16708
update in RO 20.000000

CHECKER is 1 SUM:20
TIME:57.000000
P TIGHTEN: 0.058000 <P:20.000000, D:400.000000, INC:(364)[1 1 0 0 1 0 1 1 0 1 0 1 0 0 0 0 0 0 1 1 0 0 1 0 0 0 0 0 0 0 0 0 0 0 0 0 0 0 0 0 0 0 0 0 0 0 0 0 0 0 0 0 0 0 0 1 0 1 0 0 0 0 1 0 0 0 0 0 0 0 0 0 0 0 0 0 0 0 0 1 0 0 1 0 0 0 0 0 0 0 0 0 0 0 0 0 0 0 0 0 0 0 0 0 0 0 0 0 0 0 0 0 0 0 0 0 0 0 0 0 0 0 0 0 0 0 0 0 0 0 0 0 0 0 0 0 0 0 0 0 0 0 0 0 0 0 0 0 0 0 0 0 0 0 0 0 0 0 0 0 0 0 0 0 0 0 0 0 0 0 1 0 0 0 0 0 0 0 0 0 0 0 0 0 0 0 0 0 0 0 0 0 0 0 0 0 0 0 0 0 0 0 0 0 0 0 0 0 0 0 0 0 0 0 0 0 0 0 0 0 0 0 0 0 0 0 0 1 0 0 0 0 0 0 0 0 0 0 0 0 0 0 0 0 0 0 0 0 0 0 0 0 0 0 0 0 0 0 0 0 0 0 0 0 0 0 0 0 0 0 0 0 0 0 0 0 0 0 0 0 0 0 0 0 0 0 0 0 0 0 0 0 0 0 0 0 0 0 0 1 0 0 0 0 0 0 0 0 0 0 0 0 0 0 0 0 0 0 0 0 0 0 0 0 0 0 0 0 0 0 0 0 0 0 0 0 0 0 0 0 0 0 0 0 0 0 0 0 0 0 0 0 0 0 0 0 0 0 0 1 0 0 0 1 ]> 20.000000 20.000000 + 0.000000 #17047
update in RO 21.000000

CHECKER is 1 SUM:21
TIME:556.000000
P TIGHTEN: 0.557000 <P:21.000000, D:160.000000, INC:(355)[0 0 0 1 1 0 0 1 1 0 0 1 0 0 0 0 0 0 1 1 0 0 1 1 0 0 0 0 0 0 0 0 1 0 0 0 0 0 0 0 0 0 0 0 0 0 0 0 0 0 0 0 0 0 0 1 0 1 0 0 0 0 0 0 0 0 0 0 0 0 0 0 0 0 0 0 0 0 0 0 0 0 0 0 0 0 1 0 0 0 0 0 0 0 0 0 0 0 0 0 0 0 0 0 0 0 0 0 0 0 0 0 0 0 0 0 0 0 0 0 0 0 0 0 0 0 0 0 0 0 0 0 0 0 0 0 0 0 0 0 0 0 0 0 0 0 0 0 0 0 0 0 0 0 0 1 0 0 0 0 0 0 0 0 0 0 0 0 0 0 0 0 0 0 1 0 0 0 0 0 0 0 0 0 0 0 0 0 0 0 0 0 0 0 0 0 0 0 0 0 0 0 0 0 1 0 0 0 0 0 0 0 0 0 0 0 0 0 0 0 0 0 0 0 0 0 0 0 0 0 0 0 0 1 0 0 0 0 0 0 0 0 0 0 0 0 0 0 0 0 0 0 0 0 0 0 0 0 0 0 1 0 0 0 0 0 0 0 0 0 0 0 0 0 0 0 0 0 0 0 0 0 0 0 0 0 0 0 1 0 0 0 0 0 0 0 0 0 0 1 0 0 0 0 0 0 0 0 0 0 0 0 0 0 0 0 0 0 0 0 0 0 0 0 0 0 0 0 0 0 0 0 0 0 0 0 0 0 0 0 0 0 0 0 0 0 0 0 0 0 0 0 0 0 1 ]> 21.000000 21.000000 + 0.000000 #17232
update in RO 22.000000

CHECKER is 1 SUM:22
TIME:1461.000000
P TIGHTEN: 1.461000 <P:22.000000, D:159.000000, INC:(400)[1 1 0 0 1 0 0 0 0 0 0 1 0 1 1 0 0 0 0 1 0 0 0 0 1 0 0 0 0 0 0 0 0 0 0 0 0 0 0 1 0 0 0 0 0 0 0 0 0 0 0 0 0 0 0 1 0 0 0 0 0 0 0 0 0 0 0 0 0 0 0 0 0 0 0 0 1 0 0 0 0 0 1 0 0 0 0 0 0 0 0 0 0 0 0 0 0 0 0 0 0 0 0 0 0 0 0 0 0 0 0 0 0 0 0 0 0 0 0 0 1 0 0 0 0 0 0 0 0 0 0 0 0 0 0 0 0 0 0 0 0 0 0 0 0 0 0 0 0 0 0 0 0 0 0 0 0 0 0 0 0 0 0 0 0 0 0 0 0 0 1 0 0 0 0 0 0 0 0 0 0 0 0 0 1 0 0 0 0 0 0 0 0 0 0 0 0 0 0 0 0 0 0 0 0 0 0 0 0 0 0 0 0 0 0 0 0 0 0 0 0 0 0 0 0 0 0 1 0 0 0 0 0 0 0 0 0 0 0 0 0 0 0 0 0 0 0 0 0 0 0 1 0 0 0 0 0 0 0 0 0 0 0 0 0 0 0 0 1 0 0 0 0 0 0 0 0 0 0 0 0 0 0 0 0 0 0 0 0 0 0 0 0 0 0 0 0 1 0 0 0 0 0 0 0 0 0 0 0 0 0 0 0 0 0 0 0 0 0 0 0 0 0 0 0 0 0 0 0 0 0 0 0 0 0 0 0 1 0 0 0 0 0 0 0 0 0 0 0 0 0 0 0 0 0 0 0 0 0 0 0 0 0 0 0 0 0 0 0 0 0 0 1 0 0 0 0 0 0 0 0 0 0 0 0 0 0 0 0 0 0 0 0 0 0 0 0 0 0 1 ]> 22.000000 22.000000 + 0.000000 #14179
B&B(  167)	 150.000000	 22.000000	      -	 time:5.0300s
B&B(  344)	 141.000000	 22.000000	      -	 time:10.0550s
B&B(  531)	 131.000000	 22.000000	      -	 time:15.0710s
B&B(  721)	 125.000000	 22.000000	      -	 time:20.0770s
B&B(  906)	 122.000000	 22.000000	      -	 time:25.0800s
update in RO 23.0000

CHECKER is 1 SUM:23
TIME:26824.000000
P TIGHTEN: 26.825000 <P:23.000000, D:121.000000, INC:(385)[0 0 0 0 0 0 0 0 0 0 0 0 0 0 0 0 0 0 1 0 0 0 0 0 0 0 1 0 0 1 0 0 0 0 0 0 1 0 0 1 0 0 0 0 0 0 0 0 1 0 1 0 0 0 0 1 0 0 1 0 0 0 0 0 1 0 0 0 0 1 0 0 0 0 0 0 0 0 0 0 0 0 0 0 0 0 0 0 0 0 0 0 0 0 0 0 0 0 0 0 0 0 0 0 0 0 0 0 0 0 0 0 0 0 0 0 0 1 0 0 0 0 0 0 0 0 0 0 0 0 0 0 0 0 0 0 0 0 0 0 0 0 0 0 0 0 0 0 0 0 0 0 0 1 0 1 0 0 0 0 0 0 0 0 1 0 0 0 0 0 0 0 0 0 0 0 0 0 0 1 0 0 0 0 0 0 0 0 0 0 0 0 1 0 0 0 0 0 0 0 0 0 0 0 0 0 0 0 0 0 0 0 0 0 0 0 0 0 0 0 0 0 0 0 0 0 0 0 0 0 0 0 0 1 0 0 0 0 0 0 0 0 0 0 0 0 0 0 0 1 0 0 0 0 0 0 0 0 0 0 0 0 0 0 0 0 0 0 0 0 0 0 0 0 0 0 0 0 0 0 0 0 1 0 0 0 0 0 0 0 0 0 0 0 1 0 0 0 0 0 0 0 0 0 0 0 0 0 0 1 0 0 0 0 0 0 0 0 0 0 0 0 0 0 0 0 0 0 0 0 0 0 0 0 0 0 0 0 0 0 0 0 0 0 0 0 0 0 0 0 0 0 0 0 0 0 0 0 0 0 0 0 0 0 0 0 0 0 0 0 0 0 0 0 0 0 0 0 0 0 0 0 0 0 1 ]> 23.000000 23.000000 + 0.000000 #9484
B&B( 1090)	 120.000000	 23.000000	      -	 time:30.0920s
B&B( 1273)	 119.000000	 23.000000	      -	 time:35.1140s
B&B( 1461)	 118.000000	 23.000000	      -	 time:40.1240s
B&B( 1647)	 117.000000	 23.000000	      -	 time:45.1300s
B&B( 1838)	 117.000000	 23.000000	      -	 time:50.1440s
B&B( 2022)	 116.000000	 23.000000	      -	 time:55.1690s
B&B( 2214)	 116.000000	 23.000000	      -	 time:60.1760s
B&B( 2398)	 115.000000	 23.000000	      -	 time:65.1980s
B&B( 2584)	 115.000000	 23.000000	      -	 time:70.2170s
B&B( 2773)	 114.000000	 23.000000	      -	 time:75.2450s
B&B( 2962)	 114.000000	 23.000000	      -	 time:80.2740s
B&B( 3151)	 113.000000	 23.000000	      -	 time:85.2980s
B&B( 3338)	 113.000000	 23.000000	      -	 time:90.3170s
B&B( 3529)	 112.000000	 23.000000	      -	 time:95.3240s
B&B( 3724)	 112.000000	 23.000000	      -	 time:100.3490s
B&B( 3911)	 112.000000	 23.000000	      -	 time:105.3600s
B&B( 4104)	 111.000000	 23.000000	      -	 time:110.3800s
B&B( 4297)	 111.000000	 23.000000	      -	 time:115.4080s
B&B( 4488)	 111.000000	 23.000000	      -	 time:120.4350s
B&B( 4679)	 110.000000	 23.000000	      -	 time:125.4640s
B&B( 4873)	 110.000000	 23.000000	      -	 time:130.4650s
B&B( 5066)	 110.000000	 23.000000	      -	 time:135.4680s
B&B( 5264)	 109.000000	 23.000000	      -	 time:140.4910s
B&B( 5467)	 109.000000	 23.000000	      -	 time:145.5130s
B&B( 5666)	 109.000000	 23.000000	      -	 time:150.5250s
B&B( 5863)	 109.000000	 23.000000	      -	 time:155.5460s
B&B( 6061)	 108.000000	 23.000000	      -	 time:160.5560s
B&B( 6250)	 108.000000	 23.000000	      -	 time:165.5620s
B&B( 6443)	 107.000000	 23.000000	      -	 time:170.5670s
B&B( 6628)	 107.000000	 23.000000	      -	 time:175.5750s
B&B( 6820)	 107.000000	 23.000000	      -	 time:180.5970s
B&B( 7010)	 107.000000	 23.000000	      -	 time:185.6110s
B&B( 7200)	 106.000000	 23.000000	      -	 time:190.6290s
B&B( 7391)	 106.000000	 23.000000	      -	 time:195.6500s
B&B( 7582)	 106.000000	 23.000000	      -	 time:200.6580s
B&B( 7781)	 106.000000	 23.000000	      -	 time:205.6680s
B&B( 7978)	 105.000000	 23.000000	      -	 time:210.6700s
B&B( 8172)	 105.000000	 23.000000	      -	 time:215.6890s
B&B( 8369)	 105.000000	 23.000000	      -	 time:220.7040s
B&B( 8567)	 105.000000	 23.000000	      -	 time:225.7220s
B&B( 8765)	 105.000000	 23.000000	      -	 time:230.7360s
B&B( 8963)	 105.000000	 23.000000	      -	 time:235.7640s
B&B( 9168)	 104.000000	 23.000000	      -	 time:240.7680s
B&B( 9375)	 104.000000	 23.000000	      -	 time:245.7930s
B&B( 9577)	 104.000000	 23.000000	      -	 time:250.7990s
B&B( 9778)	 104.000000	 23.000000	      -	 time:255.8160s
B&B( 9972)	 104.000000	 23.000000	      -	 time:260.8340s
B&B(10173)	 103.000000	 23.000000	      -	 time:265.8500s
B&B(10377)	 103.000000	 23.000000	      -	 time:270.8510s
B&B(10581)	 103.000000	 23.000000	      -	 time:275.8630s
B&B(10785)	 103.000000	 23.000000	      -	 time:280.8820s
B&B(10991)	 103.000000	 23.000000	      -	 time:285.8900s
B&B(11202)	 102.000000	 23.000000	      -	 time:290.8960s
B&B(11415)	 102.000000	 23.000000	      -	 time:295.9220s
B&B(11624)	 102.000000	 23.000000	      -	 time:300.9280s
B&B(11831)	 102.000000	 23.000000	      -	 time:305.9440s
B&B(12041)	 101.000000	 23.000000	      -	 time:310.9480s
B&B(12244)	 101.000000	 23.000000	      -	 time:315.9650s
B&B(12442)	 101.000000	 23.000000	      -	 time:320.9680s
B&B(12639)	 101.000000	 23.000000	      -	 time:325.9770s
B&B(12842)	 101.000000	 23.000000	      -	 time:330.9950s
B&B(13039)	 101.000000	 23.000000	      -	 time:336.0230s
B&B(13245)	 100.000000	 23.000000	      -	 time:341.0300s
B&B(13444)	 100.000000	 23.000000	      -	 time:346.0370s
B&B(13648)	 100.000000	 23.000000	      -	 time:351.0540s
B&B(13856)	 100.000000	 23.000000	      -	 time:356.0690s
B&B(14063)	 100.000000	 23.000000	      -	 time:361.0730s
B&B(14271)	 100.000000	 23.000000	      -	 time:366.0780s
B&B(14477)	 99.000000	 23.000000	      -	 time:371.0940s
B&B(14688)	 99.000000	 23.000000	      -	 time:376.0980s
B&B(14899)	 99.000000	 23.000000	      -	 time:381.1020s
B&B(15116)	 99.000000	 23.000000	      -	 time:386.1070s
B&B(15330)	 99.000000	 23.000000	      -	 time:391.1250s
B&B(15544)	 99.000000	 23.000000	      -	 time:396.1470s
B&B(15754)	 98.000000	 23.000000	      -	 time:401.1530s
B&B(15967)	 98.000000	 23.000000	      -	 time:406.1620s
B&B(16180)	 98.000000	 23.000000	      -	 time:411.1640s
B&B(16397)	 98.000000	 23.000000	      -	 time:416.1660s
B&B(16619)	 98.000000	 23.000000	      -	 time:421.1890s
B&B(16838)	 98.000000	 23.000000	      -	 time:426.1950s
B&B(17048)	 99.000000	 23.000000	      -	 time:431.2120s
B&B(17269)	 97.000000	 23.000000	      -	 time:436.2290s
B&B(17476)	 97.000000	 23.000000	      -	 time:441.2320s
B&B(17691)	 97.000000	 23.000000	      -	 time:446.2490s
B&B(17901)	 97.000000	 23.000000	      -	 time:451.2720s
B&B(18115)	 97.000000	 23.000000	      -	 time:456.2920s
B&B(18321)	 97.000000	 23.000000	      -	 time:461.2940s
B&B(18528)	 96.000000	 23.000000	      -	 time:466.3080s
B&B(18733)	 96.000000	 23.000000	      -	 time:471.3160s
B&B(18931)	 96.000000	 23.000000	      -	 time:476.3360s
B&B(19134)	 96.000000	 23.000000	      -	 time:481.3520s
B&B(19345)	 96.000000	 23.000000	      -	 time:486.3620s
B&B(19561)	 96.000000	 23.000000	      -	 time:491.3810s
B&B(19783)	 96.000000	 23.000000	      -	 time:496.3990s
B&B(19993)	 96.000000	 23.000000	      -	 time:501.4070s
B&B(20205)	 95.000000	 23.000000	      -	 time:506.4160s
B&B(20435)	 95.000000	 23.000000	      -	 time:511.4180s
B&B(20676)	 95.000000	 23.000000	      -	 time:516.4250s
B&B(20893)	 95.000000	 23.000000	      -	 time:521.4450s
B&B(21136)	 95.000000	 23.000000	      -	 time:526.4590s
B&B(21353)	 95.000000	 23.000000	      -	 time:531.4600s
B&B(21564)	 95.000000	 23.000000	      -	 time:536.4680s
B&B(21782)	 95.000000	 23.000000	      -	 time:541.4830s
B&B(21996)	 94.000000	 23.000000	      -	 time:546.4990s
B&B(22208)	 94.000000	 23.000000	      -	 time:551.5130s
B&B(22442)	 94.000000	 23.000000	      -	 time:556.5190s
B&B(22681)	 94.000000	 23.000000	      -	 time:561.5320s
B&B(22945)	 94.000000	 23.000000	      -	 time:566.5480s
B&B(23185)	 94.000000	 23.00000Command exited with non-zero status 124
	Command being timed: "/usr/bin/timeout 915 /home/fabio/CODD-NEWDom/cmake-build-release-ilyin/misp5 /home/fabio/CODD-NEWDom/data/misp/brock400_4.clq 64"
	User time (seconds): 912.78
	System time (seconds): 2.48
	Percent of CPU this job got: 99%
	Elapsed (wall clock) time (h:mm:ss or m:ss): 15:15.34
	Average shared text size (kbytes): 0
	Average unshared data size (kbytes): 0
	Average stack size (kbytes): 0
	Average total size (kbytes): 0
	Maximum resident set size (kbytes): 4678656
	Average resident set size (kbytes): 0
	Major (requiring I/O) page faults: 0
	Minor (reclaiming a frame) page faults: 1172546
	Voluntary context switches: 4
	Involuntary context switches: 2616
	Swaps: 0
	File system inputs: 0
	File system outputs: 40
	Socket messages sent: 0
	Socket messages received: 0
	Signals delivered: 0
	Page size (bytes): 4096
	Exit status: 124

