COMMAND: /usr/bin/time -v /usr/bin/timeout 915 /home/fabio/CODD-NEWDom/cmake-build-release-ilyin/misp5 /home/fabio/CODD-NEWDom/data/misp/brock400_4.clq 256
TOP=400
B&B searching...
dual@root:400
B&B Nodes          Dual	 Primal	 Gap(%)
----------------------------------------------
update in RO 17.000000

CHECKER is 1 SUM:17
TIME:192.000000
P TIGHTEN: 0.193000 <P:17.000000, D:400.000000, INC:(185)[0 1 1 0 0 0 1 1 1 0 0 1 1 0 0 0 1 0 0 0 0 0 0 0 0 0 0 0 0 0 0 0 0 0 0 0 0 0 0 1 0 0 0 1 0 0 0 0 0 0 0 0 0 0 0 1 0 1 0 1 0 0 0 0 0 0 0 0 0 0 0 0 0 0 0 0 1 0 0 0 0 0 0 0 0 0 0 0 0 0 0 0 0 0 0 0 0 0 0 0 0 0 0 0 0 0 0 0 0 0 0 0 0 0 0 1 0 0 0 1 0 0 0 0 0 0 0 0 0 0 0 0 0 0 0 0 0 0 0 0 0 0 0 0 0 0 0 0 0 0 0 0 0 0 0 0 0 0 0 0 0 0 0 0 0 0 0 0 0 0 0 0 0 0 0 0 0 0 1 0 0 0 0 0 0 ]> 17.000000 17.000000 + 0.000000 #44867
update in RO 18.000000

CHECKER is 1 SUM:18
TIME:192.000000
P TIGHTEN: 0.193000 <P:18.000000, D:400.000000, INC:(185)[0 1 1 0 0 0 1 1 1 0 0 1 1 0 0 0 1 0 0 0 0 0 0 0 0 0 0 0 0 0 0 0 0 0 0 0 0 0 0 1 0 0 0 1 0 0 0 0 0 0 0 0 0 0 0 1 0 1 0 1 0 0 0 0 0 0 0 0 0 0 0 0 0 0 0 0 1 0 0 0 0 0 0 0 0 0 0 0 0 0 0 0 0 0 0 0 0 0 0 0 0 0 0 0 0 0 0 0 0 0 0 0 0 0 0 1 0 0 0 1 0 0 0 0 0 0 0 0 0 0 0 0 0 0 0 0 0 0 0 0 0 0 0 0 0 0 0 0 0 0 0 0 0 0 0 0 0 0 0 0 0 0 0 0 0 0 0 0 0 0 0 0 0 0 0 0 0 0 1 0 0 0 0 0 1 ]> 18.000000 18.000000 + 0.000000 #44867
update in RO 19.000000

CHECKER is 1 SUM:19
TIME:199.000000
P TIGHTEN: 0.199000 <P:19.000000, D:400.000000, INC:(228)[1 1 0 0 1 0 1 1 0 1 0 1 0 0 0 0 0 0 1 1 0 0 0 0 0 0 0 0 0 0 0 0 0 0 0 0 0 0 0 0 0 0 0 0 1 0 0 0 0 0 0 0 0 0 0 1 0 1 0 0 0 0 1 0 1 0 0 0 0 0 0 0 0 0 0 0 0 0 0 0 0 0 1 0 0 0 0 0 0 0 0 0 0 0 0 0 0 0 0 0 0 0 0 1 0 0 0 0 0 0 0 0 0 0 0 0 0 0 0 0 0 0 0 0 0 0 0 0 0 0 0 0 0 0 0 0 0 0 0 0 0 0 0 0 0 0 0 0 0 0 0 0 0 0 0 0 0 0 0 0 0 0 0 0 0 0 0 0 0 0 1 0 0 0 0 0 0 0 0 0 0 0 0 0 1 0 0 0 0 0 0 0 0 0 0 0 0 0 0 0 0 0 0 0 0 0 0 0 0 0 0 0 0 0 0 0 0 0 0 0 0 0 0 0 0 0 0 1 ]> 19.000000 19.000000 + 0.000000 #52601
update in RO 20.000000

CHECKER is 1 SUM:20
TIME:204.000000
P TIGHTEN: 0.205000 <P:20.000000, D:400.000000, INC:(298)[1 1 0 0 1 0 1 1 0 1 0 1 0 0 0 0 0 0 1 1 0 0 0 0 0 0 0 0 0 0 0 0 0 0 0 0 0 0 0 1 0 0 0 0 0 0 0 0 0 0 0 0 0 0 0 1 0 1 0 0 0 0 0 0 1 0 0 0 0 0 0 0 0 0 0 0 1 0 0 0 0 0 1 0 0 0 0 0 0 0 0 0 0 0 0 0 0 0 0 0 0 0 0 1 0 0 0 0 0 0 0 0 0 0 0 0 0 0 0 0 0 0 0 0 0 0 0 0 0 0 0 0 0 0 0 0 0 0 0 0 0 0 0 0 0 0 0 0 0 0 0 0 0 0 0 0 0 0 0 0 0 0 0 0 0 0 0 0 0 0 1 0 0 0 0 0 0 0 0 0 0 0 0 0 1 0 0 0 0 0 0 0 0 0 0 0 0 0 0 0 0 0 0 0 0 0 0 0 0 0 0 0 0 0 0 0 0 0 0 0 0 0 0 0 0 0 0 1 0 0 0 0 0 0 0 0 0 0 0 0 0 0 0 0 0 0 0 0 0 0 0 0 0 0 0 0 0 0 0 0 0 0 0 0 0 0 0 0 0 0 0 0 0 0 0 0 0 0 0 0 0 0 0 0 0 0 0 0 0 0 0 0 0 0 0 0 0 1 ]> 20.000000 20.000000 + 0.000000 #58441
update in RO 21.000000

CHECKER is 1 SUM:21
TIME:204.000000
P TIGHTEN: 0.205000 <P:21.000000, D:400.000000, INC:(300)[1 1 0 0 1 0 1 1 0 1 0 1 0 0 0 0 0 0 0 1 0 0 1 0 0 0 0 0 0 0 0 0 0 0 0 0 0 0 0 0 0 0 0 0 1 0 0 0 0 0 0 0 0 0 0 1 0 1 0 0 0 0 1 0 0 0 0 0 0 0 0 0 0 0 0 0 0 0 0 0 0 0 1 0 0 0 0 0 0 0 0 0 0 0 0 0 0 0 0 0 0 0 0 0 0 0 0 0 0 0 0 0 0 0 0 0 0 0 0 1 1 0 0 0 0 0 0 0 0 0 0 1 0 0 0 0 0 0 0 0 0 0 0 0 0 0 0 0 0 0 0 0 0 0 0 0 0 0 0 0 0 0 0 0 0 0 0 0 0 0 1 0 0 0 0 0 0 0 0 0 0 0 0 0 0 0 0 0 0 0 0 0 0 0 0 0 0 0 0 0 0 0 0 0 0 0 0 0 0 0 0 0 0 0 0 0 0 0 0 0 0 0 0 0 0 0 0 1 0 0 0 0 0 0 0 0 0 0 0 0 0 0 0 0 0 0 0 0 0 0 0 1 0 0 0 0 0 0 0 0 0 0 0 0 0 0 0 0 0 0 0 0 0 0 0 0 0 0 0 0 0 0 0 0 0 0 0 0 0 0 0 0 0 0 0 0 0 0 0 1 ]> 21.000000 21.000000 + 0.000000 #58484
update in RO 22.000000

CHECKER is 1 SUM:22
TIME:2492.000000
P TIGHTEN: 2.493000 <P:22.000000, D:136.000000, INC:(392)[1 0 0 0 1 0 0 1 0 0 0 0 0 0 0 0 0 0 1 1 0 0 0 1 0 0 0 0 0 0 0 0 0 0 0 0 0 1 1 0 0 0 0 0 0 0 0 0 0 0 0 0 0 0 0 1 0 1 0 1 0 0 0 0 0 0 0 0 0 0 0 0 0 0 0 0 0 0 0 0 0 0 0 0 0 0 0 0 0 0 0 0 0 0 0 0 0 0 0 0 0 0 0 0 0 0 0 0 0 0 0 0 0 0 0 0 0 0 0 0 0 0 0 0 0 0 0 0 0 0 0 0 0 0 0 0 0 0 0 0 0 0 0 0 0 0 0 0 0 0 0 0 0 1 0 0 0 0 0 0 0 0 0 0 0 0 0 0 1 0 0 0 0 0 0 0 0 0 0 1 0 0 0 0 0 0 0 0 0 1 0 0 0 0 0 0 0 0 0 0 0 0 0 0 1 0 0 0 0 0 0 0 0 0 0 0 0 0 0 0 0 0 0 0 0 0 0 0 0 0 0 0 0 1 0 0 0 0 0 0 0 0 0 0 0 0 0 0 0 0 0 0 0 0 0 0 0 0 0 0 0 0 0 0 0 0 0 0 0 0 0 0 0 0 0 0 0 0 0 0 0 0 0 0 0 0 0 0 0 0 0 0 0 0 0 0 0 1 0 0 0 0 0 0 0 0 0 0 0 0 0 0 0 0 0 0 0 0 0 0 0 0 0 0 0 0 0 0 0 0 0 0 0 0 0 0 0 0 0 0 0 0 0 0 0 0 0 0 1 0 0 0 0 0 0 0 0 0 0 1 0 0 0 0 0 0 0 0 0 0 0 0 0 0 0 0 0 0 0 0 0 0 0 0 1 0 0 0 0 0 0 1 ]> 22.000000 22.000000 + 0.000000 #59208
B&B(   42)	 136.000000	 22.000000	      -	 time:5.0260s
B&B(   86)	 136.000000	 22.000000	      -	 time:10.1320s
B&B(  128)	 135.000000	 22.000000	      -	 time:15.2020s
update in RO 23.0000

CHECKER is 1 SUM:23
TIME:16754.000000
P TIGHTEN: 16.754000 <P:23.000000, D:135.000000, INC:(400)[1 1 0 0 1 0 1 0 0 0 0 0 0 0 0 0 0 0 1 1 0 0 0 0 0 0 0 0 0 0 0 0 0 0 0 0 0 0 0 0 0 0 0 0 0 0 0 0 0 0 0 0 0 0 0 1 0 1 0 0 0 0 1 0 1 0 0 0 0 0 0 0 0 0 0 0 1 0 0 0 0 0 1 0 0 0 0 0 0 0 0 0 0 0 0 0 0 0 0 0 0 0 0 1 0 0 0 0 0 0 0 0 0 0 0 0 0 0 0 0 0 0 0 0 0 0 0 0 0 0 0 0 0 0 0 0 0 0 0 0 0 0 0 1 0 0 0 0 0 0 0 0 0 0 0 0 0 0 0 0 0 0 0 0 0 0 0 0 0 0 1 0 0 0 0 0 0 0 0 0 0 0 0 0 1 0 0 0 0 0 0 0 0 0 0 0 0 0 0 0 0 0 0 0 0 0 0 0 1 0 0 0 0 0 0 0 0 0 0 0 0 0 0 0 0 0 0 1 0 0 0 0 0 0 0 0 0 0 0 0 0 0 0 0 0 0 0 1 0 0 0 0 0 0 0 0 0 0 0 0 0 0 0 0 0 0 0 0 0 0 0 0 0 1 0 0 0 0 0 0 0 0 0 0 0 0 0 0 0 0 0 0 0 0 0 0 0 0 0 0 0 0 0 0 0 0 0 0 0 0 0 0 0 0 0 0 0 0 0 0 1 0 0 0 0 0 0 0 0 0 0 0 0 0 0 0 0 0 0 0 0 0 0 0 0 0 0 0 0 0 0 0 0 0 0 0 0 0 0 0 0 0 0 1 0 0 0 0 0 0 0 0 0 0 0 0 0 0 0 0 0 0 0 0 0 0 0 0 0 0 0 0 0 0 0 0 0 0 0 1 ]> 23.000000 23.000000 + 0.000000 #41125
B&B(  172)	 130.000000	 23.000000	      -	 time:20.2430s
B&B(  215)	 130.000000	 23.000000	      -	 time:25.2670s
B&B(  260)	 129.000000	 23.000000	      -	 time:30.3900s
B&B(  305)	 129.000000	 23.000000	      -	 time:35.4530s
B&B(  351)	 127.000000	 23.000000	      -	 time:40.5520s
B&B(  396)	 127.000000	 23.000000	      -	 time:45.5950s
B&B(  443)	 127.000000	 23.000000	      -	 time:50.6510s
B&B(  487)	 126.000000	 23.000000	      -	 time:55.7010s
B&B(  534)	 123.000000	 23.000000	      -	 time:60.7260s
B&B(  580)	 122.000000	 23.000000	      -	 time:65.7550s
B&B(  627)	 122.000000	 23.000000	      -	 time:70.8000s
B&B(  674)	 121.000000	 23.000000	      -	 time:75.8720s
B&B(  720)	 121.000000	 23.000000	      -	 time:80.9010s
B&B(  768)	 119.000000	 23.000000	      -	 time:85.9810s
B&B(  816)	 119.000000	 23.000000	      -	 time:90.9910s
B&B(  865)	 119.000000	 23.000000	      -	 time:96.0200s
B&B(  913)	 118.000000	 23.000000	      -	 time:101.0350s
B&B(  961)	 117.000000	 23.000000	      -	 time:106.1430s
B&B( 1009)	 116.000000	 23.000000	      -	 time:111.1640s
B&B( 1057)	 115.000000	 23.000000	      -	 time:116.1940s
B&B( 1109)	 115.000000	 23.000000	      -	 time:121.2030s
B&B( 1162)	 115.000000	 23.000000	      -	 time:126.2210s
B&B( 1214)	 112.000000	 23.000000	      -	 time:131.2910s
B&B( 1266)	 111.000000	 23.000000	      -	 time:136.3620s
B&B( 1317)	 111.000000	 23.000000	      -	 time:141.4590s
B&B( 1369)	 111.000000	 23.000000	      -	 time:146.4890s
B&B( 1424)	 110.000000	 23.000000	      -	 time:151.5480s
B&B( 1476)	 109.000000	 23.000000	      -	 time:156.5670s
B&B( 1530)	 108.000000	 23.000000	      -	 time:161.5720s
B&B( 1584)	 108.000000	 23.000000	      -	 time:166.6300s
B&B( 1639)	 107.000000	 23.000000	      -	 time:171.6370s
B&B( 1692)	 107.000000	 23.000000	      -	 time:176.6500s
B&B( 1747)	 106.000000	 23.000000	      -	 time:181.7140s
B&B( 1800)	 104.000000	 23.000000	      -	 time:186.7900s
B&B( 1845)	 104.000000	 23.000000	      -	 time:191.8850s
B&B( 1892)	 104.000000	 23.000000	      -	 time:196.9700s
B&B( 1942)	 104.000000	 23.000000	      -	 time:201.9790s
B&B( 1999)	 104.000000	 23.000000	      -	 time:207.0390s
B&B( 2046)	 103.000000	 23.000000	      -	 time:212.0940s
B&B( 2093)	 103.000000	 23.000000	      -	 time:217.1420s
B&B( 2141)	 103.000000	 23.000000	      -	 time:222.1820s
B&B( 2193)	 103.000000	 23.000000	      -	 time:227.2170s
B&B( 2246)	 102.000000	 23.000000	      -	 time:232.2450s
B&B( 2294)	 102.000000	 23.000000	      -	 time:237.3420s
B&B( 2342)	 102.000000	 23.000000	      -	 time:242.4250s
B&B( 2391)	 101.000000	 23.000000	      -	 time:247.4690s
B&B( 2441)	 101.000000	 23.000000	      -	 time:252.5400s
B&B( 2498)	 101.000000	 23.000000	      -	 time:257.5920s
B&B( 2556)	 101.000000	 23.000000	      -	 time:262.6280s
B&B( 2604)	 101.000000	 23.000000	      -	 time:267.7080s
B&B( 2654)	 101.000000	 23.000000	      -	 time:272.7250s
B&B( 2707)	 101.000000	 23.000000	      -	 time:277.7690s
update in RO 24.0000

CHECKER is 1 SUM:24
TIME:278747.000000
P TIGHTEN: 278.748000 <P:24.000000, D:101.000000, INC:(385)[0 0 0 0 0 0 0 0 0 0 0 0 0 0 0 0 0 0 1 0 0 0 0 0 0 0 1 0 0 1 0 0 0 0 0 0 1 0 0 1 0 0 0 0 0 0 0 0 1 0 0 0 0 0 0 1 0 0 1 0 0 0 0 0 1 0 0 0 0 1 0 0 0 0 0 0 0 0 0 0 0 0 0 0 0 0 0 0 0 0 0 0 0 0 0 0 1 0 0 0 0 0 0 0 0 0 0 0 0 0 0 0 0 0 0 0 0 1 0 0 0 0 0 0 0 0 0 0 0 0 0 0 0 0 0 0 0 0 0 0 0 0 0 0 0 0 0 0 0 0 0 0 0 1 0 1 0 0 0 0 0 0 0 0 1 0 0 0 0 0 0 0 0 0 0 0 0 0 0 1 0 0 0 0 0 0 0 0 0 0 0 0 1 0 0 0 0 0 0 0 0 0 0 0 0 0 0 0 0 0 0 0 0 0 0 0 0 0 0 0 0 0 0 0 0 0 0 0 0 0 0 0 0 1 0 0 0 0 0 0 0 0 0 0 0 0 0 0 0 1 0 0 0 0 0 0 0 0 0 0 0 0 0 0 0 0 0 0 0 0 0 0 0 0 0 0 0 0 0 0 0 0 1 0 0 0 0 0 0 0 0 0 0 0 1 0 0 0 0 0 0 0 0 0 0 0 0 0 0 1 0 0 0 0 0 0 0 0 0 0 0 0 0 0 0 0 0 0 0 0 0 0 0 0 0 0 0 0 0 0 0 0 0 0 0 0 0 0 0 0 0 0 0 0 0 0 0 0 0 0 0 0 0 0 0 0 0 0 0 0 0 0 0 0 0 1 0 0 0 0 0 0 0 0 1 ]> 24.000000 24.000000 + 0.000000 #32462
B&B( 2754)	 101.000000	 24.000000	      -	 time:282.7900s
B&B( 2805)	 101.000000	 24.000000	      -	 time:287.8090s
B&B( 2858)	 100.000000	 24.000000	      -	 time:292.8450s
B&B( 2909)	 100.000000	 24.000000	      -	 time:297.8750s
B&B( 2959)	 100.000000	 24.000000	      -	 time:302.9050s
B&B( 3010)	 100.000000	 24.000000	      -	 time:307.9170s
B&B( 3062)	 100.000000	 24.000000	      -	 time:312.9780s
B&B( 3112)	 100.000000	 24.000000	      -	 time:318.0360s
B&B( 3165)	 100.000000	 24.000000	      -	 time:323.1360s
B&B( 3216)	 99.000000	 24.000000	      -	 time:328.1800s
B&B( 3269)	 99.000000	 24.000000	      -	 time:333.1840s
B&B( 3318)	 99.000000	 24.000000	      -	 time:338.2450s
B&B( 3370)	 99.000000	 24.000000	      -	 time:343.2860s
B&B( 3422)	 99.000000	 24.000000	      -	 time:348.3410s
B&B( 3472)	 99.000000	 24.000000	      -	 time:353.3750s
B&B( 3522)	 99.000000	 24.000000	      -	 time:358.4110s
B&B( 3574)	 98.000000	 24.000000	      -	 time:363.4530s
B&B( 3625)	 98.000000	 24.000000	      -	 time:368.5510s
B&B( 3676)	 98.000000	 24.000000	      -	 time:373.5700s
B&B( 3730)	 98.000000	 24.000000	      -	 time:378.6230s
B&B( 3781)	 98.000000	 24.000000	      -	 time:383.6690s
B&B( 3831)	 98.000000	 24.000000	      -	 time:388.6890s
B&B( 3883)	 98.000000	 24.000000	      -	 time:393.7750s
B&B( 3932)	 98.000000	 24.000000	      -	 time:398.8330s
B&B( 3983)	 98.000000	 24.000000	      -	 time:403.8720s
B&B( 4035)	 98.000000	 24.000000	      -	 time:408.9060s
B&B( 4087)	 98.000000	 24.000000	      -	 time:413.9390s
B&B( 4143)	 98.000000	 24.000000	      -	 time:419.0150s
B&B( 4196)	 98.000000	 24.000000	      -	 time:424.0740s
B&B( 4251)	 97.000000	 24.000000	      -	 time:429.0960s
B&B( 4308)	 97.000000	 24.000000	      -	 time:434.0980s
B&B( 4364)	 97.000000	 24.000000	      -	 time:439.1630s
B&B( 4414)	 97.000000	 24.000000	      -	 time:444.2540s
B&B( 4466)	 97.000000	 24.000000	      -	 time:449.2950s
B&B( 4518)	 97.000000	 24.000000	      -	 time:454.3360s
B&B( 4567)	 97.000000	 24.000000	      -	 time:459.3600s
B&B( 4620)	 97.000000	 24.000000	      -	 time:464.3670s
B&B( 4671)	 97.000000	 24.000000	      -	 time:469.4100s
B&B( 4724)	 97.000000	 24.000000	      -	 time:474.4520s
B&B( 4779)	 97.000000	 24.000000	      -	 time:479.4540s
B&B( 4831)	 97.000000	 24.000000	      -	 time:484.4630s
B&B( 4885)	 97.000000	 24.000000	      -	 time:489.5330s
B&B( 4938)	 97.000000	 24.000000	      -	 time:494.5510s
B&B( 4992)	 97.000000	 24.000000	      -	 time:499.5700s
B&B( 5046)	 97.000000	 24.000000	      -	 time:504.6670s
B&B( 5102)	 97.000000	 24.000000	      -	 time:509.7460s
B&B( 5154)	 97.000000	 24.000000	      -	 time:514.8390s
B&B( 5211)	 96.000000	 24.000000	      -	 time:519.8610s
B&B( 5268)	 96.000000	 24.000000	      -	 time:524.9480s
B&B( 5321)	 96.000000	 24.000000	      -	 time:530.0240s
B&B( 5374)	 96.000000	 24.000000	      -	 time:535.0390s
B&B( 5425)	 96.000000	 24.000000	      -	 time:540.0820s
B&B( 5479)	 96.000000	 24.000000	      -	 time:545.1210s
B&B( 5531)	 96.000000	 24.000000	      -	 time:550.1960s
B&B( 5583)	 96.000000	 24.000000	      -	 time:555.2220s
B&B( 5637)	 96.000000	 24.000000	      -	 time:560.2320s
B&B( 5701)	 96.000000	 24.000000	      -	 time:565.2560s
B&B( 5769)	 96.000000	 24.000000	      -	 time:570.3390s
B&B( 5821)	 96.000000	 24.000000	      -	 time:575.3860s
B&B( 5876)	 95.000000	 24.000000	      -	 time:580.4770s
B&B( 5932)	 95.000000	 24.000000	      -	 time:585.5460s
B&B( 5986)	 95.000000	 24.000000	      -	 time:590.5570s
B&B( 6044)	 95.000000	 24.000000	      -	 time:595.6160s
B&B( 6104)	 95.000000	 24.000000	      -	 time:600.6840s
B&B( 6160)	 95.000000	 24.000000	      -	 time:605.7230s
B&B( 6213)	 95.000000	 24.000000	      -	 time:610.7930s
B&B( 6270)	 95.000000	 24.000000	      -	 time:615.8540s
B&B( 6326)	 95.000000	 24.000000	      -	 time:620.8730s
B&B( 6385)	 95.000000	 24.000000	      -	 time:625.9350s
B&B( 6442)	 95.000000	 24.000000	      -	 time:631.0010s
B&B( 6501)	 95.000000	 24.000000	      -	 time:636.0160s
B&B( 6556)	 95.000000	 24.000000	      -	 time:641.0860s
B&B( 6615)	 95.000000	 24.000000	      -	 time:646.0990s
B&B( 6670)	 95.000000	 24.000000	      -	 time:651.1460s
B&B( 6730)	 95.000000	 24.000000	      -	 time:656.2100s
B&B( 6792)	 95.000000	 24.000000	      -	 time:661.2580s
B&B( 6849)	 95.000000	 24.000000	      -	 time:666.3150s
B&B( 6908)	 94.000000	 24.000000	      -	 time:671.3850s
B&B( 6965)	 94.000000	 24.000000	      -	 time:676.4680s
B&B( 7020)	 94.000000	 24.000000	      -	 time:681.4970s
B&B( 7078)	 94.000000	 24.000000	      -	 time:686.5020s
B&B( 7137)	 94.000000	 24.000000	      -	 time:691.5700s
B&B( 7198)	 94.000000	 24.000000	      -	 time:696.6110s
B&B( 7255)	 94.000000	 24.000000	      -	 time:701.6580s
B&B( 7312)	 94.000000	 24.000000	      -	 time:706.6940s
B&B( 7368)	 94.000000	 24.000000	      -	 time:711.7160s
B&B( 7426)	 94.000000	 24.000000	      -	 time:716.7370s
B&B( 7482)	 94.000000	 24.000000	      -	 time:721.7970s
B&B( 7542)	 94.000000	 24.000000	      -	 time:726.8140s
B&B( 7600)	 94.000000	 24.000000	      -	 time:731.8880s
B&B( 7660)	 94.000000	 24.000000	      -	 time:736.9030s
B&B( 7719)	 94.000000	 24.000000	      -	 time:741.9570s
B&B( 7780)	 94.000000	 24.000000	      -	 time:746.9940s
B&B( 7837)	 94.000000	 24.000000	      -	 time:752.0240s
B&B( 7894)	 94.000000	 24.000000	      -	 time:757.0360s
B&B( 7951)	 94.000000	 24.000000	      -	 time:762.1000s
B&B( 8010)	 94.000000	 24.000000	      -	 time:767.1780s
B&B( 8066)	 94.000000	 24.000000	      -	 time:772.2320s
B&B( 8119)	 94.000000	 24.000000	      -	 time:777.2700s
B&B( 8177)	 94.000000	 24.000000	      -	 time:782.3540s
B&B( 8236)	 94.000000	 24.000000	      -	 time:787.3870s
B&B( 8288)	 93.000000	 24.000000	      -	 time:792.3890s
B&B( 8343)	 93.000000	 24.000000	      -	 time:797.4230s
B&B( 8400)	 93.000000	 24.000000	      -	 time:802.4910s
B&B( 8459)	 93.000000	 24.000000	      -	 time:807.5030s
B&B( 8523)	 93.000000	 24.000000	      -	 time:812.5820s
B&B( 8585)	 93.000000	 24.000000	      -	 time:817.6100s
B&B( 8647)	 93.000000	 24.000000	      -	 time:822.7000s
B&B( 8705)	 93.000000	 24.000000	      -	 time:827.7840s
B&B( 8763)	 93.000000	 24.000000	      -	 time:832.8040s
B&B( 8824)	 93.000000	 24.000000	      -	 time:837.8420s
B&B( 8880)	 93.000000	 24.000000	      -	 time:842.9230s
B&B( 8937)	 93.000000	 24.000000	      -	 time:847.9770s
B&B( 8994)	 93.000000	 24.000000	      -	 time:852.9850s
B&B( 9054)	 93.000000	 24.000000	      -	 time:858.0540s
B&B( 9108)	 93.000000	 24.000000	      -	 time:863.1360s
B&B( 9164)	 93.000000	 24.000000	      -	 time:868.1520s
B&B( 9224)	 93.000000	 24.000000	      -	 time:873.2150s
B&B( 9281)	 93.000000	 24.000000	      -	 time:878.2970s
B&B( 9343)	 93.000000	 24.000000	      -	 time:883.3100s
B&B( 9405)	 93.000000	 24.000000	      -	 time:888.3580s
B&B( 9470)	 93.000000	 24.000000	      -	 time:893.4150s
B&B( 9527)	 93.000000	 24.000000	      -	 time:898.4360s
B&B( 9587)	 93.000000	 24.000000	      -	 time:903.4640s
B&B( 9648)	 9Command exited with non-zero status 124
	Command being timed: "/usr/bin/timeout 915 /home/fabio/CODD-NEWDom/cmake-build-release-ilyin/misp5 /home/fabio/CODD-NEWDom/data/misp/brock400_4.clq 256"
	User time (seconds): 912.99
	System time (seconds): 2.24
	Percent of CPU this job got: 99%
	Elapsed (wall clock) time (h:mm:ss or m:ss): 15:15.35
	Average shared text size (kbytes): 0
	Average unshared data size (kbytes): 0
	Average stack size (kbytes): 0
	Average total size (kbytes): 0
	Maximum resident set size (kbytes): 4595712
	Average resident set size (kbytes): 0
	Major (requiring I/O) page faults: 0
	Minor (reclaiming a frame) page faults: 1151050
	Voluntary context switches: 4
	Involuntary context switches: 3979
	Swaps: 0
	File system inputs: 0
	File system outputs: 56
	Socket messages sent: 0
	Socket messages received: 0
	Signals delivered: 0
	Page size (bytes): 4096
	Exit status: 124

