COMMAND: /usr/bin/time -v /usr/bin/timeout 915 /home/fabio/CODD-NEWDom/cmake-build-release-ilyin/misp5 /home/fabio/CODD-NEWDom/data/misp/san400_0.7_1.clq 128
TOP=400
B&B searching...
dual@root:400
B&B Nodes          Dual	 Primal	 Gap(%)
----------------------------------------------
update in RO 20.000000

CHECKER is 1 SUM:20
TIME:81.000000
P TIGHTEN: 0.082000 <P:20.000000, D:400.000000, INC:(91)[0 1 0 0 0 1 1 1 0 0 0 0 1 1 1 0 0 0 0 0 0 1 0 1 0 0 0 0 1 0 0 1 1 0 0 1 0 0 0 0 1 1 0 0 0 0 0 0 0 1 1 0 0 0 0 0 0 0 0 0 0 0 0 0 0 0 0 0 0 1 0 0 0 0 0 0 0 0 0 0 0 0 1 0 0 0 0 0 0 0 1 ]> 20.000000 20.000000 + 0.000000 #10684
update in RO 21.000000

CHECKER is 1 SUM:21
TIME:173.000000
P TIGHTEN: 0.173000 <P:21.000000, D:161.000000, INC:(238)[0 0 0 0 0 0 0 0 1 1 0 1 0 0 0 0 1 0 0 0 1 0 0 0 0 1 0 1 0 1 0 0 0 0 0 0 1 1 0 0 0 0 0 0 0 0 0 0 0 0 0 0 1 0 0 0 0 0 0 0 1 1 0 0 1 0 0 0 0 0 1 0 0 0 0 0 0 0 0 0 0 0 0 0 1 0 0 0 1 0 0 0 0 1 0 0 0 0 0 0 0 0 0 0 0 0 0 0 0 0 0 0 0 0 0 0 0 0 0 0 0 0 0 0 0 0 0 0 0 0 0 0 0 0 0 0 0 0 0 0 0 0 0 0 0 0 0 0 0 0 0 0 0 0 0 0 0 0 0 0 0 0 0 0 0 0 0 0 0 0 0 0 0 0 0 0 0 0 0 0 0 0 0 0 0 0 0 0 0 0 0 0 0 0 0 1 0 0 0 0 0 0 0 0 0 1 0 0 0 0 0 0 0 0 0 0 0 0 0 0 0 0 0 0 0 0 0 0 0 0 0 0 0 0 0 0 0 1 ]> 21.000000 21.000000 + 0.000000 #27501
update in RO 22.000000

CHECKER is 1 SUM:22
TIME:1495.000000
P TIGHTEN: 1.496000 <P:22.000000, D:161.000000, INC:(323)[0 1 0 0 1 0 0 0 0 0 0 0 0 0 0 1 0 0 0 0 0 0 0 1 0 0 0 0 0 0 0 1 0 0 0 0 0 0 0 0 1 1 1 0 0 0 0 1 0 0 1 0 0 0 0 0 0 0 0 0 0 0 0 0 0 0 0 0 0 0 0 0 0 0 0 0 0 0 0 0 0 0 0 0 0 0 0 0 0 1 1 0 0 0 0 0 0 0 0 0 0 0 0 0 0 0 0 0 0 0 0 0 0 0 0 1 0 1 0 1 0 0 0 0 0 0 1 0 0 0 0 0 0 1 0 0 0 0 0 0 0 0 0 0 0 0 0 0 0 0 0 0 0 0 0 0 0 0 0 0 0 0 0 0 0 0 0 0 1 0 0 0 0 0 0 0 0 0 0 0 0 0 0 0 0 0 0 0 0 0 0 0 0 0 0 0 0 0 0 0 0 0 0 1 0 0 0 0 0 0 0 0 0 0 0 0 0 0 0 0 0 0 0 1 0 0 0 0 0 0 0 0 0 0 0 0 0 0 0 0 0 0 0 0 0 0 0 0 0 0 0 0 0 0 0 0 0 1 0 0 0 0 0 0 0 0 0 0 0 0 0 0 0 0 0 0 0 0 0 0 0 0 0 0 0 0 0 0 0 0 0 0 0 0 0 0 0 0 0 0 0 0 0 0 0 0 0 0 0 0 0 0 0 0 0 0 0 0 0 0 0 0 1 ]> 22.000000 22.000000 + 0.000000 #36352
B&B(   80)	 159.000000	 22.000000	      -	 time:5.0520s
B&B(  161)	 156.000000	 22.000000	      -	 time:10.0910s
B&B(  243)	 155.000000	 22.000000	      -	 time:15.1220s
B&B(  328)	 150.000000	 22.000000	      -	 time:20.1440s
B&B(  415)	 147.000000	 22.000000	      -	 time:25.1830s
B&B(  505)	 146.000000	 22.000000	      -	 time:30.2110s
B&B(  595)	 143.000000	 22.000000	      -	 time:35.2300s
B&B(  690)	 141.000000	 22.000000	      -	 time:40.2710s
B&B(  781)	 139.000000	 22.000000	      -	 time:45.3050s
B&B(  872)	 136.000000	 22.000000	      -	 time:50.3070s
B&B(  964)	 136.000000	 22.000000	      -	 time:55.3390s
B&B( 1059)	 134.000000	 22.000000	      -	 time:60.3470s
B&B( 1156)	 132.000000	 22.000000	      -	 time:65.3770s
B&B( 1256)	 130.000000	 22.000000	      -	 time:70.4280s
B&B( 1355)	 128.000000	 22.000000	      -	 time:75.4350s
B&B( 1455)	 127.000000	 22.000000	      -	 time:80.4640s
B&B( 1558)	 124.000000	 22.000000	      -	 time:85.4970s
B&B( 1667)	 123.000000	 22.000000	      -	 time:90.5260s
B&B( 1754)	 123.000000	 22.000000	      -	 time:95.5780s
B&B( 1849)	 123.000000	 22.000000	      -	 time:100.6390s
B&B( 1930)	 123.000000	 22.000000	      -	 time:105.6950s
B&B( 2022)	 122.000000	 22.000000	      -	 time:110.7280s
B&B( 2108)	 122.000000	 22.000000	      -	 time:115.7780s
B&B( 2194)	 122.000000	 22.000000	      -	 time:120.8040s
B&B( 2285)	 122.000000	 22.000000	      -	 time:125.8310s
B&B( 2373)	 122.000000	 22.000000	      -	 time:130.8420s
B&B( 2458)	 122.000000	 22.000000	      -	 time:135.8670s
B&B( 2548)	 121.000000	 22.000000	      -	 time:140.9110s
B&B( 2636)	 121.000000	 22.000000	      -	 time:145.9230s
B&B( 2725)	 121.000000	 22.000000	      -	 time:150.9740s
B&B( 2810)	 121.000000	 22.000000	      -	 time:155.9970s
B&B( 2900)	 121.000000	 22.000000	      -	 time:161.0180s
B&B( 3000)	 121.000000	 22.000000	      -	 time:166.0640s
B&B( 3082)	 121.000000	 22.000000	      -	 time:171.0760s
B&B( 3170)	 121.000000	 22.000000	      -	 time:176.0940s
B&B( 3259)	 120.000000	 22.000000	      -	 time:181.1540s
B&B( 3344)	 120.000000	 22.000000	      -	 time:186.2020s
B&B( 3434)	 120.000000	 22.000000	      -	 time:191.2470s
B&B( 3525)	 120.000000	 22.000000	      -	 time:196.2990s
B&B( 3616)	 120.000000	 22.000000	      -	 time:201.3310s
B&B( 3701)	 120.000000	 22.000000	      -	 time:206.3690s
B&B( 3788)	 120.000000	 22.000000	      -	 time:211.3910s
B&B( 3879)	 120.000000	 22.000000	      -	 time:216.4030s
B&B( 3968)	 120.000000	 22.000000	      -	 time:221.4280s
B&B( 4059)	 120.000000	 22.000000	      -	 time:226.4350s
B&B( 4143)	 119.000000	 22.000000	      -	 time:231.4760s
B&B( 4229)	 119.000000	 22.000000	      -	 time:236.4840s
B&B( 4318)	 119.000000	 22.000000	      -	 time:241.5280s
B&B( 4404)	 119.000000	 22.000000	      -	 time:246.5920s
B&B( 4496)	 119.000000	 22.000000	      -	 time:251.6300s
B&B( 4579)	 119.000000	 22.000000	      -	 time:256.6420s
B&B( 4665)	 119.000000	 22.000000	      -	 time:261.6800s
B&B( 4752)	 119.000000	 22.000000	      -	 time:266.7250s
B&B( 4842)	 119.000000	 22.000000	      -	 time:271.7550s
B&B( 4935)	 119.000000	 22.000000	      -	 time:276.7700s
B&B( 5024)	 119.000000	 22.000000	      -	 time:281.7920s
B&B( 5118)	 118.000000	 22.000000	      -	 time:286.8510s
B&B( 5207)	 118.000000	 22.000000	      -	 time:291.8920s
B&B( 5304)	 118.000000	 22.000000	      -	 time:296.8970s
B&B( 5388)	 118.000000	 22.000000	      -	 time:301.9340s
B&B( 5477)	 118.000000	 22.000000	      -	 time:306.9680s
B&B( 5573)	 118.000000	 22.000000	      -	 time:311.9930s
B&B( 5664)	 118.000000	 22.000000	      -	 time:317.0220s
B&B( 5759)	 118.000000	 22.000000	      -	 time:322.0670s
B&B( 5844)	 118.000000	 22.000000	      -	 time:327.0820s
B&B( 5932)	 118.000000	 22.000000	      -	 time:332.1220s
B&B( 6025)	 118.000000	 22.000000	      -	 time:337.1620s
B&B( 6115)	 117.000000	 22.000000	      -	 time:342.1870s
B&B( 6201)	 117.000000	 22.000000	      -	 time:347.2050s
B&B( 6293)	 117.000000	 22.000000	      -	 time:352.2430s
B&B( 6385)	 117.000000	 22.000000	      -	 time:357.2760s
B&B( 6475)	 117.000000	 22.000000	      -	 time:362.3260s
B&B( 6574)	 117.000000	 22.000000	      -	 time:367.3650s
B&B( 6667)	 117.000000	 22.000000	      -	 time:372.4050s
B&B( 6763)	 116.000000	 22.000000	      -	 time:377.4390s
B&B( 6855)	 116.000000	 22.000000	      -	 time:382.4960s
B&B( 6961)	 116.000000	 22.000000	      -	 time:387.5500s
B&B( 7051)	 116.000000	 22.000000	      -	 time:392.5590s
B&B( 7146)	 116.000000	 22.000000	      -	 time:397.5710s
B&B( 7243)	 116.000000	 22.000000	      -	 time:402.6020s
B&B( 7335)	 116.000000	 22.000000	      -	 time:407.6220s
B&B( 7425)	 116.000000	 22.000000	      -	 time:412.6630s
B&B( 7517)	 115.000000	 22.000000	      -	 time:417.6700s
B&B( 7611)	 115.000000	 22.000000	      -	 time:422.7150s
B&B( 7704)	 115.000000	 22.000000	      -	 time:427.7430s
B&B( 7801)	 115.000000	 22.000000	      -	 time:432.7550s
B&B( 7902)	 115.000000	 22.000000	      -	 time:437.7840s
B&B( 7994)	 115.000000	 22.000000	      -	 time:442.7880s
B&B( 8094)	 115.000000	 22.000000	      -	 time:447.8290s
B&B( 8188)	 115.000000	 22.000000	      -	 time:452.8310s
B&B( 8287)	 115.000000	 22.000000	      -	 time:457.8770s
B&B( 8380)	 115.000000	 22.000000	      -	 time:462.9160s
B&B( 8471)	 115.000000	 22.000000	      -	 time:467.9500s
B&B( 8562)	 114.000000	 22.000000	      -	 time:472.9570s
B&B( 8651)	 114.000000	 22.000000	      -	 time:477.9860s
B&B( 8742)	 114.000000	 22.000000	      -	 time:483.0180s
B&B( 8835)	 114.000000	 22.000000	      -	 time:488.0420s
B&B( 8930)	 114.000000	 22.000000	      -	 time:493.0520s
B&B( 9029)	 114.000000	 22.000000	      -	 time:498.0940s
B&B( 9123)	 114.000000	 22.000000	      -	 time:503.1100s
B&B( 9220)	 114.000000	 22.000000	      -	 time:508.1470s
B&B( 9320)	 114.000000	 22.000000	      -	 time:513.1660s
B&B( 9416)	 114.000000	 22.000000	      -	 time:518.1970s
B&B( 9505)	 114.000000	 22.000000	      -	 time:523.2050s
B&B( 9599)	 114.000000	 22.000000	      -	 time:528.2480s
B&B( 9699)	 114.000000	 22.000000	      -	 time:533.2540s
B&B( 9795)	 114.000000	 22.000000	      -	 time:538.2920s
B&B( 9883)	 114.000000	 22.000000	      -	 time:543.3020s
B&B( 9976)	 114.000000	 22.000000	      -	 time:548.3410s
B&B(10073)	 114.000000	 22.000000	      -	 time:553.3650s
B&B(10170)	 114.000000	 22.000000	      -	 time:558.3860s
B&B(10261)	 114.000000	 22.000000	      -	 time:563.4290s
B&B(10350)	 114.000000	 22.000000	      -	 time:568.4710s
B&B(10444)	 113.000000	 22.000000	      -	 time:573.5030s
B&B(10541)	 113.000000	 22.000000	      -	 time:578.5250s
B&B(10633)	 113.000000	 22.000000	      -	 time:583.5670s
B&B(10731)	 113.000000	 22.000000	      -	 time:588.5760s
B&B(10824)	 113.000000	 22.000000	      -	 time:593.6240s
B&B(10913)	 113.000000	 22.000000	      -	 time:598.6720s
B&B(11004)	 113.000000	 22.000000	      -	 time:603.7050s
B&B(11101)	 113.000000	 22.000000	      -	 time:608.7480s
update in RO 23.0000

CHECKER is 1 SUM:23
TIME:609410.000000
P TIGHTEN: 609.411000 <P:23.000000, D:113.000000, INC:(349)[0 0 0 0 0 0 0 0 0 0 0 0 0 0 1 0 0 0 0 0 0 0 0 0 1 0 0 0 0 0 0 0 0 0 0 0 0 0 0 0 0 1 0 0 1 0 0 0 0 0 0 0 0 0 0 0 0 0 0 0 0 0 0 0 0 0 0 0 0 0 0 0 0 0 0 1 0 1 0 0 0 1 0 0 0 0 0 0 0 0 0 0 0 0 1 0 0 1 0 0 0 0 0 0 0 0 0 0 0 0 0 1 0 1 0 0 0 0 0 0 0 0 0 0 0 1 0 0 0 0 0 0 0 0 0 0 0 1 0 0 0 0 0 0 0 0 0 0 0 0 0 0 0 0 0 0 0 0 0 0 0 0 0 1 0 0 0 0 0 0 0 0 0 0 0 0 0 0 0 0 0 0 0 0 0 0 1 1 0 0 0 0 0 0 0 0 0 0 0 0 1 0 0 0 0 0 0 0 0 0 0 0 0 0 0 0 0 0 0 0 0 0 0 0 0 0 0 0 1 0 0 0 0 1 0 0 0 0 0 0 0 0 0 0 0 0 0 0 0 0 0 0 0 0 0 0 0 0 0 0 0 0 0 0 0 0 0 0 0 0 0 0 0 0 0 0 0 0 0 0 0 0 0 0 0 0 0 0 0 0 0 0 0 0 0 0 0 1 0 0 1 0 0 0 0 0 0 0 0 0 0 0 0 0 0 0 0 0 1 0 0 0 0 0 0 0 0 0 0 1 0 0 0 0 0 0 0 0 0 0 0 0 0 0 0 0 0 0 0 ]> 23.000000 23.000000 + 0.000000 #26011
update in RO 24.000000

CHECKER is 1 SUM:24
TIME:609410.000000
P TIGHTEN: 609.411000 <P:24.000000, D:113.000000, INC:(349)[0 0 0 0 0 0 0 0 0 0 0 0 0 0 1 0 0 0 0 0 0 0 0 0 1 0 0 0 0 0 0 0 0 0 0 0 0 0 0 0 0 1 0 0 1 0 0 0 0 0 0 0 0 0 0 0 0 0 0 0 0 0 0 0 0 0 0 0 0 0 0 0 0 0 0 1 0 1 0 0 0 1 0 0 0 0 0 0 0 0 0 0 0 0 1 0 0 1 0 0 0 0 0 0 0 0 0 0 0 0 0 1 0 1 0 0 0 0 0 0 0 0 0 0 0 1 0 0 0 0 0 0 0 0 0 0 0 1 0 0 0 0 0 0 0 0 0 0 0 0 0 0 0 0 0 0 0 0 0 0 0 0 0 1 0 0 0 0 0 0 0 0 0 0 0 0 0 0 0 0 0 0 0 0 0 0 1 1 0 0 0 0 0 0 0 0 0 0 0 0 1 0 0 0 0 0 0 0 0 0 0 0 0 0 0 0 0 0 0 0 0 0 0 0 0 0 0 0 1 0 0 0 0 1 0 0 0 0 0 0 0 0 0 0 0 0 0 0 0 0 0 0 0 0 0 0 0 0 0 0 0 0 0 0 0 0 0 0 0 0 0 0 0 0 0 0 0 0 0 0 0 0 0 0 0 0 0 0 0 0 0 0 0 0 0 0 0 1 0 0 1 0 0 0 0 0 0 0 0 0 0 0 0 0 0 0 0 0 1 0 0 0 0 0 0 0 0 0 0 1 0 0 0 0 0 0 0 0 0 0 0 0 0 0 0 0 0 0 1 ]> 24.000000 24.000000 + 0.000000 #26011
B&B(11202)	 113.000000	 24.000000	      -	 time:613.7730s
B&B(11299)	 113.000000	 24.000000	      -	 time:618.8160s
B&B(11398)	 113.000000	 24.000000	      -	 time:623.8300s
B&B(11495)	 113.000000	 24.000000	      -	 time:628.8440s
B&B(11591)	 113.000000	 24.000000	      -	 time:633.8890s
B&B(11681)	 113.000000	 24.000000	      -	 time:638.9150s
B&B(11779)	 113.000000	 24.000000	      -	 time:643.9350s
B&B(11873)	 113.000000	 24.000000	      -	 time:648.9540s
B&B(11975)	 113.000000	 24.000000	      -	 time:653.9710s
B&B(12080)	 113.000000	 24.000000	      -	 time:659.0020s
B&B(12170)	 113.000000	 24.000000	      -	 time:664.0210s
B&B(12270)	 113.000000	 24.000000	      -	 time:669.0560s
B&B(12368)	 112.000000	 24.000000	      -	 time:674.0740s
B&B(12466)	 112.000000	 24.000000	      -	 time:679.0830s
B&B(12565)	 112.000000	 24.000000	      -	 time:684.1160s
B&B(12671)	 112.000000	 24.000000	      -	 time:689.1560s
B&B(12772)	 112.000000	 24.000000	      -	 time:694.1600s
B&B(12874)	 112.000000	 24.000000	      -	 time:699.1800s
B&B(12973)	 112.000000	 24.000000	      -	 time:704.2210s
B&B(13072)	 112.000000	 24.000000	      -	 time:709.2760s
B&B(13174)	 112.000000	 24.000000	      -	 time:714.3020s
B&B(13274)	 112.000000	 24.000000	      -	 time:719.3090s
B&B(13370)	 112.000000	 24.000000	      -	 time:724.3510s
B&B(13466)	 112.000000	 24.000000	      -	 time:729.3920s
B&B(13560)	 112.000000	 24.000000	      -	 time:734.4240s
B&B(13664)	 112.000000	 24.000000	      -	 time:739.4490s
B&B(13765)	 112.000000	 24.000000	      -	 time:744.4600s
B&B(13870)	 112.000000	 24.000000	      -	 time:749.4620s
B&B(13967)	 112.000000	 24.000000	      -	 time:754.4680s
B&B(1Command exited with non-zero status 124
	Command being timed: "/usr/bin/timeout 915 /home/fabio/CODD-NEWDom/cmake-build-release-ilyin/misp5 /home/fabio/CODD-NEWDom/data/misp/san400_0.7_1.clq 128"
	User time (seconds): 912.82
	System time (seconds): 2.46
	Percent of CPU this job got: 99%
	Elapsed (wall clock) time (h:mm:ss or m:ss): 15:15.37
	Average shared text size (kbytes): 0
	Average unshared data size (kbytes): 0
	Average stack size (kbytes): 0
	Average total size (kbytes): 0
	Maximum resident set size (kbytes): 4869120
	Average resident set size (kbytes): 0
	Major (requiring I/O) page faults: 0
	Minor (reclaiming a frame) page faults: 1218916
	Voluntary context switches: 4
	Involuntary context switches: 3397
	Swaps: 0
	File system inputs: 0
	File system outputs: 48
	Socket messages sent: 0
	Socket messages received: 0
	Signals delivered: 0
	Page size (bytes): 4096
	Exit status: 124

