COMMAND: /usr/bin/time -v /usr/bin/timeout 915 /home/fabio/CODD-NEWDom/cmake-build-release-ilyin/misp5 /home/fabio/CODD-NEWDom/data/misp/brock800_3.clq 256
TOP=800
B&B searching...
dual@root:800
B&B Nodes          Dual	 Primal	 Gap(%)
----------------------------------------------
update in RO 12.000000

CHECKER is 1 SUM:12
TIME:468.000000
P TIGHTEN: 0.469000 <P:12.000000, D:800.000000, INC:(168)[0 0 0 0 0 0 0 0 0 1 1 0 0 0 0 1 1 1 0 0 0 0 0 1 0 0 0 0 0 0 0 0 1 0 0 0 1 0 0 0 1 0 0 0 0 0 0 0 0 0 0 0 0 0 0 0 0 0 0 0 0 0 0 0 0 0 0 0 0 0 0 0 0 0 0 0 0 0 0 0 0 0 0 0 0 0 0 0 0 0 0 0 0 0 0 0 0 0 0 0 0 0 0 0 0 0 0 0 0 0 0 0 0 0 0 0 0 0 0 0 0 1 0 0 0 0 0 0 0 0 0 0 0 0 1 0 0 0 0 0 0 0 0 0 0 0 0 0 0 0 0 0 0 0 0 0 0 0 0 0 0 0 0 0 1 0 0 0 ]> 12.000000 12.000000 + 0.000000 #39905
update in RO 13.000000

CHECKER is 1 SUM:13
TIME:468.000000
P TIGHTEN: 0.469000 <P:13.000000, D:800.000000, INC:(168)[0 0 0 0 0 0 0 0 0 1 1 0 0 0 0 1 1 1 0 0 0 0 0 1 0 0 0 0 0 0 0 0 1 0 0 0 1 0 0 0 1 0 0 0 0 0 0 0 0 0 0 0 0 0 0 0 0 0 0 0 0 0 0 0 0 0 0 0 0 0 0 0 0 0 0 0 0 0 0 0 0 0 0 0 0 0 0 0 0 0 0 0 0 0 0 0 0 0 0 0 0 0 0 0 0 0 0 0 0 0 0 0 0 0 0 0 0 0 0 0 0 1 0 0 0 0 0 0 0 0 0 0 0 0 1 0 0 0 0 0 0 0 0 0 0 0 0 0 0 0 0 0 0 0 0 0 0 0 0 0 0 0 0 0 1 0 0 1 ]> 13.000000 13.000000 + 0.000000 #39905
update in RO 14.000000

CHECKER is 1 SUM:14
TIME:472.000000
P TIGHTEN: 0.472000 <P:14.000000, D:800.000000, INC:(184)[0 0 0 0 0 0 1 1 0 1 1 0 0 0 0 0 1 0 0 0 1 0 0 0 0 0 1 0 0 0 0 0 0 0 0 0 0 0 0 0 1 0 0 0 0 0 0 0 0 0 0 0 0 0 0 0 0 0 0 0 0 0 0 0 0 0 0 0 0 0 0 0 0 1 0 0 0 0 0 0 0 0 0 0 0 0 0 0 0 0 0 0 0 0 1 0 0 0 0 0 0 0 0 0 0 0 0 0 0 0 0 0 0 0 0 0 0 0 0 0 0 1 0 0 0 0 0 0 0 0 0 0 0 0 1 0 0 0 0 0 0 0 0 0 1 0 0 0 0 0 0 0 0 0 0 0 0 0 0 0 0 0 0 0 0 0 0 0 0 0 0 0 0 0 0 0 0 0 0 0 0 0 0 1 ]> 14.000000 14.000000 + 0.000000 #43970
update in RO 15.000000

CHECKER is 1 SUM:15
TIME:485.000000
P TIGHTEN: 0.486000 <P:15.000000, D:800.000000, INC:(250)[0 1 0 0 1 0 0 0 1 0 0 0 0 0 0 1 0 1 0 0 0 0 1 1 0 0 0 0 0 0 0 0 0 0 0 0 0 0 0 0 1 0 0 0 0 0 1 0 0 0 0 0 0 0 0 0 0 0 0 0 0 0 0 0 0 0 0 0 0 0 0 0 0 0 0 0 1 0 0 0 0 0 0 0 0 0 0 0 0 0 0 0 0 0 0 0 0 0 0 0 0 0 0 0 0 0 0 0 0 0 0 0 0 0 0 0 0 0 0 0 0 0 0 0 0 0 0 0 0 0 0 0 0 0 0 0 0 0 0 0 0 0 0 0 0 0 0 0 0 0 0 0 0 0 0 0 0 0 0 0 0 0 0 0 1 0 0 1 0 0 0 0 0 0 0 0 0 0 0 0 0 0 0 0 0 0 0 0 0 0 0 0 0 0 0 0 0 0 0 1 0 0 1 0 0 0 0 0 0 0 0 0 0 0 0 0 0 0 0 0 0 0 0 0 0 0 0 0 0 0 0 0 0 0 0 0 0 0 0 0 0 0 0 1 0 0 0 0 0 0 ]> 15.000000 15.000000 + 0.000000 #60802
update in RO 16.000000

CHECKER is 1 SUM:16
TIME:485.000000
P TIGHTEN: 0.486000 <P:16.000000, D:800.000000, INC:(250)[0 1 0 0 1 0 0 0 1 0 0 0 0 0 0 1 0 1 0 0 0 0 1 1 0 0 0 0 0 0 0 0 0 0 0 0 0 0 0 0 1 0 0 0 0 0 1 0 0 0 0 0 0 0 0 0 0 0 0 0 0 0 0 0 0 0 0 0 0 0 0 0 0 0 0 0 1 0 0 0 0 0 0 0 0 0 0 0 0 0 0 0 0 0 0 0 0 0 0 0 0 0 0 0 0 0 0 0 0 0 0 0 0 0 0 0 0 0 0 0 0 0 0 0 0 0 0 0 0 0 0 0 0 0 0 0 0 0 0 0 0 0 0 0 0 0 0 0 0 0 0 0 0 0 0 0 0 0 0 0 0 0 0 0 1 0 0 1 0 0 0 0 0 0 0 0 0 0 0 0 0 0 0 0 0 0 0 0 0 0 0 0 0 0 0 0 0 0 0 1 0 0 1 0 0 0 0 0 0 0 0 0 0 0 0 0 0 0 0 0 0 0 0 0 0 0 0 0 0 0 0 0 0 0 0 0 0 0 0 0 0 0 0 1 0 0 0 0 0 1 ]> 16.000000 16.000000 + 0.000000 #60802
update in RO 17.000000

CHECKER is 1 SUM:17
TIME:516.000000
P TIGHTEN: 0.517000 <P:17.000000, D:800.000000, INC:(573)[0 1 0 0 1 0 0 0 1 0 0 0 0 0 0 1 0 1 0 0 0 0 1 1 0 0 0 0 0 0 0 0 0 0 0 0 0 0 0 0 1 0 0 0 0 0 1 0 0 0 0 0 0 0 0 0 0 0 0 0 0 0 0 0 0 0 0 0 0 0 0 0 0 0 0 0 1 0 0 0 0 0 0 0 0 0 0 0 0 0 0 0 0 0 0 0 0 0 0 0 0 0 0 0 0 0 0 0 0 0 0 0 0 0 0 0 0 0 0 0 0 0 0 0 0 0 0 0 0 0 0 0 0 0 0 0 0 0 0 0 0 0 0 0 0 0 0 0 0 0 0 0 0 0 0 0 0 0 0 0 0 0 0 0 1 0 0 0 0 0 0 0 0 0 0 0 0 0 0 0 0 0 0 0 0 0 0 0 0 0 0 0 0 0 0 0 0 0 0 1 0 0 0 0 0 0 0 0 0 0 0 0 0 0 0 0 0 0 0 0 0 0 0 0 0 0 0 0 0 0 0 0 0 0 0 0 0 0 0 0 0 0 0 1 0 0 0 0 0 0 0 0 0 0 0 0 0 0 0 0 0 0 0 0 0 0 0 0 0 0 0 0 0 0 0 0 0 0 0 0 0 0 0 0 0 0 0 0 0 0 0 0 0 0 0 0 0 0 0 0 0 0 0 0 0 0 0 0 0 0 0 0 0 0 0 0 0 0 0 0 0 0 0 0 0 0 0 0 0 0 0 0 0 0 0 0 0 0 0 0 0 0 0 0 0 0 0 0 0 0 0 0 0 0 0 0 0 0 0 0 0 0 0 0 0 0 0 0 0 0 0 0 0 0 0 0 0 0 0 0 0 0 0 0 0 0 0 0 0 0 0 0 0 0 0 0 0 0 0 0 0 0 0 0 0 0 0 0 0 0 0 0 0 0 0 0 0 0 0 0 0 0 0 0 0 0 0 0 0 0 0 0 0 0 0 0 0 0 0 0 1 0 0 0 0 0 0 0 0 0 0 0 0 0 0 0 0 0 0 0 0 0 0 0 0 0 0 0 1 0 0 0 0 0 0 0 0 0 0 0 0 0 0 0 0 0 0 0 0 0 0 0 0 0 0 0 0 0 0 0 0 0 0 0 0 0 0 0 0 0 0 0 0 0 1 0 0 0 0 0 0 0 0 0 0 0 0 0 0 0 0 0 0 0 0 0 0 0 0 0 0 0 0 0 0 0 0 0 0 0 0 0 0 0 0 0 0 0 0 0 0 0 0 0 0 0 0 0 0 0 0 0 1 ]> 17.000000 17.000000 + 0.000000 #84776
update in RO 18.000000

CHECKER is 1 SUM:18
TIME:517.000000
P TIGHTEN: 0.517000 <P:18.000000, D:800.000000, INC:(679)[0 1 0 0 1 0 0 0 1 0 0 0 0 0 0 1 0 1 1 0 0 0 1 0 0 0 0 1 0 0 0 0 0 0 0 0 0 0 0 0 1 0 0 0 0 0 0 0 0 0 0 0 0 0 0 0 0 0 0 0 0 0 0 0 0 0 0 0 0 0 0 0 0 0 0 0 0 0 0 0 0 0 0 0 0 0 0 0 0 0 0 0 0 0 0 0 0 0 0 0 0 0 0 0 0 0 0 0 0 0 0 0 0 0 0 0 0 0 0 0 0 0 0 0 0 0 0 0 0 0 0 1 0 0 0 0 0 0 0 0 1 0 0 0 0 0 0 0 0 0 0 0 0 0 0 0 0 0 0 0 0 0 0 0 0 0 0 0 0 0 0 0 0 0 0 0 0 0 0 0 0 0 0 0 0 0 0 0 0 0 0 0 0 0 0 0 0 0 0 0 0 0 0 0 0 0 0 0 0 0 0 0 0 0 0 0 0 0 0 0 0 0 0 0 0 0 0 0 0 0 0 0 0 0 0 0 0 0 0 0 0 0 0 0 0 0 0 0 0 0 0 0 0 0 0 0 0 0 0 0 0 0 0 0 0 0 0 0 0 0 0 0 0 0 0 0 0 0 0 0 0 0 0 0 0 0 0 0 0 0 0 0 0 0 0 0 0 0 0 0 0 0 0 0 0 0 0 0 0 0 0 0 0 0 0 0 0 1 0 0 0 0 0 0 0 0 0 0 0 0 0 0 0 0 0 0 0 0 0 0 0 0 0 0 0 0 0 0 0 0 0 0 0 0 1 0 0 0 0 0 0 0 0 0 0 0 0 0 0 0 0 0 0 0 0 0 0 0 0 0 0 0 0 0 0 0 0 0 0 0 0 0 0 0 0 0 0 0 0 0 0 0 0 0 0 0 0 0 0 0 0 0 0 0 0 0 0 0 0 0 0 0 0 0 0 0 0 0 0 0 0 0 0 0 0 0 0 0 0 0 1 0 0 0 0 0 0 0 0 0 0 0 0 0 0 0 0 0 0 0 0 0 0 0 0 0 0 0 0 0 0 0 0 0 0 0 0 0 0 0 0 0 0 0 0 0 0 0 0 0 0 0 0 0 0 0 0 0 0 0 0 0 0 0 0 0 0 0 0 0 0 0 0 0 0 0 0 0 0 0 0 0 0 0 0 0 0 0 0 0 0 0 0 0 0 0 0 0 0 0 0 0 0 0 0 0 0 0 0 0 0 0 0 0 0 0 0 0 0 0 0 0 0 0 0 0 0 0 0 0 0 0 1 0 0 0 0 0 0 0 0 0 0 0 0 0 0 0 0 0 0 0 0 0 0 0 0 0 0 0 0 0 0 0 0 0 0 0 0 0 0 0 0 0 0 0 0 0 0 0 0 0 0 0 0 0 0 0 0 0 0 0 0 0 0 0 0 0 0 0 0 1 0 0 1 0 0 0 0 0 0 0 0 0 0 0 0 0 0 0 0 0 0 0 0 0 0 0 0 0 0 0 0 0 0 0 0 0 1 ]> 18.000000 18.000000 + 0.000000 #84882
B&B(   18)	 195.000000	 18.000000	      -	 time:5.1780s
B&B(   38)	 195.000000	 18.000000	      -	 time:10.2850s
B&B(   58)	 195.000000	 18.000000	      -	 time:15.4550s
B&B(   78)	 195.000000	 18.000000	      -	 time:20.6220s
B&B(   98)	 195.000000	 18.000000	      -	 time:25.7390s
B&B(  118)	 195.000000	 18.000000	      -	 time:30.8410s
B&B(  138)	 195.000000	 18.000000	      -	 time:35.9590s
B&B(  158)	 195.000000	 18.000000	      -	 time:41.0610s
update in RO 19.0000

CHECKER is 1 SUM:19
TIME:45994.000000
P TIGHTEN: 45.994000 <P:19.000000, D:195.000000, INC:(748)[0 0 0 0 0 0 0 1 1 0 0 0 0 0 0 0 1 0 0 1 0 0 0 0 0 0 0 0 0 1 0 1 0 0 0 0 0 0 0 0 0 0 0 0 0 0 0 0 0 0 0 0 0 0 0 0 0 0 0 0 1 0 0 0 0 0 0 0 0 0 1 0 0 0 0 0 0 0 0 0 0 0 0 0 0 0 0 0 0 0 0 0 0 0 0 0 0 0 1 0 1 0 0 0 0 0 0 0 0 0 0 0 0 0 0 0 0 0 0 0 1 0 0 0 0 0 0 0 0 0 0 0 0 0 0 0 0 0 0 0 0 0 0 0 0 0 0 0 0 0 0 0 0 0 0 0 0 0 0 0 0 0 0 0 0 0 0 0 0 0 0 0 0 0 0 0 0 0 0 0 0 0 0 0 0 0 0 0 0 0 0 0 0 0 0 0 0 0 0 0 0 0 0 0 0 0 0 0 1 0 0 0 0 0 0 0 0 0 0 0 0 0 0 0 0 0 0 0 0 0 0 0 0 0 0 0 0 0 0 0 0 0 0 0 0 0 0 0 0 0 0 0 0 0 0 0 0 0 0 0 0 0 0 0 0 0 0 0 0 0 0 0 0 0 0 0 0 0 0 0 0 0 1 0 0 1 0 1 0 0 0 0 0 0 0 0 0 1 0 0 0 0 0 0 0 0 0 0 0 0 0 0 0 0 0 0 0 0 1 0 0 0 0 0 0 0 0 0 0 0 0 0 0 0 0 0 0 0 0 0 0 0 0 0 0 0 0 0 0 0 0 0 0 0 0 0 0 0 0 0 0 0 0 0 0 0 0 1 0 0 0 0 0 0 0 0 0 0 0 0 0 0 0 0 0 0 0 0 0 0 0 0 0 0 0 0 0 0 0 0 0 0 0 0 0 0 0 0 0 0 0 0 0 0 0 0 0 0 0 0 0 0 0 0 0 0 0 0 0 0 0 0 0 0 0 0 0 0 0 0 0 0 0 0 0 0 0 0 0 0 0 0 0 0 0 0 0 0 0 0 0 0 0 0 0 0 0 0 0 0 0 0 0 0 0 0 0 0 0 0 0 0 0 0 0 0 0 0 0 0 0 0 0 0 0 0 0 0 0 0 0 0 0 0 0 0 0 0 0 0 0 0 0 0 0 0 0 0 0 0 0 0 0 0 0 0 0 0 0 0 0 0 0 0 0 0 0 0 0 0 0 0 0 0 0 0 0 0 0 0 0 0 0 0 0 0 0 0 0 0 0 0 0 1 0 0 0 0 0 0 0 0 0 0 0 0 0 0 0 0 0 0 0 0 0 0 0 0 0 0 0 0 0 0 0 0 0 0 0 0 0 0 0 0 0 0 0 0 0 0 0 0 0 0 0 0 0 0 0 0 0 0 0 0 0 0 0 0 0 0 0 0 0 0 0 0 0 0 0 0 0 0 0 0 0 0 0 0 0 0 0 0 0 0 0 0 0 0 0 0 0 0 0 0 0 0 0 0 0 0 0 0 0 0 0 0 0 0 0 0 0 0 0 0 0 0 0 0 0 0 0 0 0 0 0 0 0 0 0 0 0 0 0 0 0 0 0 0 0 0 0 0 0 0 0 0 0 0 0 0 0 0 0 0 0 0 0 0 0 0 0 0 0 0 0 0 0 0 0 0 0 0 0 0 0 0 0 0 ]> 19.000000 19.000000 + 0.000000 #91678
update in RO 20.000000

CHECKER is 1 SUM:20
TIME:45994.000000
P TIGHTEN: 45.994000 <P:20.000000, D:195.000000, INC:(748)[0 0 0 0 0 0 0 1 1 0 0 0 0 0 0 0 1 0 0 1 0 0 0 0 0 0 0 0 0 1 0 1 0 0 0 0 0 0 0 0 0 0 0 0 0 0 0 0 0 0 0 0 0 0 0 0 0 0 0 0 1 0 0 0 0 0 0 0 0 0 1 0 0 0 0 0 0 0 0 0 0 0 0 0 0 0 0 0 0 0 0 0 0 0 0 0 0 0 1 0 1 0 0 0 0 0 0 0 0 0 0 0 0 0 0 0 0 0 0 0 1 0 0 0 0 0 0 0 0 0 0 0 0 0 0 0 0 0 0 0 0 0 0 0 0 0 0 0 0 0 0 0 0 0 0 0 0 0 0 0 0 0 0 0 0 0 0 0 0 0 0 0 0 0 0 0 0 0 0 0 0 0 0 0 0 0 0 0 0 0 0 0 0 0 0 0 0 0 0 0 0 0 0 0 0 0 0 0 1 0 0 0 0 0 0 0 0 0 0 0 0 0 0 0 0 0 0 0 0 0 0 0 0 0 0 0 0 0 0 0 0 0 0 0 0 0 0 0 0 0 0 0 0 0 0 0 0 0 0 0 0 0 0 0 0 0 0 0 0 0 0 0 0 0 0 0 0 0 0 0 0 0 1 0 0 1 0 1 0 0 0 0 0 0 0 0 0 1 0 0 0 0 0 0 0 0 0 0 0 0 0 0 0 0 0 0 0 0 1 0 0 0 0 0 0 0 0 0 0 0 0 0 0 0 0 0 0 0 0 0 0 0 0 0 0 0 0 0 0 0 0 0 0 0 0 0 0 0 0 0 0 0 0 0 0 0 0 1 0 0 0 0 0 0 0 0 0 0 0 0 0 0 0 0 0 0 0 0 0 0 0 0 0 0 0 0 0 0 0 0 0 0 0 0 0 0 0 0 0 0 0 0 0 0 0 0 0 0 0 0 0 0 0 0 0 0 0 0 0 0 0 0 0 0 0 0 0 0 0 0 0 0 0 0 0 0 0 0 0 0 0 0 0 0 0 0 0 0 0 0 0 0 0 0 0 0 0 0 0 0 0 0 0 0 0 0 0 0 0 0 0 0 0 0 0 0 0 0 0 0 0 0 0 0 0 0 0 0 0 0 0 0 0 0 0 0 0 0 0 0 0 0 0 0 0 0 0 0 0 0 0 0 0 0 0 0 0 0 0 0 0 0 0 0 0 0 0 0 0 0 0 0 0 0 0 0 0 0 0 0 0 0 0 0 0 0 0 0 0 0 0 0 0 1 0 0 0 0 0 0 0 0 0 0 0 0 0 0 0 0 0 0 0 0 0 0 0 0 0 0 0 0 0 0 0 0 0 0 0 0 0 0 0 0 0 0 0 0 0 0 0 0 0 0 0 0 0 0 0 0 0 0 0 0 0 0 0 0 0 0 0 0 0 0 0 0 0 0 0 0 0 0 0 0 0 0 0 0 0 0 0 0 0 0 0 0 0 0 0 0 0 0 0 0 0 0 0 0 0 0 0 0 0 0 0 0 0 0 0 0 0 0 0 0 0 0 0 0 0 0 0 0 0 0 0 0 0 0 0 0 0 0 0 0 0 0 0 0 0 0 0 0 0 0 0 0 0 0 0 0 0 0 0 0 0 0 0 0 0 0 0 0 0 0 0 0 0 0 0 0 0 0 0 0 0 0 0 1 ]> 20.000000 20.000000 + 0.000000 #91678
B&B(  178)	 195.000000	 20.000000	      -	 time:46.2470s
B&B(  198)	 194.000000	 20.000000	      -	 time:51.4500s
B&B(  218)	 194.000000	 20.000000	      -	 time:56.4720s
B&B(  238)	 193.000000	 20.000000	      -	 time:61.7180s
B&B(  258)	 193.000000	 20.000000	      -	 time:66.7960s
B&B(  278)	 193.000000	 20.000000	      -	 time:71.8730s
B&B(  300)	 193.000000	 20.000000	      -	 time:77.0790s
B&B(  322)	 193.000000	 20.000000	      -	 time:82.3110s
B&B(  342)	 192.000000	 20.000000	      -	 time:87.4060s
B&B(  363)	 192.000000	 20.000000	      -	 time:92.5710s
B&B(  384)	 192.000000	 20.000000	      -	 time:97.6200s
B&B(  405)	 189.000000	 20.000000	      -	 time:102.8540s
B&B(  425)	 189.000000	 20.000000	      -	 time:107.9120s
B&B(  446)	 189.000000	 20.000000	      -	 time:113.1010s
B&B(  467)	 189.000000	 20.000000	      -	 time:118.2630s
B&B(  488)	 189.000000	 20.000000	      -	 time:123.2870s
B&B(  509)	 189.000000	 20.000000	      -	 time:128.4100s
B&B(  530)	 189.000000	 20.000000	      -	 time:133.4470s
B&B(  551)	 188.000000	 20.000000	      -	 time:138.6310s
B&B(  571)	 188.000000	 20.000000	      -	 time:143.7710s
B&B(  591)	 186.000000	 20.000000	      -	 time:148.8200s
B&B(  611)	 186.000000	 20.000000	      -	 time:153.8460s
B&B(  632)	 186.000000	 20.000000	      -	 time:158.8760s
B&B(  654)	 186.000000	 20.000000	      -	 time:163.9880s
B&B(  676)	 186.000000	 20.000000	      -	 time:169.0620s
B&B(  698)	 186.000000	 20.000000	      -	 time:174.0850s
B&B(  719)	 185.000000	 20.000000	      -	 time:179.3130s
B&B(  740)	 185.000000	 20.000000	      -	 time:184.4790s
B&B(  761)	 183.000000	 20.000000	      -	 time:189.4940s
B&B(  782)	 183.000000	 20.000000	      -	 time:194.6450s
B&B(  803)	 183.000000	 20.000000	      -	 time:199.8640s
B&B(  824)	 183.000000	 20.000000	      -	 time:204.9790s
B&B(  846)	 183.000000	 20.000000	      -	 time:210.0190s
B&B(  869)	 183.000000	 20.000000	      -	 time:215.2420s
B&B(  891)	 183.000000	 20.000000	      -	 time:220.3160s
B&B(  912)	 182.000000	 20.000000	      -	 time:225.3310s
B&B(  933)	 182.000000	 20.000000	      -	 time:230.4240s
B&B(  955)	 177.000000	 20.000000	      -	 time:235.6450s
B&B(  976)	 177.000000	 20.000000	      -	 time:240.7740s
B&B(  997)	 177.000000	 20.000000	      -	 time:245.9590s
B&B( 1020)	 177.000000	 20.000000	      -	 time:251.1620s
B&B( 1042)	 177.000000	 20.000000	      -	 time:256.2870s
B&B( 1064)	 177.000000	 20.000000	      -	 time:261.3590s
B&B( 1087)	 177.000000	 20.000000	      -	 time:266.5710s
B&B( 1108)	 176.000000	 20.000000	      -	 time:271.7790s
B&B( 1130)	 176.000000	 20.000000	      -	 time:276.9860s
B&B( 1152)	 176.000000	 20.000000	      -	 time:282.0720s
B&B( 1174)	 176.000000	 20.000000	      -	 time:287.2300s
B&B( 1197)	 176.000000	 20.000000	      -	 time:292.3910s
B&B( 1219)	 176.000000	 20.000000	      -	 time:297.5770s
B&B( 1240)	 175.000000	 20.000000	      -	 time:302.7210s
B&B( 1261)	 175.000000	 20.000000	      -	 time:307.9200s
B&B( 1283)	 173.000000	 20.000000	      -	 time:313.1430s
B&B( 1305)	 173.000000	 20.000000	      -	 time:318.2480s
B&B( 1327)	 172.000000	 20.000000	      -	 time:323.4850s
B&B( 1348)	 172.000000	 20.000000	      -	 time:328.5120s
B&B( 1371)	 172.000000	 20.000000	      -	 time:333.6130s
B&B( 1395)	 172.000000	 20.000000	      -	 time:338.8290s
B&B( 1418)	 172.000000	 20.000000	      -	 time:343.9460s
B&B( 1440)	 170.000000	 20.000000	      -	 time:348.9620s
B&B( 1463)	 170.000000	 20.000000	      -	 time:354.1730s
B&B( 1486)	 170.000000	 20.000000	      -	 time:359.3390s
B&B( 1509)	 170.000000	 20.000000	      -	 time:364.4040s
B&B( 1532)	 169.000000	 20.000000	      -	 time:369.4860s
B&B( 1553)	 169.000000	 20.000000	      -	 time:374.6120s
B&B( 1575)	 169.000000	 20.000000	      -	 time:379.6400s
B&B( 1597)	 168.000000	 20.000000	      -	 time:384.7130s
B&B( 1618)	 167.000000	 20.000000	      -	 time:389.7370s
B&B( 1640)	 167.000000	 20.000000	      -	 time:394.8420s
B&B( 1663)	 167.000000	 20.000000	      -	 time:399.9380s
B&B( 1686)	 167.000000	 20.000000	      -	 time:405.0840s
B&B( 1710)	 167.000000	 20.000000	      -	 time:410.2950s
B&B( 1733)	 166.000000	 20.000000	      -	 time:415.4570s
B&B( 1755)	 166.000000	 20.000000	      -	 time:420.6320s
B&B( 1778)	 166.000000	 20.000000	      -	 time:425.6520s
B&B( 1801)	 163.000000	 20.000000	      -	 time:430.8100s
B&B( 1824)	 163.000000	 20.000000	      -	 time:436.0130s
B&B( 1847)	 162.000000	 20.000000	      -	 time:441.1740s
B&B( 1870)	 162.000000	 20.000000	      -	 time:446.3590s
B&B( 1893)	 162.000000	 20.000000	      -	 time:451.3800s
B&B( 1917)	 162.000000	 20.000000	      -	 time:456.4630s
B&B( 1941)	 162.000000	 20.000000	      -	 time:461.6810s
B&B( 1965)	 161.000000	 20.000000	      -	 time:466.8160s
B&B( 1988)	 160.000000	 20.000000	      -	 time:471.9570s
B&B( 2012)	 160.000000	 20.000000	      -	 time:477.0020s
B&B( 2036)	 160.000000	 20.000000	      -	 time:482.1320s
B&B( 2060)	 160.000000	 20.000000	      -	 time:487.2450s
B&B( 2085)	 160.000000	 20.000000	      -	 time:492.3320s
B&B( 2110)	 159.000000	 20.000000	      -	 time:497.4630s
B&B( 2133)	 159.000000	 20.000000	      -	 time:502.6020s
B&B( 2156)	 158.000000	 20.000000	      -	 time:507.6370s
B&B( 2179)	 156.000000	 20.000000	      -	 time:512.7830s
B&B( 2202)	 154.000000	 20.000000	      -	 time:517.9400s
B&B( 2226)	 153.000000	 20.000000	      -	 time:523.0800s
B&B( 2250)	 153.000000	 20.000000	      -	 time:528.1860s
B&B( 2275)	 153.000000	 20.000000	      -	 time:533.3170s
B&B( 2299)	 152.000000	 20.000000	      -	 time:538.3550s
B&B( 2322)	 152.000000	 20.000000	      -	 time:543.4230s
B&B( 2347)	 152.000000	 20.000000	      -	 time:548.5690s
B&B( 2371)	 153.000000	 20.000000	      -	 time:553.7580s
B&B( 2395)	 153.000000	 20.000000	      -	 time:558.7730s
B&B( 2420)	 153.000000	 20.000000	      -	 time:563.8470s
B&B( 2445)	 153.000000	 20.000000	      -	 time:568.9020s
B&B( 2469)	 152.000000	 20.000000	      -	 time:573.9860s
B&B( 2493)	 152.000000	 20.000000	      -	 time:579.1240s
B&B( 2517)	 151.000000	 20.000000	      -	 time:584.2410s
B&B( 2541)	 150.000000	 20.000000	      -	 time:589.3150s
B&B( 2565)	 150.000000	 20.000000	      -	 time:594.3470s
B&B( 2591)	 150.000000	 20.000000	      -	 time:599.5340s
B&B( 2617)	 150.000000	 20.000000	      -	 time:604.6120s
B&B( 2643)	 150.000000	 20.000000	      -	 time:609.7400s
B&B( 2669)	 150.000000	 20.000000	      -	 time:614.8790s
B&B( 2693)	 149.000000	 20.000000	      -	 time:619.9670s
B&B( 2718)	 149.000000	 20.000000	      -	 time:625.0840s
B&B( 2741)	 148.000000	 20.000000	      -	 time:630.1870s
B&B( 2764)	 147.000000	 20.000000	      -	 time:635.2140s
B&B( 2787)	 146.000000	 20.000000	      -	 time:640.3550s
B&B( 2812)	 146.000000	 20.000000	      -	 time:645.4870s
B&B( 2838)	 146.000000	 Command exited with non-zero status 124
	Command being timed: "/usr/bin/timeout 915 /home/fabio/CODD-NEWDom/cmake-build-release-ilyin/misp5 /home/fabio/CODD-NEWDom/data/misp/brock800_3.clq 256"
	User time (seconds): 913.15
	System time (seconds): 2.02
	Percent of CPU this job got: 99%
	Elapsed (wall clock) time (h:mm:ss or m:ss): 15:15.28
	Average shared text size (kbytes): 0
	Average unshared data size (kbytes): 0
	Average stack size (kbytes): 0
	Average total size (kbytes): 0
	Maximum resident set size (kbytes): 3872312
	Average resident set size (kbytes): 0
	Major (requiring I/O) page faults: 0
	Minor (reclaiming a frame) page faults: 1119017
	Voluntary context switches: 4
	Involuntary context switches: 4154
	Swaps: 0
	File system inputs: 0
	File system outputs: 56
	Socket messages sent: 0
	Socket messages received: 0
	Signals delivered: 0
	Page size (bytes): 4096
	Exit status: 124

