COMMAND: /usr/bin/time -v /usr/bin/timeout 915 /home/fabio/CODD-NEWDom/cmake-build-release-ilyin/misp5 /home/fabio/CODD-NEWDom/data/misp/san200_0.9_3.clq 64
TOP=200
B&B searching...
dual@root:200
B&B Nodes          Dual	 Primal	 Gap(%)
----------------------------------------------
update in RO 29.000000

CHECKER is 1 SUM:29
TIME:18.000000
P TIGHTEN: 0.019000 <P:29.000000, D:200.000000, INC:(147)[0 1 1 0 0 1 1 0 1 1 1 0 0 1 1 0 1 0 0 1 1 1 0 0 1 0 0 0 0 1 0 0 0 1 1 0 1 0 0 1 0 0 1 0 0 0 1 0 0 0 0 0 0 0 1 0 0 0 0 0 0 0 0 0 0 1 0 0 0 0 0 0 0 0 0 0 1 0 0 1 0 0 0 0 1 0 0 1 0 0 0 0 0 0 0 0 0 0 0 0 0 0 0 0 0 0 0 0 0 0 0 0 0 0 0 0 0 0 1 0 0 0 0 0 0 0 0 0 0 0 0 0 0 0 0 0 0 0 0 0 0 0 0 0 0 0 1 ]> 29.000000 29.000000 + 0.000000 #8408
update in RO 30.000000

CHECKER is 1 SUM:30
TIME:27.000000
P TIGHTEN: 0.028000 <P:30.000000, D:120.000000, INC:(147)[0 0 0 0 0 1 1 0 0 1 1 0 1 1 1 0 1 1 0 1 1 1 0 0 1 0 0 0 0 1 1 0 0 1 1 0 0 0 0 1 0 0 1 0 0 0 1 0 0 0 0 0 1 0 1 0 0 0 0 0 0 0 0 0 0 0 0 0 0 0 0 0 1 0 0 0 1 0 0 1 1 0 0 0 0 0 0 0 0 0 0 0 0 0 0 0 0 0 0 0 0 0 0 0 0 0 0 0 0 0 0 0 0 0 0 0 0 0 1 0 0 0 0 0 0 0 0 0 0 0 1 0 0 0 0 0 0 0 0 1 0 0 0 0 0 0 1 ]> 30.000000 30.000000 + 0.000000 #7924
update in RO 31.000000

CHECKER is 1 SUM:31
TIME:27.000000
P TIGHTEN: 0.028000 <P:31.000000, D:120.000000, INC:(162)[0 0 0 0 0 1 1 0 0 1 1 0 1 1 1 0 1 1 0 1 1 1 0 0 1 0 0 0 0 1 1 0 0 1 0 0 1 0 0 1 0 1 0 1 0 0 1 0 0 0 0 0 0 0 1 0 0 0 0 0 0 0 0 0 0 1 0 0 0 0 0 0 1 0 0 0 1 0 0 1 0 0 0 0 1 0 0 0 0 0 0 0 0 0 0 0 0 0 0 0 0 1 0 0 0 0 0 0 0 0 0 0 0 0 0 0 0 0 0 0 0 0 0 0 0 0 0 0 0 0 0 0 0 0 0 0 0 0 0 0 0 0 0 0 0 0 1 0 0 0 0 1 0 0 0 0 0 0 0 0 0 1 ]> 31.000000 31.000000 + 0.000000 #8014
update in RO 32.000000

CHECKER is 1 SUM:32
TIME:267.000000
P TIGHTEN: 0.268000 <P:32.000000, D:120.000000, INC:(162)[0 0 0 1 1 0 0 0 0 0 1 0 0 1 1 1 1 1 0 1 1 1 0 0 0 0 1 0 0 1 1 1 0 0 0 0 0 0 0 0 0 1 0 1 1 0 1 0 0 0 0 0 0 0 1 0 0 0 0 0 0 0 0 0 0 1 0 0 0 0 0 0 0 0 0 0 1 0 0 0 0 0 0 0 1 0 0 0 0 0 0 0 0 0 0 0 0 0 0 0 0 0 0 0 0 0 1 0 0 0 0 0 0 0 0 0 0 0 0 0 0 0 0 0 0 0 0 1 0 0 0 0 0 1 0 1 0 0 0 1 0 0 0 0 0 0 1 1 0 0 0 0 0 0 1 0 0 0 0 0 0 1 ]> 32.000000 32.000000 + 0.000000 #7842
update in RO 33.000000

CHECKER is 1 SUM:33
TIME:683.000000
P TIGHTEN: 0.683000 <P:33.000000, D:116.000000, INC:(195)[0 0 0 0 0 0 1 0 0 0 0 0 0 1 1 0 1 1 0 1 1 1 0 0 0 0 1 0 0 1 1 1 0 1 0 0 1 0 0 1 0 1 0 1 0 0 1 0 1 0 0 0 0 0 1 0 0 0 0 0 1 0 0 0 0 1 0 0 0 0 0 0 1 0 0 0 0 0 0 0 0 0 0 0 1 0 0 0 1 0 0 0 0 0 0 0 0 0 0 0 0 1 0 0 0 0 0 0 0 0 0 0 0 0 0 0 0 0 0 0 0 0 0 0 0 0 0 0 0 0 0 1 0 1 0 0 0 0 0 0 0 0 0 0 0 0 1 1 0 0 0 0 0 0 0 0 0 0 1 0 0 1 0 0 0 0 0 0 0 0 0 0 0 0 0 0 0 0 0 0 0 0 0 0 0 0 0 0 0 0 0 0 0 0 1 ]> 33.000000 33.000000 + 0.000000 #7295
update in RO 34.000000

CHECKER is 1 SUM:34
TIME:1431.000000
P TIGHTEN: 1.431000 <P:34.000000, D:112.000000, INC:(197)[0 0 0 0 0 0 0 0 0 0 0 0 0 1 0 0 1 1 0 1 1 1 0 0 0 0 1 0 0 1 1 1 0 1 0 0 1 0 0 1 0 1 0 1 0 0 1 0 1 0 0 0 0 0 1 0 0 0 0 0 1 0 0 0 1 1 0 0 0 0 0 0 0 0 0 0 0 0 0 0 0 0 0 0 1 0 1 0 1 0 0 0 0 0 0 0 0 0 0 0 0 1 0 0 0 0 0 0 0 0 0 0 0 0 0 0 0 0 0 0 0 0 0 0 0 0 0 0 0 0 0 1 0 1 0 0 0 0 0 0 0 0 0 0 0 0 1 1 0 0 0 0 0 0 0 0 0 0 1 0 0 1 0 0 0 0 0 0 0 0 0 0 0 0 0 0 0 0 0 0 0 0 0 0 0 0 0 0 0 0 0 0 0 1 1 0 1 ]> 34.000000 34.000000 + 0.000000 #5977
B&B(  783)	 104.000000	 34.000000	      -	 time:5.0030s
B&B( 1609)	 101.000000	 34.000000	      -	 time:10.0040s
B&B( 2438)	 99.000000	 34.000000	      -	 time:15.0100s
update in RO 35.0000

CHECKER is 1 SUM:35
TIME:17517.000000
P TIGHTEN: 17.517000 <P:35.000000, D:98.000000, INC:(195)[0 0 0 0 0 0 0 0 0 0 1 0 0 0 0 0 0 0 0 1 0 1 1 0 1 0 0 1 0 0 0 1 0 1 0 0 1 1 0 0 0 1 0 1 1 1 0 0 0 0 1 0 0 0 0 0 1 0 0 0 0 0 0 1 0 1 0 1 0 0 0 1 0 0 0 0 0 0 0 0 0 0 0 0 1 0 1 0 0 0 0 0 1 0 0 0 0 0 0 0 1 0 0 1 0 0 0 0 0 0 0 0 0 0 0 0 0 0 0 0 0 0 0 0 0 0 0 1 0 0 0 0 0 1 1 1 0 1 0 0 0 0 0 0 0 0 0 1 0 0 0 0 0 0 0 0 0 0 0 0 0 1 0 0 0 0 0 0 0 0 0 0 0 0 0 0 0 0 0 0 0 0 0 0 0 0 0 0 1 0 0 0 1 0 1 ]> 35.000000 35.000000 + 0.000000 #7084
B&B( 3283)	 98.000000	 35.000000	      -	 time:20.0120s
B&B( 4061)	 96.000000	 35.000000	      -	 time:25.0160s
B&B( 4902)	 96.000000	 35.000000	      -	 time:30.0190s
B&B( 5776)	 95.000000	 35.000000	      -	 time:35.0210s
B&B( 6652)	 95.000000	 35.000000	      -	 time:40.0230s
B&B( 7535)	 94.000000	 35.000000	      -	 time:45.0250s
B&B( 8400)	 94.000000	 35.000000	      -	 time:50.0270s
B&B( 9281)	 93.000000	 35.000000	      -	 time:55.0290s
B&B(10154)	 93.000000	 35.000000	      -	 time:60.0310s
B&B(11040)	 93.000000	 35.000000	      -	 time:65.0320s
B&B(11927)	 92.000000	 35.000000	      -	 time:70.0340s
B&B(12812)	 92.000000	 35.000000	      -	 time:75.0360s
B&B(13695)	 92.000000	 35.000000	      -	 time:80.0420s
B&B(14582)	 91.000000	 35.000000	      -	 time:85.0450s
B&B(15483)	 91.000000	 35.000000	      -	 time:90.0510s
B&B(16394)	 91.000000	 35.000000	      -	 time:95.0540s
B&B(17295)	 91.000000	 35.000000	      -	 time:100.0570s
update in RO 36.0000

CHECKER is 1 SUM:36
TIME:101016.000000
P TIGHTEN: 101.016000 <P:36.000000, D:90.000000, INC:(197)[1 0 0 0 0 0 0 0 0 1 0 0 1 0 0 0 0 1 0 0 1 1 0 0 1 0 0 0 0 0 1 0 0 0 1 1 1 1 0 1 0 0 1 0 0 1 0 0 0 0 1 0 0 0 1 0 1 0 0 0 0 0 1 0 0 1 0 0 0 1 0 0 0 0 0 1 1 0 0 0 0 0 0 0 0 0 0 0 0 0 0 1 0 0 0 0 1 0 0 0 0 0 1 0 0 0 0 0 0 1 0 0 0 0 0 0 0 0 0 0 0 0 0 0 0 0 1 0 0 0 0 0 0 1 0 1 0 1 0 0 0 1 0 0 1 0 0 0 0 0 0 0 0 0 0 0 0 0 0 0 0 0 0 0 0 0 0 0 0 0 1 0 0 0 0 0 0 0 0 0 0 0 0 0 1 0 0 0 0 0 0 0 0 0 0 0 1 ]> 36.000000 36.000000 + 0.000000 #3963
B&B(18209)	 90.000000	 36.000000	      -	 time:105.0590s
B&B(19117)	 90.000000	 36.000000	      -	 time:110.0630s
B&B(20041)	 90.000000	 36.000000	      -	 time:115.0650s
B&B(20957)	 90.000000	 36.000000	      -	 time:120.0680s
B&B(21877)	 90.000000	 36.000000	      -	 time:125.0740s
B&B(22785)	 89.000000	 36.000000	      -	 time:130.0750s
B&B(23716)	 89.000000	 36.000000	      -	 time:135.0760s
B&B(24644)	 89.000000	 36.000000	      -	 time:140.0790s
B&B(25566)	 89.000000	 36.000000	      -	 time:145.0830s
B&B(26485)	 89.000000	 36.000000	      -	 time:150.0850s
B&B(27404)	 89.000000	 36.000000	      -	 time:155.0860s
B&B(28330)	 89.000000	 36.000000	      -	 time:160.0900s
B&B(29269)	 88.000000	 36.000000	      -	 time:165.0910s
B&B(30199)	 88.000000	 36.000000	      -	 time:170.0930s
B&B(31132)	 88.000000	 36.000000	      -	 time:175.0960s
B&B(32071)	 88.000000	 36.000000	      -	 time:180.0980s
B&B(32991)	 88.000000	 36.000000	      -	 time:185.1020s
B&B(33926)	 88.000000	 36.000000	      -	 time:190.1030s
B&B(34859)	 88.000000	 36.000000	      -	 time:195.1080s
B&B(35791)	 88.000000	 36.000000	      -	 time:200.1120s
B&B(36726)	 87.000000	 36.000000	      -	 time:205.1170s
B&B(37670)	 87.000000	 36.000000	      -	 time:210.1230s
B&B(38618)	 87.000000	 36.000000	      -	 time:215.1260s
B&B(39542)	 87.000000	 36.000000	      -	 time:220.1280s
B&B(40478)	 87.000000	 36.000000	      -	 time:225.1310s
B&B(41401)	 87.000000	 36.000000	      -	 time:230.1340s
B&B(42249)	 87.000000	 36.000000	      -	 time:235.1360s
B&B(43197)	 87.000000	 36.000000	      -	 time:240.1410s
B&B(44137)	 87.000000	 36.000000	      -	 time:245.1460s
B&B(45074)	 87.000000	 36.000000	      -	 time:250.1480s
B&B(45992)	 87.000000	 36.000000	      -	 time:255.1500s
B&B(46945)	 86.000000	 36.000000	      -	 time:260.1530s
B&B(47900)	 86.000000	 36.000000	      -	 time:265.1560s
B&B(48848)	 86.000000	 36.000000	      -	 time:270.1590s
B&B(49785)	 86.000000	 36.000000	      -	 time:275.1600s
B&B(50724)	 86.000000	 36.000000	      -	 time:280.1640s
B&B(51660)	 86.000000	 36.000000	      -	 time:285.1680s
B&B(52606)	 86.000000	 36.000000	      -	 time:290.1720s
B&B(53543)	 86.000000	 36.000000	      -	 time:295.1740s
B&B(54477)	 86.000000	 36.000000	      -	 time:300.1780s
B&B(55421)	 86.000000	 36.000000	      -	 time:305.1790s
B&B(56282)	 86.000000	 36.000000	      -	 time:310.1860s
B&B(57043)	 86.000000	 36.000000	      -	 time:315.1920s
B&B(57814)	 86.000000	 36.000000	      -	 time:320.1940s
B&B(58485)	 86.000000	 36.000000	      -	 time:325.1960s
B&B(59239)	 86.000000	 36.000000	      -	 time:330.2010s
B&B(59988)	 85.000000	 36.000000	      -	 time:335.2070s
B&B(60792)	 85.000000	 36.000000	      -	 time:340.2130s
B&B(61491)	 85.000000	 36.000000	      -	 time:345.2170s
B&B(62200)	 85.000000	 36.000000	      -	 time:350.2190s
B&B(63055)	 85.000000	 36.000000	      -	 time:355.2200s
B&B(63918)	 85.000000	 36.000000	      -	 time:360.2230s
B&B(64859)	 85.000000	 36.000000	      -	 time:365.2270s
B&B(65815)	 85.000000	 36.000000	      -	 time:370.2280s
B&B(66772)	 85.000000	 36.000000	      -	 time:375.2310s
B&B(67724)	 85.000000	 36.000000	      -	 time:380.2360s
B&B(68671)	 85.000000	 36.000000	      -	 time:385.2430s
B&B(69624)	 85.000000	 36.000000	      -	 time:390.2470s
B&B(70579)	 85.000000	 36.000000	      -	 time:395.2520s
B&B(71466)	 85.000000	 36.000000	      -	 time:400.2550s
B&B(72385)	 85.000000	 36.000000	      -	 time:405.2590s
B&B(73347)	 85.000000	 36.000000	      -	 time:410.2640s
B&B(74313)	 85.000000	 36.000000	      -	 time:415.2700s
B&B(75220)	 85.000000	 36.000000	      -	 time:420.2710s
B&B(76133)	 85.000000	 36.000000	      -	 time:425.2730s
B&B(77102)	 84.000000	 36.000000	      -	 time:430.2760s
B&B(78069)	 84.000000	 36.000000	      -	 time:435.2790s
B&B(79041)	 84.000000	 36.000000	      -	 time:440.2840s
B&B(80001)	 84.000000	 36.000000	      -	 time:445.2860s
B&B(80991)	 84.000000	 36.000000	      -	 time:450.2880s
B&B(81917)	 84.000000	 36.000000	      -	 time:455.2940s
B&B(82772)	 84.000000	 36.000000	      -	 time:460.2950s
B&B(83559)	 84.000000	 36.000000	      -	 time:465.2980s
B&B(84325)	 84.000000	 36.000000	      -	 time:470.3060s
B&B(85038)	 84.000000	 36.000000	      -	 time:475.3070s
B&B(85819)	 84.000000	 36.000000	      -	 time:480.3090s
B&B(86595)	 84.000000	 36.000000	      -	 time:485.3100s
B&B(87402)	 84.000000	 36.000000	      -	 time:490.3170s
B&B(88089)	 84.000000	 36.000000	      -	 time:495.3180s
B&B(88862)	 84.000000	 36.000000	      -	 time:500.3250s
B&B(89701)	 84.000000	 36.000000	      -	 time:505.3290s
B&B(90601)	 84.000000	 36.000000	      -	 time:510.3300s
B&B(91562)	 84.000000	 36.000000	      -	 time:515.3320s
B&B(92523)	 84.000000	 36.000000	      -	 time:520.3380s
B&B(93445)	 84.000000	 36.000000	      -	 time:525.3440s
B&B(94426)	 84.000000	 36.000000	      -	 time:530.3470s
B&B(95394)	 84.000000	 36.000000	      -	 time:535.3510s
B&B(96366)	 84.000000	 36.000000	      -	 time:540.3550s
B&B(97331)	 84.000000	 36.000000	      -	 time:545.3610s
B&B(98280)	 83.000000	 36.000000	      -	 time:550.3630s
B&B(99268)	 83.000000	 36.000000	      -	 time:555.3680s
B&B(100258)	 83.000000	 36.000000	      -	 time:560.3700s
B&B(101215)	 83.000000	 36.000000	      -	 time:565.3720s
B&B(102208)	 83.000000	 36.000000	      -	 time:570.3760s
B&B(103171)	 83.000000	 36.000000	      -	 time:575.3780s
B&B(104142)	 83.000000	 36.000000	      -	 time:580.3800s
B&B(105121)	 83.000000	 36.000000	      -	 time:585.3810s
B&B(106092)	 83.000000	 36.000000	      -	 time:590.3830s
B&B(107054)	 83.000000	 36.000000	      -	 time:595.3870s
B&B(108016)	 83.000000	 36.000000	      -	 time:600.3910s
B&B(108999)	 83.000000	 36.000000	      -	 time:605.3940s
B&B(109979)	 83.000000	 36.000000	      -	 time:610.3980s
B&B(110938)	 83.000000	 36.000000	      -	 time:615.4020s
B&B(111910)	 83.000000	 36.000000	      -	 time:620.4050s
B&B(112885)	 83.000000	 36.000000	      -	 time:625.4070s
B&B(113859)	 83.000000	 36.000000	      -	 time:630.4110s
B&B(114841)	 83.000000	 36.000000	      -	 time:635.4140s
B&B(115800)	 83.000000	 36.000000	      -	 time:640.4200s
B&B(116773)	 83.000000	 36.000000	      -	 time:645.4260s
B&B(117762)	 83.000000	 36.000000	      -	 time:650.4310s
B&B(118728)	 83.000000	 36.000000	      -	 time:655.4370s
B&B(119696)	 83.000000	 36.000000	      -	 time:660.4420s
B&B(120680)	 83.000000	 36.000000	      -	 time:665.4440s
B&B(121663)	 83.000000	 36.000000	      -	 time:670.4470s
B&B(122637)	 83.000000	 36.000000	      -	 time:675.4530s
B&B(123615)	 83.000000	 36.000000	      -	 time:680.4580s
B&B(124588)	 82.000000	 36.000000	      -	 time:685.4640s
B&B(125559)	 82.000000	 36.000000	      -	 time:690.4670s
B&B(126551)	 82.000000	 36.000000	      -	 time:695.4700s
B&B(127552)	 82.000000	 36.000000	      -	 time:700.4750s
B&B(128517)	 82.000000	 36.000000	      -	 time:705.4760s
B&B(129507)	 82.000000	 36.000000	      -	 time:710.4790s
B&B(130488)	Command exited with non-zero status 124
	Command being timed: "/usr/bin/timeout 915 /home/fabio/CODD-NEWDom/cmake-build-release-ilyin/misp5 /home/fabio/CODD-NEWDom/data/misp/san200_0.9_3.clq 64"
	User time (seconds): 908.64
	System time (seconds): 7.48
	Percent of CPU this job got: 99%
	Elapsed (wall clock) time (h:mm:ss or m:ss): 15:16.21
	Average shared text size (kbytes): 0
	Average unshared data size (kbytes): 0
	Average stack size (kbytes): 0
	Average total size (kbytes): 0
	Maximum resident set size (kbytes): 16404480
	Average resident set size (kbytes): 0
	Major (requiring I/O) page faults: 0
	Minor (reclaiming a frame) page faults: 4104645
	Voluntary context switches: 4
	Involuntary context switches: 3628
	Swaps: 0
	File system inputs: 0
	File system outputs: 48
	Socket messages sent: 0
	Socket messages received: 0
	Signals delivered: 0
	Page size (bytes): 4096
	Exit status: 124

