COMMAND: /usr/bin/time -v /usr/bin/timeout 915 /home/fabio/CODD-NEWDom/cmake-build-release-ilyin/misp5 /home/fabio/CODD-NEWDom/data/misp/p_hat1500-1.clq 64
TOP=1500
B&B searching...
dual@root:1500
B&B Nodes          Dual	 Primal	 Gap(%)
----------------------------------------------
update in RO 7.000000

CHECKER is 1 SUM:7
TIME:284.000000
P TIGHTEN: 0.284000 <P:7.000000, D:1500.000000, INC:(143)[0 0 0 0 1 0 0 0 0 0 1 0 0 0 0 0 0 0 0 1 0 0 0 0 0 0 0 0 0 0 1 0 0 0 0 0 0 0 0 0 0 0 0 0 0 0 0 0 0 0 0 0 0 0 0 0 0 0 0 0 0 0 0 0 0 0 0 0 0 0 0 1 0 0 0 0 0 0 0 0 0 0 0 0 0 0 0 0 0 0 0 0 0 0 0 0 0 0 0 0 0 0 0 0 0 0 0 0 0 0 0 0 0 0 0 0 0 0 0 0 0 0 0 0 0 0 0 0 0 0 1 0 0 0 0 0 0 0 0 0 0 0 1 ]> 7.000000 7.000000 + 0.000000 #8561
update in RO 8.000000

CHECKER is 1 SUM:8
TIME:300.000000
P TIGHTEN: 0.301000 <P:8.000000, D:1500.000000, INC:(386)[0 0 0 1 0 1 0 1 0 0 0 0 0 0 0 0 0 0 0 0 0 0 0 0 0 0 0 0 0 0 0 0 0 0 0 0 0 0 1 1 0 0 0 0 0 0 0 0 0 0 0 0 0 0 0 0 0 0 0 0 0 0 0 0 0 0 0 0 0 0 0 0 0 0 0 0 0 0 0 0 0 0 0 0 0 0 0 0 0 0 0 0 0 0 0 0 0 0 0 0 0 0 0 0 0 0 0 0 0 0 0 0 0 0 0 0 0 0 0 0 0 0 0 0 0 0 0 0 0 0 0 0 0 0 0 0 0 0 0 0 0 0 0 0 0 0 0 0 0 0 0 0 0 0 0 0 0 0 0 0 0 0 0 0 0 0 0 0 0 0 0 0 0 0 0 0 0 0 0 0 0 0 0 0 0 0 0 0 0 0 0 0 0 0 0 0 0 0 0 0 0 0 0 0 0 0 0 0 0 0 0 0 0 0 0 0 0 0 0 0 0 0 0 0 0 0 0 0 0 0 0 0 0 0 0 0 0 0 0 0 1 0 0 0 0 0 0 0 0 0 0 0 0 0 0 0 0 0 0 0 1 0 0 0 0 0 0 0 0 0 0 0 0 0 0 0 0 0 0 0 0 0 0 0 0 0 0 0 0 0 0 0 0 0 0 0 0 0 0 0 0 0 0 0 0 0 0 0 0 0 0 0 0 0 0 0 0 0 0 0 0 0 0 0 0 0 0 0 0 0 0 0 0 0 0 0 0 0 0 0 0 0 0 0 0 0 0 0 0 0 0 0 0 0 0 0 0 0 0 0 0 0 0 0 0 0 0 0 0 0 0 0 0 0 0 0 0 0 0 0 0 0 0 0 0 1 ]> 8.000000 8.000000 + 0.000000 #23912
update in RO 9.000000

CHECKER is 1 SUM:9
TIME:347.000000
P TIGHTEN: 0.347000 <P:9.000000, D:1500.000000, INC:(939)[0 0 0 0 1 0 0 0 0 0 1 0 0 0 0 0 0 0 0 1 0 0 0 0 0 0 0 1 0 0 0 0 1 0 0 0 0 0 0 0 0 0 0 0 0 0 0 0 0 0 0 0 0 0 0 0 0 0 0 0 0 0 0 0 0 0 0 0 0 0 0 1 0 0 0 0 0 0 0 0 0 0 0 0 0 0 0 0 0 0 0 0 0 0 0 0 0 0 0 0 0 0 0 0 0 0 0 0 0 0 0 0 0 0 0 0 0 0 0 0 0 0 0 0 0 0 0 0 0 0 1 0 0 0 0 1 0 0 0 0 0 0 0 0 0 0 0 0 0 0 0 0 0 0 0 0 0 0 0 0 0 0 0 0 0 0 0 0 0 0 0 0 0 0 0 0 0 0 0 0 0 0 0 0 0 0 0 0 0 0 0 0 0 0 0 0 0 0 0 0 0 0 0 0 0 0 0 0 0 0 0 0 0 0 0 0 0 0 0 0 0 0 0 0 0 0 0 0 0 0 0 0 0 0 0 0 0 0 0 0 0 0 0 0 0 0 0 0 0 0 0 0 0 0 0 0 0 0 0 0 0 0 0 0 0 0 0 0 0 0 0 0 0 0 0 0 0 0 0 0 0 0 0 0 0 0 0 0 0 0 0 0 0 0 0 0 0 0 0 0 0 0 0 0 0 0 0 0 0 0 0 0 0 0 0 0 0 0 0 0 0 0 0 0 0 0 0 0 0 0 0 0 0 0 0 0 0 0 0 0 0 0 0 0 0 0 0 0 0 0 0 0 0 0 0 0 0 0 0 0 0 0 0 0 0 0 0 0 0 0 0 0 0 0 0 0 0 0 0 0 0 0 0 0 0 0 0 0 0 0 0 0 0 0 0 0 0 0 0 0 0 0 0 0 0 0 0 0 0 0 0 0 0 0 0 0 0 0 0 0 0 0 0 0 0 0 0 0 0 0 0 0 0 0 0 0 0 0 0 0 0 0 0 0 0 0 0 0 0 0 0 0 0 0 0 0 0 0 0 0 0 0 0 0 0 0 0 0 0 0 0 0 0 0 0 0 0 0 0 0 0 0 0 0 0 0 0 0 0 0 0 0 0 0 0 0 0 0 0 0 0 0 0 0 0 0 0 0 0 0 0 0 0 0 0 0 0 0 0 0 0 0 0 0 0 0 0 0 0 0 0 0 0 0 0 0 0 0 0 0 0 0 0 0 0 0 0 0 0 0 0 0 0 0 0 0 0 0 0 0 0 0 0 0 0 0 0 0 0 0 0 0 0 0 0 0 0 0 0 0 0 0 0 0 0 0 0 0 0 0 0 0 0 0 0 0 0 0 0 0 0 0 0 0 0 0 0 0 0 0 0 0 0 0 0 0 0 0 0 0 0 0 0 0 0 0 0 0 0 0 0 0 0 0 0 0 0 0 0 0 0 0 0 0 0 0 0 0 0 0 0 0 0 0 0 0 0 0 0 0 0 0 0 0 0 0 0 0 0 0 0 0 0 0 0 0 0 0 0 0 0 0 0 0 0 0 0 0 0 0 0 0 0 0 0 0 0 0 0 0 0 0 0 0 0 0 0 0 0 0 0 0 0 0 0 0 0 0 0 0 0 0 0 0 0 0 0 0 0 0 0 0 0 0 0 0 0 0 0 0 0 0 0 0 0 0 0 0 0 0 0 0 0 0 0 0 0 0 0 0 0 0 0 0 0 0 0 0 0 0 0 0 0 0 0 0 0 0 0 0 0 0 0 0 0 0 0 0 0 0 0 0 0 0 0 0 0 0 0 0 0 0 0 0 0 0 0 0 0 0 0 0 0 0 0 0 0 0 0 0 0 0 0 0 0 0 0 0 0 0 0 0 0 0 0 0 0 0 0 0 0 0 0 0 0 0 0 0 0 0 0 0 0 0 0 0 0 0 0 0 0 0 0 0 0 0 0 0 0 0 0 0 0 0 0 0 0 0 0 0 0 0 0 0 0 0 0 0 0 0 0 0 0 0 0 0 0 0 0 0 0 0 0 0 0 0 0 0 0 0 0 0 0 0 0 0 0 0 0 0 0 0 0 0 0 0 0 0 0 0 0 0 0 0 0 0 0 0 1 ]> 9.000000 9.000000 + 0.000000 #48256
update in RO 10.000000

CHECKER is 1 SUM:10
TIME:545.000000
P TIGHTEN: 0.545000 <P:10.000000, D:168.000000, INC:(1291)[0 0 0 0 0 0 0 0 0 0 0 0 0 0 1 0 0 0 0 0 0 0 0 0 0 0 0 0 0 0 1 0 0 0 1 0 0 0 0 0 0 0 0 0 1 0 0 0 0 0 0 0 0 0 0 0 0 0 0 0 0 0 0 0 0 0 0 0 0 0 0 0 0 0 0 0 0 0 0 0 0 0 0 0 0 0 0 0 0 0 0 0 0 0 0 0 0 0 0 0 0 0 0 0 0 0 0 0 0 0 0 0 0 0 0 0 0 0 0 0 0 0 0 0 0 0 0 0 0 0 0 0 0 0 0 0 0 0 0 0 0 0 0 0 0 0 0 0 0 0 0 0 0 0 0 0 0 0 0 0 0 0 0 0 0 0 0 0 0 0 0 0 0 0 0 0 0 0 0 0 0 0 0 0 0 0 0 0 0 0 0 0 0 0 0 0 0 0 0 0 0 0 0 0 0 0 0 0 0 0 0 0 0 0 0 0 0 0 0 0 0 0 0 0 0 0 0 0 0 0 0 0 0 0 0 0 0 0 0 0 0 0 0 0 0 0 0 0 0 0 0 0 0 0 0 0 0 0 1 0 0 0 0 0 0 0 0 0 0 0 0 0 0 0 0 0 0 0 0 0 0 0 0 0 0 0 0 0 0 0 0 0 0 0 0 0 0 0 0 0 0 0 0 0 0 0 0 0 0 0 0 0 0 0 0 0 0 0 0 0 0 0 0 0 0 0 0 0 0 0 0 0 0 0 0 0 0 0 0 0 0 0 0 0 0 0 0 0 0 0 0 0 0 0 0 0 0 0 0 0 0 0 0 0 0 0 0 0 0 0 0 0 0 0 0 0 0 0 0 0 0 0 0 0 0 0 0 0 0 0 0 0 0 0 0 0 0 0 0 0 0 0 0 0 0 0 0 0 0 0 0 0 0 0 0 0 0 0 0 0 0 0 0 0 0 0 0 0 0 0 0 0 0 0 0 0 0 0 0 0 0 0 0 0 0 0 0 0 0 0 0 0 0 0 0 0 0 0 0 0 0 0 0 0 0 0 0 0 0 0 0 0 0 0 0 0 0 0 0 0 0 0 0 0 0 0 0 0 0 0 0 0 0 0 0 0 0 0 0 0 0 0 0 0 0 0 0 0 0 0 0 0 0 0 0 0 0 0 0 0 0 0 0 0 0 0 0 0 0 0 0 0 0 0 0 0 0 0 0 0 0 0 0 0 0 0 0 0 0 0 0 0 0 0 0 0 0 0 0 0 0 0 0 0 0 0 0 0 0 0 0 0 0 0 0 0 0 0 0 0 0 0 0 0 0 0 0 0 0 0 0 0 0 0 0 0 0 0 0 0 0 0 0 0 0 0 0 0 0 0 0 0 0 0 1 0 0 0 0 0 0 0 0 0 0 0 0 0 0 0 0 0 0 0 0 0 0 0 0 0 0 0 0 0 0 0 0 0 0 0 0 0 0 0 0 0 0 0 0 0 0 0 0 0 0 0 0 0 0 0 0 0 0 0 0 0 0 0 0 0 0 0 0 0 0 0 0 0 0 0 0 0 0 0 0 0 0 0 0 0 0 0 0 0 0 0 0 0 0 0 0 0 0 0 0 0 0 0 0 0 0 0 0 0 0 0 0 0 0 0 0 0 0 0 0 0 0 0 0 0 0 0 0 0 0 0 0 0 0 0 0 0 0 0 0 0 0 0 0 0 0 0 0 0 0 0 0 0 0 0 0 0 0 0 0 0 0 0 0 0 0 0 0 0 0 0 0 0 0 0 0 0 0 0 0 0 0 0 0 0 0 0 0 0 0 0 0 0 0 0 0 0 0 0 0 0 0 0 0 0 0 0 0 0 0 0 0 0 0 0 0 0 0 0 0 0 0 0 0 0 0 0 0 0 0 0 0 0 0 0 0 0 0 0 0 0 0 0 0 0 0 0 0 0 0 0 0 0 0 0 0 0 0 0 0 0 0 0 0 0 0 0 0 0 0 0 0 0 0 0 0 0 0 0 0 0 0 0 0 0 0 0 0 0 0 0 0 0 1 0 0 0 0 0 0 0 0 0 0 0 0 0 0 0 0 0 0 0 0 0 0 0 0 0 0 0 0 0 0 0 0 0 0 0 0 0 0 0 0 0 0 0 0 0 0 0 0 0 0 0 0 0 0 0 0 0 0 0 0 0 0 0 0 0 0 0 0 0 0 0 0 0 0 0 0 0 0 0 0 0 0 0 0 0 0 0 0 0 0 0 0 0 0 0 0 0 0 0 0 0 0 0 0 0 0 0 0 0 0 0 0 0 0 0 0 0 0 0 0 0 0 0 0 0 0 0 0 0 0 0 0 0 0 0 0 0 0 0 1 0 0 0 0 0 0 0 0 0 0 0 0 0 0 0 0 0 0 0 0 0 0 0 0 0 0 0 0 0 0 0 0 0 0 0 0 0 0 0 0 0 0 0 0 0 0 0 0 0 0 0 0 0 0 0 0 0 1 0 0 0 0 0 0 0 0 0 0 0 0 0 0 0 0 0 0 0 0 0 0 0 0 0 0 0 0 0 0 0 0 0 0 0 0 0 0 0 0 0 0 0 0 0 0 0 0 0 0 0 0 0 0 0 0 0 0 0 0 0 0 0 0 0 0 0 0 0 0 0 0 0 0 0 0 0 0 0 0 0 0 0 0 0 0 0 0 0 0 0 0 0 0 0 0 0 0 0 0 0 0 0 0 0 0 0 0 0 0 0 0 0 0 0 0 0 0 0 0 0 0 0 0 0 0 0 0 0 0 0 0 0 0 0 0 0 0 0 0 0 0 0 0 0 0 0 0 0 0 0 0 0 0 0 0 0 0 0 0 0 0 0 0 0 0 0 0 0 0 0 0 0 0 0 0 0 0 0 0 0 0 0 1 ]> 10.000000 10.000000 + 0.000000 #61292
update in RO 11.000000

CHECKER is 1 SUM:11
TIME:3334.000000
P TIGHTEN: 3.335000 <P:11.000000, D:166.000000, INC:(1421)[0 0 0 0 0 0 0 0 0 0 0 0 0 0 0 0 0 0 0 0 0 0 0 0 0 0 0 0 0 0 0 0 0 0 0 0 0 0 0 0 0 0 1 0 1 0 0 0 0 0 0 0 1 0 0 0 0 0 0 0 0 0 0 0 0 0 0 0 0 0 0 1 0 0 0 0 0 0 0 0 0 1 0 0 0 0 0 0 0 0 0 0 0 0 0 0 0 0 0 0 0 0 0 0 0 0 0 0 0 0 0 0 0 0 0 0 0 0 0 0 0 0 0 0 0 0 0 0 0 0 0 0 0 0 0 0 0 0 0 0 0 0 0 0 0 0 0 0 0 0 0 0 0 0 0 0 0 0 0 0 0 0 0 0 0 0 0 0 0 0 0 0 0 0 0 0 0 0 0 0 0 0 0 0 0 0 0 0 0 0 0 0 0 0 0 0 0 0 0 0 0 0 0 0 0 0 0 0 0 0 0 0 0 0 0 0 0 0 0 0 0 0 0 0 0 0 0 0 0 0 0 0 0 0 0 0 0 0 0 0 0 0 0 0 0 0 0 0 0 0 0 0 0 0 0 0 0 0 0 0 0 0 0 0 0 0 0 0 0 0 0 0 0 0 0 0 0 0 0 0 0 0 0 0 0 0 0 0 0 0 0 0 0 0 0 0 0 0 0 0 0 0 0 0 0 0 0 0 0 0 0 0 0 0 0 0 0 0 0 0 0 0 0 0 0 0 0 0 0 0 0 0 0 0 0 0 0 0 0 0 0 0 0 0 0 0 0 0 0 0 0 0 0 0 0 0 0 0 0 0 0 0 0 0 0 0 0 0 0 0 0 0 0 0 0 0 0 0 0 0 0 0 0 0 0 0 0 0 0 0 0 0 0 0 0 0 0 0 0 0 0 0 0 0 0 0 0 0 0 0 0 0 0 0 0 0 0 0 0 0 0 0 0 0 0 0 0 0 0 0 0 0 0 0 0 0 0 0 0 0 0 0 0 0 0 0 0 0 0 0 0 0 0 0 0 0 0 0 0 0 0 0 0 0 0 0 0 0 0 0 0 0 0 0 0 0 0 0 0 0 0 0 0 0 0 0 0 0 0 0 0 0 0 0 0 0 0 0 0 0 0 0 0 0 0 0 0 0 0 0 0 0 0 0 0 0 0 0 0 0 0 0 0 0 0 0 0 0 0 0 0 0 0 0 0 0 0 0 0 0 0 0 0 0 0 0 0 0 0 0 0 0 0 0 0 0 0 0 0 0 0 0 0 0 0 0 0 0 0 0 0 0 0 0 0 0 0 0 0 0 0 0 0 0 0 0 0 0 0 0 0 0 0 0 0 0 0 0 0 0 0 0 0 0 0 0 0 0 0 0 0 0 0 0 0 0 0 0 0 0 0 0 0 0 0 0 0 0 0 0 0 0 0 0 0 0 0 0 0 0 0 0 0 0 0 0 0 0 0 0 0 0 0 0 0 0 0 1 0 0 0 0 0 0 0 0 0 0 0 0 0 0 0 0 0 0 0 0 0 0 0 0 0 0 0 0 0 0 0 0 0 0 0 0 0 0 0 0 0 0 0 0 0 0 0 0 0 0 0 0 0 0 0 0 0 0 0 0 0 0 0 0 0 0 0 0 0 0 0 0 0 0 0 0 0 0 0 0 0 0 0 0 0 0 0 0 0 0 0 0 0 0 0 0 0 0 0 0 0 0 0 0 0 0 0 0 0 0 0 0 0 0 0 0 0 0 0 0 0 0 0 0 0 0 0 0 0 0 0 0 0 0 0 0 0 0 0 0 0 0 0 0 0 0 0 0 0 0 0 0 0 0 0 0 0 0 0 0 0 0 0 0 0 0 0 0 0 0 0 0 0 0 0 0 0 0 0 0 0 0 0 0 0 0 0 0 0 0 0 0 0 0 0 0 0 0 0 0 0 0 0 0 0 0 0 0 0 0 0 0 0 0 0 0 0 0 0 0 0 0 0 0 0 0 0 0 0 0 0 0 0 0 0 0 0 0 0 0 0 0 0 0 0 0 0 0 0 0 0 0 0 0 0 0 0 0 0 0 0 0 0 0 0 0 0 0 0 0 0 0 0 0 0 0 0 0 0 0 1 0 0 0 0 0 0 0 0 0 0 0 0 0 0 0 0 0 0 0 0 0 0 0 0 0 0 0 0 0 0 0 0 0 0 0 0 0 0 0 0 0 0 0 0 0 0 0 0 0 0 0 0 0 0 0 0 0 0 0 0 0 0 0 0 0 0 0 0 0 0 0 0 0 0 0 0 0 0 0 0 0 0 0 0 0 0 0 0 0 0 0 0 0 0 0 0 0 0 0 0 0 0 0 0 0 0 0 0 0 0 0 0 0 0 0 0 1 0 0 0 0 0 0 0 0 0 0 0 0 0 0 0 0 0 0 0 0 0 0 0 0 0 0 0 0 0 0 0 0 0 0 0 0 0 0 0 0 0 0 0 0 0 0 0 0 0 0 0 0 0 0 0 0 0 0 0 0 0 0 0 0 0 0 0 0 0 0 0 0 0 0 0 0 0 0 0 0 0 0 0 0 0 0 0 0 0 0 0 0 0 0 0 0 0 0 0 0 0 0 0 0 0 0 0 0 0 0 0 0 0 0 0 0 0 0 0 0 0 0 0 0 0 0 0 0 0 0 0 0 0 0 0 0 0 0 0 0 0 0 0 0 0 0 0 0 0 0 0 0 1 0 0 0 0 0 0 0 0 0 0 0 0 0 0 0 0 0 0 0 0 0 0 0 0 0 0 0 0 0 0 0 0 1 0 0 0 0 0 0 0 0 0 0 0 0 0 0 0 0 0 0 0 0 0 0 0 0 0 0 0 0 0 0 0 0 0 0 0 0 0 0 0 0 0 0 0 0 0 0 0 0 0 0 0 0 0 0 0 0 0 0 0 0 0 0 0 0 0 0 0 0 0 0 0 0 0 0 0 0 0 0 0 0 0 0 0 0 0 0 0 0 0 0 0 0 0 0 0 0 0 0 0 0 0 0 0 0 0 0 0 0 0 0 0 0 0 0 0 0 0 0 0 0 0 0 0 0 0 0 0 0 0 0 0 0 0 0 0 0 0 0 0 0 0 0 0 0 0 0 0 0 0 0 0 0 0 0 0 0 0 0 0 0 0 0 0 0 0 0 0 0 0 0 0 0 0 0 0 0 0 0 1 ]> 11.000000 11.000000 + 0.000000 #48880
B&B(   35)	 166.000000	 11.000000	      -	 time:5.1260s
B&B(   73)	 163.000000	 11.000000	      -	 time:10.2530s
B&B(  111)	 161.000000	 11.000000	      -	 time:15.3420s
B&B(  150)	 156.000000	 11.000000	      -	 time:20.4270s
B&B(  189)	 156.000000	 11.000000	      -	 time:25.4580s
B&B(  229)	 152.000000	 11.000000	      -	 time:30.5700s
B&B(  269)	 149.000000	 11.000000	      -	 time:35.6060s
B&B(  310)	 146.000000	 11.000000	      -	 time:40.7230s
B&B(  352)	 143.000000	 11.000000	      -	 time:45.7850s
B&B(  394)	 140.000000	 11.000000	      -	 time:50.8600s
B&B(  437)	 138.000000	 11.000000	      -	 time:55.9750s
B&B(  481)	 135.000000	 11.000000	      -	 time:61.0560s
B&B(  526)	 131.000000	 11.000000	      -	 time:66.1400s
B&B(  572)	 128.000000	 11.000000	      -	 time:71.2390s
B&B(  617)	 126.000000	 11.000000	      -	 time:76.2480s
B&B(  664)	 123.000000	 11.000000	      -	 time:81.3450s
B&B(  712)	 121.000000	 11.000000	      -	 time:86.4230s
B&B(  760)	 118.000000	 11.000000	      -	 time:91.4570s
B&B(  808)	 117.000000	 11.000000	      -	 time:96.4660s
B&B(  857)	 114.000000	 11.000000	      -	 time:101.4940s
B&B(  909)	 111.000000	 11.000000	      -	 time:106.5900s
B&B(  960)	 108.000000	 11.000000	      -	 time:111.6030s
B&B( 1014)	 106.000000	 11.000000	      -	 time:116.6580s
B&B( 1074)	 104.000000	 11.000000	      -	 time:121.7560s
B&B( 1137)	 101.000000	 11.000000	      -	 time:126.7630s
B&B( 1204)	 99.000000	 11.000000	      -	 time:131.7870s
B&B( 1283)	 95.000000	 11.000000	      -	 time:136.8210s
B&B( 1357)	 93.000000	 11.000000	      -	 time:141.8290s
B&B( 1460)	 89.000000	 11.000000	      -	 time:146.8430s
B&B( 1563)	 85.000000	 11.000000	      -	 time:151.8450s
B&B( 1693)	 81.000000	 11.000000	      -	 time:156.8720s
B&B( 1815)	 78.000000	 11.000000	      -	 time:161.8920s
B&B( 1976)	 73.000000	 11.000000	      -	 time:166.8990s
B&B( 2089)	 71.000000	 11.000000	      -	 time:171.9060s
B&B( 2193)	 69.000000	 11.000000	      -	 time:177.0090s
B&B( 2275)	 68.000000	 11.000000	      -	 time:182.0460s
B&B( 2350)	 68.000000	 11.000000	      -	 time:187.0970s
B&B( 2440)	 67.000000	 11.000000	      -	 time:192.1220s
B&B( 2510)	 67.000000	 11.000000	      -	 time:197.1500s
B&B( 2564)	 66.000000	 11.000000	      -	 time:202.2160s
B&B( 2652)	 66.000000	 11.000000	      -	 time:207.2820s
B&B( 2723)	 65.000000	 11.000000	      -	 time:212.3820s
B&B( 2804)	 65.000000	 11.000000	      -	 time:217.4830s
B&B( 2873)	 65.000000	 11.000000	      -	 time:222.6100s
B&B( 2985)	 64.000000	 11.000000	      -	 time:227.6500s
B&B( 3046)	 64.000000	 11.000000	      -	 time:232.7130s
B&B( 3101)	 63.000000	 11.000000	      -	 time:237.7800s
B&B( 3171)	 63.000000	 11.000000	      -	 time:242.8570s
B&B( 3260)	 63.000000	 11.000000	      -	 time:247.9420s
B&B( 3331)	 63.000000	 11.000000	      -	 time:252.9630s
B&B( 3387)	 63.000000	 11.000000	      -	 time:257.9760s
B&B( 3467)	 62.000000	 11.000000	      -	 time:263.0520s
B&B( 3528)	 62.000000	 11.000000	      -	 time:268.0540s
B&B( 3607)	 62.000000	 11.000000	      -	 time:273.1330s
B&B( 3670)	 62.000000	 11.000000	      -	 time:278.1480s
B&B( 3749)	 62.000000	 11.000000	      -	 time:283.2150s
B&B( 3825)	 61.000000	 11.000000	      -	 time:288.3340s
B&B( 3894)	 61.000000	 11.000000	      -	 time:293.3630s
B&B( 3958)	 61.000000	 11.000000	      -	 time:298.3730s
B&B( 4030)	 61.000000	 11.000000	      -	 time:303.4200s
B&B( 4122)	 61.000000	 11.000000	      -	 time:308.4290s
B&B( 4191)	 60.000000	 11.000000	      -	 time:313.5220s
B&B( 4267)	 60.000000	 11.000000	      -	 time:318.5830s
B&B( 4356)	 60.000000	 11.000000	      -	 time:323.6690s
B&B( 4428)	 60.000000	 11.000000	      -	 time:328.7240s
B&B( 4491)	 60.000000	 11.000000	      -	 time:333.7660s
B&B( 4552)	 60.000000	 11.000000	      -	 time:338.8340s
B&B( 4651)	 60.000000	 11.000000	      -	 time:343.8560s
B&B( 4743)	 59.000000	 11.000000	      -	 time:348.9440s
B&B( 4822)	 59.000000	 11.000000	      -	 time:354.0200s
B&B( 4894)	 59.000000	 11.000000	      -	 time:359.0800s
B&B( 5003)	 58.000000	 11.000000	      -	 time:364.1270s
B&B( 5104)	 58.000000	 11.000000	      -	 time:369.2250s
B&B( 5175)	 58.000000	 11.000000	      -	 time:374.3140s
B&B( 5252)	 58.000000	 11.000000	      -	 time:379.3250s
B&B( 5338)	 58.000000	 11.000000	      -	 time:384.3390s
B&B( 5418)	 58.000000	 11.000000	      -	 time:389.3810s
B&B( 5492)	 58.000000	 11.000000	      -	 time:394.4340s
B&B( 5579)	 58.000000	 11.000000	      -	 time:399.4420s
B&B( 5669)	 57.000000	 11.000000	      -	 time:404.4700s
B&B( 5758)	 57.000000	 11.000000	      -	 time:409.4970s
B&B( 5847)	 57.000000	 11.000000	      -	 time:414.5390s
B&B( 5916)	 57.000000	 11.000000	      -	 time:419.6170s
B&B( 5992)	 57.000000	 11.000000	      -	 time:424.7030s
B&B( 6057)	 57.000000	 11.000000	      -	 time:429.7990s
B&B( 6132)	 57.000000	 11.000000	      -	 time:434.8130s
B&B( 6208)	 57.000000	 11.000000	      -	 time:439.8560s
B&B( 6303)	 57.000000	 11.000000	      -	 time:444.8830s
B&B( 6384)	 57.000000	 11.000000	      -	 time:449.9890s
B&B( 6516)	 56.000000	 11.000000	      -	 time:454.9900s
B&B( 6632)	 56.000000	 11.000000	      -	 time:460.0270s
B&B( 6704)	 56.000000	 11.000000	      -	 time:465.1120s
B&B( 6776)	 56.000000	 11.000000	      -	 time:470.1390s
B&B( 6852)	 56.000000	 11.000000	      -	 time:475.1400s
B&B( 6948)	 56.000000	 11.000000	      -	 time:480.1720s
B&B( 7024)	 56.000000	 11.000000	      -	 time:485.2670s
B&B( 7109)	 56.000000	 11.000000	      -	 time:490.2970s
B&B( 7188)	 56.000000	 11.000000	      -	 time:495.3530s
B&B( 7261)	 56.000000	 11.000000	      -	 time:500.3700s
B&B( 7362)	 55.000000	 11.000000	      -	 time:505.4050s
B&B( 7478)	 55.000000	 11.000000	      -	 time:510.4130s
B&B( 7652)	 55.000000	 11.000000	      -	 time:515.4250s
B&B( 7722)	 55.000000	 11.000000	      -	 time:520.4280s
B&B( 7798)	 55.000000	 11.000000	      -	 time:525.4340s
B&B( 7898)	 55.000000	 11.000000	      -	 time:530.5080s
B&B( 7980)	 55.000000	 11.000000	      -	 time:535.5910s
B&B( 8049)	 55.000000	 11.000000	      -	 time:540.6120s
B&B( 8135)	 55.000000	 11.000000	      -	 time:545.6640s
B&B( 8215)	 54.000000	 11.000000	      -	 time:550.7270s
B&B( 8296)	 54.000000	 11.000000	      -	 time:555.7500s
B&B( 8377)	 54.000000	 11.000000	      -	 time:560.7940s
B&B( 8468)	 54.000000	 11.000000	      -	 time:565.8860s
B&B( 8592)	 54.000000	 11.000000	      -	 time:570.9930s
B&B( 8702)	 54.000000	 11.000000	      -	 time:576.0010s
B&B( 8792)	 54.000000	 11.000000	      -	 time:581.1040s
B&B( 8877)	 54.000000	 11.000000	      -	 time:586.1870s
B&B( 8972)	 54.000000	 11.000000	      -	 time:591.2480s
B&B( 9059)	 53.000000	 11.000000	      -	 time:596.3520s
B&B( 9141)	 53.000000	 11.000000	      -	 time:601.3870s
B&B( 9227)	 53.000000	 11.000000	      -	 time:606.4330s
B&B( 9333)	 53.000000	 11.000000	      -	 time:611.4360s
B&B( 9431)	 53.000000	 11.000000	      -	 time:616.4400s
B&B( 9523)	 53.000000	 11.000000	      -	 time:621.4550s
B&B( 9613)	 53.000000	 11.000000	      -	 time:626.4590s
B&B( 9716)	 53.000000	 11.000000	      -	 time:631.4850s
B&B( 9802)	 53.000000	 11.000000	      -	 time:636.5060s
B&B( 9942)	 53.000000	 11.000000	      -	 time:641.5460s
B&B(10041)	 53.000000	 11.000000	      -	 time:646.6130s
B&B(10158)	 53.000000	 11.000000	      -	 time:651.6580s
B&B(10235)	 53.000000	 11.000000	      -	 time:656.7350s
B&B(10343)	 52.000000	 11.000000	      -	 time:661.7750s
B&B(10424)	 52.000000	 11.000000	      -	 time:666.8750s
B&B(10520)	 52.000000	 11.000000	      -	 time:671.9390s
B&B(10603)	 52.000000	 11.000000	      -	 time:677.0200s
B&B(10685)	 52.000000	 11.000000	      -	 time:682.0820s
B&B(10763)	 52.000000	 11.000000	      -	 time:687.2060s
B&B(10845)	 52.000000	 11.000000	      -	 time:692.2450s
B&B(10936)	 52.000000	 11.000000	      -	 time:697.2770s
B&B(11036)	 52.000000	 11.000000	      -	 time:702.3110s
B&B(11148)	 52.000000	 11.000000	      -	 time:707.3990s
B&B(11254)	 52.000000	 11.000000	      -	 time:712.4640s
update in RO 12.0000

CHECKER is 1 SUM:12
TIME:714139.000000
P TIGHTEN: 714.140000 <P:12.000000, D:52.000000, INC:(1323)[0 0 0 0 0 0 0 0 0 0 0 0 0 0 0 0 0 0 0 0 0 0 0 0 0 0 0 0 0 0 0 0 0 0 0 0 0 0 0 0 0 0 0 0 0 0 0 0 0 0 0 0 0 0 0 0 0 0 0 0 0 0 0 0 0 0 0 0 0 0 0 0 0 0 0 0 0 0 0 0 0 0 0 0 0 0 0 0 0 0 0 0 0 0 0 0 0 0 0 0 0 0 0 0 0 0 0 0 0 0 0 0 0 0 0 0 0 0 0 0 0 0 0 0 0 0 0 0 0 0 0 0 0 0 0 0 0 0 0 0 0 0 0 0 0 0 0 0 0 0 0 0 0 0 0 0 0 0 0 0 0 0 0 0 0 0 0 0 0 0 0 0 0 0 0 0 0 0 0 0 0 0 0 0 0 0 0 0 0 0 0 0 0 0 0 0 0 0 0 0 0 0 0 0 0 0 0 0 0 0 0 0 0 0 0 0 0 0 0 0 0 0 0 0 0 0 0 0 0 0 0 0 0 0 0 0 0 0 0 0 0 0 0 0 0 0 0 0 0 0 0 0 0 0 0 0 0 0 0 0 0 0 0 0 0 0 0 0 0 0 0 0 0 0 0 0 0 0 0 0 0 0 0 0 0 0 0 0 0 0 0 0 0 0 0 0 0 0 0 0 0 0 0 0 0 0 0 0 0 0 0 0 0 0 0 0 0 0 0 0 0 0 0 0 0 0 0 0 0 0 0 0 0 0 0 0 0 0 0 0 0 0 0 0 0 0 0 0 0 0 0 0 0 0 0 0 0 0 0 0 0 0 0 0 0 0 0 0 0 0 0 0 0 0 0 0 0 0 0 0 0 0 0 0 0 0 0 0 0 0 0 0 0 0 0 0 0 0 0 0 0 0 0 0 0 0 0 0 0 0 0 0 0 0 0 0 0 0 0 0 0 0 0 0 0 0 0 0 0 0 0 0 0 0 0 0 0 0 0 0 0 0 0 1 0 0 0 0 0 0 0 0 0 0 0 0 0 0 0 0 0 0 0 0 0 0 0 0 0 0 0 0 0 0 0 0 0 0 0 0 0 0 0 0 1 0 0 0 0 0 0 0 0 0 0 0 0 0 0 0 0 0 0 0 0 0 0 0 0 0 0 0 0 0 0 0 0 0 0 0 0 0 0 0 0 0 0 0 0 0 0 0 0 0 0 0 0 0 0 0 0 0 0 0 0 0 0 0 0 0 0 0 0 0 0 0 0 0 0 0 0 0 0 0 0 1 0 0 0 0 0 0 0 0 0 0 0 0 0 1 0 0 0 0 0 0 0 0 0 0 0 0 0 0 0 0 0 0 0 0 0 0 0 0 0 0 0 0 0 0 0 0 0 0 0 0 0 0 0 0 0 1 0 0 0 0 0 0 0 0 0 0 0 0 0 0 0 0 0 0 0 0 0 0 0 0 0 0 0 0 0 0 0 0 0 0 0 0 0 0 0 0 0 0 0 0 0 0 0 0 1 0 0 0 0 0 0 0 0 0 0 0 0 0 0 0 0 0 0 0 0 0 0 0 0 0 0 0 0 0 0 0 0 0 0 0 0 0 0 0 0 0 0 0 0 0 0 0 0 0 0 0 0 0 0 0 0 0 0 0 0 0 0 0 0 0 0 0 0 0 0 0 0 0 0 0 0 0 0 0 0 0 0 0 0 0 0 0 0 0 0 0 0 0 0 0 0 0 0 0 0 0 0 0 0 0 0 0 0 0 0 0 0 0 0 0 0 0 0 0 0 0 0 0 0 0 0 0 0 0 0 0 0 0 0 0 0 0 0 0 0 0 0 0 0 0 0 0 0 1 0 0 0 0 0 0 0 0 0 0 0 0 0 0 0 0 0 0 0 0 0 0 0 0 0 0 0 0 0 0 0 0 0 0 0 0 0 0 0 0 0 0 0 0 0 0 0 0 0 0 0 0 0 0 0 0 0 0 0 0 0 0 0 0 0 0 0 0 0 0 0 0 0 0 0 0 0 0 0 0 0 0 0 0 0 0 0 0 0 0 0 1 0 0 0 0 0 0 0 0 0 0 0 0 0 0 0 0 0 0 0 0 0 0 0 0 0 0 0 0 0 0 0 0 0 0 0 0 0 0 0 0 0 0 0 0 0 0 0 0 0 0 0 0 0 0 0 0 0 0 1 0 0 0 0 0 0 0 0 0 0 0 1 0 0 0 0 0 0 0 0 0 0 0 0 0 0 0 0 0 0 0 0 0 0 0 0 0 0 0 0 0 0 0 0 0 0 0 0 0 0 0 0 0 0 0 0 0 0 0 0 0 0 0 0 0 0 0 0 0 0 0 0 0 0 0 0 0 0 0 0 0 0 0 0 0 0 0 0 0 0 0 0 0 0 0 0 0 0 0 0 0 0 0 0 0 0 0 0 0 0 0 0 0 0 0 0 0 0 0 0 0 0 0 0 0 0 0 0 0 0 0 0 0 0 0 0 0 0 0 0 0 0 0 0 0 0 0 0 0 0 0 0 0 0 0 0 0 0 0 0 0 0 0 0 0 0 0 1 0 0 0 0 0 0 0 0 0 0 0 0 0 0 0 0 0 0 0 0 0 0 0 0 0 0 0 0 0 0 0 0 0 0 0 0 0 0 0 0 0 0 0 0 0 0 0 0 0 0 0 0 0 0 0 0 0 0 0 0 0 0 0 0 0 0 0 0 0 0 0 0 0 0 0 0 0 0 0 0 0 0 0 0 0 0 0 0 0 0 0 0 0 0 0 0 0 0 0 0 0 0 0 0 0 0 0 0 0 0 0 0 0 0 0 0 0 0 0 0 0 0 0 0 0 0 0 0 0 0 0 0 0 0 0 0 0 0 0 0 0 0 0 0 0 0 0 0 0 0 0 0 0 0 0 0 0 0 0 0 0 0 0 0 0 0 0 0 0 0 0 0 0 0 0 0 0 0 0 0 0 0 0 1 ]> 12.000000 12.000000 + 0.000000 #28812
B&B(11417)	 52.000000	 12.000000	      -	 time:717.5580s
B&B(11588)	 51.000000	 12.000000	      -	 time:722.5750s
B&B(11691)	 51.000000	 12.000000	      -	 time:727.5880s
B&B(11798)	 51.000000	 12.000000	      -	 time:732.6110s
B&B(11913)	 51.000000	 12.000000	      -	 time:737.6510s
B&B(12008)	 51.000000	 12.000000	      -	 time:742.7220s
B&B(12113)	 51.000000	 12.000000	      -	Command exited with non-zero status 124
	Command being timed: "/usr/bin/timeout 915 /home/fabio/CODD-NEWDom/cmake-build-release-ilyin/misp5 /home/fabio/CODD-NEWDom/data/misp/p_hat1500-1.clq 64"
	User time (seconds): 913.87
	System time (seconds): 1.19
	Percent of CPU this job got: 99%
	Elapsed (wall clock) time (h:mm:ss or m:ss): 15:15.18
	Average shared text size (kbytes): 0
	Average unshared data size (kbytes): 0
	Average stack size (kbytes): 0
	Average total size (kbytes): 0
	Maximum resident set size (kbytes): 2469196
	Average resident set size (kbytes): 0
	Major (requiring I/O) page faults: 0
	Minor (reclaiming a frame) page faults: 620968
	Voluntary context switches: 4
	Involuntary context switches: 4147
	Swaps: 0
	File system inputs: 0
	File system outputs: 64
	Socket messages sent: 0
	Socket messages received: 0
	Signals delivered: 0
	Page size (bytes): 4096
	Exit status: 124

