COMMAND: /usr/bin/time -v /usr/bin/timeout 915 /home/fabio/CODD-NEWDom/cmake-build-release-ilyin/misp5 /home/fabio/CODD-NEWDom/data/misp/p_hat300-3.clq 128
TOP=300
B&B searching...
dual@root:300
B&B Nodes          Dual	 Primal	 Gap(%)
----------------------------------------------
update in RO 15.000000

CHECKER is 1 SUM:15
TIME:51.000000
P TIGHTEN: 0.051000 <P:15.000000, D:300.000000, INC:(105)[0 1 0 1 0 0 1 0 1 0 0 1 0 0 0 0 0 0 0 0 1 0 0 1 0 0 0 0 0 0 0 1 1 0 0 0 0 0 0 1 0 0 0 0 0 1 0 0 1 0 0 0 0 0 1 0 0 0 0 0 0 0 0 0 0 0 1 0 0 0 0 0 0 0 0 0 0 0 0 0 0 0 0 0 0 0 0 0 0 0 1 0 0 0 0 0 0 0 0 0 0 0 0 0 0 ]> 15.000000 15.000000 + 0.000000 #12556
update in RO 16.000000

CHECKER is 1 SUM:16
TIME:51.000000
P TIGHTEN: 0.052000 <P:16.000000, D:300.000000, INC:(105)[0 1 0 1 0 0 1 0 1 0 0 1 0 0 0 0 0 0 0 0 1 0 0 1 0 0 0 0 0 0 0 1 1 0 0 0 0 0 0 1 0 0 0 0 0 1 0 0 1 0 0 0 0 0 1 0 0 0 0 0 0 0 0 0 0 0 1 0 0 0 0 0 0 0 0 0 0 0 0 0 0 0 0 0 0 0 0 0 0 0 1 0 0 0 0 0 0 0 0 0 0 0 0 0 1 ]> 16.000000 16.000000 + 0.000000 #12556
update in RO 21.000000

CHECKER is 1 SUM:21
TIME:62.000000
P TIGHTEN: 0.062000 <P:21.000000, D:300.000000, INC:(255)[0 0 1 1 1 0 0 0 1 0 0 0 0 0 0 0 0 1 1 1 1 0 0 0 0 0 0 0 0 0 0 0 1 0 0 0 0 0 0 0 0 0 0 0 0 0 0 1 0 0 0 1 0 0 0 0 0 0 1 0 0 0 0 0 0 0 0 0 0 0 0 0 0 0 1 1 0 0 0 0 0 0 1 0 0 0 0 0 0 0 0 0 0 0 0 0 0 0 0 0 1 0 0 0 0 0 0 0 0 0 0 0 0 0 0 0 0 0 0 0 0 0 0 0 0 0 0 0 0 0 0 0 0 0 0 0 0 0 1 0 0 0 0 0 0 0 0 0 0 0 0 0 0 0 0 0 0 0 0 0 0 0 0 0 0 0 0 0 0 0 0 0 0 1 0 0 0 0 0 0 0 0 0 0 0 0 0 0 0 1 0 0 0 0 0 0 0 0 1 0 1 0 0 0 0 0 0 0 0 0 0 0 0 0 0 0 0 0 0 0 0 0 0 0 0 0 0 0 0 0 0 0 0 0 0 0 0 0 0 0 0 0 0 0 0 0 0 0 0 0 0 0 0 0 0 ]> 21.000000 21.000000 + 0.000000 #27715
update in RO 22.000000

CHECKER is 1 SUM:22
TIME:62.000000
P TIGHTEN: 0.062000 <P:22.000000, D:300.000000, INC:(255)[0 0 1 1 1 0 0 0 1 0 0 0 0 0 0 0 0 1 1 1 1 0 0 0 0 0 0 0 0 0 0 0 1 0 0 0 0 0 0 0 0 0 0 0 0 0 0 1 0 0 0 1 0 0 0 0 0 0 1 0 0 0 0 0 0 0 0 0 0 0 0 0 0 0 1 1 0 0 0 0 0 0 1 0 0 0 0 0 0 0 0 0 0 0 0 0 0 0 0 0 1 0 0 0 0 0 0 0 0 0 0 0 0 0 0 0 0 0 0 0 0 0 0 0 0 0 0 0 0 0 0 0 0 0 0 0 0 0 1 0 0 0 0 0 0 0 0 0 0 0 0 0 0 0 0 0 0 0 0 0 0 0 0 0 0 0 0 0 0 0 0 0 0 1 0 0 0 0 0 0 0 0 0 0 0 0 0 0 0 1 0 0 0 0 0 0 0 0 1 0 1 0 0 0 0 0 0 0 0 0 0 0 0 0 0 0 0 0 0 0 0 0 0 0 0 0 0 0 0 0 0 0 0 0 0 0 0 0 0 0 0 0 0 0 0 0 0 0 0 0 0 0 0 0 1 ]> 22.000000 22.000000 + 0.000000 #27715
update in RO 24.000000

CHECKER is 1 SUM:24
TIME:62.000000
P TIGHTEN: 0.063000 <P:24.000000, D:300.000000, INC:(280)[0 0 0 1 1 1 0 0 0 1 1 0 0 0 0 0 0 0 1 1 1 0 0 0 0 1 0 0 0 0 0 0 0 0 0 0 0 0 0 0 0 0 0 0 0 0 0 1 0 0 0 0 0 0 0 1 1 0 1 0 0 0 0 0 0 0 0 0 0 0 0 0 0 0 1 1 0 0 0 0 0 0 1 0 0 0 0 0 0 0 0 0 0 0 0 0 0 0 0 0 0 0 0 0 0 0 0 0 0 0 0 0 0 0 0 0 0 0 1 0 0 0 0 0 0 1 0 0 0 0 0 0 0 0 0 0 0 0 0 1 0 0 0 0 0 0 0 0 0 0 0 0 0 0 0 0 0 0 0 0 0 0 0 0 0 0 0 0 0 0 0 0 0 0 0 0 0 0 0 0 0 0 0 0 0 0 0 0 0 1 0 0 0 0 0 0 0 0 0 0 0 0 0 0 1 0 0 0 0 0 0 0 0 0 0 0 0 0 0 0 0 0 0 0 0 0 0 0 0 0 0 0 0 0 0 0 0 0 0 0 0 0 0 0 0 0 0 0 0 0 0 0 0 0 1 0 0 0 1 0 0 0 0 0 0 0 0 0 0 0 0 0 0 0 0 0 0 0 0 1 ]> 24.000000 24.000000 + 0.000000 #28225
update in RO 25.000000

CHECKER is 1 SUM:25
TIME:63.000000
P TIGHTEN: 0.063000 <P:25.000000, D:300.000000, INC:(287)[0 0 0 1 1 1 0 0 0 1 1 0 0 0 0 0 0 0 1 1 1 0 0 0 0 1 0 0 0 0 0 0 0 0 0 0 0 0 0 0 0 0 0 0 0 0 0 1 0 0 0 0 0 0 0 1 1 0 1 0 0 0 0 0 0 0 0 0 0 0 0 0 0 0 1 1 0 0 0 0 0 0 1 0 0 0 0 0 0 0 0 0 0 0 0 0 0 0 0 0 0 0 0 0 0 0 0 0 0 0 0 0 0 0 0 0 0 0 1 0 0 0 0 0 0 1 0 0 0 0 0 0 0 0 0 0 0 0 0 1 0 0 0 0 0 0 0 0 0 0 0 0 0 0 0 0 0 0 0 0 0 0 0 0 0 0 0 0 0 0 0 0 0 0 0 0 0 0 0 0 0 0 0 0 0 0 0 0 0 1 0 0 0 0 0 0 0 0 0 0 0 0 0 0 1 0 0 0 0 0 0 0 0 0 0 0 0 0 0 0 0 0 0 0 0 0 0 0 0 0 0 0 0 0 0 0 0 0 0 0 0 0 0 0 0 0 0 0 0 0 0 0 0 0 1 0 0 0 1 0 0 0 0 0 0 0 0 0 0 0 0 0 0 0 0 0 0 0 0 0 1 0 0 0 0 0 1 ]> 25.000000 25.000000 + 0.000000 #28272
update in RO 26.000000

CHECKER is 1 SUM:26
TIME:63.000000
P TIGHTEN: 0.063000 <P:26.000000, D:300.000000, INC:(291)[0 0 0 1 1 1 0 0 0 1 1 0 0 0 0 0 0 0 1 1 1 0 0 1 0 1 0 0 0 0 0 0 0 0 0 0 0 0 0 0 0 0 0 0 0 0 0 1 0 0 0 0 0 0 0 1 1 0 1 0 0 0 0 0 0 0 0 0 0 0 0 0 0 0 1 1 0 0 0 0 0 0 1 0 0 0 0 0 0 0 0 0 0 0 0 0 0 0 0 0 0 0 0 0 0 0 0 0 0 0 0 0 0 0 0 0 0 0 1 0 0 0 0 0 0 1 0 0 0 0 0 0 0 0 0 0 0 0 0 1 0 0 0 0 0 0 0 0 0 0 0 0 0 0 0 0 0 0 0 0 0 0 0 0 0 0 0 0 0 0 0 0 0 0 0 0 0 0 0 0 0 0 0 0 0 0 0 0 0 1 0 0 0 0 0 0 0 0 0 0 0 0 0 0 1 0 0 0 0 0 0 0 0 0 0 0 0 0 0 0 0 0 0 0 0 0 0 0 0 0 0 0 0 0 0 0 0 0 0 0 0 0 0 0 0 0 0 0 0 0 0 0 0 0 1 0 0 0 0 0 0 0 0 0 0 0 0 0 0 0 0 0 0 0 0 0 0 0 0 0 1 0 0 0 0 0 1 0 0 0 1 ]> 26.000000 26.000000 + 0.000000 #28278
update in RO 27.000000

CHECKER is 1 SUM:27
TIME:100.000000
P TIGHTEN: 0.100000 <P:27.000000, D:113.000000, INC:(255)[0 0 0 0 0 0 1 0 0 0 0 0 0 0 0 1 0 0 1 0 1 0 0 1 0 1 0 0 0 0 0 0 1 0 0 0 0 1 0 1 0 0 0 0 0 0 0 1 1 0 0 0 0 1 0 0 0 0 1 0 0 0 0 0 0 0 1 0 0 0 0 0 0 0 1 1 0 0 0 0 0 0 0 0 0 0 0 0 0 0 0 0 0 0 0 0 0 0 0 0 0 0 0 0 0 0 0 0 0 0 0 0 0 0 1 0 0 0 1 0 0 0 0 0 0 0 0 0 0 0 0 0 0 0 0 0 0 0 0 0 0 0 0 0 0 0 0 0 0 0 0 0 0 0 0 0 0 0 0 0 0 0 0 0 0 1 0 0 0 0 0 0 0 1 0 1 0 0 0 0 0 0 0 0 0 0 0 0 0 0 0 0 0 0 0 0 0 0 0 1 0 0 0 0 1 0 0 0 0 0 0 0 0 0 0 0 0 0 1 0 0 0 0 0 0 1 0 0 0 0 0 0 0 0 0 0 0 0 1 0 0 0 0 0 0 0 0 0 0 0 0 0 0 0 1 ]> 27.000000 27.000000 + 0.000000 #25208
update in RO 28.000000

CHECKER is 1 SUM:28
TIME:100.000000
P TIGHTEN: 0.101000 <P:28.000000, D:113.000000, INC:(290)[0 0 0 0 0 0 1 0 0 0 0 0 0 0 0 1 0 0 1 0 1 0 0 1 0 1 0 0 0 0 0 0 1 0 0 0 0 1 0 1 0 0 0 0 0 0 0 1 1 0 0 0 0 1 0 0 0 0 1 0 0 0 0 0 0 0 1 0 0 0 0 0 0 0 1 1 0 0 0 0 0 0 0 0 0 0 0 0 0 0 0 0 0 0 0 0 0 0 0 0 0 0 0 0 0 0 0 0 0 0 0 0 0 0 0 0 0 0 1 0 0 0 0 0 0 1 0 0 0 0 0 0 0 0 0 0 0 0 0 0 0 0 0 0 0 0 0 0 0 0 0 0 0 0 0 0 0 0 0 0 0 0 0 0 0 1 0 0 0 0 0 0 0 1 0 1 0 0 0 0 0 0 0 0 0 0 0 0 0 0 0 0 0 0 0 0 0 0 0 1 0 0 0 0 1 0 0 0 0 0 0 0 0 0 0 0 0 0 1 0 0 0 0 0 0 1 0 0 0 0 0 0 0 0 0 0 0 0 1 0 0 0 0 0 0 0 0 0 0 0 0 0 0 0 1 0 0 0 0 0 0 0 0 0 0 0 0 0 0 0 0 0 0 0 0 0 0 0 0 0 0 0 0 0 0 0 0 0 0 1 ]> 28.000000 28.000000 + 0.000000 #25577
update in RO 29.000000

CHECKER is 1 SUM:29
TIME:100.000000
P TIGHTEN: 0.101000 <P:29.000000, D:113.000000, INC:(298)[0 0 0 0 0 0 1 0 0 0 0 0 0 0 0 1 0 0 1 0 1 0 0 1 0 1 0 0 0 0 0 0 1 0 0 0 0 1 0 1 0 0 0 0 0 0 0 1 1 0 0 0 0 1 0 1 0 0 1 0 0 0 0 0 0 0 0 0 0 0 0 0 0 0 1 1 0 0 0 0 0 0 0 0 0 0 0 0 0 0 0 0 0 0 0 0 0 0 0 0 0 0 0 0 0 0 0 0 0 0 0 0 0 0 0 0 0 0 1 0 0 0 0 0 0 1 0 0 1 0 0 0 0 0 0 0 0 0 0 0 0 0 0 0 0 0 0 0 0 0 0 0 0 0 0 0 0 0 0 0 0 0 0 0 0 0 0 0 0 0 0 0 0 1 0 1 0 0 0 0 0 0 0 0 0 0 0 0 0 0 0 0 0 0 0 0 0 0 0 0 0 0 0 0 1 0 0 0 0 0 0 0 0 0 0 0 0 0 1 0 0 0 0 0 0 1 0 0 0 0 0 0 0 0 0 0 0 0 0 0 0 0 0 0 0 0 0 0 0 1 0 0 0 0 1 0 0 0 0 0 0 1 0 0 0 0 0 1 0 0 0 0 0 0 0 0 0 0 0 0 0 0 0 0 0 0 0 0 0 1 0 0 0 0 0 0 0 0 ]> 29.000000 29.000000 + 0.000000 #25592
update in RO 30.000000

CHECKER is 1 SUM:30
TIME:100.000000
P TIGHTEN: 0.101000 <P:30.000000, D:113.000000, INC:(298)[0 0 0 0 0 0 1 0 0 0 0 0 0 0 0 1 0 0 1 0 1 0 0 1 0 1 0 0 0 0 0 0 1 0 0 0 0 1 0 1 0 0 0 0 0 0 0 1 1 0 0 0 0 1 0 1 0 0 1 0 0 0 0 0 0 0 0 0 0 0 0 0 0 0 1 1 0 0 0 0 0 0 0 0 0 0 0 0 0 0 0 0 0 0 0 0 0 0 0 0 0 0 0 0 0 0 0 0 0 0 0 0 0 0 0 0 0 0 1 0 0 0 0 0 0 1 0 0 1 0 0 0 0 0 0 0 0 0 0 0 0 0 0 0 0 0 0 0 0 0 0 0 0 0 0 0 0 0 0 0 0 0 0 0 0 0 0 0 0 0 0 0 0 1 0 1 0 0 0 0 0 0 0 0 0 0 0 0 0 0 0 0 0 0 0 0 0 0 0 0 0 0 0 0 1 0 0 0 0 0 0 0 0 0 0 0 0 0 1 0 0 0 0 0 0 1 0 0 0 0 0 0 0 0 0 0 0 0 0 0 0 0 0 0 0 0 0 0 0 1 0 0 0 0 1 0 0 0 0 0 0 1 0 0 0 0 0 1 0 0 0 0 0 0 0 0 0 0 0 0 0 0 0 0 0 0 0 0 0 1 0 0 0 0 0 0 0 1 ]> 30.000000 30.000000 + 0.000000 #25592
update in RO 31.000000

CHECKER is 1 SUM:31
TIME:290.000000
P TIGHTEN: 0.291000 <P:31.000000, D:113.000000, INC:(297)[0 0 0 1 0 0 0 1 0 0 0 0 1 0 0 0 0 0 1 0 1 0 0 1 0 1 0 0 0 0 0 0 1 0 0 1 0 1 0 1 0 0 0 0 0 0 0 0 1 0 0 0 0 0 0 0 0 0 1 0 0 0 0 0 0 0 0 0 0 1 0 0 0 0 1 1 0 0 0 0 0 0 0 0 0 0 0 0 0 0 0 0 0 0 0 0 0 1 0 0 0 0 0 0 0 0 1 0 0 0 0 0 0 0 0 0 0 0 1 0 0 0 0 0 0 0 0 0 0 0 0 0 0 0 0 0 0 0 0 0 0 0 0 0 0 0 0 0 1 0 0 0 1 0 0 0 0 0 0 0 0 0 0 0 1 0 0 0 0 0 0 0 0 0 0 0 0 0 0 0 0 0 0 0 0 0 0 0 0 0 0 0 0 0 0 0 0 0 0 1 0 0 0 0 0 0 0 0 0 0 0 0 1 0 0 0 0 0 0 0 0 0 0 0 0 0 0 0 0 0 0 0 0 0 0 0 0 0 1 1 0 0 0 0 0 0 1 0 0 0 0 0 0 0 0 0 0 0 0 0 0 0 0 0 0 0 0 1 0 0 0 0 0 0 0 0 0 0 0 0 0 0 0 0 0 0 1 0 0 1 0 0 0 0 0 0 1 ]> 31.000000 31.000000 + 0.000000 #20611
update in RO 32.000000

CHECKER is 1 SUM:32
TIME:479.000000
P TIGHTEN: 0.480000 <P:32.000000, D:113.000000, INC:(299)[0 0 0 0 1 0 0 0 0 0 0 0 0 0 1 0 0 1 0 1 1 0 0 0 0 1 0 1 0 0 0 0 1 0 0 0 0 0 0 0 0 0 0 0 0 0 0 1 0 0 0 1 0 1 0 1 0 0 0 0 0 0 0 0 0 0 0 0 0 0 0 0 0 0 1 1 0 0 0 0 0 0 0 0 0 0 1 0 0 0 0 0 0 0 0 0 0 0 0 0 0 0 0 0 0 0 0 0 0 0 0 0 0 0 0 0 0 0 1 0 0 0 0 0 0 0 0 0 0 0 0 0 0 0 0 0 0 0 1 0 0 0 0 0 0 0 0 0 1 0 0 0 0 0 0 0 0 0 0 0 0 0 0 0 1 0 0 0 0 0 0 0 0 1 0 0 0 0 1 0 0 0 0 0 0 0 0 0 0 1 0 0 0 0 0 0 0 0 0 0 0 0 0 0 1 0 0 0 0 0 0 0 0 0 0 0 0 0 1 0 0 0 0 0 0 0 0 0 0 0 0 0 0 0 0 0 0 0 1 0 0 0 0 0 0 0 0 0 0 0 1 0 0 0 1 0 0 0 0 0 0 0 0 0 0 0 0 0 0 0 0 0 1 0 0 0 0 0 0 0 1 0 0 0 0 0 0 0 0 1 0 0 0 0 0 0 0 1 1 ]> 32.000000 32.000000 + 0.000000 #20168
B&B(  169)	 108.000000	 32.000000	      -	 time:5.0100s
B&B(  349)	 104.000000	 32.000000	      -	 time:10.0260s
update in RO 33.0000

CHECKER is 1 SUM:33
TIME:11122.000000
P TIGHTEN: 11.122000 <P:33.000000, D:101.000000, INC:(298)[0 0 0 1 0 0 0 0 0 0 0 0 0 0 0 0 0 0 1 1 0 0 0 1 0 1 0 0 0 0 0 0 1 0 0 0 0 1 0 1 0 0 0 0 0 0 0 1 1 0 0 0 0 0 0 1 0 0 1 0 0 0 0 0 0 0 0 0 0 0 0 0 0 0 1 1 0 0 0 0 0 0 0 0 0 0 0 0 0 0 0 0 0 0 0 0 0 1 0 0 0 0 0 0 0 0 1 0 0 0 0 0 0 0 0 0 0 0 1 0 0 0 0 0 0 0 0 0 0 0 0 0 0 0 0 0 0 0 1 0 0 0 0 0 0 0 0 0 1 0 0 0 0 0 0 0 0 0 0 0 0 0 0 0 0 1 0 0 0 0 0 0 0 0 0 1 0 0 0 0 0 0 0 0 0 0 0 0 0 0 0 0 0 0 0 0 0 0 1 0 0 0 0 0 1 0 0 0 0 0 0 0 0 0 0 0 0 0 0 0 0 0 0 0 1 1 0 0 0 0 0 0 0 0 0 0 1 0 1 0 0 0 0 0 0 0 1 0 0 0 0 1 0 0 1 0 0 0 0 0 0 0 0 0 0 0 0 0 0 0 0 0 1 0 0 0 0 0 0 0 0 0 0 0 0 0 0 0 0 1 0 0 0 0 0 0 0 1 ]> 33.000000 33.000000 + 0.000000 #23022
B&B(  533)	 99.000000	 33.000000	      -	 time:15.0290s
B&B(  727)	 98.000000	 33.000000	      -	 time:20.0550s
B&B(  918)	 95.000000	 33.000000	      -	 time:25.0590s
B&B( 1116)	 93.000000	 33.000000	      -	 time:30.0690s
B&B( 1321)	 92.000000	 33.000000	      -	 time:35.0790s
B&B( 1527)	 92.000000	 33.000000	      -	 time:40.0930s
B&B( 1729)	 90.000000	 33.000000	      -	 time:45.1080s
B&B( 1924)	 90.000000	 33.000000	      -	 time:50.1160s
B&B( 2138)	 89.000000	 33.000000	      -	 time:55.1350s
B&B( 2340)	 88.000000	 33.000000	      -	 time:60.1610s
B&B( 2544)	 88.000000	 33.000000	      -	 time:65.1750s
B&B( 2765)	 88.000000	 33.000000	      -	 time:70.1840s
B&B( 2974)	 87.000000	 33.000000	      -	 time:75.2070s
B&B( 3196)	 87.000000	 33.000000	      -	 time:80.2230s
B&B( 3410)	 87.000000	 33.000000	      -	 time:85.2370s
B&B( 3632)	 86.000000	 33.000000	      -	 time:90.2460s
B&B( 3846)	 86.000000	 33.000000	      -	 time:95.2520s
B&B( 4059)	 85.000000	 33.000000	      -	 time:100.2600s
B&B( 4269)	 85.000000	 33.000000	      -	 time:105.2870s
B&B( 4470)	 85.000000	 33.000000	      -	 time:110.3080s
B&B( 4701)	 84.000000	 33.000000	      -	 time:115.3200s
B&B( 4918)	 84.000000	 33.000000	      -	 time:120.3370s
B&B( 5140)	 83.000000	 33.000000	      -	 time:125.3430s
B&B( 5397)	 83.000000	 33.000000	      -	 time:130.3650s
B&B( 5611)	 83.000000	 33.000000	      -	 time:135.3720s
B&B( 5800)	 83.000000	 33.000000	      -	 time:140.3980s
B&B( 5999)	 82.000000	 33.000000	      -	 time:145.4030s
B&B( 6198)	 82.000000	 33.000000	      -	 time:150.4280s
B&B( 6384)	 82.000000	 33.000000	      -	 time:155.4340s
B&B( 6576)	 82.000000	 33.000000	      -	 time:160.4420s
B&B( 6777)	 82.000000	 33.000000	      -	 time:165.4580s
B&B( 7011)	 82.000000	 33.000000	      -	 time:170.4830s
B&B( 7222)	 81.000000	 33.000000	      -	 time:175.5020s
B&B( 7451)	 81.000000	 33.000000	      -	 time:180.5130s
B&B( 7668)	 81.000000	 33.000000	      -	 time:185.5250s
B&B( 7889)	 81.000000	 33.000000	      -	 time:190.5360s
B&B( 8104)	 81.000000	 33.000000	      -	 time:195.5520s
B&B( 8349)	 81.000000	 33.000000	      -	 time:200.5680s
B&B( 8576)	 81.000000	 33.000000	      -	 time:205.5910s
B&B( 8810)	 81.000000	 33.000000	      -	 time:210.6130s
B&B( 9047)	 81.000000	 33.000000	      -	 time:215.6350s
B&B( 9292)	 80.000000	 33.000000	      -	 time:220.6540s
B&B( 9549)	 80.000000	 33.000000	      -	 time:225.6700s
B&B( 9789)	 80.000000	 33.000000	      -	 time:230.6880s
B&B( 9979)	 80.000000	 33.000000	      -	 time:235.7040s
B&B(10190)	 80.000000	 33.000000	      -	 time:240.7110s
B&B(10419)	 80.000000	 33.000000	      -	 time:245.7240s
B&B(10645)	 80.000000	 33.000000	      -	 time:250.7460s
B&B(10827)	 79.000000	 33.000000	      -	 time:255.7490s
B&B(11059)	 79.000000	 33.000000	      -	 time:260.7560s
B&B(11292)	 79.000000	 33.000000	      -	 time:265.7600s
B&B(11546)	 79.000000	 33.000000	      -	 time:270.7730s
B&B(11799)	 79.000000	 33.000000	      -	 time:275.7800s
B&B(12028)	 79.000000	 33.000000	      -	 time:280.8020s
B&B(12269)	 79.000000	 33.000000	      -	 time:285.8060s
B&B(12519)	 79.000000	 33.000000	      -	 time:290.8160s
B&B(12738)	 79.000000	 33.000000	      -	 time:295.8260s
B&B(12929)	 79.000000	 33.000000	      -	 time:300.8340s
B&B(13178)	 78.000000	 33.000000	      -	 time:305.8560s
B&B(13380)	 78.000000	 33.000000	      -	 time:310.8800s
B&B(13599)	 78.000000	 33.000000	      -	 time:315.8890s
B&B(13810)	 78.000000	 33.000000	      -	 time:320.8950s
B&B(14056)	 78.000000	 33.000000	      -	 time:325.8980s
B&B(14290)	 78.000000	 33.000000	      -	 time:330.9160s
B&B(14545)	 78.000000	 33.000000	      -	 time:335.9310s
B&B(14849)	 78.000000	 33.000000	      -	 time:340.9440s
B&B(15073)	 78.000000	 33.000000	      -	 time:345.9630s
B&B(15309)	 77.000000	 33.000000	      -	 time:350.9790s
B&B(15551)	 77.000000	 33.000000	      -	 time:355.9920s
B&B(15808)	 77.000000	 33.000000	      -	 time:361.0000s
B&B(16048)	 77.000000	 33.000000	      -	 time:366.0050s
B&B(16303)	 77.000000	 33.000000	      -	 time:371.0080s
B&B(16546)	 77.000000	 33.000000	      -	 time:376.0250s
B&B(16752)	 77.000000	 33.000000	      -	 time:381.0380s
B&B(16966)	 77.000000	 33.000000	      -	 time:386.0510s
B&B(17208)	 77.000000	 33.000000	      -	 time:391.0630s
B&B(17429)	 77.000000	 33.000000	      -	 time:396.0730s
B&B(17721)	 77.000000	 33.000000	      -	 time:401.0760s
update in RO 34.0000

CHECKER is 1 SUM:34
TIME:406091.000000
P TIGHTEN: 406.092000 <P:34.000000, D:77.000000, INC:(298)[0 0 0 0 0 0 0 0 0 0 0 0 0 0 0 0 0 0 1 0 0 0 0 0 0 0 0 0 0 0 0 0 0 0 0 0 0 1 0 1 0 0 0 0 0 0 0 0 1 0 0 0 0 0 0 1 0 0 1 0 0 0 0 0 0 0 0 0 0 0 0 0 0 0 1 1 0 0 1 0 0 0 0 0 0 0 1 0 1 0 0 0 0 0 0 0 0 1 0 0 0 0 0 1 0 0 1 0 0 0 0 0 0 0 0 0 0 0 1 0 0 0 0 0 0 0 0 0 0 0 0 0 0 0 0 0 0 0 1 0 0 0 0 0 1 1 0 0 1 0 0 0 0 0 0 1 0 0 0 0 0 0 0 0 1 0 0 0 0 0 0 0 0 0 0 0 0 0 0 0 0 0 0 0 0 0 0 0 0 0 0 0 0 0 0 0 0 0 1 0 0 0 0 0 1 0 0 0 0 0 1 0 0 0 0 0 0 1 0 0 0 0 0 0 1 1 0 0 0 0 0 0 0 0 0 0 1 0 1 1 0 0 0 0 0 0 1 0 0 0 0 0 0 0 0 0 0 0 0 0 0 0 0 0 0 0 0 0 0 0 0 0 1 0 0 0 0 0 0 0 0 0 0 0 0 0 0 0 0 0 0 0 0 0 0 1 0 1 ]> 34.000000 34.000000 + 0.000000 #21246
B&B(17944)	 77.000000	 34.000000	      -	 time:406.0920s
B&B(18183)	 76.000000	 34.000000	      -	 time:411.0940s
B&B(18502)	 76.000000	 34.000000	      -	 time:416.1060s
B&B(18769)	 76.000000	 34.000000	      -	 time:421.1080s
B&B(19048)	 76.000000	 34.000000	      -	 time:426.1160s
B&B(19333)	 76.000000	 34.000000	      -	 time:431.1270s
B&B(19619)	 76.000000	 34.000000	      -	 time:436.1360s
B&B(19945)	 76.000000	 34.000000	      -	 time:441.1550s
B&B(20181)	 76.000000	 34.000000	      -	 time:446.1630s
B&B(20438)	 76.000000	 34.000000	      -	 time:451.1810s
B&B(20717)	 76.000000	 34.000000	      -	 time:456.1890s
B&B(20968)	 76.000000	 34.000000	      -	 time:461.1910s
B&B(21271)	 76.000000	 34.000000	      -	 time:466.2060s
B&B(21601)	 76.000000	 34.000000	      -	 time:471.2140s
B&B(21896)	 76.000000	 34.000000	      -	 time:476.2170s
B&B(22184)	 76.000000	 34.000000	      -	 time:481.2260s
B&B(22428)	 75.000000	 34.000000	      -	 time:486.2300s
B&B(22640)	 75.000000	 34.000000	      -	 time:491.2540s
B&B(22899)	 75.000000	 34.000000	      -	 time:496.2590s
B&B(23137)	 75.000000	 34.000000	      -	 time:501.2780s
B&B(23426)	 75.000000	 34.000000	      -	 time:506.2960s
B&B(23692)	 75.000000	 34.000000	      -	 time:511.3000s
B&B(24053)	 75.000000	 34.000000	      -	 time:516.3150s
B&B(24367)	 75.000000	 34.000000	      -	 time:521.3320s
B&B(24642)	 75.000000	 34.000000	      -	 time:526.3410s
B&B(24959)	 75.000000	 34.000000	      -	 time:531.3600s
B&B(25296)	 75.000000	 34.000000	      -	 time:536.3910s
B&B(25579)	 75.000000	 34.000000	      -	 time:541.3980s
B&B(25838)	 75.000000	 34.000000	      -	 time:546.4140s
B&B(26108)	 75.000000	 34.000000	      -	 time:551.4300s
B&B(26378)	 74.000000	 34.000000	      -	 time:556.4320s
B&B(26709)	 74.000000	 34.000000	      -	 time:561.4390s
B&B(26997)	 74.000000	 34.000000	      -	 time:566.4500s
B&B(27233)	 74.000000	 34.000000	      -	 time:571.4640s
B&B(27511)	 74.000000	 34.000000	      -	 time:576.4720s
B&B(27815)	 74.000000	 34.000000	      -	 time:581.4950s
B&B(28096)	 74.000000	 34.000000	      -	 time:586.5000s
B&B(28402)	 74.000000	 34.000000	      -	 time:591.5150s
B&B(28689)	 74.000000	 34.000000	      -	 time:596.5350s
B&B(29013)	 74.000000	 34.000000	      -	 time:601.5610s
B&B(29326)	 74.000000	 34.000000	      -	 time:606.5690s
B&B(29642)	 74.000000	 34.000000	      -	 time:611.5750s
B&B(29925)	 74.000000	 34.000000	      -	 time:616.5770s
B&B(30281)	 74.000000	 34.000000	      -	 time:621.5850s
B&B(30611)	 74.000000	 34.000000	      -	 time:626.6010s
B&B(30914)	 74.000000	 34.000000	      -	 time:631.6150s
B&B(31195)	 74.000000	 34.000000	      -	 time:636.6300s
B&B(31513)	 74.000000	 34.000000	      -	 time:641.6340s
B&B(31791)	 74.000000	 34.000000	      -	 time:646.6400s
B&B(32091)	 73.000000	 34.000000	      -	 time:651.6420s
B&B(32409)	 73.000000	 34.000000	      -	 time:656.6430s
B&B(32723)	 73.000000	 34.000000	      -	 time:661.6660s
B&B(33047)	 73.000000	 34.000000	      -	 time:666.6780s
B&B(33379)	 73.000000	 34.000000	      -	 time:671.6970s
B&B(33701)	 73.000000	 34.000000	      -	 time:676.7260s
B&B(34039)	 73.000000	 34.000000	      -	 time:681.7310s
B&B(34385)	 73.000000	 34.000000	      -	 time:686.7360s
B&B(34719)	 73.000000	 34.000000	      -	 time:691.7470s
B&B(35026)	 73.000000	 34.000000	      -	 time:696.7590s
B&B(35322)	 73.000000	 34.000000	      -	 time:701.7610s
B&B(35586)	 73.000000	 34.000000	      -	 time:706.7840s
B&B(35878)	 73.000000	 34.000000	      -	 time:711.8000s
B&B(36161)	 73.000000	 34.000000	      -	 time:716.8010s
B&B(36479)	 73.000000	 34.000000	      -	 time:721.8110s
B&B(36822)	 73.000000	 34.000000	      -	 time:726.8270s
B&B(37145)	 73.000000	 34.000000	      -	 time:731.8330s
B&B(37493)	 73.000000	 34.000000	      -	 time:736.8540s
B&B(37825)	 73.000000	 34.000000	      -	 time:741.8660s
B&B(38145)	 73.000000	 34.000000	      -	 time:746.8690s
B&B(38485)	 73.000000	 34.000000	      -	 time:751.8920s
B&B(38780)	 73.000000	 34.000000	      -	 time:756.9140s
B&B(39084)	 72.000000	 34.000000	      -	 time:761.9260s
B&B(39389)	 72.000000	 34.000000	      -	 time:766.9350s
B&B(39755)	 72.000000	 34.000000	      -	 time:771.9430s
B&B(40153)	 72.000000	 34.000000	      -	 time:776.9490s
B&B(40464)	 72.000000	 34.000000	      -	 time:781.9540s
B&B(40832)	 72.000000	 34.000000	      -	 time:786.9670s
B&B(41163)	 72.000000	 34.000000	      -	 time:791.9680s
B&B(41480)	 72.000000	 34.000000	      -	 time:796.9820s
B&B(41860)	 72.000000	 34.000000	      -	 time:801.9840s
B&B(42212)	 72.000000	 34.000000	      -	 time:807.0050s
B&B(42623)	 72.000000	 34.000000	      -	 time:812.0130s
B&B(42996)	 72.000000	 34.000000	      -	 time:817.0230s
B&B(43319)	 72.000000	 34.000000	      -	 time:822.0330s
B&B(43652)	 72.000000	 34.000000	      -	 time:827.0460s
B&B(43957)	 72.000000	 34.000000	      -	 time:832.0540s
B&B(44311)	 72.000000	 34.000000	      -	 time:837.0750s
B&B(44675)	 72.000000	 34.000000	      -	 time:842.0810s
B&B(45037)	 72.000000	 34.000000	      -	 time:847.0870s
B&B(45337)	 72.000000	 34.000000	      -	 time:852.0990s
B&B(45696)	 72.000000	 34.000000	      -	 time:857.1100s
B&B(45991)	 72.000000	 34.000000	      -	 time:862.1290s
B&B(46385)	 72.000000	 34.000000	      -	 time:867.1440s
B&B(46700)	 72.000000	 34.000000	      -	 time:872.1470s
B&B(46968)	 72.000000	 34.000000	      -	 time:877.1660s
B&B(47243)	 72.000000	 34.000000	      -	 time:882.1890s
B&B(47560)	 72.000000	 34.000000	      -	 time:887.1930s
B&B(47851)	 71.000000	 34.000000	      -	 time:892.2140s
B&B(48186)	 71.000000	 34.000000	      -	 time:8Command exited with non-zero status 124
	Command being timed: "/usr/bin/timeout 915 /home/fabio/CODD-NEWDom/cmake-build-release-ilyin/misp5 /home/fabio/CODD-NEWDom/data/misp/p_hat300-3.clq 128"
	User time (seconds): 911.77
	System time (seconds): 3.70
	Percent of CPU this job got: 99%
	Elapsed (wall clock) time (h:mm:ss or m:ss): 15:15.56
	Average shared text size (kbytes): 0
	Average unshared data size (kbytes): 0
	Average stack size (kbytes): 0
	Average total size (kbytes): 0
	Maximum resident set size (kbytes): 7441920
	Average resident set size (kbytes): 0
	Major (requiring I/O) page faults: 0
	Minor (reclaiming a frame) page faults: 1862319
	Voluntary context switches: 4
	Involuntary context switches: 3029
	Swaps: 0
	File system inputs: 0
	File system outputs: 64
	Socket messages sent: 0
	Socket messages received: 0
	Signals delivered: 0
	Page size (bytes): 4096
	Exit status: 124

