COMMAND: /usr/bin/time -v /usr/bin/timeout 915 /home/fabio/CODD-NEWDom/cmake-build-release-ilyin/misp5 /home/fabio/CODD-NEWDom/data/misp/keller5.clq 64
TOP=776
B&B searching...
dual@root:776
B&B Nodes          Dual	 Primal	 Gap(%)
----------------------------------------------
update in RO 17.000000

CHECKER is 1 SUM:17
TIME:140.000000
P TIGHTEN: 0.141000 <P:17.000000, D:776.000000, INC:(431)[0 0 0 0 1 0 1 0 0 0 0 0 0 0 0 1 0 0 0 0 0 0 0 0 0 0 1 0 0 0 0 0 0 0 0 0 1 0 0 0 0 0 0 0 0 0 0 0 0 0 0 0 0 0 0 0 0 0 0 0 0 1 0 0 0 0 0 0 0 0 0 1 0 0 0 0 0 0 0 0 1 0 0 0 0 0 0 0 0 0 0 0 0 0 0 0 0 0 0 0 0 0 0 0 0 1 0 1 0 0 0 0 0 0 0 0 0 0 0 0 0 0 0 0 0 0 0 0 0 0 0 0 0 0 0 0 0 0 0 0 0 0 0 0 0 0 0 0 0 0 0 0 0 0 0 0 0 0 0 0 0 0 0 0 0 0 0 0 0 0 0 0 0 0 0 0 0 0 0 0 0 0 0 0 0 0 0 0 0 0 0 0 0 0 0 0 0 0 0 0 0 0 1 0 0 0 0 0 0 0 0 0 0 0 0 0 0 0 0 0 0 0 0 0 0 0 0 0 0 0 0 0 0 0 0 0 0 0 0 0 0 0 0 0 0 0 0 0 1 0 0 0 0 0 0 0 0 0 0 0 0 0 0 0 0 0 0 0 0 0 0 0 0 0 0 0 0 0 0 0 0 0 0 0 0 0 0 0 1 0 0 0 0 0 0 0 0 0 0 0 0 0 0 0 0 0 0 0 0 0 0 1 0 0 0 0 0 0 0 0 0 0 0 0 0 0 0 0 0 0 0 0 0 0 0 0 1 0 0 0 0 0 0 0 0 0 0 0 0 0 0 0 0 0 0 0 0 0 0 0 0 0 0 0 1 0 0 0 0 0 0 0 0 0 0 0 0 0 0 0 0 0 0 0 0 0 0 0 0 0 0 0 0 0 0 0 0 0 0 0 0 0 0 0 0 0 0 0 0 0 0 0 0 0 0 0 0 0 0 0 0 0 1 0 0 0 0 0 0 0 0 ]> 17.000000 17.000000 + 0.000000 #26971
update in RO 18.000000

CHECKER is 1 SUM:18
TIME:140.000000
P TIGHTEN: 0.141000 <P:18.000000, D:776.000000, INC:(431)[0 0 0 0 1 0 1 0 0 0 0 0 0 0 0 1 0 0 0 0 0 0 0 0 0 0 1 0 0 0 0 0 0 0 0 0 1 0 0 0 0 0 0 0 0 0 0 0 0 0 0 0 0 0 0 0 0 0 0 0 0 1 0 0 0 0 0 0 0 0 0 1 0 0 0 0 0 0 0 0 1 0 0 0 0 0 0 0 0 0 0 0 0 0 0 0 0 0 0 0 0 0 0 0 0 1 0 1 0 0 0 0 0 0 0 0 0 0 0 0 0 0 0 0 0 0 0 0 0 0 0 0 0 0 0 0 0 0 0 0 0 0 0 0 0 0 0 0 0 0 0 0 0 0 0 0 0 0 0 0 0 0 0 0 0 0 0 0 0 0 0 0 0 0 0 0 0 0 0 0 0 0 0 0 0 0 0 0 0 0 0 0 0 0 0 0 0 0 0 0 0 0 1 0 0 0 0 0 0 0 0 0 0 0 0 0 0 0 0 0 0 0 0 0 0 0 0 0 0 0 0 0 0 0 0 0 0 0 0 0 0 0 0 0 0 0 0 0 1 0 0 0 0 0 0 0 0 0 0 0 0 0 0 0 0 0 0 0 0 0 0 0 0 0 0 0 0 0 0 0 0 0 0 0 0 0 0 0 1 0 0 0 0 0 0 0 0 0 0 0 0 0 0 0 0 0 0 0 0 0 0 1 0 0 0 0 0 0 0 0 0 0 0 0 0 0 0 0 0 0 0 0 0 0 0 0 1 0 0 0 0 0 0 0 0 0 0 0 0 0 0 0 0 0 0 0 0 0 0 0 0 0 0 0 1 0 0 0 0 0 0 0 0 0 0 0 0 0 0 0 0 0 0 0 0 0 0 0 0 0 0 0 0 0 0 0 0 0 0 0 0 0 0 0 0 0 0 0 0 0 0 0 0 0 0 0 0 0 0 0 0 0 1 0 0 0 0 0 0 0 1 ]> 18.000000 18.000000 + 0.000000 #26971
update in RO 19.000000

CHECKER is 1 SUM:19
TIME:141.000000
P TIGHTEN: 0.142000 <P:19.000000, D:776.000000, INC:(437)[0 0 0 0 1 0 1 0 0 0 0 0 0 0 0 1 0 0 0 0 0 0 0 0 0 0 1 0 0 0 0 0 0 0 0 0 1 0 0 0 0 0 0 0 0 0 0 0 0 0 0 0 0 0 0 0 0 0 0 0 0 1 0 0 0 0 0 0 0 0 0 1 0 0 0 0 0 0 0 0 1 0 0 0 0 0 0 0 0 1 0 0 0 0 0 0 0 0 0 0 0 0 0 0 0 0 0 1 0 0 0 0 0 1 0 0 0 0 0 0 0 0 0 0 0 0 0 0 0 0 0 0 0 0 0 0 0 0 0 0 0 0 0 0 0 0 0 0 0 0 0 0 0 0 0 0 0 0 0 0 0 0 0 0 0 0 0 0 0 0 0 0 0 0 0 0 0 0 0 0 0 0 0 0 0 0 0 0 0 0 0 0 0 0 0 0 0 0 0 0 0 0 1 0 0 0 0 0 0 0 0 0 0 0 0 0 0 0 0 0 0 0 0 0 0 0 0 0 0 0 0 0 0 0 0 0 0 0 0 0 0 0 0 0 0 0 0 0 0 0 0 0 0 0 0 0 0 0 0 0 0 0 0 0 0 0 0 0 0 0 0 0 0 0 0 0 0 0 0 0 0 0 0 0 0 0 0 0 0 0 0 0 0 0 0 0 1 0 0 0 0 0 0 0 0 0 0 0 0 0 0 1 0 0 0 0 0 0 0 0 0 0 0 0 0 0 0 0 0 0 0 0 0 0 0 0 1 0 0 0 0 0 0 0 0 0 0 0 0 0 0 0 0 0 0 0 0 0 0 0 0 0 0 0 1 0 0 0 0 0 0 0 0 0 0 0 0 0 0 0 0 0 0 0 0 0 0 0 0 0 0 0 0 0 0 0 0 0 0 0 0 0 0 0 0 0 0 0 0 0 0 0 0 0 0 0 0 0 0 0 0 0 1 0 0 0 0 0 0 0 1 0 0 0 0 0 1 ]> 19.000000 19.000000 + 0.000000 #27335
update in RO 20.000000

CHECKER is 1 SUM:20
TIME:144.000000
P TIGHTEN: 0.145000 <P:20.000000, D:776.000000, INC:(479)[0 0 0 0 1 0 0 1 0 0 0 0 0 0 1 0 0 0 0 0 0 1 0 0 0 0 0 0 0 0 0 0 0 0 0 1 0 0 0 0 0 0 0 0 0 0 0 0 0 1 0 0 0 0 0 0 0 0 0 0 0 0 0 0 0 0 0 0 0 0 0 0 0 0 1 0 0 0 0 0 0 0 0 0 0 1 0 0 0 0 0 0 0 0 0 0 0 0 0 0 0 0 0 0 0 0 0 0 0 1 0 1 0 0 0 0 0 0 0 0 0 0 0 0 0 0 0 0 0 0 0 0 0 0 0 0 0 0 0 0 0 0 0 0 0 0 0 0 0 0 0 0 0 0 0 0 0 0 0 0 0 0 0 0 0 0 0 0 0 0 0 0 0 0 0 0 0 0 0 0 0 0 0 0 0 0 0 0 0 0 0 0 0 0 0 0 0 0 0 0 0 0 0 1 0 0 0 0 0 0 0 0 0 0 0 0 0 0 0 0 0 0 0 0 0 0 0 0 0 0 0 0 0 0 0 0 0 0 0 0 0 0 0 0 0 0 0 0 0 0 0 0 0 0 0 0 0 0 1 0 0 0 0 0 0 0 0 0 0 0 0 0 0 0 0 0 0 0 0 0 0 0 0 0 0 0 0 0 0 0 0 0 1 0 0 0 0 0 0 0 0 0 0 0 0 0 0 0 0 0 0 0 0 0 0 0 0 0 0 0 0 0 0 0 1 0 0 0 0 0 0 0 0 0 0 0 0 0 0 0 0 0 0 0 0 0 1 0 0 0 0 0 0 0 0 0 0 0 0 0 0 0 0 0 0 0 0 0 1 0 1 0 0 0 0 0 0 0 0 0 0 0 0 0 0 0 0 0 0 0 0 0 0 0 0 0 1 0 0 0 0 0 0 1 0 0 0 0 0 0 0 0 0 0 0 0 0 0 0 0 0 0 0 0 0 0 0 0 0 0 0 0 0 0 0 0 0 0 0 0 0 0 0 0 0 0 0 0 0 0 0 0 0 0 0 0 0 0 0 0 0 0 0 0 0 0 0 0 0 0 0 0 0 0 0 0 1 0 0 ]> 20.000000 20.000000 + 0.000000 #29999
update in RO 21.000000

CHECKER is 1 SUM:21
TIME:144.000000
P TIGHTEN: 0.145000 <P:21.000000, D:776.000000, INC:(479)[0 0 0 0 1 0 0 1 0 0 0 0 0 0 1 0 0 0 0 0 0 1 0 0 0 0 0 0 0 0 0 0 0 0 0 1 0 0 0 0 0 0 0 0 0 0 0 0 0 1 0 0 0 0 0 0 0 0 0 0 0 0 0 0 0 0 0 0 0 0 0 0 0 0 1 0 0 0 0 0 0 0 0 0 0 1 0 0 0 0 0 0 0 0 0 0 0 0 0 0 0 0 0 0 0 0 0 0 0 1 0 1 0 0 0 0 0 0 0 0 0 0 0 0 0 0 0 0 0 0 0 0 0 0 0 0 0 0 0 0 0 0 0 0 0 0 0 0 0 0 0 0 0 0 0 0 0 0 0 0 0 0 0 0 0 0 0 0 0 0 0 0 0 0 0 0 0 0 0 0 0 0 0 0 0 0 0 0 0 0 0 0 0 0 0 0 0 0 0 0 0 0 0 1 0 0 0 0 0 0 0 0 0 0 0 0 0 0 0 0 0 0 0 0 0 0 0 0 0 0 0 0 0 0 0 0 0 0 0 0 0 0 0 0 0 0 0 0 0 0 0 0 0 0 0 0 0 0 1 0 0 0 0 0 0 0 0 0 0 0 0 0 0 0 0 0 0 0 0 0 0 0 0 0 0 0 0 0 0 0 0 0 1 0 0 0 0 0 0 0 0 0 0 0 0 0 0 0 0 0 0 0 0 0 0 0 0 0 0 0 0 0 0 0 1 0 0 0 0 0 0 0 0 0 0 0 0 0 0 0 0 0 0 0 0 0 1 0 0 0 0 0 0 0 0 0 0 0 0 0 0 0 0 0 0 0 0 0 1 0 1 0 0 0 0 0 0 0 0 0 0 0 0 0 0 0 0 0 0 0 0 0 0 0 0 0 1 0 0 0 0 0 0 1 0 0 0 0 0 0 0 0 0 0 0 0 0 0 0 0 0 0 0 0 0 0 0 0 0 0 0 0 0 0 0 0 0 0 0 0 0 0 0 0 0 0 0 0 0 0 0 0 0 0 0 0 0 0 0 0 0 0 0 0 0 0 0 0 0 0 0 0 0 0 0 0 1 0 1 ]> 21.000000 21.000000 + 0.000000 #29999
update in RO 22.000000

CHECKER is 1 SUM:22
TIME:145.000000
P TIGHTEN: 0.145000 <P:22.000000, D:776.000000, INC:(483)[0 0 0 0 1 0 0 1 0 0 0 0 0 0 1 0 0 0 0 0 0 1 0 0 0 0 0 0 0 0 0 0 0 0 0 1 0 0 0 0 0 0 0 0 0 0 0 0 0 1 0 0 0 0 0 0 0 0 0 0 0 0 0 0 0 0 0 0 0 0 0 0 0 0 1 0 0 0 0 0 0 0 0 1 0 0 0 0 0 0 0 0 0 0 0 0 0 0 0 0 0 1 0 0 0 0 0 0 0 1 0 1 0 0 0 0 0 0 0 0 0 0 0 0 0 0 0 0 0 0 0 0 0 0 0 0 0 0 0 0 0 0 0 0 0 0 0 0 0 0 0 0 0 0 0 0 0 0 0 0 0 0 0 0 0 0 0 0 0 0 0 0 0 0 0 0 0 0 0 0 0 0 0 0 0 0 0 0 0 0 0 0 0 0 0 0 0 0 0 0 0 0 0 1 0 0 0 0 0 0 0 0 0 0 0 0 0 0 0 0 0 0 0 0 0 0 0 0 0 0 0 0 0 0 0 0 0 0 0 0 0 0 0 0 0 0 0 0 0 0 0 0 0 0 0 0 0 0 0 0 0 0 0 0 0 0 0 0 0 0 0 0 0 0 0 0 0 0 0 0 0 0 0 0 0 0 0 0 0 0 0 0 0 0 0 0 0 0 0 0 0 0 0 0 0 0 0 0 1 0 0 0 0 0 0 0 0 0 0 0 0 0 0 0 1 0 0 0 0 0 0 0 0 0 0 0 0 0 0 0 0 0 0 0 0 0 1 0 0 0 0 0 0 0 0 0 0 0 0 0 0 0 0 0 0 0 0 0 1 0 1 0 0 0 0 0 0 0 0 0 0 0 0 0 0 0 0 0 0 0 0 0 0 0 0 0 1 0 0 0 0 0 0 1 0 0 0 0 0 0 0 0 0 0 0 0 0 0 0 0 0 0 0 0 0 0 0 0 0 0 0 0 0 0 0 0 0 0 0 0 1 0 0 0 0 0 0 0 0 0 0 0 0 0 0 0 0 0 0 0 0 0 0 0 0 0 0 0 0 0 0 0 0 0 0 0 0 0 0 0 1 0 1 ]> 22.000000 22.000000 + 0.000000 #30252
update in RO 23.000000

CHECKER is 1 SUM:23
TIME:147.000000
P TIGHTEN: 0.147000 <P:23.000000, D:776.000000, INC:(531)[0 0 0 0 1 0 0 1 0 0 0 0 0 0 1 0 0 0 0 0 0 1 0 0 0 0 0 0 0 0 0 0 0 0 0 1 0 0 0 0 0 0 0 0 0 0 0 0 0 1 0 0 0 0 0 0 0 0 0 0 0 0 0 0 0 0 0 0 0 0 0 0 0 0 1 0 0 0 0 0 0 0 0 1 0 0 0 0 0 0 0 0 0 0 0 0 0 0 0 0 0 1 0 0 0 0 0 0 0 1 0 1 0 0 0 0 0 0 0 0 0 0 0 0 0 0 0 0 0 0 0 0 0 0 0 0 0 0 0 0 0 0 0 0 0 0 0 0 0 0 0 0 0 0 0 0 0 0 0 0 0 0 0 0 0 0 0 0 0 0 0 0 0 0 0 0 0 0 0 0 0 0 0 0 0 0 0 0 0 0 0 0 0 0 0 0 0 0 0 0 0 0 0 1 0 0 0 0 0 0 0 0 0 0 0 0 0 0 0 0 0 0 0 0 0 0 0 0 0 0 0 0 0 0 0 0 0 0 0 0 0 0 0 0 0 0 0 0 0 0 0 0 0 0 0 0 0 0 0 0 0 0 0 0 0 0 0 0 0 0 0 0 0 0 0 0 0 0 0 0 0 0 0 0 0 0 0 0 0 0 0 0 0 0 0 0 0 0 0 0 0 0 0 0 0 0 0 0 1 0 0 0 0 0 0 0 0 0 0 0 0 0 0 0 1 0 0 0 0 0 0 0 0 0 0 0 0 0 0 0 0 0 0 0 0 0 1 0 0 0 0 0 0 0 0 0 0 0 0 0 0 0 0 0 0 0 0 0 1 0 1 0 0 0 0 0 0 0 0 0 0 0 0 0 0 0 0 0 0 0 0 0 0 0 0 0 1 0 0 0 0 0 0 1 0 0 0 0 0 0 0 0 0 0 0 0 0 0 0 0 0 0 0 0 0 0 0 0 0 0 0 0 0 0 0 0 0 0 0 0 0 0 0 0 0 0 0 0 0 0 0 0 0 0 0 0 0 0 0 0 0 0 0 0 0 0 0 0 0 0 0 0 0 0 0 0 0 0 0 0 0 0 0 0 0 0 0 0 0 0 0 0 1 0 0 0 0 1 0 0 0 0 0 0 0 0 0 0 0 0 0 0 0 0 0 0 0 0 0 0 0 0 0 0 0 0 0 0 1 0 1 ]> 23.000000 23.000000 + 0.000000 #31527
update in RO 24.000000

CHECKER is 1 SUM:24
TIME:590.000000
P TIGHTEN: 0.590000 <P:24.000000, D:111.000000, INC:(548)[1 0 0 0 0 0 0 0 0 0 0 0 0 0 0 0 0 0 1 0 0 0 0 1 0 0 0 0 0 0 0 0 0 1 0 0 1 0 0 0 0 0 0 0 0 0 0 1 0 0 0 0 0 0 0 0 0 0 0 0 0 0 0 0 0 0 0 0 0 0 0 0 0 0 0 0 0 0 0 0 0 0 0 0 0 0 1 0 0 0 0 0 1 0 0 0 0 0 0 0 0 0 0 0 0 0 0 0 0 0 1 0 0 0 0 0 0 0 0 0 0 1 0 0 0 0 0 0 1 0 0 0 0 0 0 0 0 0 0 0 0 0 0 0 0 0 0 0 0 0 0 0 0 0 0 0 0 0 0 0 0 0 0 0 0 0 0 0 0 0 0 0 0 0 0 0 0 0 0 0 0 0 0 0 0 0 0 0 0 0 1 0 0 0 0 0 0 0 0 0 0 0 0 0 0 0 0 0 0 0 0 0 0 0 0 0 0 0 0 0 0 0 0 0 0 0 0 0 0 0 0 0 0 0 0 0 0 0 0 0 0 0 0 0 0 0 0 0 0 0 0 0 0 0 0 0 0 0 0 0 0 0 0 0 0 0 0 0 0 0 0 0 0 0 0 0 0 0 0 0 0 0 0 0 0 0 0 0 0 0 0 0 0 0 1 0 0 0 0 0 0 0 0 0 0 0 0 0 0 0 0 1 0 0 0 0 0 0 0 0 0 0 0 0 0 0 0 0 0 0 0 0 0 0 0 0 0 0 0 0 0 0 0 0 0 0 1 0 0 0 0 0 0 0 0 0 0 0 0 0 0 0 0 0 1 0 0 0 0 0 0 0 0 0 0 0 0 0 0 0 0 0 0 0 0 0 0 0 1 0 1 0 0 0 0 0 0 0 0 0 0 0 0 0 0 0 0 0 0 0 0 0 0 0 0 0 0 0 1 0 0 0 0 0 0 0 0 0 0 0 0 0 0 0 0 0 0 0 0 0 0 0 0 0 0 0 0 0 0 0 0 0 0 0 0 0 0 0 0 0 0 0 0 0 0 0 0 0 0 0 0 0 0 0 0 0 1 0 0 0 0 0 0 0 0 0 0 0 0 0 1 0 0 0 0 0 0 0 0 0 0 0 0 0 0 0 0 0 0 0 0 0 1 0 1 0 0 0 0 0 0 0 0 0 0 0 0 0 0 0 0 0 0 0 0 0 0 0 0 0 0 0 0 0 0 0 0 1 ]> 24.000000 24.000000 + 0.000000 #30691
update in RO 25.000000

CHECKER is 1 SUM:25
TIME:1432.000000
P TIGHTEN: 1.433000 <P:25.000000, D:111.000000, INC:(558)[0 0 0 1 0 1 0 0 0 0 0 0 0 0 0 1 0 0 0 0 0 0 0 0 0 0 0 0 0 0 0 0 0 0 0 0 0 1 0 0 0 0 0 0 0 0 0 0 0 0 0 0 0 0 0 0 0 0 0 0 1 0 0 0 0 0 0 0 0 0 0 1 0 0 0 0 0 0 0 0 0 0 0 0 0 1 0 0 0 0 0 0 0 1 0 0 0 0 0 0 0 0 0 0 0 0 0 1 0 0 0 0 0 0 0 0 1 0 0 0 0 0 0 0 0 0 0 0 0 0 0 0 0 0 0 0 0 0 0 0 0 0 0 0 0 0 0 0 0 0 0 0 0 0 0 0 0 0 0 0 0 0 0 0 0 0 0 0 0 0 0 0 0 0 0 0 0 0 0 0 0 0 0 0 0 0 0 0 0 0 0 0 0 0 0 1 0 0 0 0 0 1 0 0 0 0 0 0 0 0 0 0 0 0 0 0 0 0 0 0 0 0 0 0 0 0 0 0 0 0 0 0 0 0 0 0 0 0 0 0 0 0 0 0 0 0 0 0 0 0 0 0 0 0 0 0 0 0 0 0 0 0 0 0 0 0 0 0 0 0 0 0 0 0 0 0 0 0 0 0 0 0 0 0 0 0 0 0 0 0 0 0 0 0 0 0 0 0 0 0 1 0 0 0 0 0 0 0 0 0 0 0 0 0 0 0 0 0 0 0 0 0 0 0 0 0 0 0 0 0 0 0 0 0 0 1 0 0 0 0 0 0 0 0 0 0 0 0 0 0 0 0 0 0 0 1 0 0 0 0 0 0 0 0 0 0 0 0 0 0 0 0 0 0 0 0 0 0 0 0 0 0 0 0 0 0 0 0 0 0 0 0 0 0 0 0 0 1 0 0 0 0 0 0 0 0 0 0 0 0 0 0 0 0 0 0 0 0 0 0 0 0 0 0 0 0 1 0 0 0 0 0 0 1 0 0 0 0 0 0 0 0 0 0 0 0 0 0 0 0 0 0 0 0 0 0 0 0 0 0 0 0 0 0 0 0 0 0 0 1 0 0 0 0 0 0 0 0 0 0 0 0 0 0 0 0 0 0 0 0 0 0 0 0 0 0 0 0 0 1 0 0 0 0 0 0 0 0 0 0 0 0 0 0 0 0 0 0 0 0 0 0 0 0 0 0 1 0 0 0 0 0 0 0 0 1 0 0 0 0 0 0 0 0 0 0 0 0 0 1 0 0 0 0 0 1 0 1 ]> 25.000000 25.000000 + 0.000000 #26781
B&B(   70)	 111.000000	 25.000000	      -	 time:5.0330s
update in RO 26.0000

CHECKER is 1 SUM:26
TIME:9120.000000
P TIGHTEN: 9.121000 <P:26.000000, D:110.000000, INC:(575)[0 0 0 0 0 0 0 0 0 0 0 0 0 0 0 1 0 0 0 0 0 0 0 0 0 0 0 0 1 0 0 0 0 0 0 0 0 0 0 0 0 0 0 0 0 1 0 0 0 0 0 0 0 0 0 0 0 0 0 0 1 0 0 0 0 0 0 0 0 0 1 0 0 0 0 0 0 0 0 0 0 0 1 0 0 0 0 0 0 0 1 0 0 0 0 0 0 0 0 0 0 0 0 0 0 0 0 0 0 0 0 0 0 0 0 0 0 0 0 0 0 0 0 1 0 0 0 0 0 0 0 0 0 0 0 0 0 0 0 0 1 0 1 0 0 0 0 0 0 0 0 0 0 0 0 0 0 0 0 0 0 0 0 1 0 0 0 0 0 0 0 0 0 1 0 0 0 0 0 0 0 0 0 0 0 0 0 0 0 0 0 0 0 0 0 0 0 0 0 0 0 0 0 0 0 0 0 0 0 0 0 0 0 0 0 1 0 0 0 0 0 0 0 0 0 0 0 0 0 0 0 0 0 0 0 0 0 0 0 0 0 0 0 0 0 0 0 0 0 0 0 0 0 0 0 0 0 0 0 0 0 0 0 0 0 0 0 0 0 0 0 0 0 0 0 0 0 0 0 0 0 0 0 0 0 0 0 0 0 0 0 0 0 0 0 0 0 0 0 0 1 0 0 0 0 0 0 0 0 0 0 0 0 0 0 0 0 0 0 0 0 0 0 0 0 0 0 0 0 0 0 0 0 0 0 0 1 0 0 0 0 0 0 0 0 0 0 0 0 0 0 0 0 0 0 1 0 0 0 0 0 0 0 0 0 0 0 0 0 0 0 0 0 0 0 0 0 0 0 0 0 0 0 0 0 0 0 0 1 0 0 0 0 0 0 0 1 0 0 0 0 0 0 0 0 0 0 0 0 0 0 0 0 0 0 0 0 0 0 0 0 0 0 0 0 1 0 0 0 0 0 0 0 0 0 0 0 0 0 0 0 0 0 0 0 0 0 0 0 0 1 0 0 0 0 0 0 0 1 0 0 0 0 0 0 0 0 0 0 0 0 0 0 0 0 0 0 0 0 0 0 0 1 0 0 0 0 0 0 0 0 0 0 0 0 0 0 0 0 0 1 0 0 0 0 0 0 0 0 0 0 0 0 0 0 0 0 0 0 0 0 0 0 0 0 0 0 0 0 0 0 0 0 0 0 0 1 0 1 0 0 0 0 0 0 0 0 0 0 0 0 0 0 0 0 0 1 0 0 0 0 0 0 0 0 0 0 0 0 0 0 0 0 0 0 ]> 26.000000 26.000000 + 0.000000 #29222
update in RO 27.000000

CHECKER is 1 SUM:27
TIME:9120.000000
P TIGHTEN: 9.121000 <P:27.000000, D:110.000000, INC:(575)[0 0 0 0 0 0 0 0 0 0 0 0 0 0 0 1 0 0 0 0 0 0 0 0 0 0 0 0 1 0 0 0 0 0 0 0 0 0 0 0 0 0 0 0 0 1 0 0 0 0 0 0 0 0 0 0 0 0 0 0 1 0 0 0 0 0 0 0 0 0 1 0 0 0 0 0 0 0 0 0 0 0 1 0 0 0 0 0 0 0 1 0 0 0 0 0 0 0 0 0 0 0 0 0 0 0 0 0 0 0 0 0 0 0 0 0 0 0 0 0 0 0 0 1 0 0 0 0 0 0 0 0 0 0 0 0 0 0 0 0 1 0 1 0 0 0 0 0 0 0 0 0 0 0 0 0 0 0 0 0 0 0 0 1 0 0 0 0 0 0 0 0 0 1 0 0 0 0 0 0 0 0 0 0 0 0 0 0 0 0 0 0 0 0 0 0 0 0 0 0 0 0 0 0 0 0 0 0 0 0 0 0 0 0 0 1 0 0 0 0 0 0 0 0 0 0 0 0 0 0 0 0 0 0 0 0 0 0 0 0 0 0 0 0 0 0 0 0 0 0 0 0 0 0 0 0 0 0 0 0 0 0 0 0 0 0 0 0 0 0 0 0 0 0 0 0 0 0 0 0 0 0 0 0 0 0 0 0 0 0 0 0 0 0 0 0 0 0 0 0 1 0 0 0 0 0 0 0 0 0 0 0 0 0 0 0 0 0 0 0 0 0 0 0 0 0 0 0 0 0 0 0 0 0 0 0 1 0 0 0 0 0 0 0 0 0 0 0 0 0 0 0 0 0 0 1 0 0 0 0 0 0 0 0 0 0 0 0 0 0 0 0 0 0 0 0 0 0 0 0 0 0 0 0 0 0 0 0 1 0 0 0 0 0 0 0 1 0 0 0 0 0 0 0 0 0 0 0 0 0 0 0 0 0 0 0 0 0 0 0 0 0 0 0 0 1 0 0 0 0 0 0 0 0 0 0 0 0 0 0 0 0 0 0 0 0 0 0 0 0 1 0 0 0 0 0 0 0 1 0 0 0 0 0 0 0 0 0 0 0 0 0 0 0 0 0 0 0 0 0 0 0 1 0 0 0 0 0 0 0 0 0 0 0 0 0 0 0 0 0 1 0 0 0 0 0 0 0 0 0 0 0 0 0 0 0 0 0 0 0 0 0 0 0 0 0 0 0 0 0 0 0 0 0 0 0 1 0 1 0 0 0 0 0 0 0 0 0 0 0 0 0 0 0 0 0 1 0 0 0 0 0 0 0 0 0 0 0 0 0 0 0 0 0 1 ]> 27.000000 27.000000 + 0.000000 #29222
B&B(  143)	 110.000000	 27.000000	      -	 time:10.0960s
B&B(  220)	 110.000000	 27.000000	      -	 time:15.1410s
B&B(  299)	 107.000000	 27.000000	      -	 time:20.1530s
B&B(  381)	 106.000000	 27.000000	      -	 time:25.2240s
B&B(  456)	 104.000000	 27.000000	      -	 time:30.2860s
B&B(  532)	 102.000000	 27.000000	      -	 time:35.3300s
B&B(  612)	 102.000000	 27.000000	      -	 time:40.3400s
B&B(  694)	 99.000000	 27.000000	      -	 time:45.3700s
B&B(  783)	 97.000000	 27.000000	      -	 time:50.3930s
B&B(  872)	 97.000000	 27.000000	      -	 time:55.4180s
B&B(  953)	 96.000000	 27.000000	      -	 time:60.4480s
B&B( 1044)	 96.000000	 27.000000	      -	 time:65.5060s
B&B( 1133)	 96.000000	 27.000000	      -	 time:70.5490s
B&B( 1218)	 96.000000	 27.000000	      -	 time:75.5910s
B&B( 1307)	 96.000000	 27.000000	      -	 time:80.6200s
B&B( 1401)	 95.000000	 27.000000	      -	 time:85.6280s
B&B( 1493)	 95.000000	 27.000000	      -	 time:90.6440s
B&B( 1588)	 95.000000	 27.000000	      -	 time:95.7020s
B&B( 1667)	 95.000000	 27.000000	      -	 time:100.7060s
B&B( 1756)	 94.000000	 27.000000	      -	 time:105.7070s
B&B( 1838)	 94.000000	 27.000000	      -	 time:110.7750s
B&B( 1920)	 94.000000	 27.000000	      -	 time:115.8100s
B&B( 2006)	 94.000000	 27.000000	      -	 time:120.8140s
B&B( 2093)	 94.000000	 27.000000	      -	 time:125.8330s
B&B( 2173)	 94.000000	 27.000000	      -	 time:130.8850s
B&B( 2255)	 94.000000	 27.000000	      -	 time:135.9170s
B&B( 2341)	 94.000000	 27.000000	      -	 time:140.9690s
B&B( 2424)	 93.000000	 27.000000	      -	 time:146.0240s
B&B( 2511)	 93.000000	 27.000000	      -	 time:151.0890s
B&B( 2587)	 93.000000	 27.000000	      -	 time:156.1040s
B&B( 2681)	 93.000000	 27.000000	      -	 time:161.1060s
B&B( 2767)	 93.000000	 27.000000	      -	 time:166.1580s
B&B( 2847)	 93.000000	 27.000000	      -	 time:171.1690s
B&B( 2933)	 93.000000	 27.000000	      -	 time:176.2060s
B&B( 3014)	 93.000000	 27.000000	      -	 time:181.2180s
B&B( 3098)	 93.000000	 27.000000	      -	 time:186.2710s
B&B( 3182)	 93.000000	 27.000000	      -	 time:191.2840s
B&B( 3272)	 92.000000	 27.000000	      -	 time:196.3230s
B&B( 3360)	 92.000000	 27.000000	      -	 time:201.3420s
B&B( 3454)	 92.000000	 27.000000	      -	 time:206.3680s
B&B( 3537)	 92.000000	 27.000000	      -	 time:211.4200s
B&B( 3623)	 92.000000	 27.000000	      -	 time:216.4320s
B&B( 3711)	 92.000000	 27.000000	      -	 time:221.4860s
B&B( 3793)	 92.000000	 27.000000	      -	 time:226.5430s
B&B( 3874)	 92.000000	 27.000000	      -	 time:231.5620s
B&B( 3969)	 92.000000	 27.000000	      -	 time:236.5980s
B&B( 4061)	 92.000000	 27.000000	      -	 time:241.6520s
B&B( 4145)	 92.000000	 27.000000	      -	 time:246.6640s
B&B( 4229)	 92.000000	 27.000000	      -	 time:251.6730s
B&B( 4321)	 92.000000	 27.000000	      -	 time:256.6840s
B&B( 4406)	 92.000000	 27.000000	      -	 time:261.6990s
B&B( 4490)	 92.000000	 27.000000	      -	 time:266.7110s
B&B( 4569)	 92.000000	 27.000000	      -	 time:271.7580s
B&B( 4660)	 92.000000	 27.000000	      -	 time:276.8070s
B&B( 4745)	 92.000000	 27.000000	      -	 time:281.8580s
B&B( 4826)	 92.000000	 27.000000	      -	 time:286.8880s
B&B( 4912)	 92.000000	 27.000000	      -	 time:291.9190s
B&B( 5005)	 92.000000	 27.000000	      -	 time:296.9870s
B&B( 5087)	 92.000000	 27.000000	      -	 time:302.0140s
B&B( 5171)	 91.000000	 27.000000	      -	 time:307.0200s
B&B( 5259)	 91.000000	 27.000000	      -	 time:312.0750s
B&B( 5338)	 91.000000	 27.000000	      -	 time:317.1000s
B&B( 5422)	 91.000000	 27.000000	      -	 time:322.1290s
B&B( 5502)	 91.000000	 27.000000	      -	 time:327.1860s
B&B( 5587)	 91.000000	 27.000000	      -	 time:332.2270s
B&B( 5665)	 91.000000	 27.000000	      -	 time:337.2510s
B&B( 5748)	 91.000000	 27.000000	      -	 time:342.3160s
B&B( 5836)	 91.000000	 27.000000	      -	 time:347.3380s
B&B( 5919)	 91.000000	 27.000000	      -	 time:352.3590s
B&B( 6005)	 91.000000	 27.000000	      -	 time:357.3870s
B&B( 6095)	 91.000000	 27.000000	      -	 time:362.4240s
B&B( 6179)	 91.000000	 27.000000	      -	 time:367.4290s
B&B( 6260)	 91.000000	 27.000000	      -	 time:372.4460s
B&B( 6344)	 91.000000	 27.000000	      -	 time:377.4520s
B&B( 6429)	 91.000000	 27.000000	      -	 time:382.5070s
B&B( 6513)	 91.000000	 27.000000	      -	 time:387.5550s
B&B( 6602)	 90.000000	 27.000000	      -	 time:392.5620s
B&B( 6686)	 90.000000	 27.000000	      -	 time:397.5760s
B&B( 6767)	 90.000000	 27.000000	      -	 time:402.6110s
B&B( 6850)	 90.000000	 27.000000	      -	 time:407.6660s
B&B( 6935)	 90.000000	 27.000000	      -	 time:412.7270s
B&B( 7015)	 90.000000	 27.000000	      -	 time:417.7500s
B&B( 7097)	 90.000000	 27.000000	      -	 time:422.8080s
B&B( 7181)	 90.000000	 27.000000	      -	 time:427.8310s
B&B( 7272)	 90.000000	 27.000000	      -	 time:432.8480s
B&B( 7356)	 90.000000	 27.000000	      -	 time:437.8670s
B&B( 7448)	 90.000000	 27.000000	      -	 time:442.8690s
B&B( 7532)	 90.000000	 27.000000	      -	 time:447.9180s
B&B( 7623)	 90.000000	 27.000000	      -	 time:452.9380s
B&B( 7710)	 90.000000	 27.000000	      -	 time:457.9510s
B&B( 7799)	 90.000000	 27.000000	      -	 time:462.9900s
B&B( 7887)	 90.000000	 27.000000	      -	 time:468.0480s
B&B( 7976)	 90.000000	 27.000000	      -	 time:473.0850s
B&B( 8055)	 90.000000	 27.000000	      -	 time:478.1080s
B&B( 8146)	 90.000000	 27.000000	      -	 time:483.1270s
B&B( 8242)	 90.000000	 27.000000	      -	 time:488.1400s
B&B( 8331)	 89.000000	 27.000000	      -	 time:493.1730s
B&B( 8423)	 89.000000	 27.000000	      -	 time:498.2140s
B&B( 8508)	 89.000000	 27.000000	      -	 time:503.2450s
B&B( 8595)	 89.000000	 27.000000	      -	 time:508.2890s
B&B( 8685)	 89.000000	 27.000000	      -	 time:513.3250s
B&B( 8775)	 89.000000	 27.000000	      -	 time:518.3840s
B&B( 8865)	 89.000000	 27.000000	      -	 time:523.4250s
B&B( 8951)	 89.000000	 27.000000	      -	 time:528.4550s
B&B( 9041)	 89.000000	 27.000000	      -	 time:533.4910s
B&B( 9131)	 89.000000	 27.000000	      -	 time:538.5500s
B&B( 9216)	 89.000000	 27.000000	      -	 time:543.6060s
B&B( 9300)	 89.000000	 27.000000	      -	 time:548.6350s
B&B( 9394)	 89.000000	 27.000000	      -	 time:553.6890s
B&B( 9479)	 89.000000	 27.000000	      -	 time:558.7230s
B&B( 9568)	 89.000000	 27.000000	      -	 time:563.7500s
B&B( 9658)	 89.000000	 27.000000	      -	 time:568.7790s
B&B( 9744)	 89.000000	 27.000000	      -	 time:573.8060s
B&B( 9833)	 89.000000	 27.000000	      -	 time:578.8330s
B&B( 9917)	 89.000000	 27.000000	      -	 time:583.8440s
B&B(10007)	 89.000000	 27.000000	      -	 time:588.8810s
B&B(10096)	 89.000000	 27.000000	      -	 time:593.8820s
B&B(10182)	 89.000000	 27.000000	      -	 time:598.8880s
B&B(10279)	 89.000000	 27.000000	      -	 time:603.9250s
B&B(10364)	 89.000000	 27.000000	      -	 time:608.9500s
B&B(10448)	 89.000000	 27.000000	      -	 time:613.9910s
B&B(10532)	 89.000000	 27.000000	      -	 time:619.0290s
B&B(10617)	 89.000000	 27.000000	      -	 time:624.0780s
B&B(10697)	 89.000000	 27.000000	      -	 time:629.1000s
B&B(10782)	 89.000000	 27.000000	      -	 time:634.1390s
B&B(10871)	 88.000000	 27.000000	      -	 time:639.1810s
B&B(10967)	 88.000000	 27.000000	      -	 time:644.2070s
B&B(11053)	 88.000000	 27.000000	      -	 time:649.2180s
B&B(11148)	 88.000000	 27.000000	      -	 time:654.2200s
B&B(11243)	 88.000000	 27.000000	      -	 time:659.2420s
B&B(11331)	 88.000000	 27.000000	      -	 time:664.2730s
B&B(11420)	 88.000000	 27.000000	      -	 time:669.2750s
B&B(11Command exited with non-zero status 124
	Command being timed: "/usr/bin/timeout 915 /home/fabio/CODD-NEWDom/cmake-build-release-ilyin/misp5 /home/fabio/CODD-NEWDom/data/misp/keller5.clq 64"
	User time (seconds): 913.41
	System time (seconds): 1.75
	Percent of CPU this job got: 99%
	Elapsed (wall clock) time (h:mm:ss or m:ss): 15:15.26
	Average shared text size (kbytes): 0
	Average unshared data size (kbytes): 0
	Average stack size (kbytes): 0
	Average total size (kbytes): 0
	Maximum resident set size (kbytes): 3505152
	Average resident set size (kbytes): 0
	Major (requiring I/O) page faults: 0
	Minor (reclaiming a frame) page faults: 880130
	Voluntary context switches: 4
	Involuntary context switches: 4010
	Swaps: 0
	File system inputs: 0
	File system outputs: 64
	Socket messages sent: 0
	Socket messages received: 0
	Signals delivered: 0
	Page size (bytes): 4096
	Exit status: 124

