COMMAND: /usr/bin/time -v /usr/bin/timeout 915 /home/fabio/CODD-NEWDom/cmake-build-release-ilyin/misp5 /home/fabio/CODD-NEWDom/data/misp/san200_0.9_1.clq 64
TOP=200
B&B searching...
dual@root:200
B&B Nodes          Dual	 Primal	 Gap(%)
----------------------------------------------
update in RO 46.000000

CHECKER is 1 SUM:46
TIME:21.000000
P TIGHTEN: 0.022000 <P:46.000000, D:200.000000, INC:(178)[1 1 0 0 1 1 1 1 0 1 0 1 0 1 0 0 0 1 1 1 0 1 0 0 0 0 1 1 0 1 0 1 0 1 1 0 0 0 1 1 0 0 0 0 0 0 1 0 0 0 1 0 0 1 1 0 0 0 1 0 0 0 0 1 1 1 0 0 0 0 0 1 0 1 0 1 0 1 0 1 0 1 0 0 0 0 0 0 1 1 0 0 0 0 1 0 0 0 0 1 0 0 0 0 0 0 1 0 0 0 0 0 0 0 0 0 0 0 0 1 1 0 0 0 0 0 0 0 1 0 0 0 0 0 1 0 0 0 0 0 1 0 0 0 0 0 0 0 0 0 0 0 0 0 0 0 0 0 0 0 0 0 0 0 0 0 0 0 0 0 0 0 0 0 0 0 0 1 ]> 46.000000 46.000000 + 0.000000 #9950
update in RO 47.000000

CHECKER is 1 SUM:47
TIME:252.000000
P TIGHTEN: 0.253000 <P:47.000000, D:124.000000, INC:(173)[1 0 0 0 1 1 0 1 0 1 0 0 0 1 0 0 0 1 0 1 0 1 1 0 1 1 1 1 0 1 1 1 0 1 1 0 0 1 0 1 0 0 0 0 1 0 1 0 0 0 1 0 0 1 1 0 0 0 0 0 0 0 0 0 1 0 1 1 0 0 0 0 0 1 1 1 0 0 0 1 0 1 0 0 0 0 0 0 0 1 0 0 1 0 0 0 0 0 0 1 0 0 0 0 0 0 0 0 0 0 0 0 1 0 0 0 0 0 1 0 1 0 1 0 0 0 0 0 1 0 0 0 0 0 1 0 0 0 0 0 0 0 0 0 0 0 0 1 0 0 1 0 0 0 0 0 0 0 0 0 0 0 0 0 0 0 0 0 0 1 0 0 1 ]> 47.000000 47.000000 + 0.000000 #9105
update in RO 49.000000

CHECKER is 1 SUM:49
TIME:814.000000
P TIGHTEN: 0.815000 <P:49.000000, D:120.000000, INC:(198)[0 0 0 0 0 0 0 0 0 0 1 1 0 0 1 1 0 0 0 1 1 1 0 1 0 0 1 0 0 0 0 1 1 0 0 0 0 1 1 1 0 0 1 0 0 0 0 0 0 0 0 0 1 1 0 0 0 0 0 1 0 1 0 0 0 0 0 0 1 0 1 0 0 0 0 0 1 0 0 1 0 0 0 0 0 0 0 0 0 0 0 1 1 0 0 0 0 0 0 0 0 0 0 1 0 0 0 1 0 1 0 0 0 0 0 0 0 0 1 1 1 0 0 0 1 0 0 0 0 0 0 0 0 0 0 1 0 0 0 0 0 1 0 0 0 0 0 0 0 0 1 0 0 0 1 0 0 0 1 1 0 1 0 1 1 0 1 0 0 0 1 1 1 0 0 0 0 0 0 0 0 0 1 0 0 1 0 0 1 0 0 0 0 0 1 0 0 0 ]> 49.000000 49.000000 + 0.000000 #4925
update in RO 50.000000

CHECKER is 1 SUM:50
TIME:814.000000
P TIGHTEN: 0.815000 <P:50.000000, D:120.000000, INC:(198)[0 0 0 0 0 0 0 0 0 0 1 1 0 0 1 1 0 0 0 1 1 1 0 1 0 0 1 0 0 0 0 1 1 0 0 0 0 1 1 1 0 0 1 0 0 0 0 0 0 0 0 0 1 1 0 0 0 0 0 1 0 1 0 0 0 0 0 0 1 0 1 0 0 0 0 0 1 0 0 1 0 0 0 0 0 0 0 0 0 0 0 1 1 0 0 0 0 0 0 0 0 0 0 1 0 0 0 1 0 1 0 0 0 0 0 0 0 0 1 1 1 0 0 0 1 0 0 0 0 0 0 0 0 0 0 1 0 0 0 0 0 1 0 0 0 0 0 0 0 0 1 0 0 0 1 0 0 0 1 1 0 1 0 1 1 0 1 0 0 0 1 1 1 0 0 0 0 0 0 0 0 0 1 0 0 1 0 0 1 0 0 0 0 0 1 0 0 1 ]> 50.000000 50.000000 + 0.000000 #4925
update in RO 52.000000

CHECKER is 1 SUM:52
TIME:995.000000
P TIGHTEN: 0.996000 <P:52.000000, D:119.000000, INC:(198)[0 0 0 0 0 0 0 0 0 0 1 0 0 0 1 1 0 0 0 1 0 1 1 1 1 1 1 0 0 0 0 1 1 0 1 0 0 1 1 1 0 0 1 0 0 0 0 0 0 0 0 0 1 1 0 0 0 0 0 1 0 1 0 0 0 0 0 1 1 0 1 0 0 0 0 0 0 0 0 1 0 0 0 0 0 0 0 0 0 0 0 1 1 1 0 0 0 0 0 0 0 0 0 1 0 0 0 1 1 1 0 0 0 0 0 0 0 0 1 1 1 0 0 0 0 0 0 0 0 0 0 0 0 0 0 1 0 0 0 0 0 1 0 0 0 0 0 0 0 0 1 0 0 0 1 0 0 0 1 1 0 0 1 0 1 0 0 0 0 1 1 1 1 0 0 1 0 0 0 0 0 0 1 0 0 1 0 0 1 0 0 0 0 0 1 0 0 0 ]> 52.000000 52.000000 + 0.000000 #8859
update in RO 53.000000

CHECKER is 1 SUM:53
TIME:995.000000
P TIGHTEN: 0.996000 <P:53.000000, D:119.000000, INC:(198)[0 0 0 0 0 0 0 0 0 0 1 0 0 0 1 1 0 0 0 1 0 1 1 1 1 1 1 0 0 0 0 1 1 0 1 0 0 1 1 1 0 0 1 0 0 0 0 0 0 0 0 0 1 1 0 0 0 0 0 1 0 1 0 0 0 0 0 1 1 0 1 0 0 0 0 0 0 0 0 1 0 0 0 0 0 0 0 0 0 0 0 1 1 1 0 0 0 0 0 0 0 0 0 1 0 0 0 1 1 1 0 0 0 0 0 0 0 0 1 1 1 0 0 0 0 0 0 0 0 0 0 0 0 0 0 1 0 0 0 0 0 1 0 0 0 0 0 0 0 0 1 0 0 0 1 0 0 0 1 1 0 0 1 0 1 0 0 0 0 1 1 1 1 0 0 1 0 0 0 0 0 0 1 0 0 1 0 0 1 0 0 0 0 0 1 0 0 1 ]> 53.000000 53.000000 + 0.000000 #8859
update in RO 54.000000

CHECKER is 1 SUM:54
TIME:995.000000
P TIGHTEN: 0.996000 <P:54.000000, D:119.000000, INC:(200)[0 0 0 0 0 0 0 0 0 0 1 0 0 0 1 1 0 0 0 0 0 1 1 1 1 1 1 1 0 0 0 1 1 0 1 0 0 1 1 1 0 0 1 0 0 0 0 0 0 0 0 0 1 1 0 1 0 0 0 0 0 1 0 0 0 0 0 1 1 0 1 0 0 0 0 0 0 0 0 1 0 0 0 0 0 0 0 0 0 0 0 1 1 1 0 0 0 0 0 0 0 0 0 1 0 0 0 1 1 1 0 0 0 0 0 0 0 0 1 1 1 0 0 0 0 0 0 0 0 0 0 0 0 0 0 1 0 0 0 0 0 1 0 0 0 1 0 0 0 0 1 0 0 0 1 0 0 1 1 1 0 0 1 0 1 0 0 0 0 1 1 1 1 0 0 1 0 0 0 0 0 0 1 0 0 1 0 0 1 0 0 0 0 0 0 0 0 1 0 0 ]> 54.000000 54.000000 + 0.000000 #8860
update in RO 55.000000

CHECKER is 1 SUM:55
TIME:995.000000
P TIGHTEN: 0.996000 <P:55.000000, D:119.000000, INC:(200)[0 0 0 0 0 0 0 0 0 0 1 0 0 0 1 1 0 0 0 0 0 1 1 1 1 1 1 1 0 0 0 1 1 0 1 0 0 1 1 1 0 0 1 0 0 0 0 0 0 0 0 0 1 1 0 1 0 0 0 0 0 1 0 0 0 0 0 1 1 0 1 0 0 0 0 0 0 0 0 1 0 0 0 0 0 0 0 0 0 0 0 1 1 1 0 0 0 0 0 0 0 0 0 1 0 0 0 1 1 1 0 0 0 0 0 0 0 0 1 1 1 0 0 0 0 0 0 0 0 0 0 0 0 0 0 1 0 0 0 0 0 1 0 0 0 1 0 0 0 0 1 0 0 0 1 0 0 1 1 1 0 0 1 0 1 0 0 0 0 1 1 1 1 0 0 1 0 0 0 0 0 0 1 0 0 1 0 0 1 0 0 0 0 0 0 0 0 1 0 1 ]> 55.000000 55.000000 + 0.000000 #8860
update in RO 56.000000

CHECKER is 1 SUM:56
TIME:1026.000000
P TIGHTEN: 1.026000 <P:56.000000, D:119.000000, INC:(200)[0 0 0 0 0 0 0 1 0 0 1 0 0 0 1 1 0 0 0 0 0 1 1 1 1 1 1 1 0 0 0 1 1 0 1 0 0 1 1 1 0 0 1 0 0 0 0 0 0 0 0 0 1 1 0 1 0 0 0 0 0 1 0 0 0 0 0 1 1 0 1 0 0 0 0 0 0 0 0 1 0 0 0 0 0 0 0 0 0 0 0 1 1 1 0 0 0 0 0 0 0 0 0 1 0 0 0 1 1 1 0 0 0 0 0 0 0 0 1 1 1 0 0 0 0 0 0 0 0 0 0 0 0 0 0 1 0 0 0 0 0 1 0 0 0 1 0 0 0 0 1 0 0 0 1 0 0 1 1 1 0 0 1 0 1 0 0 0 0 1 1 1 1 0 0 1 0 0 0 0 0 0 1 0 0 1 0 0 1 0 0 0 0 0 0 0 0 1 0 1 ]> 56.000000 56.000000 + 0.000000 #5391
update in RO 57.000000

CHECKER is 1 SUM:57
TIME:1058.000000
P TIGHTEN: 1.058000 <P:57.000000, D:119.000000, INC:(198)[0 0 0 0 0 0 1 0 0 0 1 0 0 0 1 1 0 0 0 1 1 1 1 1 0 1 1 1 0 0 0 1 1 0 0 0 0 1 1 1 0 0 1 0 0 0 0 0 0 0 0 0 1 1 0 0 0 0 0 0 0 1 0 0 0 0 0 1 1 0 1 0 0 0 0 0 1 0 0 1 0 0 0 0 0 0 0 0 0 0 0 1 1 1 0 0 0 0 0 0 0 0 0 1 0 0 0 1 1 1 0 0 0 0 0 0 0 0 1 1 1 0 0 0 1 0 0 0 0 0 0 0 0 0 0 1 0 0 0 0 0 1 0 0 0 0 0 0 0 0 1 0 0 0 1 0 0 0 1 1 0 1 1 1 1 0 1 0 0 1 1 1 1 0 0 1 0 0 0 0 0 0 1 0 0 1 0 0 1 0 0 0 0 0 0 0 0 1 ]> 57.000000 57.000000 + 0.000000 #4476
update in RO 58.000000

CHECKER is 1 SUM:58
TIME:1105.000000
P TIGHTEN: 1.106000 <P:58.000000, D:119.000000, INC:(198)[0 0 0 0 0 0 1 1 0 0 1 0 0 0 1 1 0 0 0 1 1 1 1 1 0 1 1 1 0 0 0 1 1 0 0 0 0 1 1 1 0 0 1 0 0 0 0 0 0 0 0 0 1 1 0 0 0 0 0 0 0 1 0 0 0 0 0 1 1 0 1 0 0 0 0 0 1 0 0 1 0 0 0 0 0 0 0 0 0 0 0 1 1 1 0 0 0 0 0 0 0 0 0 1 0 0 0 1 1 1 0 0 0 0 0 0 0 0 1 1 1 0 0 0 1 0 0 0 0 0 0 0 0 0 0 1 0 0 0 0 0 1 0 0 0 0 0 0 0 0 1 0 0 0 1 0 0 0 1 1 0 1 1 1 1 0 1 0 0 1 1 1 1 0 0 1 0 0 0 0 0 0 1 0 0 1 0 0 1 0 0 0 0 0 0 0 0 1 ]> 58.000000 58.000000 + 0.000000 #4202
update in RO 59.000000

CHECKER is 1 SUM:59
TIME:1507.000000
P TIGHTEN: 1.508000 <P:59.000000, D:116.000000, INC:(198)[0 1 0 0 0 0 0 1 0 0 1 0 0 0 1 1 0 0 0 1 1 1 1 1 0 1 1 0 0 0 0 1 1 0 0 0 0 1 1 1 0 0 1 0 0 0 0 0 0 0 0 0 1 1 0 0 0 0 0 1 0 1 0 0 0 0 0 1 1 0 1 0 0 0 0 0 1 0 0 1 0 0 0 0 0 0 0 0 0 0 0 1 1 1 0 0 0 0 0 0 0 0 0 1 0 0 0 1 1 1 0 0 0 0 0 0 0 0 1 1 1 0 0 0 1 0 0 0 0 0 0 0 0 0 0 1 0 0 0 0 0 1 0 0 0 0 0 0 0 0 1 0 0 0 1 0 0 0 1 1 0 1 1 1 1 0 1 0 0 1 1 1 1 0 0 1 0 0 0 0 0 0 1 0 0 1 0 0 1 0 0 0 1 0 1 0 0 0 ]> 59.000000 59.000000 + 0.000000 #5419
update in RO 60.000000

CHECKER is 1 SUM:60
TIME:1507.000000
P TIGHTEN: 1.508000 <P:60.000000, D:116.000000, INC:(198)[0 1 0 0 0 0 0 1 0 0 1 0 0 0 1 1 0 0 0 1 1 1 1 1 0 1 1 0 0 0 0 1 1 0 0 0 0 1 1 1 0 0 1 0 0 0 0 0 0 0 0 0 1 1 0 0 0 0 0 1 0 1 0 0 0 0 0 1 1 0 1 0 0 0 0 0 1 0 0 1 0 0 0 0 0 0 0 0 0 0 0 1 1 1 0 0 0 0 0 0 0 0 0 1 0 0 0 1 1 1 0 0 0 0 0 0 0 0 1 1 1 0 0 0 1 0 0 0 0 0 0 0 0 0 0 1 0 0 0 0 0 1 0 0 0 0 0 0 0 0 1 0 0 0 1 0 0 0 1 1 0 1 1 1 1 0 1 0 0 1 1 1 1 0 0 1 0 0 0 0 0 0 1 0 0 1 0 0 1 0 0 0 1 0 1 0 0 1 ]> 60.000000 60.000000 + 0.000000 #5419
update in RO 62.000000

CHECKER is 1 SUM:62
TIME:1507.000000
P TIGHTEN: 1.508000 <P:62.000000, D:116.000000, INC:(200)[0 1 0 0 0 0 0 1 0 0 1 0 0 0 1 1 0 0 0 0 1 1 1 1 0 1 1 1 0 0 0 1 1 0 0 0 0 1 1 1 0 0 1 0 0 0 0 1 0 0 0 0 1 1 0 1 0 0 0 0 1 1 0 0 0 0 0 1 1 0 1 0 0 0 0 0 1 0 0 1 0 0 0 0 0 0 0 0 0 0 0 1 1 1 0 0 0 0 0 0 0 0 0 1 0 0 0 1 1 1 0 0 0 0 0 0 0 0 1 1 1 0 0 0 1 0 0 0 0 0 0 0 0 0 0 1 0 0 0 0 0 1 0 0 0 1 0 0 0 0 1 0 0 0 1 0 0 1 1 1 0 1 1 1 1 0 1 0 0 1 1 1 1 0 0 1 0 0 0 0 0 0 1 0 0 1 0 0 1 0 0 0 0 0 0 0 0 1 0 0 ]> 62.000000 62.000000 + 0.000000 #5420
update in RO 63.000000

CHECKER is 1 SUM:63
TIME:1507.000000
P TIGHTEN: 1.508000 <P:63.000000, D:116.000000, INC:(200)[0 1 0 0 0 0 0 1 0 0 1 0 0 0 1 1 0 0 0 0 1 1 1 1 0 1 1 1 0 0 0 1 1 0 0 0 0 1 1 1 0 0 1 0 0 0 0 1 0 0 0 0 1 1 0 1 0 0 0 0 1 1 0 0 0 0 0 1 1 0 1 0 0 0 0 0 1 0 0 1 0 0 0 0 0 0 0 0 0 0 0 1 1 1 0 0 0 0 0 0 0 0 0 1 0 0 0 1 1 1 0 0 0 0 0 0 0 0 1 1 1 0 0 0 1 0 0 0 0 0 0 0 0 0 0 1 0 0 0 0 0 1 0 0 0 1 0 0 0 0 1 0 0 0 1 0 0 1 1 1 0 1 1 1 1 0 1 0 0 1 1 1 1 0 0 1 0 0 0 0 0 0 1 0 0 1 0 0 1 0 0 0 0 0 0 0 0 1 0 1 ]> 63.000000 63.000000 + 0.000000 #5420
B&B(  733)	 112.000000	 63.000000	 77.7778%	 time:5.0030s
update in RO 64.0000

CHECKER is 1 SUM:64
TIME:5558.000000
P TIGHTEN: 5.559000 <P:64.000000, D:111.000000, INC:(200)[0 1 0 0 0 0 1 1 0 0 1 0 0 0 1 1 0 0 0 0 1 1 1 1 0 1 1 1 0 0 0 1 1 0 0 0 0 1 1 1 0 0 1 0 0 0 0 1 0 0 0 0 1 1 0 1 0 0 0 0 1 1 0 0 0 0 0 1 1 0 1 0 0 0 0 0 1 0 0 1 0 0 0 0 0 0 0 0 0 0 0 1 1 1 0 0 0 0 0 0 0 0 0 1 0 0 0 1 1 1 0 0 0 0 0 0 0 0 1 1 1 0 0 0 1 0 0 0 0 0 0 0 0 0 0 1 0 0 0 0 0 1 0 0 0 1 0 0 0 0 1 0 0 0 1 0 0 1 1 1 0 1 1 1 1 0 1 0 0 1 1 1 1 0 0 1 0 0 0 0 0 0 1 0 0 1 0 0 1 0 0 0 0 0 0 0 0 1 0 1 ]> 64.000000 64.000000 + 0.000000 #3003
update in RO 67.000000

CHECKER is 1 SUM:67
TIME:6195.000000
P TIGHTEN: 6.196000 <P:67.000000, D:111.000000, INC:(200)[1 1 0 0 0 0 0 1 0 0 1 0 0 0 1 1 0 0 0 0 1 1 1 1 0 1 1 0 0 0 0 1 1 0 0 0 0 1 1 1 0 0 1 0 0 0 0 1 0 0 0 0 1 1 0 1 0 0 0 1 1 1 0 0 0 0 0 1 1 0 1 0 0 0 0 0 1 0 0 1 0 0 0 0 0 0 0 0 0 0 0 1 1 1 0 0 0 0 0 0 0 0 0 1 0 0 0 1 1 1 0 0 0 0 0 0 0 0 1 1 1 0 0 0 1 0 0 0 0 0 0 0 0 0 0 1 0 0 0 0 0 1 0 0 0 1 1 0 0 0 1 0 0 0 1 0 0 1 1 1 0 1 1 1 1 0 1 0 0 1 1 1 1 0 0 1 0 0 0 0 0 0 1 0 0 1 1 0 1 0 0 0 1 0 1 0 0 1 0 0 ]> 67.000000 67.000000 + 0.000000 #3309
update in RO 68.000000

CHECKER is 1 SUM:68
TIME:6195.000000
P TIGHTEN: 6.196000 <P:68.000000, D:111.000000, INC:(200)[1 1 0 0 0 0 0 1 0 0 1 0 0 0 1 1 0 0 0 0 1 1 1 1 0 1 1 0 0 0 0 1 1 0 0 0 0 1 1 1 0 0 1 0 0 0 0 1 0 0 0 0 1 1 0 1 0 0 0 1 1 1 0 0 0 0 0 1 1 0 1 0 0 0 0 0 1 0 0 1 0 0 0 0 0 0 0 0 0 0 0 1 1 1 0 0 0 0 0 0 0 0 0 1 0 0 0 1 1 1 0 0 0 0 0 0 0 0 1 1 1 0 0 0 1 0 0 0 0 0 0 0 0 0 0 1 0 0 0 0 0 1 0 0 0 1 1 0 0 0 1 0 0 0 1 0 0 1 1 1 0 1 1 1 1 0 1 0 0 1 1 1 1 0 0 1 0 0 0 0 0 0 1 0 0 1 1 0 1 0 0 0 1 0 1 0 0 1 0 1 ]> 68.000000 68.000000 + 0.000000 #3309
update in RO 69.000000

CHECKER is 1 SUM:69
TIME:9595.000000
P TIGHTEN: 9.596000 <P:69.000000, D:109.000000, INC:(200)[0 1 0 0 1 0 1 1 0 0 1 0 0 0 1 1 0 0 0 0 1 1 1 1 0 1 1 0 0 0 0 1 1 0 0 0 0 1 1 1 0 0 1 0 0 0 0 1 0 0 0 0 1 1 0 1 0 0 0 1 1 1 0 0 0 0 0 1 1 0 1 0 0 0 0 0 1 0 0 1 0 0 0 0 0 0 0 0 0 0 0 1 1 1 0 0 0 0 0 0 0 0 0 1 0 0 0 1 1 1 0 0 0 0 0 0 0 0 1 1 1 0 0 0 1 0 0 0 0 0 0 0 0 0 0 1 0 0 0 0 0 1 0 0 0 1 1 0 0 0 1 0 0 0 1 0 0 1 1 1 0 1 1 1 1 0 1 0 0 1 1 1 1 0 0 1 0 0 0 0 0 0 1 0 0 1 1 0 1 0 0 0 1 0 1 0 0 1 0 1 ]> 69.000000 69.000000 + 0.000000 #2729
B&B( 1593)	 109.000000	 69.000000	 57.9710%	 time:10.0050s
B&B( 2496)	 108.000000	 69.000000	 56.5217%	 time:15.0090s
B&B( 3417)	 106.000000	 69.000000	 53.6232%	 time:20.0110s
B&B( 4331)	 105.000000	 69.000000	 52.1739%	 time:25.0130s
B&B( 5237)	 105.000000	 69.000000	 52.1739%	 time:30.0170s
B&B( 6182)	 104.000000	 69.000000	 50.7246%	 time:35.0210s
B&B( 7125)	 104.000000	 69.000000	 50.7246%	 time:40.0270s
B&B( 8070)	 104.000000	 69.000000	 50.7246%	 time:45.0320s
B&B( 9041)	 103.000000	 69.000000	 49.2754%	 time:50.0330s
B&B( 9985)	 103.000000	 69.000000	 49.2754%	 time:55.0350s
B&B(10980)	 102.000000	 69.000000	 47.8261%	 time:60.0390s
B&B(11813)	 102.000000	 69.000000	 47.8261%	 time:65.0400s
B&B(12554)	 102.000000	 69.000000	 47.8261%	 time:70.0420s
B&B(13404)	 102.000000	 69.000000	 47.8261%	 time:75.0470s
B&B(14100)	 102.000000	 69.000000	 47.8261%	 time:80.0490s
B&B(14889)	 102.000000	 69.000000	 47.8261%	 time:85.0570s
B&B(15668)	 101.000000	 69.000000	 46.3768%	 time:90.0610s
B&B(16491)	 101.000000	 69.000000	 46.3768%	 time:95.0680s
B&B(17239)	 101.000000	 69.000000	 46.3768%	 time:100.0740s
B&B(17973)	 101.000000	 69.000000	 46.3768%	 time:105.0800s
B&B(18859)	 101.000000	 69.000000	 46.3768%	 time:110.0860s
B&B(19713)	 101.000000	 69.000000	 46.3768%	 time:115.0870s
B&B(20739)	 101.000000	 69.000000	 46.3768%	 time:120.0930s
B&B(21630)	 101.000000	 69.000000	 46.3768%	 time:125.1000s
B&B(22498)	 100.000000	 69.000000	 44.9275%	 time:130.1050s
B&B(23369)	 100.000000	 69.000000	 44.9275%	 time:135.1100s
B&B(24130)	 100.000000	 69.000000	 44.9275%	 time:140.1170s
B&B(24982)	 100.000000	 69.000000	 44.9275%	 time:145.1220s
B&B(25816)	 100.000000	 69.000000	 44.9275%	 time:150.1250s
B&B(26609)	 100.000000	 69.000000	 44.9275%	 time:155.1290s
B&B(27379)	 100.000000	 69.000000	 44.9275%	 time:160.1340s
B&B(28149)	 100.000000	 69.000000	 44.9275%	 time:165.1390s
B&B(29103)	 100.000000	 69.000000	 44.9275%	 time:170.1430s
B&B(30014)	 100.000000	 69.000000	 44.9275%	 time:175.1450s
B&B(31033)	 99.000000	 69.000000	 43.4783%	 time:180.1470s
B&B(32076)	 99.000000	 69.000000	 43.4783%	 time:185.1500s
B&B(33141)	 99.000000	 69.000000	 43.4783%	 time:190.1550s
B&B(34145)	 99.000000	 69.000000	 43.4783%	 time:195.1600s
B&B(35163)	 99.000000	 69.000000	 43.4783%	 time:200.1640s
B&B(36168)	 99.000000	 69.000000	 43.4783%	 time:205.1660s
B&B(37133)	 99.000000	 69.000000	 43.4783%	 time:210.1710s
B&B(38145)	 99.000000	 69.000000	 43.4783%	 time:215.1720s
B&B(39172)	 99.000000	 69.000000	 43.4783%	 time:220.1760s
B&B(40092)	 99.000000	 69.000000	 43.4783%	 time:225.1780s
B&B(41104)	 99.000000	 69.000000	 43.4783%	 time:230.1840s
B&B(42099)	 99.000000	 69.000000	 43.4783%	 time:235.1880s
B&B(43137)	 98.000000	 69.000000	 42.0290%	 time:240.1910s
B&B(44245)	 98.000000	 69.000000	 42.0290%	 time:245.1930s
B&B(45309)	 98.000000	 69.000000	 42.0290%	 time:250.1950s
B&B(46367)	 98.000000	 69.000000	 42.0290%	 time:255.1990s
B&B(47411)	 98.000000	 69.000000	 42.0290%	 time:260.2040s
B&B(48429)	 98.000000	 69.000000	 42.0290%	 time:265.2060s
B&B(49469)	 98.000000	 69.000000	 42.0290%	 time:270.2080s
B&B(50519)	 98.000000	 69.000000	 42.0290%	 time:275.2130s
B&B(51578)	 98.000000	 69.000000	 42.0290%	 time:280.2160s
B&B(52582)	 98.000000	 69.000000	 42.0290%	 time:285.2210s
B&B(53632)	 98.000000	 69.000000	 42.0290%	 time:290.2240s
B&B(54706)	 98.000000	 69.000000	 42.0290%	 time:295.2300s
B&B(55771)	 98.000000	 69.000000	 42.0290%	 time:300.2310s
B&B(56795)	 98.000000	 69.000000	 42.0290%	 time:305.2360s
B&B(57793)	 98.000000	 69.000000	 42.0290%	 time:310.2380s
B&B(58863)	 97.000000	 69.000000	 40.5797%	 time:315.2420s
B&B(59879)	 97.000000	 69.000000	 40.5797%	 time:320.2460s
B&B(60935)	 97.000000	 69.000000	 40.5797%	 time:325.2520s
B&B(61963)	 97.000000	 69.000000	 40.5797%	 time:330.2570s
B&B(63035)	 97.000000	 69.000000	 40.5797%	 time:335.2620s
B&B(64141)	 97.000000	 69.000000	 40.5797%	 time:340.2650s
B&B(65230)	 97.000000	 69.000000	 40.5797%	 time:345.2690s
B&B(66440)	 97.000000	 69.000000	 40.5797%	 time:350.2730s
B&B(67489)	 97.000000	 69.000000	 40.5797%	 time:355.2760s
B&B(68525)	 97.000000	 69.000000	 40.5797%	 time:360.2770s
B&B(69643)	 97.000000	 69.000000	 40.5797%	 time:365.2800s
B&B(70790)	 97.000000	 69.000000	 40.5797%	 time:370.2830s
B&B(71950)	 97.000000	 69.000000	 40.5797%	 time:375.2870s
B&B(73037)	 97.000000	 69.000000	 40.5797%	 time:380.2910s
B&B(74138)	 97.000000	 69.000000	 40.5797%	 time:385.2930s
B&B(75202)	 97.000000	 69.000000	 40.5797%	 time:390.2970s
B&B(76309)	 97.000000	 69.000000	 40.5797%	 time:395.2990s
B&B(77396)	 97.000000	 69.000000	 40.5797%	 time:400.3030s
B&B(78474)	 97.000000	 69.000000	 40.5797%	 time:405.3050s
B&B(79539)	 97.000000	 69.000000	 40.5797%	 time:410.3070s
B&B(80637)	 97.000000	 69.000000	 40.5797%	 time:415.3100s
B&B(81719)	 96.000000	 69.000000	 39.1304%	 time:420.3130s
B&B(82762)	 96.000000	 69.000000	 39.1304%	 time:425.3140s
B&B(83970)	 96.000000	 69.000000	 39.1304%	 time:430.3190s
B&B(85139)	 96.000000	 69.000000	 39.1304%	 time:435.3200s
B&B(86263)	 96.000000	 69.000000	 39.1304%	 time:440.3220s
B&B(87413)	 96.000000	 69.000000	 39.1304%	 time:445.3230s
B&B(88563)	 96.000000	 69.000000	 39.1304%	 time:450.3280s
B&B(89733)	 96.000000	 69.000000	 39.1304%	 time:455.3320s
B&B(90858)	 96.000000	 69.000000	 39.1304%	 time:460.3340s
B&B(92030)	 96.000000	 69.000000	 39.1304%	 time:465.3370s
B&B(93220)	 96.000000	 69.000000	 39.1304%	 time:470.3440s
B&B(94290)	 96.000000	 69.000000	 39.1304%	 time:475.3450s
B&B(95307)	 96.000000	 69.000000	 39.1304%	 time:480.3500s
B&B(96191)	 96.000000	 69.000000	 39.1304%	 time:485.3530s
B&B(97166)	 96.000000	 69.000000	 39.1304%	 time:490.3550s
B&B(98104)	 96.000000	 69.000000	 39.1304%	 time:495.3600s
B&B(99031)	 96.000000	 69.000000	 39.1304%	 time:500.3630s
B&B(99964)	 96.000000	 69.000000	 39.1304%	 time:505.3650s
B&B(100886)	 96.000000	 69.000000	 39.1304%	 time:510.3670s
B&B(101714)	 96.000000	 69.000000	 39.1304%	 time:515.3690s
B&B(102618)	 96.000000	 69.000000	 39.1304%	 time:520.3740s
B&B(103715)	 96.000000	 69.000000	 39.1304%	 time:525.3750s
B&B(104783)	 96.000000	 69.000000	 39.1304%	 time:530.3810s
B&B(105890)	 96.000000	 69.000000	 39.1304%	 time:535.3850s
B&B(106994)	 96.000000	 69.000000	 39.1304%	 time:540.3870s
B&B(108068)	 96.000000	 69.000000	 39.1304%	 time:545.3890s
B&B(109180)	 96.000000	 69.000000	 39.1304%	 time:550.3930s
B&B(110226)	 96.000000	 69.000000	 39.1304%	 time:555.3960s
B&B(111336)	 96.000000	 69.000000	 39.1304%	 time:560.3990s
B&B(112447)	 96.000000	 69.000000	 39.1304%	 time:565.4040s
B&B(113596)	 95.000000	 69.000000	 37.6812%	 time:570.4060s
B&B(114684)	 95.000000	 69.000000	 37.6812%	 time:575.4100s
B&B(115781)	 95.000000	 69.000000	 37.6812%	 time:580.4140s
B&B(116973)	 95.000000	 69.000000	 37.6812%	 time:585.4190s
B&B(118068)	 95.000000	 69.000000	 37.6812%	 time:590.4230s
B&B(119272)	 95.000000	 69.000000	 37.6812%	 time:595.4280s
B&B(120369)	 95.000000	 69.000000	 37.6812%	 time:600.4330s
B&B(121502)	 95.000000	 69.000000	 37.6812%	 time:605.4380s
B&B(122641)	 95.000000	 69.000000	 37.6812%	 time:610.4440s
B&B(123791)	 95.000000	 69.000000	 37.6812%	 time:615.4490s
B&B(124911)	 95.000000	 69.000000	 37.6812%	 time:620.4510s
B&B(126085)	 95.000000	 69.000000	 37.6812%	 time:625.4540s
B&B(127337)	 95.000000	 69.000000	 37.6812%	 time:630.4560s
B&B(128411)	 95.000000	 69.000000	 37.6812%	 time:635.4580s
B&B(129619)	 95.000000	 69.000000	 37.6812%	 time:640.4610s
B&B(130744)	 95.000000	 69.000000	 37.6812%	 time:645.4630s
B&B(131799)	 95.000000	 69.000000	 37.6812%	 time:650.4660s
B&B(132995)	 95.000000	 69.000000	 37.6812%	 time:655.4700s
B&B(134194)	 95.000000	 69.000000	 37.6812%	 time:660.4720s
B&B(135351)	 95.000000	 69.000000	 37.6812%	 time:665.4760s
B&B(136427)	 95.000000	 69.000000	 37.6812%	 time:670.4770s
B&B(137412)	 95.000000	 69.000000	 37.6812%	 time:675.4830s
B&B(138359)	 95.000000	 69.000000	 37.6812%	 time:680.4870s
B&B(139312)	 95.000000	 69.000000	 37.6812%	 time:685.4940s
B&B(140160)	 95.000000	 69.000000	 37.6812%	 time:690.4950s
B&B(141173)	 95.000000	 69.000000	 37.6812%	 time:695.5020s
B&B(142169)	 95.000000	 69.000000	 37.6812%	 time:700.5030s
B&B(143251)	 95.000000	 69.000000	 37.6812%	 time:705.5060s
B&B(144145)	 95.000000	 69.000000	 37.6812%	 time:710.5080s
B&B(145008)	 95.000000	 69.000000	 37.6812%	 time:715.5110s
B&B(146099)	 95.000000	 69.000000	 37.6812%	 time:720.5120s
B&B(147195)	 95.000000	 69.000000	 37.6812%	 time:725.5190s
B&B(148337)	 95.000000	 69.000000	 37.6812%	 time:730.5210s
B&B(149408)	 95.000000	 69.000000	 37.6812%	 time:735.5240s
B&B(150324)	 95.000000	 69.000000	 37.6812%	 time:740.5270s
B&B(151280)	 95.000000	 69.000000	 37.6812%	 time:745.5300s
B&B(152114)	 95.000000	 69.000000	 37.6812%	 time:750.5350s
B&B(153065)	 95.000000	 69.000000	 37.6812%	 time:755.5360s
B&B(153977)	 95.000000	 69.000000	 37.6812%	 time:760.5380s
B&B(155012)	 95.000000	 69.000000	 37.6812%	 time:765.5410s
B&B(155798)	 95.000000	 69.000000	 37.6812%	 time:770.5450s
B&B(156700)	 95.000000	 69.000000	 37.6812%	 time:775.5500s
B&B(157828)	 94.000000	 69.000000	 36.2319%	 time:780.5550s
B&B(158959)	 94.000000	 69.000000	 36.2319%	 time:785.5580s
B&B(160109)	 94.000000	 69.000000	 36.2319%	 time:790.5600s
B&B(161362)	 94.000000	 69.000000	 36.2319%	 time:795.5630s
B&B(162457)	 94.000000	 69.000000	 36.2319%	 time:800.5650s
B&B(163443)	 94.000000	 69.000000	 36.2319%	 time:805.5720s
B&B(164382)	 94.000000	 69.000000	 36.2319%	 time:810.5730s
B&B(165236)	 94.000000	 69.000000	 36.2319%	 time:815.5800s
B&B(166191)	 94.000000	 69.000000	 36.2319%	 time:820.5870s
B&B(167236)	 94.000000	 69.000000	 36.2319%	 time:825.5900s
B&B(168123)	 94.000000	 69.000000	 36.2319%	 time:830.5930s
B&B(168981)	 94.000000	 6Command exited with non-zero status 124
	Command being timed: "/usr/bin/timeout 915 /home/fabio/CODD-NEWDom/cmake-build-release-ilyin/misp5 /home/fabio/CODD-NEWDom/data/misp/san200_0.9_1.clq 64"
	User time (seconds): 908.53
	System time (seconds): 7.57
	Percent of CPU this job got: 99%
	Elapsed (wall clock) time (h:mm:ss or m:ss): 15:16.18
	Average shared text size (kbytes): 0
	Average unshared data size (kbytes): 0
	Average stack size (kbytes): 0
	Average total size (kbytes): 0
	Maximum resident set size (kbytes): 16636416
	Average resident set size (kbytes): 0
	Major (requiring I/O) page faults: 0
	Minor (reclaiming a frame) page faults: 4161794
	Voluntary context switches: 4
	Involuntary context switches: 3420
	Swaps: 0
	File system inputs: 0
	File system outputs: 64
	Socket messages sent: 0
	Socket messages received: 0
	Signals delivered: 0
	Page size (bytes): 4096
	Exit status: 124

