COMMAND: /usr/bin/time -v /usr/bin/timeout 915 /home/fabio/CODD-NEWDom/cmake-build-release-ilyin/misp5 /home/fabio/CODD-NEWDom/data/misp/san400_0.7_2.clq 128
TOP=400
B&B searching...
dual@root:400
B&B Nodes          Dual	 Primal	 Gap(%)
----------------------------------------------
update in RO 15.000000

CHECKER is 1 SUM:15
TIME:76.000000
P TIGHTEN: 0.076000 <P:15.000000, D:400.000000, INC:(89)[0 0 1 1 0 0 0 1 1 1 0 1 1 1 0 0 0 0 0 0 0 0 0 0 1 0 0 0 0 0 0 1 0 0 0 0 0 1 0 0 1 0 0 0 1 0 0 0 0 0 0 0 0 0 0 0 0 0 0 0 0 0 0 0 0 0 1 0 0 0 0 0 0 0 0 0 0 0 0 0 0 0 0 0 0 0 0 0 1 ]> 15.000000 15.000000 + 0.000000 #10305
update in RO 16.000000

CHECKER is 1 SUM:16
TIME:82.000000
P TIGHTEN: 0.082000 <P:16.000000, D:400.000000, INC:(168)[0 0 1 0 0 1 0 1 1 0 0 1 1 0 0 0 0 0 0 0 1 0 0 0 1 0 0 0 0 0 0 1 0 0 0 0 0 1 0 0 1 0 0 0 0 0 0 0 0 0 0 0 0 0 0 0 0 0 0 0 0 0 0 0 0 0 1 0 0 0 0 0 0 0 0 0 0 0 0 0 0 0 0 0 0 0 0 0 0 0 0 0 0 0 0 0 0 1 0 0 0 0 0 1 0 0 0 0 0 0 1 0 0 0 0 0 0 0 0 0 0 0 0 0 0 0 0 0 0 0 0 0 0 0 0 0 0 0 0 0 0 0 0 0 0 0 0 0 0 0 0 0 0 0 0 0 0 0 0 0 0 0 0 0 0 0 0 1 ]> 16.000000 16.000000 + 0.000000 #20420
update in RO 17.000000

CHECKER is 1 SUM:17
TIME:164.000000
P TIGHTEN: 0.164000 <P:17.000000, D:143.000000, INC:(209)[0 0 0 0 0 0 0 0 1 0 1 0 0 0 0 0 0 1 1 0 0 1 0 1 0 1 0 0 0 0 0 0 0 0 0 0 0 0 0 0 0 0 0 1 0 0 0 0 0 0 1 0 0 0 1 0 0 0 0 0 0 0 0 0 0 0 0 0 0 0 0 0 0 1 0 0 1 0 0 0 0 0 0 0 0 0 0 0 0 0 0 0 0 0 0 0 0 0 0 0 0 0 0 0 0 0 0 0 0 0 0 0 0 0 0 0 0 0 0 0 0 0 0 0 0 0 1 0 0 0 0 0 1 0 0 0 0 0 0 0 0 0 0 0 1 0 0 0 0 0 0 0 0 0 0 0 0 0 0 0 0 0 0 0 0 0 0 0 0 0 0 0 0 0 0 0 0 0 0 0 0 0 0 0 0 0 0 0 0 0 0 0 0 0 0 1 0 0 0 0 0 0 0 0 0 0 0 0 1 ]> 17.000000 17.000000 + 0.000000 #24046
update in RO 18.000000

CHECKER is 1 SUM:18
TIME:1124.000000
P TIGHTEN: 1.125000 <P:18.000000, D:143.000000, INC:(314)[0 0 0 1 0 0 1 0 0 0 0 1 0 0 0 0 0 1 0 0 0 0 1 0 0 1 0 0 0 0 0 0 0 0 0 0 0 0 1 0 0 0 0 1 0 0 1 0 0 0 0 0 1 1 1 0 0 0 0 0 0 0 0 0 0 0 0 0 0 0 0 0 0 0 0 0 0 0 0 0 0 0 0 0 0 0 0 0 0 0 0 0 0 0 0 1 0 0 0 0 0 0 0 0 0 0 0 0 0 0 0 0 0 0 0 0 1 0 0 0 0 0 0 0 0 0 0 0 0 0 0 0 0 0 0 1 0 0 0 0 0 0 0 0 0 0 0 0 0 0 0 0 0 0 0 0 1 0 0 0 0 0 0 0 0 0 0 0 0 0 0 0 0 0 0 0 0 0 0 0 0 0 0 0 0 0 0 0 0 0 0 0 0 0 0 0 0 0 0 0 0 0 0 0 0 0 0 0 0 0 0 0 0 0 0 0 0 0 0 0 0 0 0 0 0 0 0 0 0 0 0 0 0 0 0 0 0 0 0 0 1 0 0 0 0 0 0 0 0 0 0 0 0 0 0 0 0 0 0 0 0 0 0 0 0 0 0 0 0 0 0 0 0 0 0 0 0 0 0 0 0 0 0 0 0 0 0 0 0 0 0 0 0 0 0 0 0 0 0 0 0 0 0 0 0 0 0 0 0 0 0 0 0 1 ]> 18.000000 18.000000 + 0.000000 #34057
B&B(   84)	 142.000000	 18.000000	      -	 time:5.0070s
B&B(  170)	 139.000000	 18.000000	      -	 time:10.0150s
B&B(  260)	 138.000000	 18.000000	      -	 time:15.0550s
B&B(  349)	 136.000000	 18.000000	      -	 time:20.0770s
update in RO 19.0000

CHECKER is 1 SUM:19
TIME:21774.000000
P TIGHTEN: 21.775000 <P:19.000000, D:135.000000, INC:(347)[0 0 0 0 0 0 0 0 0 0 0 0 0 0 0 0 0 0 0 0 0 0 1 0 0 0 0 0 1 0 0 0 0 1 0 0 1 0 0 0 0 0 0 1 0 1 0 0 1 0 0 0 0 0 0 0 0 0 0 0 0 0 0 0 0 0 0 0 0 0 0 0 0 0 0 0 0 0 1 0 0 0 0 0 0 0 0 0 0 0 0 0 0 0 0 0 0 0 0 0 0 0 0 0 0 1 0 0 0 0 0 0 0 0 0 0 0 0 1 0 0 0 0 0 0 0 0 0 0 0 0 0 0 0 0 0 0 0 0 0 0 0 0 0 0 0 0 0 0 0 0 0 0 1 0 0 0 0 0 0 0 0 0 0 0 0 0 0 0 0 0 0 0 0 0 1 0 0 0 0 0 0 0 0 0 0 0 0 0 0 0 0 0 0 0 1 0 0 0 0 0 0 0 0 0 0 0 0 0 0 0 0 0 0 0 0 0 0 0 0 0 0 0 0 0 0 0 1 0 0 0 0 0 0 0 0 0 0 0 0 0 0 1 0 0 0 1 0 0 0 0 0 0 0 0 0 0 0 0 0 0 0 0 0 0 0 0 0 0 0 0 0 0 0 0 0 0 0 0 0 0 0 0 0 0 0 0 0 0 0 0 0 0 0 0 0 1 0 0 0 0 0 0 0 0 0 0 0 0 0 0 0 0 0 0 0 0 0 0 0 0 0 0 0 0 0 0 0 0 0 0 0 0 0 0 0 0 0 0 0 1 0 0 0 0 0 1 ]> 19.000000 19.000000 + 0.000000 #29959
update in RO 20.000000

CHECKER is 1 SUM:20
TIME:21774.000000
P TIGHTEN: 21.775000 <P:20.000000, D:135.000000, INC:(372)[0 0 0 0 0 0 0 0 0 0 0 0 0 0 0 0 0 0 0 0 0 0 1 0 0 0 0 0 1 0 0 0 0 1 0 0 1 0 0 0 0 0 0 1 0 1 0 0 1 0 0 0 0 0 0 0 0 0 0 0 0 0 0 0 0 0 0 0 0 0 0 0 0 0 0 0 0 0 1 0 0 0 0 0 0 0 0 0 0 0 0 0 0 0 0 0 0 0 0 0 0 0 0 0 0 1 0 0 0 0 0 0 0 0 0 0 0 0 1 0 0 0 0 0 0 0 0 0 0 0 0 0 0 0 0 0 0 0 0 0 0 0 0 0 0 0 0 0 0 0 0 0 0 1 0 0 0 0 0 0 0 0 0 0 0 0 0 0 0 0 0 0 0 0 0 1 0 0 0 0 0 0 0 0 0 0 0 0 0 0 0 0 0 0 0 1 0 0 0 0 0 0 0 0 0 0 0 0 0 0 0 0 0 0 0 0 0 0 0 0 0 0 0 0 0 0 0 1 0 0 0 0 0 0 0 0 0 0 0 0 0 0 0 0 0 0 0 0 0 0 0 0 0 0 0 0 0 0 0 0 0 0 0 0 0 0 0 0 0 0 0 0 0 0 0 1 0 0 0 0 0 0 0 0 0 0 0 0 0 0 0 0 0 0 0 0 1 0 0 0 0 0 0 0 0 0 0 0 0 0 0 0 0 0 0 0 0 0 0 0 0 0 0 0 0 0 0 0 0 0 0 0 0 0 0 0 0 0 0 0 1 0 0 0 0 0 1 0 0 0 0 0 0 0 0 0 0 0 0 0 0 0 0 1 0 0 0 0 0 0 0 1 ]> 20.000000 20.000000 + 0.000000 #29984
B&B(  443)	 131.000000	 20.000000	      -	 time:25.1160s
B&B(  539)	 129.000000	 20.000000	      -	 time:30.1710s
B&B(  636)	 128.000000	 20.000000	      -	 time:35.1970s
B&B(  738)	 125.000000	 20.000000	      -	 time:40.2100s
B&B(  838)	 123.000000	 20.000000	      -	 time:45.2260s
B&B(  939)	 121.000000	 20.000000	      -	 time:50.2270s
B&B( 1045)	 120.000000	 20.000000	      -	 time:55.2670s
B&B( 1150)	 117.000000	 20.000000	      -	 time:60.3120s
B&B( 1256)	 117.000000	 20.000000	      -	 time:65.3460s
update in RO 21.0000

CHECKER is 1 SUM:21
TIME:67832.000000
P TIGHTEN: 67.833000 <P:21.000000, D:115.000000, INC:(386)[0 0 0 0 0 0 0 0 0 0 0 0 0 0 0 0 0 0 0 0 0 0 1 0 0 0 0 1 1 0 0 0 0 0 0 0 1 0 0 0 0 0 0 1 0 1 0 0 1 0 0 0 0 0 0 0 0 0 0 0 0 0 0 0 0 0 0 0 0 0 0 0 0 0 0 0 0 0 0 0 0 0 0 0 0 0 0 0 0 0 0 0 0 1 0 0 0 0 0 0 0 0 0 0 0 1 0 0 0 0 0 0 0 0 0 0 0 0 1 0 0 0 0 0 0 0 0 0 0 0 0 0 0 0 0 0 0 0 0 0 0 0 0 0 0 0 0 0 0 0 0 0 0 0 0 0 0 0 0 0 0 0 0 0 0 0 0 0 0 0 0 0 0 0 1 0 0 0 0 0 0 0 0 0 0 0 0 0 0 0 0 0 0 1 0 1 0 0 0 0 0 0 0 0 0 0 0 0 0 0 0 0 0 0 0 0 0 0 0 0 0 0 0 0 0 0 1 1 0 0 0 0 0 0 0 0 0 0 0 0 0 0 0 0 0 0 0 0 0 0 0 0 0 0 0 0 0 0 0 0 0 0 0 0 0 0 0 0 0 0 0 0 0 0 0 0 0 0 0 0 0 0 0 0 0 0 0 0 0 0 0 0 0 0 0 0 1 0 0 0 0 0 0 0 0 0 0 0 0 0 0 0 0 0 0 0 0 0 0 0 0 0 0 0 1 0 0 0 0 0 0 0 0 0 0 0 0 0 0 0 1 0 0 0 0 0 0 0 0 0 0 0 0 0 0 0 0 0 0 0 0 0 0 1 0 0 0 0 0 0 0 0 0 0 0 0 0 0 0 0 0 0 0 0 1 1 ]> 21.000000 21.000000 + 0.000000 #27078
B&B( 1358)	 114.000000	 21.000000	      -	 time:70.3730s
B&B( 1452)	 114.000000	 21.000000	      -	 time:75.4160s
B&B( 1563)	 114.000000	 21.000000	      -	 time:80.4520s
B&B( 1657)	 114.000000	 21.000000	      -	 time:85.4650s
B&B( 1756)	 113.000000	 21.000000	      -	 time:90.4960s
B&B( 1861)	 113.000000	 21.000000	      -	 time:95.5320s
B&B( 1961)	 111.000000	 21.000000	      -	 time:100.5390s
B&B( 2059)	 111.000000	 21.000000	      -	 time:105.5540s
B&B( 2155)	 111.000000	 21.000000	      -	 time:110.5700s
B&B( 2252)	 111.000000	 21.000000	      -	 time:115.6120s
B&B( 2356)	 110.000000	 21.000000	      -	 time:120.6500s
B&B( 2454)	 110.000000	 21.000000	      -	 time:125.6620s
B&B( 2554)	 110.000000	 21.000000	      -	 time:130.6990s
B&B( 2654)	 110.000000	 21.000000	      -	 time:135.7130s
B&B( 2752)	 110.000000	 21.000000	      -	 time:140.7210s
B&B( 2853)	 110.000000	 21.000000	      -	 time:145.7350s
B&B( 2950)	 110.000000	 21.000000	      -	 time:150.7580s
B&B( 3056)	 109.000000	 21.000000	      -	 time:155.7770s
B&B( 3163)	 109.000000	 21.000000	      -	 time:160.7850s
B&B( 3264)	 109.000000	 21.000000	      -	 time:165.8040s
B&B( 3366)	 109.000000	 21.000000	      -	 time:170.8510s
B&B( 3465)	 109.000000	 21.000000	      -	 time:175.8590s
B&B( 3570)	 109.000000	 21.000000	      -	 time:180.8660s
B&B( 3676)	 108.000000	 21.000000	      -	 time:185.8720s
B&B( 3775)	 108.000000	 21.000000	      -	 time:190.8870s
B&B( 3882)	 109.000000	 21.000000	      -	 time:195.9310s
B&B( 3983)	 108.000000	 21.000000	      -	 time:200.9760s
B&B( 4083)	 107.000000	 21.000000	      -	 time:205.9980s
B&B( 4185)	 107.000000	 21.000000	      -	 time:211.0030s
B&B( 4286)	 107.000000	 21.000000	      -	 time:216.0460s
B&B( 4388)	 107.000000	 21.000000	      -	 time:221.0490s
B&B( 4503)	 106.000000	 21.000000	      -	 time:226.0750s
B&B( 4609)	 106.000000	 21.000000	      -	 time:231.0760s
B&B( 4709)	 106.000000	 21.000000	      -	 time:236.0880s
B&B( 4810)	 106.000000	 21.000000	      -	 time:241.1380s
B&B( 4915)	 106.000000	 21.000000	      -	 time:246.1530s
B&B( 5014)	 106.000000	 21.000000	      -	 time:251.2040s
B&B( 5126)	 105.000000	 21.000000	      -	 time:256.2470s
B&B( 5224)	 105.000000	 21.000000	      -	 time:261.2870s
B&B( 5330)	 105.000000	 21.000000	      -	 time:266.2950s
B&B( 5436)	 105.000000	 21.000000	      -	 time:271.3180s
B&B( 5539)	 105.000000	 21.000000	      -	 time:276.3650s
B&B( 5643)	 104.000000	 21.000000	      -	 time:281.4030s
B&B( 5742)	 104.000000	 21.000000	      -	 time:286.4520s
B&B( 5844)	 104.000000	 21.000000	      -	 time:291.4600s
B&B( 5944)	 104.000000	 21.000000	      -	 time:296.4690s
B&B( 6049)	 104.000000	 21.000000	      -	 time:301.5120s
B&B( 6152)	 104.000000	 21.000000	      -	 time:306.5190s
B&B( 6256)	 104.000000	 21.000000	      -	 time:311.5560s
B&B( 6364)	 104.000000	 21.000000	      -	 time:316.5590s
B&B( 6469)	 103.000000	 21.000000	      -	 time:321.5830s
B&B( 6573)	 103.000000	 21.000000	      -	 time:326.5930s
B&B( 6673)	 103.000000	 21.000000	      -	 time:331.6100s
B&B( 6780)	 103.000000	 21.000000	      -	 time:336.6190s
B&B( 6879)	 103.000000	 21.000000	      -	 time:341.6600s
B&B( 6984)	 103.000000	 21.000000	      -	 time:346.6660s
B&B( 7093)	 103.000000	 21.000000	      -	 time:351.6970s
B&B( 7197)	 103.000000	 21.000000	      -	 time:356.7130s
B&B( 7301)	 103.000000	 21.000000	      -	 time:361.7540s
B&B( 7404)	 103.000000	 21.000000	      -	 time:366.7930s
B&B( 7514)	 103.000000	 21.000000	      -	 time:371.8290s
B&B( 7614)	 103.000000	 21.000000	      -	 time:376.8370s
B&B( 7719)	 103.000000	 21.000000	      -	 time:381.8510s
B&B( 7827)	 103.000000	 21.000000	      -	 time:386.8810s
B&B( 7935)	 102.000000	 21.000000	      -	 time:391.9220s
B&B( 8045)	 102.000000	 21.000000	      -	 time:396.9450s
B&B( 8148)	 102.000000	 21.000000	      -	 time:401.9550s
B&B( 8254)	 102.000000	 21.000000	      -	 time:406.9690s
B&B( 8358)	 102.000000	 21.000000	      -	 time:412.0170s
B&B( 8471)	 102.000000	 21.000000	      -	 time:417.0540s
B&B( 8582)	 102.000000	 21.000000	      -	 time:422.0660s
B&B( 8687)	 102.000000	 21.000000	      -	 time:427.0840s
B&B( 8796)	 102.000000	 21.000000	      -	 time:432.1240s
B&B( 8908)	 102.000000	 21.000000	      -	 time:437.1400s
B&B( 9016)	 102.000000	 21.000000	      -	 time:442.1690s
B&B( 9120)	 102.000000	 21.000000	      -	 time:447.2030s
B&B( 9228)	 102.000000	 21.000000	      -	 time:452.2460s
B&B( 9335)	 102.000000	 21.000000	      -	 time:457.2930s
B&B( 9447)	 102.000000	 21.000000	      -	 time:462.3320s
B&B( 9567)	 102.000000	 21.000000	      -	 time:467.3360s
B&B( 9674)	 102.000000	 21.000000	      -	 time:472.3480s
B&B( 9785)	 102.000000	 21.000000	      -	 time:477.3720s
B&B( 9890)	 101.000000	 21.000000	      -	 time:482.3870s
B&B( 9999)	 101.000000	 21.000000	      -	 time:487.3980s
B&B(10116)	 101.000000	 21.000000	      -	 time:492.4440s
B&B(10228)	 101.000000	 21.000000	      -	 time:497.4800s
B&B(10347)	 101.000000	 21.000000	      -	 time:502.5220s
B&B(10457)	 101.000000	 21.000000	      -	 time:507.5600s
B&B(10570)	 101.000000	 21.000000	      -	 time:512.5680s
B&B(10681)	 101.000000	 21.000000	      -	 time:517.5950s
B&B(10784)	 101.000000	 21.000000	      -	 time:522.6110s
B&B(10889)	 101.000000	 21.000000	      -	 time:527.6560s
B&B(11001)	 101.000000	 21.000000	      -	 time:532.6640s
B&B(11108)	 101.000000	 21.000000	      -	 time:537.6980s
B&B(11213)	 101.000000	 21.000000	      -	 time:542.7140s
B&B(11319)	 101.000000	 21.000000	      -	 time:547.7420s
B&B(11428)	 101.000000	 21.000000	      -	 time:552.7790s
B&B(11534)	 101.000000	 21.000000	      -	 time:557.8190s
B&B(11650)	 100.000000	 21.000000	      -	 time:562.8560s
B&B(11767)	 100.000000	 21.000000	      -	 time:567.8660s
B&B(11874)	 100.000000	 21.000000	      -	 time:572.8820s
B&B(11993)	 100.000000	 21.000000	      -	 time:577.9170s
B&B(12112)	 100.000000	 21.000000	      -	 time:582.9280s
B&B(12224)	 100.000000	 21.000000	      -	 time:587.9510s
B&B(12334)	 100.000000	 21.000000	      -	 time:593.0020s
B&B(12435)	 100.000000	 21.000000	      -	 time:598.0340s
B&B(12541)	 100.000000	 21.000000	      -	 time:603.0360s
B&B(12660)	 100.000000	 21.000000	      -	 time:608.0890s
B&B(12761)	 100.000000	 21.000000	      -	 time:613.1040s
B&B(12865)	 100.000000	 21.000000	      -	 time:618.1340s
B&B(12980)	 100.000000	 21.000000	      -	 time:623.1490s
B&B(13085)	 100.000000	 21.000000	      -	 time:628.1700s
B&B(13188)	 100.000000	 21.000000	      -	 time:633.1810s
B&B(13292)	 1Command exited with non-zero status 124
	Command being timed: "/usr/bin/timeout 915 /home/fabio/CODD-NEWDom/cmake-build-release-ilyin/misp5 /home/fabio/CODD-NEWDom/data/misp/san400_0.7_2.clq 128"
	User time (seconds): 913.04
	System time (seconds): 2.20
	Percent of CPU this job got: 99%
	Elapsed (wall clock) time (h:mm:ss or m:ss): 15:15.33
	Average shared text size (kbytes): 0
	Average unshared data size (kbytes): 0
	Average stack size (kbytes): 0
	Average total size (kbytes): 0
	Maximum resident set size (kbytes): 4320768
	Average resident set size (kbytes): 0
	Major (requiring I/O) page faults: 0
	Minor (reclaiming a frame) page faults: 1082284
	Voluntary context switches: 4
	Involuntary context switches: 3294
	Swaps: 0
	File system inputs: 0
	File system outputs: 48
	Socket messages sent: 0
	Socket messages received: 0
	Signals delivered: 0
	Page size (bytes): 4096
	Exit status: 124

