COMMAND: /usr/bin/time -v /usr/bin/timeout 915 /home/fabio/CODD-NEWDom/cmake-build-release-ilyin/misp5 /home/fabio/CODD-NEWDom/data/misp/brock800_2.clq 128
TOP=800
B&B searching...
dual@root:800
B&B Nodes          Dual	 Primal	 Gap(%)
----------------------------------------------
update in RO 12.000000

CHECKER is 1 SUM:12
TIME:234.000000
P TIGHTEN: 0.235000 <P:12.000000, D:800.000000, INC:(215)[0 0 1 0 1 0 1 0 0 0 0 0 0 0 1 0 0 0 0 0 1 0 0 0 0 0 0 0 0 1 0 0 0 1 0 0 0 0 0 0 0 0 0 0 0 0 0 0 0 0 0 0 0 0 0 0 0 0 1 0 0 1 0 0 0 0 0 0 0 0 0 0 0 0 0 0 0 0 0 0 0 0 0 0 0 0 0 0 0 0 0 0 0 0 0 0 0 0 0 0 0 0 0 1 0 0 0 0 0 0 0 0 0 0 0 0 0 0 0 0 0 0 0 0 0 0 0 0 0 0 0 0 0 0 0 0 0 0 0 0 0 0 0 0 1 0 0 0 0 0 0 0 0 0 0 0 0 0 0 0 0 0 0 0 0 0 0 0 0 0 0 0 0 0 0 0 0 0 0 0 0 0 0 0 0 0 0 0 0 0 0 0 0 0 0 0 0 0 0 0 0 1 0 0 0 0 0 0 0 0 0 0 0 0 0 ]> 12.000000 12.000000 + 0.000000 #26118
update in RO 13.000000

CHECKER is 1 SUM:13
TIME:234.000000
P TIGHTEN: 0.235000 <P:13.000000, D:800.000000, INC:(215)[0 0 1 0 1 0 1 0 0 0 0 0 0 0 1 0 0 0 0 0 1 0 0 0 0 0 0 0 0 1 0 0 0 1 0 0 0 0 0 0 0 0 0 0 0 0 0 0 0 0 0 0 0 0 0 0 0 0 1 0 0 1 0 0 0 0 0 0 0 0 0 0 0 0 0 0 0 0 0 0 0 0 0 0 0 0 0 0 0 0 0 0 0 0 0 0 0 0 0 0 0 0 0 1 0 0 0 0 0 0 0 0 0 0 0 0 0 0 0 0 0 0 0 0 0 0 0 0 0 0 0 0 0 0 0 0 0 0 0 0 0 0 0 0 1 0 0 0 0 0 0 0 0 0 0 0 0 0 0 0 0 0 0 0 0 0 0 0 0 0 0 0 0 0 0 0 0 0 0 0 0 0 0 0 0 0 0 0 0 0 0 0 0 0 0 0 0 0 0 0 0 1 0 0 0 0 0 0 0 0 0 0 0 0 1 ]> 13.000000 13.000000 + 0.000000 #26118
update in RO 14.000000

CHECKER is 1 SUM:14
TIME:251.000000
P TIGHTEN: 0.251000 <P:14.000000, D:800.000000, INC:(341)[0 0 0 0 0 1 0 0 0 1 0 1 0 0 0 1 0 0 0 1 0 0 0 0 0 0 0 1 1 0 0 0 0 0 0 0 0 0 0 0 0 0 0 0 0 1 0 0 0 0 0 0 0 0 0 0 0 0 0 0 0 0 0 1 0 0 0 0 0 0 0 0 0 0 0 0 0 0 0 0 0 0 0 0 0 1 0 0 0 0 0 0 0 0 0 0 0 0 0 0 0 0 0 0 0 0 0 0 0 0 0 0 0 0 0 0 0 0 0 0 0 0 0 0 0 0 0 0 0 0 0 0 0 0 0 0 0 0 0 0 0 0 0 0 0 0 0 0 0 1 0 0 0 0 0 0 0 0 0 0 0 0 0 0 0 0 0 0 0 0 0 0 0 0 0 0 0 0 0 0 0 0 0 0 0 0 0 0 0 0 0 0 1 0 0 0 0 0 0 0 0 0 0 0 0 0 0 0 0 0 0 0 0 0 0 0 0 0 0 0 0 0 0 0 0 0 0 0 0 0 0 0 0 0 0 0 0 0 0 0 0 0 0 0 0 0 0 0 0 0 0 0 0 0 0 0 0 0 0 0 0 0 0 0 0 0 0 0 0 0 0 0 0 0 0 0 0 0 0 0 0 0 0 0 0 0 0 0 0 0 0 0 0 0 0 0 0 1 0 0 0 0 0 0 0 0 0 0 0 0 0 0 0 0 0 0 0 0 0 0 0 0 0 0 0 0 0 0 0 0 0 0 0 0 0 0 0 0 0 0 1 ]> 14.000000 14.000000 + 0.000000 #42203
update in RO 15.000000

CHECKER is 1 SUM:15
TIME:255.000000
P TIGHTEN: 0.256000 <P:15.000000, D:800.000000, INC:(381)[0 0 0 0 0 1 0 0 0 1 0 1 0 0 0 1 0 0 0 1 0 0 0 0 0 0 0 1 1 0 0 0 0 0 0 0 0 0 0 0 0 0 0 0 0 1 0 0 0 0 0 0 0 0 0 0 0 0 0 0 0 0 0 1 0 0 0 0 0 0 0 0 0 0 0 0 0 0 0 0 0 0 0 0 0 0 0 0 0 0 0 0 0 0 0 1 0 0 0 0 0 0 0 0 0 0 0 0 0 0 0 0 0 0 0 0 0 0 0 0 0 0 0 0 0 0 0 0 0 0 0 0 0 0 0 0 0 0 0 0 0 0 0 0 0 0 0 0 0 1 0 0 0 0 0 0 0 0 0 0 0 0 0 0 0 0 0 0 0 0 0 0 0 0 0 0 0 0 0 0 0 0 0 0 0 0 0 0 0 0 0 0 0 0 0 0 0 0 0 0 0 0 0 0 0 0 0 0 0 0 0 0 0 0 0 0 0 0 0 0 0 0 0 0 0 0 0 0 0 0 0 0 0 0 0 0 0 0 0 0 0 0 0 0 0 0 0 0 0 0 0 0 0 0 1 0 0 0 0 0 0 0 0 0 0 0 0 0 0 0 0 0 0 0 0 0 0 0 0 0 0 0 0 0 0 0 0 0 0 0 0 0 0 0 0 0 0 0 0 0 0 0 0 0 0 0 0 0 0 0 0 0 0 0 0 0 1 0 0 0 0 0 0 0 0 0 0 0 0 0 0 0 0 0 0 0 0 0 0 0 1 0 0 0 0 0 0 0 0 0 0 0 0 0 0 0 0 0 0 0 0 0 0 0 0 0 0 0 0 0 0 0 0 0 0 0 0 0 0 0 1 ]> 15.000000 15.000000 + 0.000000 #46067
update in RO 16.000000

CHECKER is 1 SUM:16
TIME:264.000000
P TIGHTEN: 0.265000 <P:16.000000, D:800.000000, INC:(506)[0 0 0 0 0 1 0 0 0 1 0 1 0 0 0 1 0 0 1 1 0 0 0 0 0 0 0 1 1 0 0 0 0 0 0 0 0 0 0 0 0 0 0 0 0 0 0 0 0 0 0 0 0 0 0 0 0 0 0 0 0 0 0 0 0 1 0 0 0 0 0 0 0 0 0 0 0 0 0 0 0 0 0 0 0 0 0 0 0 0 0 0 0 0 0 1 0 0 0 0 0 0 0 0 0 0 0 0 0 0 0 0 0 0 0 0 0 0 0 0 0 0 0 0 0 0 0 0 0 0 0 0 0 0 0 0 0 0 0 0 0 0 0 0 0 0 0 0 0 1 0 0 0 0 0 0 0 0 0 0 0 0 0 0 0 0 0 0 0 0 0 0 0 0 0 0 0 0 1 0 0 0 0 0 0 0 0 0 0 0 0 0 0 0 0 0 0 0 0 0 0 0 0 0 0 0 0 0 0 0 0 0 0 0 0 0 0 0 0 0 0 0 0 0 0 0 0 0 0 0 0 0 0 0 0 0 0 0 0 0 0 0 0 0 0 0 0 0 0 0 0 0 0 0 0 0 0 0 0 0 0 0 0 0 0 0 0 0 0 0 0 0 0 0 0 0 0 0 0 0 0 0 0 0 0 0 0 0 0 0 0 0 0 0 1 0 0 0 0 0 0 0 1 0 0 0 0 0 0 0 0 0 0 0 0 0 0 0 0 0 0 0 0 0 0 0 0 0 0 0 0 0 0 0 0 0 0 0 0 0 1 0 0 0 0 0 0 0 0 0 0 0 0 0 0 0 0 0 0 0 0 0 0 0 0 0 1 0 0 0 0 0 0 0 0 0 0 0 0 0 0 0 0 0 0 0 0 0 0 0 0 0 0 0 0 0 0 0 0 0 0 0 0 0 0 0 0 0 0 0 0 0 0 0 0 0 0 0 0 0 0 0 0 0 0 0 0 0 0 0 0 0 0 0 0 0 0 0 0 0 0 0 0 0 0 0 0 0 0 0 0 0 0 0 0 0 0 0 0 0 0 0 0 0 0 0 0 0 0 0 0 0 0 0 0 0 0 0 0 0 0 0 0 0 0 0 0 0 0 0 0 0 0 0 0 0 0 0 0 0 0 0 0 0 0 0 ]> 16.000000 16.000000 + 0.000000 #53192
update in RO 17.000000

CHECKER is 1 SUM:17
TIME:264.000000
P TIGHTEN: 0.265000 <P:17.000000, D:800.000000, INC:(506)[0 0 0 0 0 1 0 0 0 1 0 1 0 0 0 1 0 0 1 1 0 0 0 0 0 0 0 1 1 0 0 0 0 0 0 0 0 0 0 0 0 0 0 0 0 0 0 0 0 0 0 0 0 0 0 0 0 0 0 0 0 0 0 0 0 1 0 0 0 0 0 0 0 0 0 0 0 0 0 0 0 0 0 0 0 0 0 0 0 0 0 0 0 0 0 1 0 0 0 0 0 0 0 0 0 0 0 0 0 0 0 0 0 0 0 0 0 0 0 0 0 0 0 0 0 0 0 0 0 0 0 0 0 0 0 0 0 0 0 0 0 0 0 0 0 0 0 0 0 1 0 0 0 0 0 0 0 0 0 0 0 0 0 0 0 0 0 0 0 0 0 0 0 0 0 0 0 0 1 0 0 0 0 0 0 0 0 0 0 0 0 0 0 0 0 0 0 0 0 0 0 0 0 0 0 0 0 0 0 0 0 0 0 0 0 0 0 0 0 0 0 0 0 0 0 0 0 0 0 0 0 0 0 0 0 0 0 0 0 0 0 0 0 0 0 0 0 0 0 0 0 0 0 0 0 0 0 0 0 0 0 0 0 0 0 0 0 0 0 0 0 0 0 0 0 0 0 0 0 0 0 0 0 0 0 0 0 0 0 0 0 0 0 0 1 0 0 0 0 0 0 0 1 0 0 0 0 0 0 0 0 0 0 0 0 0 0 0 0 0 0 0 0 0 0 0 0 0 0 0 0 0 0 0 0 0 0 0 0 0 1 0 0 0 0 0 0 0 0 0 0 0 0 0 0 0 0 0 0 0 0 0 0 0 0 0 1 0 0 0 0 0 0 0 0 0 0 0 0 0 0 0 0 0 0 0 0 0 0 0 0 0 0 0 0 0 0 0 0 0 0 0 0 0 0 0 0 0 0 0 0 0 0 0 0 0 0 0 0 0 0 0 0 0 0 0 0 0 0 0 0 0 0 0 0 0 0 0 0 0 0 0 0 0 0 0 0 0 0 0 0 0 0 0 0 0 0 0 0 0 0 0 0 0 0 0 0 0 0 0 0 0 0 0 0 0 0 0 0 0 0 0 0 0 0 0 0 0 0 0 0 0 0 0 0 0 0 0 0 0 0 0 0 0 0 1 ]> 17.000000 17.000000 + 0.000000 #53192
update in RO 18.000000

CHECKER is 1 SUM:18
TIME:1548.000000
P TIGHTEN: 1.549000 <P:18.000000, D:219.000000, INC:(635)[0 0 0 0 0 0 0 0 1 0 0 1 0 0 0 1 0 0 0 0 0 0 0 0 0 0 0 0 0 0 0 0 0 0 0 0 0 0 0 1 1 0 0 0 1 1 0 0 0 1 0 0 0 0 0 0 0 0 0 0 0 0 0 0 0 0 0 0 0 0 0 0 0 0 0 0 0 0 0 0 0 0 0 0 0 1 0 0 0 0 0 0 0 0 0 0 0 0 0 0 0 0 0 0 0 0 0 0 0 0 0 0 0 0 0 0 0 0 0 0 0 0 0 0 0 0 0 0 0 0 1 0 0 0 0 0 0 0 0 0 0 0 0 0 0 0 0 0 0 0 0 0 0 0 0 0 0 0 0 0 0 0 0 0 0 0 0 0 0 0 0 0 0 0 0 0 0 0 0 0 0 0 0 0 0 0 0 0 0 0 0 0 0 0 0 0 0 0 0 0 0 0 0 0 0 0 0 0 0 0 0 0 0 0 0 0 0 0 0 0 0 0 0 0 0 0 0 0 0 0 0 0 0 0 0 0 0 0 0 0 0 0 0 0 0 0 0 0 0 0 0 0 0 0 0 0 0 0 0 0 1 0 0 0 0 0 0 0 0 0 0 0 0 0 0 0 0 0 0 1 0 0 0 0 0 0 0 0 0 0 0 0 0 0 0 0 0 0 0 0 0 0 0 0 0 0 0 0 0 0 0 0 0 0 0 0 0 0 0 0 0 0 0 0 0 0 0 0 0 0 0 0 0 0 0 0 0 0 1 0 0 0 0 0 0 0 0 0 0 0 0 0 0 0 0 0 0 0 0 0 0 0 0 0 1 0 0 0 0 0 0 0 0 0 0 0 0 0 0 0 0 0 0 0 0 0 0 0 0 0 0 0 0 0 0 0 0 0 0 0 0 0 0 0 0 0 0 0 0 0 0 0 0 0 0 0 0 0 0 0 0 0 0 0 0 0 0 0 0 0 0 0 0 0 0 0 0 0 0 0 0 0 0 0 0 0 0 0 0 0 0 0 0 0 0 0 0 0 0 0 0 0 0 0 0 0 0 0 0 0 0 0 0 0 0 0 0 0 0 0 0 0 0 0 0 0 0 0 0 0 0 0 0 0 0 0 0 0 0 0 1 0 0 0 0 0 0 0 0 0 0 0 0 0 0 0 0 0 0 0 0 0 0 1 0 0 0 0 0 0 0 0 0 0 0 0 0 0 0 1 0 0 0 0 0 0 0 0 0 0 0 0 0 0 0 0 0 0 0 0 0 0 0 0 0 0 0 0 0 0 0 0 0 0 0 0 0 0 0 0 0 0 0 0 0 0 0 0 0 0 0 0 0 0 0 0 0 0 0 0 0 0 0 0 0 0 0 0 0 0 0 0 0 0 0 0 0 0 0 0 0 0 0 0 0 0 0 0 0 0 0 0 0 0 1 ]> 18.000000 18.000000 + 0.000000 #50334
B&B(   40)	 219.000000	 18.000000	      -	 time:5.1060s
B&B(   81)	 218.000000	 18.000000	      -	 time:10.1360s
update in RO 19.0000

CHECKER is 1 SUM:19
TIME:13116.000000
P TIGHTEN: 13.116000 <P:19.000000, D:216.000000, INC:(794)[0 0 0 0 0 0 0 0 0 0 0 0 0 0 0 0 0 0 0 0 0 0 1 0 0 0 1 1 0 0 0 0 0 0 0 0 0 0 0 0 1 0 0 0 0 1 0 0 0 0 1 0 0 0 0 0 0 0 1 0 0 0 0 0 0 0 0 0 0 0 0 0 0 0 0 0 0 0 0 0 0 0 0 0 0 0 0 1 0 0 0 0 0 0 0 0 0 0 0 0 0 0 0 0 0 0 0 0 0 0 0 1 0 0 0 0 0 0 0 0 0 0 0 0 0 0 0 0 0 0 0 0 0 0 0 0 0 0 0 0 0 0 0 0 0 0 0 0 0 0 0 0 0 0 0 0 0 0 0 0 0 0 0 0 0 0 0 0 0 0 0 0 0 0 0 0 0 0 0 0 0 0 0 0 0 0 0 0 0 0 0 0 0 0 0 0 0 0 0 0 0 0 0 0 0 0 0 0 0 0 0 0 0 0 0 0 0 0 0 0 0 0 0 0 0 0 0 0 0 0 0 0 0 0 0 0 0 0 0 0 0 0 0 0 0 0 0 0 0 0 0 0 0 0 0 0 0 0 0 0 0 0 0 0 0 0 0 0 0 0 0 0 0 0 0 0 0 0 0 0 0 0 0 0 0 0 0 0 0 0 0 0 0 0 0 0 0 0 0 0 0 0 0 0 0 0 0 0 0 0 0 0 0 0 0 0 0 0 0 0 0 0 0 0 0 0 0 0 0 0 0 0 0 0 0 0 0 0 0 0 0 0 0 0 0 0 0 0 0 0 0 0 0 0 0 0 0 0 0 0 0 0 0 0 0 0 0 0 0 0 0 0 0 0 0 0 0 0 0 0 0 0 0 0 0 0 0 0 0 0 0 1 0 0 0 0 0 0 0 0 0 0 0 0 0 0 0 0 0 0 0 0 0 0 0 0 0 0 0 0 0 0 0 0 0 0 0 0 0 0 0 0 0 0 0 0 0 0 0 0 0 0 0 0 0 0 0 0 0 0 0 1 0 0 0 0 0 0 0 0 0 0 0 0 0 0 0 0 0 0 0 0 0 0 0 0 0 0 0 0 0 0 0 0 0 0 0 0 0 0 0 0 0 0 0 0 0 0 0 0 0 0 0 0 0 0 0 0 0 0 0 0 0 0 0 0 0 0 0 0 0 0 0 0 0 0 0 0 0 0 0 0 0 0 0 0 0 1 0 0 0 0 0 0 0 0 0 0 0 0 0 0 0 0 0 0 0 0 0 0 0 0 0 0 0 0 0 0 0 0 0 0 0 0 0 0 0 0 0 0 0 0 0 0 0 0 0 0 0 0 0 0 0 0 0 0 0 0 0 0 0 0 0 0 0 0 0 1 0 0 0 0 0 0 0 0 0 0 0 0 0 0 0 0 0 0 0 0 0 0 0 0 0 0 0 0 0 0 0 0 0 0 0 0 0 0 0 0 0 0 0 0 0 0 0 0 0 0 0 0 1 0 0 0 0 0 0 0 0 0 0 1 0 0 0 0 0 1 0 0 0 0 0 0 0 0 0 0 0 0 0 0 0 0 0 0 0 0 0 0 0 0 0 0 0 0 0 0 0 1 0 0 0 0 0 0 0 0 0 0 0 0 0 0 0 0 0 0 0 0 0 0 0 0 0 0 0 0 0 0 0 0 0 0 0 0 0 0 0 0 0 0 0 0 0 0 0 0 0 0 0 0 0 0 0 0 0 0 0 0 0 0 0 0 0 0 0 0 0 0 0 0 0 0 0 0 0 0 0 0 1 0 0 1 ]> 19.000000 19.000000 + 0.000000 #47559
B&B(  122)	 216.000000	 19.000000	      -	 time:15.1850s
B&B(  165)	 215.000000	 19.000000	      -	 time:20.2500s
B&B(  208)	 214.000000	 19.000000	      -	 time:25.2790s
B&B(  252)	 212.000000	 19.000000	      -	 time:30.3890s
B&B(  295)	 212.000000	 19.000000	      -	 time:35.4630s
B&B(  339)	 210.000000	 19.000000	      -	 time:40.5510s
B&B(  383)	 208.000000	 19.000000	      -	 time:45.6030s
B&B(  426)	 207.000000	 19.000000	      -	 time:50.6280s
B&B(  472)	 203.000000	 19.000000	      -	 time:55.7210s
B&B(  516)	 203.000000	 19.000000	      -	 time:60.7950s
B&B(  560)	 202.000000	 19.000000	      -	 time:65.8710s
B&B(  605)	 201.000000	 19.000000	      -	 time:70.8840s
B&B(  649)	 200.000000	 19.000000	      -	 time:75.9050s
B&B(  692)	 198.000000	 19.000000	      -	 time:80.9100s
B&B(  739)	 198.000000	 19.000000	      -	 time:86.0040s
B&B(  785)	 196.000000	 19.000000	      -	 time:91.0310s
B&B(  831)	 195.000000	 19.000000	      -	 time:96.0790s
B&B(  878)	 192.000000	 19.000000	      -	 time:101.1280s
B&B(  926)	 190.000000	 19.000000	      -	 time:106.1410s
B&B(  973)	 190.000000	 19.000000	      -	 time:111.1950s
B&B( 1022)	 188.000000	 19.000000	      -	 time:116.2500s
B&B( 1072)	 187.000000	 19.000000	      -	 time:121.3250s
B&B( 1121)	 186.000000	 19.000000	      -	 time:126.3660s
B&B( 1171)	 183.000000	 19.000000	      -	 time:131.4150s
B&B( 1220)	 182.000000	 19.000000	      -	 time:136.4630s
B&B( 1271)	 180.000000	 19.000000	      -	 time:141.5370s
B&B( 1322)	 180.000000	 19.000000	      -	 time:146.5890s
B&B( 1371)	 179.000000	 19.000000	      -	 time:151.6070s
B&B( 1421)	 177.000000	 19.000000	      -	 time:156.6550s
B&B( 1472)	 174.000000	 19.000000	      -	 time:161.6670s
B&B( 1522)	 174.000000	 19.000000	      -	 time:166.7000s
B&B( 1570)	 172.000000	 19.000000	      -	 time:171.7780s
B&B( 1619)	 171.000000	 19.000000	      -	 time:176.8530s
B&B( 1669)	 169.000000	 19.000000	      -	 time:181.9040s
B&B( 1718)	 167.000000	 19.000000	      -	 time:186.9100s
B&B( 1769)	 166.000000	 19.000000	      -	 time:191.9300s
B&B( 1821)	 165.000000	 19.000000	      -	 time:197.0190s
B&B( 1875)	 164.000000	 19.000000	      -	 time:202.0790s
B&B( 1929)	 161.000000	 19.000000	      -	 time:207.1320s
B&B( 1982)	 160.000000	 19.000000	      -	 time:212.1560s
B&B( 2035)	 158.000000	 19.000000	      -	 time:217.2290s
B&B( 2092)	 157.000000	 19.000000	      -	 time:222.3030s
B&B( 2146)	 155.000000	 19.000000	      -	 time:227.3160s
B&B( 2202)	 154.000000	 19.000000	      -	 time:232.3220s
B&B( 2259)	 152.000000	 19.000000	      -	 time:237.3530s
B&B( 2315)	 150.000000	 19.000000	      -	 time:242.4220s
B&B( 2361)	 150.000000	 19.000000	      -	 time:247.5040s
B&B( 2420)	 149.000000	 19.000000	      -	 time:252.5710s
B&B( 2473)	 149.000000	 19.000000	      -	 time:257.5820s
B&B( 2519)	 149.000000	 19.000000	      -	 time:262.6810s
B&B( 2568)	 148.000000	 19.000000	      -	 time:267.6920s
B&B( 2613)	 148.000000	 19.000000	      -	 time:272.7320s
B&B( 2659)	 148.000000	 19.000000	      -	 time:277.7990s
B&B( 2706)	 147.000000	 19.000000	      -	 time:282.9190s
B&B( 2753)	 147.000000	 19.000000	      -	 time:288.0140s
B&B( 2805)	 146.000000	 19.000000	      -	 time:293.0850s
B&B( 2864)	 146.000000	 19.000000	      -	 time:298.1400s
B&B( 2909)	 146.000000	 19.000000	      -	 time:303.1630s
B&B( 2954)	 146.000000	 19.000000	      -	 time:308.1870s
B&B( 3000)	 146.000000	 19.000000	      -	 time:313.2850s
B&B( 3046)	 146.000000	 19.000000	      -	 time:318.3510s
B&B( 3093)	 146.000000	 19.000000	      -	 time:323.4250s
B&B( 3140)	 146.000000	 19.000000	      -	 time:328.5030s
B&B( 3190)	 145.000000	 19.000000	      -	 time:333.6050s
B&B( 3236)	 145.000000	 19.000000	      -	 time:338.6940s
B&B( 3284)	 145.000000	 19.000000	      -	 time:343.7650s
B&B( 3331)	 145.000000	 19.000000	      -	 time:348.7910s
B&B( 3376)	 145.000000	 19.000000	      -	 time:353.8990s
B&B( 3423)	 145.000000	 19.000000	      -	 time:358.9180s
B&B( 3470)	 144.000000	 19.000000	      -	 time:364.0130s
B&B( 3518)	 144.000000	 19.000000	      -	 time:369.0600s
B&B( 3565)	 144.000000	 19.000000	      -	 time:374.1640s
B&B( 3611)	 144.000000	 19.000000	      -	 time:379.2640s
B&B( 3659)	 143.000000	 19.000000	      -	 time:384.3520s
B&B( 3705)	 143.000000	 19.000000	      -	 time:389.4090s
B&B( 3757)	 143.000000	 19.000000	      -	 time:394.4390s
B&B( 3814)	 143.000000	 19.000000	      -	 time:399.4900s
B&B( 3861)	 143.000000	 19.000000	      -	 time:404.5300s
B&B( 3906)	 143.000000	 19.000000	      -	 time:409.5620s
B&B( 3953)	 143.000000	 19.000000	      -	 time:414.6200s
B&B( 4000)	 143.000000	 19.000000	      -	 time:419.6960s
B&B( 4047)	 142.000000	 19.000000	      -	 time:424.7050s
B&B( 4092)	 142.000000	 19.000000	      -	 time:429.7060s
B&B( 4145)	 142.000000	 19.000000	      -	 time:434.7800s
B&B( 4189)	 142.000000	 19.000000	      -	 time:439.8210s
B&B( 4234)	 142.000000	 19.000000	      -	 time:444.8270s
B&B( 4280)	 142.000000	 19.000000	      -	 time:449.9280s
B&B( 4326)	 142.000000	 19.000000	      -	 time:454.9300s
B&B( 4371)	 142.000000	 19.000000	      -	 time:459.9440s
B&B( 4418)	 142.000000	 19.000000	      -	 time:465.0320s
B&B( 4465)	 142.000000	 19.000000	      -	 time:470.1220s
B&B( 4512)	 142.000000	 19.000000	      -	 time:475.2130s
B&B( 4557)	 142.000000	 19.000000	      -	 time:480.2880s
B&B( 4603)	 142.000000	 19.000000	      -	 time:485.3670s
B&B( 4649)	 142.000000	 19.000000	      -	 time:490.4340s
B&B( 4695)	 141.000000	 19.000000	      -	 time:495.4940s
B&B( 4743)	 141.000000	 19.000000	      -	 time:500.5530s
B&B( 4791)	 141.000000	 19.000000	      -	 time:505.5830s
B&B( 4837)	 141.000000	 19.000000	      -	 time:510.6820s
B&B( 4883)	 141.000000	 19.000000	      -	 time:515.7590s
B&B( 4929)	 141.000000	 19.000000	      -	 time:520.8440s
B&B( 4978)	 141.000000	 19.000000	      -	 time:525.9370s
B&B( 5023)	 141.000000	 19.000000	      -	 time:530.9960s
B&B( 5076)	 141.000000	 19.000000	      -	 time:535.9980s
B&B( 5125)	 141.000000	 19.000000	      -	 time:541.0660s
B&B( 5168)	 141.000000	 19.000000	      -	 time:546.0780s
B&B( 5212)	 141.000000	 19.000000	      -	 time:551.0800s
B&B( 5258)	 141.000000	 19.000000	      -	 time:556.1330s
B&B( 5303)	 140.000000	 19.000000	      -	 time:561.1690s
B&B( 5350)	 140.000000	 19.000000	      -	 time:566.2630s
B&B( 5398)	 140.000000	 19.000000	      -	 time:571.3370s
B&B( 5445)	 140.000000	 19.000000	      -	 time:576.3870s
B&B( 5490)	 140.000000	 19.000000	      -	 time:581.4110s
B&B( 5538)	 140.000000	 19.000000	      -	 time:586.4570s
B&B( 5582)	 140.000000	 19.000000	      -	 time:591.4620s
B&B( 5629)	 140.000000	 19.000000	      -	 time:596.5090s
B&B( 5672)	 140.000000	 19.000000	      -	 time:601.5240s
B&B( 5718)	 140.000000	 19.000000	      -	 time:606.5960s
B&B( 5764)	 140.000000	 19.000000	      -	 time:611.6940s
B&B( 5809)	 140.000000	 19.000000	      -	 time:616.7650s
B&B( 5862)	 140.000000	 19.000000	      -	 time:621.8440s
B&B( 5905)	 140.000000	 19.000000	      -	 time:626.9680s
B&B( 5948)	 140.000000	 19.000000	      -	 time:632.0250s
B&B( 5993)	 140.000000	 19.000000	      -	 time:637.1110s
B&B( 6037)	 139.000000	 19.000000	      -	 time:642.2220s
B&B( 6079)	 139.000000	 19.000000	      -	 time:647.2290s
B&B( 6123)	 139.000000	 19.000000	      -	 time:652.2860s
B&B( 6166)	 139.000000	 19.000000	      -	 time:657.3790s
B&B( 6210)	 139.000000	 19.000000	      -	 time:662.4250s
B&B( 6254)	 139.000000	 19.000000	      -	 time:667.4880s
B&B( 6301)	 139.000000	 19.000000	      -	 time:672.5450s
B&B( 6343)	 139.000000	 19.000000	      -	 time:677.6070s
B&B( 6388)	 139.000000	 19.000000	      -	 time:682.7180s
B&B( 6435)	 1Command exited with non-zero status 124
	Command being timed: "/usr/bin/timeout 915 /home/fabio/CODD-NEWDom/cmake-build-release-ilyin/misp5 /home/fabio/CODD-NEWDom/data/misp/brock800_2.clq 128"
	User time (seconds): 913.52
	System time (seconds): 1.65
	Percent of CPU this job got: 99%
	Elapsed (wall clock) time (h:mm:ss or m:ss): 15:15.25
	Average shared text size (kbytes): 0
	Average unshared data size (kbytes): 0
	Average stack size (kbytes): 0
	Average total size (kbytes): 0
	Maximum resident set size (kbytes): 3269704
	Average resident set size (kbytes): 0
	Major (requiring I/O) page faults: 0
	Minor (reclaiming a frame) page faults: 824815
	Voluntary context switches: 4
	Involuntary context switches: 3341
	Swaps: 0
	File system inputs: 0
	File system outputs: 56
	Socket messages sent: 0
	Socket messages received: 0
	Signals delivered: 0
	Page size (bytes): 4096
	Exit status: 124

