COMMAND: /usr/bin/time -v /usr/bin/timeout 915 /home/fabio/CODD-NEWDom/cmake-build-release-ilyin/misp5 /home/fabio/CODD-NEWDom/data/misp/sanr200_0.7.clq 64
TOP=200
B&B searching...
dual@root:200
B&B Nodes          Dual	 Primal	 Gap(%)
----------------------------------------------
update in RO 12.000000

CHECKER is 1 SUM:12
TIME:15.000000
P TIGHTEN: 0.015000 <P:12.000000, D:200.000000, INC:(69)[1 0 1 0 0 0 0 1 0 0 0 0 0 1 1 0 1 0 0 0 1 0 0 0 0 0 1 0 0 1 1 0 0 0 0 0 0 1 0 0 0 0 0 0 0 0 0 0 0 0 0 0 0 0 0 0 0 0 0 0 0 0 0 0 0 0 0 0 1 ]> 12.000000 12.000000 + 0.000000 #4011
update in RO 13.000000

CHECKER is 1 SUM:13
TIME:17.000000
P TIGHTEN: 0.018000 <P:13.000000, D:200.000000, INC:(141)[1 0 1 0 0 0 0 1 0 0 0 0 0 1 1 0 1 0 0 0 1 0 0 0 0 0 0 0 0 1 0 0 0 0 0 0 0 1 1 0 0 0 0 0 0 0 0 0 0 0 0 0 0 0 0 0 0 0 0 0 0 0 0 0 0 0 0 0 0 0 0 0 0 0 0 0 0 0 0 0 0 0 0 0 0 0 0 0 0 0 0 0 0 0 0 0 0 0 0 0 0 0 0 0 0 0 0 0 0 0 0 0 0 0 0 0 0 0 0 1 0 0 0 0 0 0 0 0 0 1 0 0 0 0 0 0 0 0 0 0 1 ]> 13.000000 13.000000 + 0.000000 #8504
update in RO 14.000000

CHECKER is 1 SUM:14
TIME:17.000000
P TIGHTEN: 0.018000 <P:14.000000, D:200.000000, INC:(153)[1 1 1 0 0 0 0 0 0 0 1 0 0 1 0 0 1 0 0 0 0 1 0 0 0 0 0 1 0 0 0 0 0 0 0 0 0 1 0 0 0 0 0 0 0 0 0 0 0 0 1 0 0 0 0 0 0 0 0 0 0 0 0 0 0 0 0 0 0 0 0 0 0 0 0 0 0 0 0 0 0 0 0 0 0 0 0 0 0 0 0 0 0 0 0 0 0 0 0 0 0 0 0 0 0 0 0 0 0 0 0 0 0 0 0 0 0 0 0 1 0 0 0 0 0 0 1 0 0 0 0 0 0 0 0 0 0 0 0 0 1 0 0 0 0 0 0 0 0 0 0 0 1 ]> 14.000000 14.000000 + 0.000000 #8862
update in RO 15.000000

CHECKER is 1 SUM:15
TIME:24.000000
P TIGHTEN: 0.025000 <P:15.000000, D:71.000000, INC:(176)[0 0 0 0 0 0 0 1 0 1 0 0 0 1 1 0 1 0 0 0 1 0 0 0 0 0 1 0 0 0 0 0 0 0 0 0 0 1 1 0 0 0 0 0 0 0 0 0 0 0 0 0 0 0 0 0 0 0 0 0 0 0 0 0 1 0 1 0 0 0 0 1 0 0 0 0 0 0 0 0 0 0 0 0 0 0 0 0 0 0 0 0 0 0 0 0 0 0 0 0 0 0 0 0 0 0 0 0 0 0 0 0 0 0 0 0 0 0 0 0 0 0 0 0 0 0 0 1 0 0 0 0 0 0 0 0 0 0 0 0 0 0 0 0 0 0 0 0 0 0 0 0 1 0 0 0 0 0 0 0 0 0 0 0 0 0 0 0 0 0 0 0 0 0 0 1 ]> 15.000000 15.000000 + 0.000000 #6264
update in RO 16.000000

CHECKER is 1 SUM:16
TIME:52.000000
P TIGHTEN: 0.052000 <P:16.000000, D:71.000000, INC:(190)[0 0 1 0 0 0 0 1 1 0 0 0 0 0 0 0 0 0 1 0 0 0 0 0 1 1 0 0 0 0 0 0 0 0 0 1 0 0 0 0 0 1 0 0 0 0 0 0 0 0 0 0 1 0 1 0 0 0 0 0 0 0 0 0 0 0 0 0 0 0 0 0 0 0 0 0 0 0 0 0 0 0 0 0 0 0 0 0 0 0 0 0 0 0 0 0 0 0 0 0 1 0 0 0 0 0 0 0 0 0 0 0 0 0 0 0 0 0 0 0 0 0 0 1 0 0 0 0 1 0 0 0 0 0 0 0 0 0 0 0 0 0 0 0 0 0 0 0 0 0 0 0 0 0 0 0 0 0 0 0 0 0 0 1 0 1 0 0 0 0 0 0 0 0 0 0 0 0 0 0 0 0 0 0 0 0 0 0 0 1 ]> 16.000000 16.000000 + 0.000000 #6323
update in RO 17.000000

CHECKER is 1 SUM:17
TIME:72.000000
P TIGHTEN: 0.073000 <P:17.000000, D:71.000000, INC:(173)[0 0 1 1 0 0 0 0 0 0 1 0 0 0 0 0 1 0 0 1 0 0 0 0 0 1 0 0 0 0 0 0 0 0 0 0 0 0 1 0 0 0 0 0 0 0 0 0 0 1 0 0 0 0 0 0 0 1 0 0 0 0 0 0 0 0 1 0 0 0 0 1 0 0 0 0 0 0 0 0 1 0 0 0 0 0 0 0 0 0 0 0 0 0 0 0 0 0 1 0 0 0 0 0 0 0 0 0 0 0 0 0 0 0 0 0 0 0 0 0 0 0 0 1 0 0 0 0 0 0 0 0 0 0 0 0 0 0 0 0 0 0 0 0 0 0 0 0 0 0 0 0 1 0 0 0 0 1 0 0 0 0 0 0 0 0 0 0 0 0 0 0 1 ]> 17.000000 17.000000 + 0.000000 #5164
B&B( 1401)	 45.000000	 17.000000	      -	 time:5.0040s
B&B( 3674)	 40.000000	 17.000000	      -	 time:10.0050s
B&B( 7123)	 37.000000	 17.000000	      -	 time:15.0070s
update in RO 18.0000

CHECKER is 1 SUM:18
TIME:19405.000000
P TIGHTEN: 19.405000 <P:18.000000, D:35.000000, INC:(184)[0 0 0 0 0 0 0 0 0 0 0 0 0 0 0 0 0 0 0 0 0 0 0 0 0 0 0 0 0 0 0 0 0 1 1 0 0 0 1 0 1 1 0 0 0 0 0 0 0 0 0 0 0 0 1 0 0 0 0 0 0 0 0 0 0 0 0 0 0 0 0 0 0 0 0 0 0 0 0 0 0 0 0 0 0 0 0 0 0 0 0 0 0 0 0 1 0 0 0 0 0 1 0 1 1 0 1 0 1 1 0 0 0 0 0 0 0 0 0 0 0 0 0 1 0 0 0 0 0 0 0 0 0 0 0 0 0 0 0 0 0 0 0 0 0 0 0 0 0 0 0 0 0 0 0 0 0 1 0 0 0 1 0 0 0 0 0 0 0 0 0 0 0 0 0 1 0 0 0 0 0 0 0 1 ]> 18.000000 18.000000 + 0.000000 #1606
B&B(11635)	 34.000000	 18.000000	 88.8889%	 time:20.0090s
B&B(18423)	 32.000000	 18.000000	 77.7778%	 time:25.0100s
B&B(27007)	 31.000000	 18.000000	 72.2222%	 time:30.0150s
B&B(38051)	 29.000000	 18.000000	 61.1111%	 time:35.0160s
B&B(52305)	 28.000000	 18.000000	 55.5556%	 time:40.0190s
B&B(69409)	 27.000000	 18.000000	 50.0000%	 time:45.0200s
B&B(89386)	 26.000000	 18.000000	 44.4444%	 time:50.0210s
B&B(112885)	 25.000000	 18.000000	 38.8889%	 time:55.0230s
B&B(139251)	 24.000000	 18.000000	 33.3333%	 time:60.0240s
B&B(170476)	 23.000000	 18.000000	 27.7778%	 time:65.0260s
B&B(207965)	 22.000000	 18.000000	 22.2222%	 time:70.0270s
B&B(252636)	 22.000000	 18.000000	 22.2222%	 time:75.0280s
B&B(303410)	 21.000000	 18.000000	 16.6667%	 time:80.0290s
B&B(362164)	 20.000000	 18.000000	 11.1111%	 time:85.0300s
B&B(425431)	 19.000000	 18.000000	 5.5556%	 time:90.0320s
B&B(495518)	 19.000000	 18.000000	 5.5556%	 time:95.0330s
Done(64):18.0000000000000000	 #nodes:545599/598359	 P/D:0/0	 Time:19.4050000000000011/98.8209999999999980s	 LIM?:0	 Seen:0
	Command being timed: "/usr/bin/timeout 915 /home/fabio/CODD-NEWDom/cmake-build-release-ilyin/misp5 /home/fabio/CODD-NEWDom/data/misp/sanr200_0.7.clq 64"
	User time (seconds): 98.63
	System time (seconds): 0.20
	Percent of CPU this job got: 99%
	Elapsed (wall clock) time (h:mm:ss or m:ss): 1:38.86
	Average shared text size (kbytes): 0
	Average unshared data size (kbytes): 0
	Average stack size (kbytes): 0
	Average total size (kbytes): 0
	Maximum resident set size (kbytes): 446976
	Average resident set size (kbytes): 0
	Major (requiring I/O) page faults: 0
	Minor (reclaiming a frame) page faults: 112711
	Voluntary context switches: 3
	Involuntary context switches: 528
	Swaps: 0
	File system inputs: 0
	File system outputs: 24
	Socket messages sent: 0
	Socket messages received: 0
	Signals delivered: 0
	Page size (bytes): 4096
	Exit status: 0

