COMMAND: /usr/bin/time -v /usr/bin/timeout 915 /home/fabio/CODD-NEWDom/cmake-build-release-ilyin/misp5 /home/fabio/CODD-NEWDom/data/misp/brock800_1.clq 64
TOP=800
B&B searching...
dual@root:800
B&B Nodes          Dual	 Primal	 Gap(%)
----------------------------------------------
update in RO 11.000000

CHECKER is 1 SUM:11
TIME:127.000000
P TIGHTEN: 0.127000 <P:11.000000, D:800.000000, INC:(241)[0 0 0 1 1 0 0 0 1 0 0 0 1 0 0 0 0 1 0 0 0 0 0 0 0 0 1 0 0 0 0 0 0 0 0 0 0 0 0 0 1 0 0 0 0 0 0 0 0 0 0 1 0 0 0 0 0 0 0 0 0 0 0 1 0 0 0 0 0 0 0 0 0 0 0 0 0 0 0 0 0 0 0 0 0 0 0 0 0 0 0 0 0 0 0 0 0 0 0 0 0 0 0 0 0 0 0 0 0 0 0 0 0 0 0 0 0 0 0 0 0 0 0 0 0 0 0 1 0 0 0 0 0 0 0 0 0 0 0 0 0 0 0 0 0 0 0 0 0 0 0 0 0 0 0 0 0 0 0 0 0 0 0 0 0 0 0 0 0 0 0 0 0 0 0 0 0 0 0 0 0 0 0 0 0 0 0 0 0 0 0 0 0 0 0 1 0 0 0 0 0 0 0 0 0 0 0 0 0 0 0 0 0 0 0 0 0 0 0 0 0 0 0 0 0 0 0 0 0 0 0 0 0 0 0 0 0 0 0 0 0 ]> 11.000000 11.000000 + 0.000000 #15020
update in RO 12.000000

CHECKER is 1 SUM:12
TIME:127.000000
P TIGHTEN: 0.127000 <P:12.000000, D:800.000000, INC:(241)[0 0 0 1 1 0 0 0 1 0 0 0 1 0 0 0 0 1 0 0 0 0 0 0 0 0 1 0 0 0 0 0 0 0 0 0 0 0 0 0 1 0 0 0 0 0 0 0 0 0 0 1 0 0 0 0 0 0 0 0 0 0 0 1 0 0 0 0 0 0 0 0 0 0 0 0 0 0 0 0 0 0 0 0 0 0 0 0 0 0 0 0 0 0 0 0 0 0 0 0 0 0 0 0 0 0 0 0 0 0 0 0 0 0 0 0 0 0 0 0 0 0 0 0 0 0 0 1 0 0 0 0 0 0 0 0 0 0 0 0 0 0 0 0 0 0 0 0 0 0 0 0 0 0 0 0 0 0 0 0 0 0 0 0 0 0 0 0 0 0 0 0 0 0 0 0 0 0 0 0 0 0 0 0 0 0 0 0 0 0 0 0 0 0 0 1 0 0 0 0 0 0 0 0 0 0 0 0 0 0 0 0 0 0 0 0 0 0 0 0 0 0 0 0 0 0 0 0 0 0 0 0 0 0 0 0 0 0 0 0 1 ]> 12.000000 12.000000 + 0.000000 #15020
update in RO 14.000000

CHECKER is 1 SUM:14
TIME:131.000000
P TIGHTEN: 0.131000 <P:14.000000, D:800.000000, INC:(288)[0 0 0 1 1 0 0 1 0 0 0 1 0 0 0 0 0 0 0 0 1 0 0 1 0 0 0 0 0 0 0 0 1 0 0 0 0 0 1 0 0 0 0 0 0 0 0 0 0 0 0 0 0 0 0 0 0 1 0 0 0 0 0 0 0 0 0 0 0 0 0 0 0 0 0 0 0 0 0 0 0 0 0 0 0 0 0 0 0 0 0 0 0 0 0 0 0 0 0 0 0 0 0 0 0 0 0 0 0 0 0 0 0 0 0 0 0 1 0 0 0 0 0 0 0 0 0 0 0 0 0 0 0 0 0 0 0 0 0 0 0 0 0 0 0 0 0 0 0 0 0 0 0 0 0 0 0 0 0 0 0 0 1 0 0 0 0 0 0 0 0 0 0 0 0 0 0 0 0 0 0 0 0 0 0 0 0 0 0 0 0 1 0 0 0 0 0 0 0 0 0 0 0 0 0 0 0 0 0 0 0 0 0 0 0 0 0 0 0 0 0 0 0 0 0 1 0 0 0 0 0 0 0 0 0 0 0 0 0 0 0 0 0 0 0 0 0 0 0 0 0 0 0 0 0 0 0 0 0 0 0 0 0 0 0 0 0 0 0 0 1 0 0 0 0 0 0 0 0 0 0 0 0 0 0 0 0 0 ]> 14.000000 14.000000 + 0.000000 #17986
update in RO 15.000000

CHECKER is 1 SUM:15
TIME:131.000000
P TIGHTEN: 0.131000 <P:15.000000, D:800.000000, INC:(288)[0 0 0 1 1 0 0 1 0 0 0 1 0 0 0 0 0 0 0 0 1 0 0 1 0 0 0 0 0 0 0 0 1 0 0 0 0 0 1 0 0 0 0 0 0 0 0 0 0 0 0 0 0 0 0 0 0 1 0 0 0 0 0 0 0 0 0 0 0 0 0 0 0 0 0 0 0 0 0 0 0 0 0 0 0 0 0 0 0 0 0 0 0 0 0 0 0 0 0 0 0 0 0 0 0 0 0 0 0 0 0 0 0 0 0 0 0 1 0 0 0 0 0 0 0 0 0 0 0 0 0 0 0 0 0 0 0 0 0 0 0 0 0 0 0 0 0 0 0 0 0 0 0 0 0 0 0 0 0 0 0 0 1 0 0 0 0 0 0 0 0 0 0 0 0 0 0 0 0 0 0 0 0 0 0 0 0 0 0 0 0 1 0 0 0 0 0 0 0 0 0 0 0 0 0 0 0 0 0 0 0 0 0 0 0 0 0 0 0 0 0 0 0 0 0 1 0 0 0 0 0 0 0 0 0 0 0 0 0 0 0 0 0 0 0 0 0 0 0 0 0 0 0 0 0 0 0 0 0 0 0 0 0 0 0 0 0 0 0 0 1 0 0 0 0 0 0 0 0 0 0 0 0 0 0 0 0 1 ]> 15.000000 15.000000 + 0.000000 #17986
update in RO 16.000000

CHECKER is 1 SUM:16
TIME:222.000000
P TIGHTEN: 0.223000 <P:16.000000, D:246.000000, INC:(633)[0 0 0 0 0 0 0 0 0 1 0 0 0 0 1 0 0 1 1 0 0 1 0 0 0 0 0 0 0 0 1 0 0 0 1 0 0 1 0 0 0 0 0 0 0 1 0 0 0 0 0 0 0 0 0 0 0 0 0 0 0 0 0 0 0 0 0 0 0 0 0 0 0 0 0 0 0 0 0 0 0 0 0 0 0 0 0 0 0 0 0 0 0 0 0 0 0 1 0 0 0 0 0 0 0 0 0 0 0 0 0 0 0 0 0 0 0 0 0 0 0 0 0 0 0 0 0 0 0 0 0 0 0 0 0 0 0 0 0 0 0 0 0 0 0 0 0 0 0 0 0 0 0 0 0 0 0 0 0 0 0 0 0 0 1 0 0 0 0 0 0 0 0 0 0 0 0 0 0 0 0 0 0 0 0 0 0 0 0 0 0 0 0 1 0 0 0 0 0 0 0 1 0 0 0 0 0 0 0 0 0 0 0 0 0 0 0 0 0 0 0 0 0 0 0 0 0 0 0 0 0 0 0 0 0 0 0 0 0 0 0 0 0 0 0 0 0 0 0 0 1 0 0 0 0 0 0 0 0 0 0 0 0 0 0 0 0 0 0 0 0 0 0 0 0 0 0 0 0 0 0 0 0 0 0 0 0 0 0 0 0 0 0 0 0 0 0 0 0 0 0 0 0 0 0 0 0 0 0 0 0 0 0 0 0 0 0 0 0 0 0 0 0 0 0 0 0 0 0 0 0 0 0 0 0 0 0 0 0 0 0 0 0 0 0 0 0 0 0 0 0 0 0 0 0 0 0 0 0 0 0 0 0 0 0 0 0 0 0 0 0 0 0 0 0 0 0 0 0 0 0 0 0 0 0 0 0 0 0 0 0 0 0 0 0 0 0 0 0 0 0 0 0 0 0 0 0 0 0 0 0 0 0 0 0 0 0 0 0 0 1 0 0 0 0 0 0 0 0 0 0 0 0 0 0 0 0 0 0 0 0 0 0 0 0 0 0 0 0 0 0 0 0 0 0 0 0 0 0 0 0 0 0 0 0 0 0 0 0 0 0 0 0 0 0 0 0 0 0 0 0 0 0 0 0 0 0 0 0 0 0 0 0 0 0 0 0 0 0 0 0 0 0 0 0 0 0 0 0 0 0 0 0 0 0 0 0 0 0 0 0 0 0 0 0 0 0 0 0 0 0 0 0 0 0 0 0 0 0 0 0 0 0 0 0 0 0 0 0 0 0 0 0 0 0 0 0 0 0 0 0 0 0 0 0 0 0 0 0 0 0 0 0 0 0 0 0 0 0 0 0 0 0 0 0 0 0 0 0 0 0 0 0 0 0 0 0 0 0 0 0 0 0 0 0 0 0 0 0 0 0 0 0 0 0 0 0 0 0 0 0 0 0 0 0 0 0 0 0 0 0 0 1 ]> 16.000000 16.000000 + 0.000000 #25733
update in RO 17.000000

CHECKER is 1 SUM:17
TIME:223.000000
P TIGHTEN: 0.223000 <P:17.000000, D:246.000000, INC:(794)[0 0 0 0 0 0 0 0 0 1 0 0 0 0 1 0 0 1 1 0 0 1 0 0 0 0 0 0 0 0 1 0 0 0 1 0 0 1 0 0 0 0 0 0 0 1 0 0 0 0 0 0 0 0 0 0 0 0 0 0 0 0 0 0 0 0 0 0 0 0 0 0 0 0 0 0 0 0 0 0 0 0 0 0 0 0 0 0 0 0 0 0 0 0 0 0 0 1 0 0 0 0 0 0 0 0 0 0 0 0 0 0 0 0 0 0 0 0 0 0 0 0 0 0 0 0 0 0 0 0 0 0 0 0 0 0 0 0 0 0 0 0 0 0 0 0 0 0 0 0 0 0 0 0 0 0 0 0 0 0 0 0 0 0 1 0 0 0 0 0 0 0 0 0 0 0 0 0 0 0 0 0 0 0 0 0 0 0 0 0 0 0 0 1 0 0 0 0 0 0 0 1 0 0 0 0 0 0 0 0 0 0 0 0 0 0 0 0 0 0 0 0 0 0 0 0 0 0 0 0 0 0 0 0 0 0 0 0 0 0 0 0 0 0 0 0 0 0 0 0 0 0 0 0 0 0 0 0 0 0 0 0 0 0 0 0 0 0 0 0 0 0 0 0 0 0 0 0 0 0 0 0 0 0 0 0 0 0 0 0 0 0 0 0 0 0 0 0 0 0 0 0 0 0 0 0 0 0 0 0 0 0 0 0 0 0 0 0 0 0 0 0 0 0 0 0 0 0 0 0 0 0 0 0 0 0 0 0 0 0 0 1 0 0 0 0 0 0 0 0 0 0 0 0 0 0 0 0 0 0 0 0 0 0 0 0 0 0 0 0 0 0 0 0 0 0 0 0 0 0 0 0 0 0 0 0 0 0 0 0 0 0 0 0 0 0 0 0 0 0 0 0 0 0 0 0 0 0 0 0 0 0 0 0 0 0 0 0 0 0 1 0 0 0 0 0 0 0 0 0 0 0 0 0 0 0 0 0 0 0 0 0 0 0 0 0 0 0 0 0 0 0 0 0 0 0 0 0 0 0 0 0 0 0 0 0 0 0 0 0 0 0 0 0 0 0 0 0 0 0 0 0 0 0 0 0 0 0 0 0 0 0 0 0 0 0 0 0 0 0 0 0 0 0 0 0 0 0 0 0 0 0 0 0 0 0 0 0 0 0 0 0 0 0 0 0 0 0 0 0 0 0 0 0 0 0 0 0 0 0 0 0 0 0 0 0 0 0 0 0 0 0 0 0 0 0 0 0 0 0 0 0 0 0 0 0 0 0 0 0 0 0 0 0 0 0 0 0 0 0 0 0 0 0 0 0 0 0 0 0 0 0 0 0 0 0 0 0 0 0 0 0 0 0 0 0 0 0 0 0 0 0 0 0 0 0 0 0 0 0 0 0 0 0 0 0 0 0 0 0 0 0 1 0 0 0 0 0 0 0 0 0 0 0 0 0 0 0 0 0 0 0 0 0 0 0 0 0 0 0 0 0 0 0 0 0 0 0 0 0 0 0 0 0 0 0 0 0 0 0 0 0 0 0 0 0 0 0 0 0 0 0 0 0 0 0 0 0 0 0 0 0 0 0 0 0 0 0 0 0 0 0 0 0 0 0 0 0 0 0 0 0 0 0 0 0 0 0 0 0 0 0 0 0 0 0 0 0 0 0 0 0 0 0 0 0 0 0 0 0 0 0 0 0 0 0 0 0 0 0 0 0 0 0 0 0 0 0 0 0 0 0 0 0 0 0 0 0 0 0 0 0 0 0 0 0 0 0 0 0 0 0 0 1 ]> 17.000000 17.000000 + 0.000000 #25902
update in RO 18.000000

CHECKER is 1 SUM:18
TIME:2080.000000
P TIGHTEN: 2.081000 <P:18.000000, D:246.000000, INC:(780)[1 0 0 0 0 0 0 0 0 0 0 0 0 0 0 0 0 0 0 0 0 1 0 1 0 0 1 0 0 0 1 0 0 0 0 1 0 0 0 0 0 1 0 0 1 0 0 0 0 0 0 0 0 0 0 0 0 0 0 0 0 0 0 0 0 0 0 0 0 0 0 0 0 0 0 0 0 0 0 0 0 0 0 0 0 0 0 0 0 0 0 0 0 0 0 0 0 0 0 0 0 0 0 0 0 0 0 0 0 0 0 0 0 0 0 0 0 0 0 0 0 0 0 0 0 0 0 0 0 0 0 0 0 0 0 0 0 0 0 1 0 0 0 0 0 0 0 0 0 0 0 0 0 0 0 0 0 0 0 0 0 0 0 0 0 0 0 0 0 0 0 0 0 0 0 0 0 0 0 0 0 0 0 0 0 0 0 0 0 0 0 0 0 0 0 0 0 0 0 0 0 0 0 0 0 0 0 0 0 0 1 0 0 0 0 0 0 0 0 0 0 0 0 0 0 0 0 0 0 0 0 0 0 0 0 0 0 0 0 0 0 0 0 0 0 0 0 0 0 0 0 0 1 0 0 0 0 0 0 0 0 0 0 0 0 0 0 0 0 0 0 0 0 0 0 0 0 0 0 0 0 0 0 0 0 0 0 0 0 0 0 0 0 0 0 0 0 0 0 0 0 1 0 0 0 0 1 0 0 0 0 0 0 0 0 0 0 0 0 0 0 0 0 0 0 0 0 0 0 0 0 0 0 0 0 0 0 0 0 0 0 0 0 0 0 0 0 0 0 0 0 0 0 0 0 0 0 0 0 0 0 0 0 0 0 0 0 0 1 0 0 0 0 0 0 0 0 0 0 0 0 0 0 0 0 0 1 0 0 0 0 0 0 0 0 0 0 0 0 0 0 0 0 0 0 0 0 0 0 0 0 0 0 0 0 0 0 0 0 0 0 0 0 0 0 0 0 0 0 0 0 0 0 0 0 1 0 0 0 0 0 0 0 0 0 0 0 0 0 0 0 0 0 0 0 0 0 0 0 0 0 0 0 0 0 0 0 0 0 0 0 0 0 0 0 0 0 0 0 0 0 0 0 0 0 0 0 0 0 0 0 0 0 0 0 0 0 0 0 0 0 0 0 0 0 0 0 0 0 0 0 0 0 0 0 0 0 0 0 0 0 0 0 0 0 0 0 0 0 0 0 0 0 0 0 0 0 0 0 0 0 0 0 0 0 0 0 0 0 0 0 0 0 0 0 0 0 0 0 0 0 0 0 0 0 0 0 0 0 0 0 0 0 0 0 0 0 0 0 0 0 0 0 0 0 0 0 0 0 0 0 0 0 0 0 0 0 0 0 0 0 0 0 0 0 0 0 0 0 0 0 0 0 0 0 0 0 0 0 0 0 0 0 0 0 0 0 0 0 0 0 0 0 0 0 0 0 0 0 0 0 0 0 0 0 1 0 0 0 0 0 0 0 0 0 0 0 0 0 0 0 0 0 0 0 0 0 0 0 0 0 0 0 0 0 0 0 0 0 0 0 0 0 0 0 0 0 0 0 0 0 0 0 0 0 0 0 0 0 0 0 0 0 0 0 0 0 0 0 0 0 0 0 0 0 0 0 0 0 0 0 0 0 0 0 0 0 0 0 0 0 0 0 0 0 0 0 0 0 0 0 0 0 0 0 0 0 0 0 0 0 0 0 0 0 0 0 0 0 0 0 0 0 0 0 0 0 0 0 0 0 0 0 0 0 0 0 0 0 1 ]> 18.000000 18.000000 + 0.000000 #28073
B&B(   72)	 241.000000	 18.000000	      -	 time:5.0420s
B&B(  148)	 235.000000	 18.000000	      -	 time:10.0930s
B&B(  228)	 230.000000	 18.000000	      -	 time:15.1640s
B&B(  308)	 226.000000	 18.000000	      -	 time:20.1920s
B&B(  389)	 220.000000	 18.000000	      -	 time:25.2340s
B&B(  472)	 215.000000	 18.000000	      -	 time:30.2800s
B&B(  555)	 211.000000	 18.000000	      -	 time:35.2940s
B&B(  639)	 206.000000	 18.000000	      -	 time:40.3300s
B&B(  725)	 203.000000	 18.000000	      -	 time:45.3760s
B&B(  811)	 200.000000	 18.000000	      -	 time:50.3870s
B&B(  899)	 195.000000	 18.000000	      -	 time:55.3930s
B&B(  989)	 192.000000	 18.000000	      -	 time:60.4410s
B&B( 1079)	 187.000000	 18.000000	      -	 time:65.4510s
B&B( 1171)	 184.000000	 18.000000	      -	 time:70.5030s
update in RO 19.0000

CHECKER is 1 SUM:19
TIME:72809.000000
P TIGHTEN: 72.809000 <P:19.000000, D:183.000000, INC:(795)[0 0 0 0 0 0 0 0 0 0 0 0 0 0 0 0 0 0 0 0 0 0 0 0 0 0 0 0 0 0 0 0 0 0 0 0 0 0 0 0 0 0 0 0 0 0 0 0 0 0 0 0 0 0 0 0 0 0 0 0 0 0 0 0 0 0 0 0 0 0 0 0 0 0 0 0 0 0 0 0 0 0 0 0 0 0 0 0 1 0 0 0 0 0 1 0 0 1 0 0 0 0 0 0 0 0 0 0 1 1 0 0 0 1 0 0 0 0 0 1 0 0 0 0 0 0 0 0 0 0 0 0 0 0 0 0 0 0 0 0 0 0 0 0 0 0 0 0 0 0 0 0 0 0 0 0 0 1 0 0 0 0 0 0 1 0 0 0 0 0 0 0 0 0 0 0 0 0 0 0 0 0 0 0 0 0 0 0 0 0 0 0 0 0 0 0 0 0 0 0 0 1 0 0 0 0 0 0 0 0 0 0 0 0 0 0 0 0 0 0 0 0 0 0 0 0 0 0 0 0 0 0 0 0 0 0 0 0 0 0 0 0 0 0 0 0 0 0 0 0 0 0 0 0 0 0 0 0 0 0 0 0 0 0 0 0 0 0 0 0 0 0 0 0 0 0 0 0 0 0 0 0 0 0 0 0 0 0 0 0 0 0 0 0 0 0 1 0 0 0 0 0 0 0 0 0 0 0 0 0 0 0 0 0 0 0 0 0 0 0 0 0 0 0 0 0 0 0 0 0 0 0 0 0 0 0 0 0 0 0 0 0 0 0 0 0 0 0 0 0 0 0 0 0 0 0 0 0 0 0 0 0 0 0 0 0 0 0 0 0 0 0 0 0 0 0 0 0 0 0 0 0 0 0 0 0 0 0 0 0 0 0 0 0 0 0 0 0 0 0 0 0 0 0 0 0 0 0 0 0 0 0 0 0 0 0 0 0 0 0 0 0 0 0 0 0 0 0 0 0 0 0 0 0 1 0 0 0 0 0 0 0 0 0 0 0 0 0 0 0 0 0 0 0 0 0 0 0 0 0 0 1 0 0 0 0 0 0 0 0 0 0 0 0 0 0 0 0 0 0 0 0 0 0 0 0 0 0 1 0 0 0 0 0 0 0 0 0 0 0 0 0 0 0 0 0 0 0 0 0 0 0 0 0 0 0 0 0 0 0 0 0 0 0 0 0 0 0 0 0 0 0 0 0 0 0 0 0 0 0 0 0 0 0 0 0 0 0 0 0 0 0 0 0 1 0 0 0 0 0 0 0 0 0 0 0 1 0 0 0 0 0 0 0 0 0 0 0 0 0 0 0 0 0 0 0 0 1 0 0 0 0 0 0 0 0 0 0 0 1 0 0 0 0 0 0 0 0 0 0 0 0 0 0 0 0 0 0 0 0 0 0 0 0 0 0 0 0 0 0 0 0 0 0 0 0 0 0 0 0 0 0 0 0 0 0 0 0 0 0 0 0 0 0 0 0 0 0 0 0 0 0 0 0 0 0 0 0 0 0 0 0 0 0 0 0 0 0 0 0 0 0 0 0 0 0 0 0 0 0 0 0 0 0 0 0 0 0 0 0 0 0 0 0 0 0 0 0 0 0 0 0 0 0 0 0 0 0 0 0 0 0 0 0 0 0 0 0 0 0 0 0 0 0 0 0 0 0 0 0 0 0 0 0 0 0 0 0 0 0 0 0 0 0 0 0 0 0 0 0 0 0 0 0 0 0 0 0 0 0 0 0 0 0 0 0 0 0 0 0 0 0 0 0 0 0 0 0 0 0 0 0 0 0 1 ]> 19.000000 19.000000 + 0.000000 #18089
B&B( 1266)	 181.000000	 19.000000	      -	 time:75.5490s
B&B( 1362)	 176.000000	 19.000000	      -	 time:80.5720s
B&B( 1461)	 172.000000	 19.000000	      -	 time:85.5780s
B&B( 1563)	 167.000000	 19.000000	      -	 time:90.5990s
B&B( 1649)	 166.000000	 19.000000	      -	 time:95.6040s
B&B( 1735)	 166.000000	 19.000000	      -	 time:100.6140s
B&B( 1819)	 164.000000	 19.000000	      -	 time:105.6610s
B&B( 1908)	 163.000000	 19.000000	      -	 time:110.7030s
B&B( 1992)	 162.000000	 19.000000	      -	 time:115.7410s
B&B( 2074)	 162.000000	 19.000000	      -	 time:120.7590s
B&B( 2158)	 161.000000	 19.000000	      -	 time:125.8020s
B&B( 2249)	 160.000000	 19.000000	      -	 time:130.8440s
B&B( 2332)	 160.000000	 19.000000	      -	 time:135.9030s
B&B( 2423)	 159.000000	 19.000000	      -	 time:140.9520s
B&B( 2506)	 159.000000	 19.000000	      -	 time:145.9850s
B&B( 2588)	 158.000000	 19.000000	      -	 time:151.0080s
B&B( 2674)	 158.000000	 19.000000	      -	 time:156.0610s
B&B( 2756)	 158.000000	 19.000000	      -	 time:161.0660s
B&B( 2840)	 157.000000	 19.000000	      -	 time:166.1020s
B&B( 2923)	 157.000000	 19.000000	      -	 time:171.1100s
B&B( 3004)	 157.000000	 19.000000	      -	 time:176.1290s
B&B( 3087)	 157.000000	 19.000000	      -	 time:181.1570s
B&B( 3169)	 156.000000	 19.000000	      -	 time:186.1910s
B&B( 3256)	 156.000000	 19.000000	      -	 time:191.1960s
B&B( 3341)	 156.000000	 19.000000	      -	 time:196.2470s
update in RO 20.0000

CHECKER is 1 SUM:20
TIME:196491.000000
P TIGHTEN: 196.492000 <P:20.000000, D:156.000000, INC:(722)[0 0 0 0 0 0 0 0 0 0 0 0 1 0 0 0 0 0 0 0 0 0 0 0 0 0 0 0 0 0 0 0 0 0 1 0 0 0 0 0 0 0 0 0 0 1 1 0 0 0 0 0 0 0 0 0 1 0 1 0 0 0 0 0 0 0 0 0 0 0 0 0 0 0 1 0 0 0 0 0 0 0 0 0 0 0 0 0 0 0 0 0 0 0 0 0 0 0 0 0 0 0 0 0 0 0 0 0 0 0 0 0 0 0 0 0 0 0 0 0 0 0 0 0 0 0 0 0 0 0 0 0 0 0 0 0 1 0 0 0 0 0 0 0 0 0 0 0 0 0 0 0 0 0 0 0 0 0 0 0 1 0 0 0 1 0 0 0 0 0 0 1 0 0 0 0 0 0 0 0 0 0 0 0 0 0 0 0 0 0 0 0 0 0 0 0 0 0 0 0 0 0 0 0 0 0 0 0 0 0 0 0 0 0 0 0 0 0 0 0 0 0 0 0 0 0 0 0 0 0 0 0 0 0 0 0 0 0 0 0 0 0 0 0 0 0 0 0 0 0 0 0 0 0 0 0 0 0 0 0 0 0 0 0 0 0 0 0 0 0 0 0 0 0 0 0 0 0 0 0 0 0 0 0 0 0 0 0 0 0 0 0 0 0 0 0 0 0 0 0 0 0 0 0 0 0 0 0 0 0 0 0 0 0 0 0 0 0 0 0 0 0 0 0 0 0 0 0 0 0 0 0 0 0 0 0 1 0 0 0 0 0 0 0 0 0 0 0 0 0 0 0 0 0 0 0 0 0 0 0 0 0 0 0 0 0 0 0 0 0 0 0 0 0 0 0 0 0 0 0 0 0 0 0 0 0 0 0 0 0 0 0 0 0 0 0 0 0 0 0 0 0 0 0 0 0 1 0 0 0 0 0 0 0 0 0 0 0 0 0 0 0 0 0 0 0 0 0 0 0 0 0 0 0 0 0 0 0 0 0 0 0 0 0 0 0 0 0 0 0 0 0 0 0 0 0 0 0 0 0 0 0 0 0 0 0 1 0 0 0 0 0 0 0 0 0 0 0 0 0 0 0 0 0 0 0 0 0 0 0 0 0 1 0 0 0 0 0 0 0 0 0 0 0 0 0 0 0 0 0 0 0 0 0 0 0 0 0 0 0 0 0 0 0 0 0 0 0 0 0 0 0 0 0 0 0 0 0 0 0 0 0 0 0 0 0 0 0 0 0 0 0 0 0 0 0 0 1 0 0 0 0 0 0 0 0 0 0 0 0 0 0 0 0 0 0 0 0 0 0 0 0 0 0 0 0 0 0 0 0 0 0 0 0 0 0 0 0 0 0 0 0 0 0 0 0 0 0 0 0 0 0 0 0 0 0 0 0 0 1 0 0 0 0 0 0 0 0 0 0 0 0 0 0 0 0 0 0 0 0 0 0 0 0 0 0 0 0 0 0 0 0 0 0 0 0 0 0 0 0 0 0 0 0 0 0 0 0 0 0 0 0 0 0 0 0 0 0 0 0 0 0 0 0 0 0 0 0 0 0 0 0 0 0 0 0 0 0 0 0 0 0 0 0 1 0 0 0 0 0 0 0 0 0 0 0 0 1 0 0 0 1 ]> 20.000000 20.000000 + 0.000000 #29480
B&B( 3425)	 156.000000	 20.000000	      -	 time:201.3080s
B&B( 3510)	 155.000000	 20.000000	      -	 time:206.3390s
B&B( 3594)	 155.000000	 20.000000	      -	 time:211.3580s
B&B( 3676)	 155.000000	 20.000000	      -	 time:216.3650s
B&B( 3759)	 155.000000	 20.000000	      -	 time:221.4040s
B&B( 3841)	 155.000000	 20.000000	      -	 time:226.4320s
B&B( 3926)	 154.000000	 20.000000	      -	 time:231.4410s
B&B( 4008)	 154.000000	 20.000000	      -	 time:236.4670s
B&B( 4092)	 154.000000	 20.000000	      -	 time:241.5140s
B&B( 4176)	 154.000000	 20.000000	      -	 time:246.5400s
B&B( 4265)	 154.000000	 20.000000	      -	 time:251.5540s
B&B( 4352)	 154.000000	 20.000000	      -	 time:256.6060s
B&B( 4436)	 153.000000	 20.000000	      -	 time:261.6410s
B&B( 4516)	 153.000000	 20.000000	      -	 time:266.6440s
B&B( 4595)	 153.000000	 20.000000	      -	 time:271.6700s
B&B( 4679)	 153.000000	 20.000000	      -	 time:276.6760s
B&B( 4757)	 153.000000	 20.000000	      -	 time:281.7260s
B&B( 4841)	 153.000000	 20.000000	      -	 time:286.7540s
B&B( 4924)	 153.000000	 20.000000	      -	 time:291.7620s
B&B( 5008)	 152.000000	 20.000000	      -	 time:296.7750s
B&B( 5092)	 152.000000	 20.000000	      -	 time:301.8100s
B&B( 5176)	 152.000000	 20.000000	      -	 time:306.8380s
B&B( 5251)	 152.000000	 20.000000	      -	 time:311.8580s
B&B( 5327)	 152.000000	 20.000000	      -	 time:316.8990s
B&B( 5408)	 152.000000	 20.000000	      -	 time:321.9190s
B&B( 5490)	 151.000000	 20.000000	      -	 time:326.9560s
B&B( 5569)	 151.000000	 20.000000	      -	 time:331.9940s
B&B( 5655)	 151.000000	 20.000000	      -	 time:337.0240s
B&B( 5733)	 151.000000	 20.000000	      -	 time:342.0250s
B&B( 5812)	 151.000000	 20.000000	      -	 time:347.0370s
B&B( 5892)	 151.000000	 20.000000	      -	 time:352.0670s
B&B( 5973)	 151.000000	 20.000000	      -	 time:357.0780s
B&B( 6054)	 151.000000	 20.000000	      -	 time:362.0900s
B&B( 6132)	 151.000000	 20.000000	      -	 time:367.1060s
B&B( 6207)	 150.000000	 20.000000	      -	 time:372.1370s
B&B( 6288)	 150.000000	 20.000000	      -	 time:377.1750s
B&B( 6368)	 150.000000	 20.000000	      -	 time:382.1940s
B&B( 6448)	 150.000000	 20.000000	      -	 time:387.2580s
B&B( 6526)	 150.000000	 20.000000	      -	 time:392.2670s
B&B( 6606)	 150.000000	 20.000000	      -	 time:397.3100s
B&B( 6686)	 150.000000	 20.000000	      -	 time:402.3370s
B&B( 6765)	 150.000000	 20.000000	      -	 time:407.3810s
B&B( 6845)	 150.000000	 20.000000	      -	 time:412.4160s
B&B( 6924)	 150.000000	 20.000000	      -	 time:417.4670s
B&B( 7001)	 149.000000	 20.000000	      -	 time:422.4700s
B&B( 7080)	 149.000000	 20.000000	      -	 time:427.5130s
B&B( 7160)	 149.000000	 20.000000	      -	 time:432.5290s
B&B( 7240)	 149.000000	 20.000000	      -	 time:437.5690s
B&B( 7321)	 149.000000	 20.000000	      -	 time:442.5930s
B&B( 7404)	 149.000000	 20.000000	      -	 time:447.6130s
B&B( 7485)	 149.000000	 20.000000	      -	 time:452.6440s
B&B( 7566)	 149.000000	 20.000000	      -	 time:457.7070s
B&B( 7649)	 148.000000	 20.000000	      -	 time:462.7650s
B&B( 7727)	 148.000000	 20.000000	      -	 time:467.7880s
B&B( 7810)	 148.000000	 20.000000	      -	 time:472.8470s
B&B( 7890)	 148.000000	 20.000000	      -	 time:477.8830s
B&B( 7973)	 148.000000	 20.000000	      -	 time:482.9060s
B&B( 8056)	 148.000000	 20.000000	      -	 time:487.9120s
B&B( 8137)	 148.000000	 20.000000	      -	 time:492.9370s
B&B( 8215)	 148.000000	 20.000000	      -	 time:497.9620s
B&B( 8294)	 148.000000	 20.000000	      -	 time:503.0060s
B&B( 8374)	 148.000000	 20.000000	      -	 time:508.0200s
B&B( 8454)	 148.000000	 20.000000	      -	 time:513.0580s
B&B( 8534)	 148.000000	 20.000000	      -	 time:518.0720s
B&B( 8614)	 147.000000	 20.000000	      -	 time:523.1120s
B&B( 8696)	 147.000000	 20.000000	      -	 time:528.1650s
B&B( 8777)	 147.000000	 20.000000	      -	 time:533.2000s
B&B( 8859)	 147.000000	 20.000000	      -	 time:538.2590s
B&B( 8940)	 147.000000	 20.000000	      -	 time:543.3080s
B&B( 9021)	 147.000000	 20.000000	      -	 time:548.3570s
B&B( 9099)	 147.000000	 20.000000	      -	 time:553.3670s
B&B( 9179)	 147.000000	 20.000000	      -	 time:558.4010s
B&B( 9257)	 147.000000	 20.000000	      -	 time:563.4490s
B&B( 9336)	 147.000000	 20.000000	      -	 time:568.5040s
B&B( 9425)	 147.000000	 20.000000	      -	 time:573.5380s
B&B( 9503)	 147.000000	 20.000000	      -	 time:578.5580s
B&B( 9585)	 147.000000	 20.000000	      -	 time:583.5960s
B&B( 9665)	 146.000000	 20.000000	      -	 time:588.6090s
B&B( 9745)	 146.000000	 20.000000	      -	 time:593.6300s
B&B( 9828)	 146.000000	 20.000000	      -	 time:598.6430s
B&B( 9911)	 146.000000	 20.000000	      -	 time:603.6970s
B&B( 9991)	 146.000000	 20.000000	      -	 time:608.7420s
B&B(10074)	 146.000000	 20.000000	      -	 time:613.7510s
B&B(10153)	 146.000000	 20.000000	      -	 time:618.7810s
B&B(10235)	 146.000000	 20.000000	      -	 time:623.8390s
B&B(10316)	 146.000000	 20.000000	      -	 time:628.8980s
B&B(10396)	 146.000000	 20.000000	      -	 time:633.9180s
B&B(10475)	 146.000000	 20.000000	      -	 time:638.9370s
B&B(10553)	 145.000000	 20.000000	      -	 time:643.9830s
B&B(10632)	 145.000000	 20.000000	      -	 time:649.0000s
B&B(10713)	 145.000000	 20.000000	      -	 time:654.0320s
B&B(10790)	 145.000000	 20.000000	      -	 time:659.0600s
B&B(10869)	 145.000000	 20.000000	      -	 time:664.0840s
B&B(10947)	 145.000000	 20.000000	      -	 time:669.0920s
B&B(11024)	 145.000000	 20.000000	      -	 time:674.1310s
B&B(11102)	 145.000000	 20.000000	      -	 time:679.1690s
B&B(11182)	 145.000000	 20.000000	      -	 time:684.1750s
B&B(11262)	 145.000000	 20.000000	      -	 time:689.2390s
B&B(11338)	 145.000000	 20.000000	      -	 time:694.2970s
B&B(11418)	 145.000000	 20.000000	      -	 time:699.3070s
B&B(11496)	 146.000000	 20.000000	      -	 time:704.3110s
B&B(11577)	 145.000000	 20.000000	      -	 time:709.3450s
B&B(11656)	 145.000000	 20.000000	      -	 time:714.3900s
B&B(11736)	 145.000000	 20.000000	      -	 time:719.4300s
B&B(11818)	 144.000000	 20.000000	      -	 time:724.4750s
B&B(11899)	 144.000000	 20.000000	      -	 time:729.5140s
B&B(11978)	 144.000000	 20.000000	      -	 time:734.5300s
B&B(12057)	 144.000000	 20.000000	      -	 time:739.5350s
B&B(12136)	 144.000000	 20.000000	      -	 time:744.5600s
B&B(12218)	 144.000000	 20.000000	      -	 time:749.5920s
B&B(12298)	 144.000000	 20.000000	      -	 time:754.6640s
B&B(12376)	 145.000000	 20.000000	      -	 time:759.6720s
B&B(12452)	 144.000000	 20.000000	      -	 time:764.6820s
B&B(12529)	 144.000000	 20.000000	      -	 time:769.6930s
B&B(12607)	 144.000000	 20.000000	      -	 time:774.7100s
B&B(12687)	 144.000000	 20.000000	      -	 time:779.7530s
B&B(12765)	 144.000000	 20.000000	      -	 time:784.7560s
B&B(12844)	 144.000000	 20.000000	      -	 time:789.7920s
B&B(12922)	 144.000000	 20.000000	      -	 time:794.8470s
B&B(13000)	 144.000000	 20.000000	      -	 time:799.9080s
B&B(13075)	 143.000000	 20.000000	      -	 time:804.9460s
B&B(13156)	 143.000000	 20.000000	      -	 time:809.9830s
B&B(13234)	 143.000000	 20.000000	      -	 time:815.0470s
B&BCommand exited with non-zero status 124
	Command being timed: "/usr/bin/timeout 915 /home/fabio/CODD-NEWDom/cmake-build-release-ilyin/misp5 /home/fabio/CODD-NEWDom/data/misp/brock800_1.clq 64"
	User time (seconds): 913.91
	System time (seconds): 1.20
	Percent of CPU this job got: 99%
	Elapsed (wall clock) time (h:mm:ss or m:ss): 15:15.18
	Average shared text size (kbytes): 0
	Average unshared data size (kbytes): 0
	Average stack size (kbytes): 0
	Average total size (kbytes): 0
	Maximum resident set size (kbytes): 2354688
	Average resident set size (kbytes): 0
	Major (requiring I/O) page faults: 0
	Minor (reclaiming a frame) page faults: 592140
	Voluntary context switches: 4
	Involuntary context switches: 2950
	Swaps: 0
	File system inputs: 0
	File system outputs: 72
	Socket messages sent: 0
	Socket messages received: 0
	Signals delivered: 0
	Page size (bytes): 4096
	Exit status: 124

