COMMAND: /usr/bin/time -v /usr/bin/timeout 915 /home/fabio/CODD-NEWDom/cmake-build-release-ilyin/misp5 /home/fabio/CODD-NEWDom/data/misp/san200_0.9_2.clq 64
TOP=200
B&B searching...
dual@root:200
B&B Nodes          Dual	 Primal	 Gap(%)
----------------------------------------------
update in RO 35.000000

CHECKER is 1 SUM:35
TIME:19.000000
P TIGHTEN: 0.020000 <P:35.000000, D:200.000000, INC:(130)[0 1 1 1 1 1 1 1 0 1 1 1 0 1 0 1 0 1 0 1 0 0 1 0 0 1 1 0 0 0 0 0 1 0 0 1 1 1 0 1 0 0 0 0 0 0 0 0 1 0 0 1 0 1 0 0 0 0 0 1 0 0 0 1 0 0 0 1 0 0 0 0 0 0 0 0 0 0 0 0 0 0 0 0 0 0 1 0 0 0 1 1 0 0 0 0 0 0 0 1 0 0 0 0 0 0 1 0 0 0 0 0 1 0 0 0 0 0 0 0 0 0 0 0 0 0 0 0 0 1 ]> 35.000000 35.000000 + 0.000000 #7830
update in RO 36.000000

CHECKER is 1 SUM:36
TIME:19.000000
P TIGHTEN: 0.020000 <P:36.000000, D:200.000000, INC:(140)[0 1 1 1 1 1 1 1 0 0 1 1 0 1 0 1 0 1 0 1 0 0 1 0 0 1 1 0 0 0 0 1 1 0 0 1 1 1 0 1 0 0 0 0 0 0 0 0 1 0 0 1 0 1 0 0 0 0 0 1 0 0 0 1 0 0 0 1 0 0 0 0 0 0 0 0 0 0 0 0 0 0 0 0 0 0 1 0 0 0 0 1 0 0 0 0 0 0 0 1 0 0 0 0 0 0 1 0 0 0 0 0 1 0 0 0 0 0 0 0 0 0 0 0 0 0 0 1 0 1 0 0 0 0 0 0 0 0 0 1 ]> 36.000000 36.000000 + 0.000000 #8419
update in RO 37.000000

CHECKER is 1 SUM:37
TIME:29.000000
P TIGHTEN: 0.030000 <P:37.000000, D:123.000000, INC:(186)[0 0 0 0 1 1 1 1 0 0 1 1 0 1 0 1 0 1 0 1 0 0 1 0 0 1 1 0 0 1 0 1 1 0 0 1 1 1 0 1 0 0 0 0 0 0 0 0 0 0 1 1 0 1 0 0 0 0 0 1 0 0 0 1 0 0 0 0 0 0 0 0 0 0 0 0 0 0 0 1 1 0 0 0 0 0 1 1 1 0 0 1 0 0 0 0 0 0 0 0 0 0 0 0 0 0 1 0 0 0 0 0 1 0 0 0 0 0 0 0 0 0 0 0 0 0 0 0 0 1 0 0 0 0 0 0 0 0 0 1 0 0 0 0 0 0 0 0 0 0 0 0 1 0 0 0 0 0 0 0 0 0 0 0 0 0 0 0 0 0 0 0 0 0 0 0 0 0 0 0 0 0 0 0 0 1 ]> 37.000000 37.000000 + 0.000000 #8066
update in RO 38.000000

CHECKER is 1 SUM:38
TIME:52.000000
P TIGHTEN: 0.053000 <P:38.000000, D:123.000000, INC:(154)[0 1 0 1 1 0 0 0 0 1 1 1 0 1 1 1 1 1 1 0 0 0 1 0 0 1 1 0 0 0 0 0 1 0 0 1 1 1 0 1 0 0 0 0 0 0 0 0 0 0 1 1 0 0 0 0 0 0 1 0 0 0 0 1 0 0 0 0 0 0 0 0 0 0 0 1 0 0 1 1 1 0 1 0 0 0 0 0 0 0 1 1 0 1 0 0 0 1 0 0 0 0 0 0 0 0 0 0 0 0 0 0 1 0 0 0 0 0 0 0 0 0 0 0 0 0 0 0 1 0 0 0 0 0 0 0 0 0 0 0 1 0 0 0 0 0 0 0 0 0 0 0 1 1 ]> 38.000000 38.000000 + 0.000000 #7836
update in RO 40.000000

CHECKER is 1 SUM:40
TIME:52.000000
P TIGHTEN: 0.053000 <P:40.000000, D:123.000000, INC:(163)[0 1 0 1 1 0 0 0 0 1 1 1 0 1 1 1 1 1 1 0 0 0 1 0 0 1 1 0 0 0 0 0 1 0 0 1 1 1 0 1 0 0 0 0 0 0 0 0 0 0 1 1 0 0 0 0 0 0 1 0 0 0 0 1 0 0 0 0 0 0 0 0 0 0 0 1 0 0 1 1 0 0 1 0 0 0 0 1 0 0 1 1 0 1 0 0 0 1 0 0 0 0 0 0 0 0 0 0 0 0 0 1 0 1 0 0 0 0 0 0 0 0 0 0 0 0 0 0 1 0 0 0 1 0 0 0 0 0 0 0 1 0 0 0 0 0 0 0 0 0 0 0 1 0 0 0 0 0 0 1 0 0 0 ]> 40.000000 40.000000 + 0.000000 #7894
update in RO 41.000000

CHECKER is 1 SUM:41
TIME:52.000000
P TIGHTEN: 0.053000 <P:41.000000, D:123.000000, INC:(163)[0 1 0 1 1 0 0 0 0 1 1 1 0 1 1 1 1 1 1 0 0 0 1 0 0 1 1 0 0 0 0 0 1 0 0 1 1 1 0 1 0 0 0 0 0 0 0 0 0 0 1 1 0 0 0 0 0 0 1 0 0 0 0 1 0 0 0 0 0 0 0 0 0 0 0 1 0 0 1 1 0 0 1 0 0 0 0 1 0 0 1 1 0 1 0 0 0 1 0 0 0 0 0 0 0 0 0 0 0 0 0 1 0 1 0 0 0 0 0 0 0 0 0 0 0 0 0 0 1 0 0 0 1 0 0 0 0 0 0 0 1 0 0 0 0 0 0 0 0 0 0 0 1 0 0 0 0 0 0 1 0 0 1 ]> 41.000000 41.000000 + 0.000000 #7894
update in RO 42.000000

CHECKER is 1 SUM:42
TIME:488.000000
P TIGHTEN: 0.489000 <P:42.000000, D:122.000000, INC:(170)[0 0 0 1 1 0 0 0 0 1 1 1 0 0 1 1 1 1 1 0 0 0 1 1 0 1 1 0 0 1 0 0 1 0 0 1 1 1 0 1 0 0 0 0 0 0 0 0 0 0 1 1 0 0 0 0 0 0 1 0 0 0 0 1 0 0 0 0 0 0 0 0 0 0 1 1 0 0 1 1 0 0 1 0 0 0 0 1 0 0 1 1 0 1 0 0 0 1 0 0 0 0 0 0 0 0 0 0 0 0 0 1 0 1 0 0 0 0 0 0 0 0 0 0 0 0 0 0 1 0 0 0 1 0 0 0 0 0 0 0 1 0 0 0 0 0 0 0 0 0 0 0 0 0 0 0 0 0 0 1 0 0 1 0 0 0 0 0 0 1 ]> 42.000000 42.000000 + 0.000000 #6572
update in RO 43.000000

CHECKER is 1 SUM:43
TIME:633.000000
P TIGHTEN: 0.634000 <P:43.000000, D:118.000000, INC:(186)[0 0 0 0 0 0 0 0 0 1 0 1 0 0 1 1 1 1 1 0 0 0 1 1 0 1 1 0 0 1 0 0 1 0 0 1 1 1 0 1 0 0 0 0 0 0 0 0 0 0 1 1 0 0 0 1 0 1 1 0 0 0 0 1 0 0 0 0 0 0 0 0 0 0 1 1 0 0 1 1 0 0 1 0 0 0 0 1 0 0 0 1 0 1 0 0 0 1 0 0 0 0 0 0 0 0 0 0 0 0 0 1 0 1 0 0 0 0 0 0 0 0 0 0 0 0 0 0 1 0 0 0 1 0 0 0 0 0 0 0 1 0 0 0 0 0 0 0 0 0 0 0 0 0 0 0 0 0 0 1 1 0 1 0 0 0 0 1 0 1 0 0 0 0 0 0 0 0 0 0 0 0 0 0 0 1 ]> 43.000000 43.000000 + 0.000000 #6214
update in RO 44.000000

CHECKER is 1 SUM:44
TIME:1469.000000
P TIGHTEN: 1.470000 <P:44.000000, D:114.000000, INC:(186)[0 0 0 0 0 0 0 0 0 0 0 0 0 0 1 0 1 0 1 0 0 0 1 1 0 1 0 0 0 1 0 1 1 0 0 1 1 1 0 1 0 0 1 0 0 1 0 0 0 0 1 1 0 0 0 1 1 1 1 0 0 0 0 0 0 0 0 0 0 0 0 0 1 1 0 1 0 0 1 0 0 0 1 0 0 0 0 1 0 0 0 0 0 1 0 0 0 1 0 0 0 0 0 0 0 0 0 0 0 0 0 1 0 1 0 0 0 0 0 0 0 0 0 0 1 0 0 0 0 0 0 0 1 0 0 1 0 1 0 0 1 0 0 0 0 0 0 0 0 0 0 0 0 0 0 0 0 0 0 1 0 0 1 0 1 0 1 0 1 1 0 0 0 1 0 0 0 0 1 0 0 0 0 0 0 0 ]> 44.000000 44.000000 + 0.000000 #5829
update in RO 45.000000

CHECKER is 1 SUM:45
TIME:1469.000000
P TIGHTEN: 1.470000 <P:45.000000, D:114.000000, INC:(186)[0 0 0 0 0 0 0 0 0 0 0 0 0 0 1 0 1 0 1 0 0 0 1 1 0 1 0 0 0 1 0 1 1 0 0 1 1 1 0 1 0 0 1 0 0 1 0 0 0 0 1 1 0 0 0 1 1 1 1 0 0 0 0 0 0 0 0 0 0 0 0 0 1 1 0 1 0 0 1 0 0 0 1 0 0 0 0 1 0 0 0 0 0 1 0 0 0 1 0 0 0 0 0 0 0 0 0 0 0 0 0 1 0 1 0 0 0 0 0 0 0 0 0 0 1 0 0 0 0 0 0 0 1 0 0 1 0 1 0 0 1 0 0 0 0 0 0 0 0 0 0 0 0 0 0 0 0 0 0 1 0 0 1 0 1 0 1 0 1 1 0 0 0 1 0 0 0 0 1 0 0 0 0 0 0 1 ]> 45.000000 45.000000 + 0.000000 #5829
update in RO 46.000000

CHECKER is 1 SUM:46
TIME:1469.000000
P TIGHTEN: 1.470000 <P:46.000000, D:114.000000, INC:(196)[0 0 0 0 0 0 0 0 0 0 0 0 0 0 1 0 1 0 1 0 0 0 1 1 0 1 0 0 0 1 0 1 1 0 0 1 1 1 0 1 0 0 1 0 0 1 0 0 0 0 1 1 0 0 0 1 1 1 1 0 0 0 0 0 0 0 0 0 0 0 0 0 1 1 0 1 0 0 1 0 0 0 1 0 0 0 0 1 0 0 0 1 0 1 0 0 0 1 0 0 0 0 0 0 0 0 0 0 0 0 0 1 0 1 0 0 0 0 0 0 0 0 0 0 0 0 0 0 0 0 0 0 1 0 0 1 0 1 0 0 1 0 0 0 0 0 0 0 0 0 0 0 0 0 0 0 0 0 0 1 0 0 1 0 1 0 1 0 1 1 0 0 0 1 0 0 0 0 1 0 0 0 0 0 0 1 0 0 0 0 0 0 0 0 0 1 ]> 46.000000 46.000000 + 0.000000 #5838
B&B(  745)	 108.000000	 46.000000	      -	 time:5.0010s
update in RO 47.0000

CHECKER is 1 SUM:47
TIME:6277.000000
P TIGHTEN: 6.278000 <P:47.000000, D:107.000000, INC:(196)[0 0 0 1 0 0 0 0 0 0 0 0 0 0 1 0 1 0 1 0 0 0 1 1 0 1 0 0 0 1 0 1 1 0 0 1 1 1 0 1 0 0 0 0 0 1 0 0 1 0 0 1 0 0 0 1 1 1 1 0 0 0 0 0 0 0 0 0 0 0 0 0 1 1 0 1 0 0 1 0 0 0 1 0 0 0 0 1 0 0 0 1 0 1 0 0 0 1 1 0 0 0 0 0 1 0 0 0 0 0 0 1 0 1 0 0 0 0 0 0 0 0 0 0 0 0 0 0 1 0 1 0 0 0 0 1 0 1 0 0 0 0 0 0 0 0 0 0 0 0 0 0 0 0 0 0 0 0 0 1 0 0 1 0 0 0 1 0 1 1 0 0 0 1 0 0 0 0 1 0 0 0 0 0 0 1 0 0 0 0 0 0 0 0 0 1 ]> 47.000000 47.000000 + 0.000000 #5287
B&B( 1549)	 104.000000	 47.000000	      -	 time:10.0060s
B&B( 2361)	 103.000000	 47.000000	      -	 time:15.0100s
update in RO 48.0000

CHECKER is 1 SUM:48
TIME:17827.000000
P TIGHTEN: 17.828000 <P:48.000000, D:102.000000, INC:(186)[0 0 0 0 0 0 0 0 0 1 0 0 0 0 1 0 1 0 1 0 0 0 1 1 0 1 0 0 0 1 0 0 1 0 0 1 1 1 0 1 0 0 1 0 0 1 0 0 0 0 1 1 0 0 0 1 1 1 1 0 0 0 0 0 0 0 0 0 0 0 0 0 1 1 1 1 0 0 1 0 0 0 1 0 0 0 0 1 0 0 0 0 0 1 0 0 0 1 0 0 0 0 0 0 0 0 0 0 0 0 0 1 0 1 0 0 0 0 0 0 0 0 0 0 1 0 0 0 0 0 0 0 1 0 0 1 0 1 0 0 1 0 0 0 0 0 0 0 0 0 0 0 0 0 0 0 0 0 0 1 1 0 1 0 1 0 1 1 1 1 0 0 0 1 0 0 0 0 1 0 0 0 0 0 0 1 ]> 48.000000 48.000000 + 0.000000 #5490
update in RO 49.000000

CHECKER is 1 SUM:49
TIME:17827.000000
P TIGHTEN: 17.828000 <P:49.000000, D:102.000000, INC:(196)[0 0 0 0 0 0 0 0 0 1 0 0 0 0 1 0 1 0 1 0 0 0 1 1 0 1 0 0 0 1 0 0 1 0 0 1 1 1 0 1 0 0 1 0 0 1 0 0 0 0 1 1 0 0 0 1 1 1 1 0 0 0 0 0 0 0 0 0 0 0 0 0 1 1 1 1 0 0 1 0 0 0 1 0 0 0 0 1 0 0 0 1 0 1 0 0 0 1 0 0 0 0 0 0 0 0 0 0 0 0 0 1 0 1 0 0 0 0 0 0 0 0 0 0 0 0 0 0 0 0 0 0 1 0 0 1 0 1 0 0 1 0 0 0 0 0 0 0 0 0 0 0 0 0 0 0 0 0 0 1 1 0 1 0 1 0 1 1 1 1 0 0 0 1 0 0 0 0 1 0 0 0 0 0 0 1 0 0 0 0 0 0 0 0 0 1 ]> 49.000000 49.000000 + 0.000000 #5499
B&B( 3178)	 101.000000	 49.000000	      -	 time:20.0120s
update in RO 50.0000

CHECKER is 1 SUM:50
TIME:23087.000000
P TIGHTEN: 23.088000 <P:50.000000, D:100.000000, INC:(196)[0 0 0 0 0 0 0 0 0 1 0 1 0 0 1 0 1 0 1 0 0 0 1 1 0 1 0 0 0 1 0 0 1 0 0 1 1 1 0 1 0 0 1 0 0 1 0 0 0 0 1 1 0 0 0 1 1 1 1 0 0 0 0 0 0 0 0 0 0 0 0 0 1 1 1 1 0 0 1 0 0 0 1 0 0 0 0 1 0 0 0 1 0 1 0 0 0 1 0 0 0 0 0 0 0 0 0 0 0 0 0 1 0 1 0 0 0 0 0 0 0 0 0 0 0 0 0 0 0 0 0 0 1 0 0 1 0 1 0 0 1 0 0 0 0 0 0 0 0 0 0 0 0 0 0 0 0 0 0 1 1 0 1 0 1 0 1 1 1 1 0 0 0 1 0 0 0 0 1 0 0 0 0 0 0 1 0 0 0 0 0 0 0 0 0 1 ]> 50.000000 50.000000 + 0.000000 #4935
B&B( 4017)	 100.000000	 50.000000	 100.0000%	 time:25.0130s
B&B( 4884)	 99.000000	 50.000000	 98.0000%	 time:30.0160s
B&B( 5750)	 99.000000	 50.000000	 98.0000%	 time:35.0180s
B&B( 6611)	 98.000000	 50.000000	 96.0000%	 time:40.0220s
B&B( 7489)	 97.000000	 50.000000	 94.0000%	 time:45.0270s
B&B( 8368)	 97.000000	 50.000000	 94.0000%	 time:50.0290s
update in RO 51.0000

CHECKER is 1 SUM:51
TIME:50410.000000
P TIGHTEN: 50.411000 <P:51.000000, D:97.000000, INC:(186)[0 0 0 1 0 0 0 0 0 1 0 0 0 0 1 0 1 0 1 0 0 0 1 1 0 1 0 0 0 1 0 0 1 0 0 1 1 1 0 1 0 0 0 0 0 1 0 0 0 0 1 1 0 0 0 1 1 1 1 0 0 0 0 0 0 0 0 0 0 0 0 0 1 1 1 1 0 0 1 0 0 0 1 0 0 0 0 1 0 0 0 0 0 1 0 0 0 1 1 0 0 0 0 0 1 0 0 0 0 0 0 1 0 1 0 0 0 0 0 0 0 0 0 0 1 0 0 0 1 0 1 0 1 0 0 1 0 1 0 0 1 0 0 0 0 0 0 0 0 0 0 0 0 0 0 0 0 0 0 1 1 0 1 0 1 0 1 1 1 1 0 0 0 1 0 0 0 0 1 0 0 0 0 0 0 0 ]> 51.000000 51.000000 + 0.000000 #4689
update in RO 52.000000

CHECKER is 1 SUM:52
TIME:50410.000000
P TIGHTEN: 50.411000 <P:52.000000, D:97.000000, INC:(186)[0 0 0 1 0 0 0 0 0 1 0 0 0 0 1 0 1 0 1 0 0 0 1 1 0 1 0 0 0 1 0 0 1 0 0 1 1 1 0 1 0 0 0 0 0 1 0 0 0 0 1 1 0 0 0 1 1 1 1 0 0 0 0 0 0 0 0 0 0 0 0 0 1 1 1 1 0 0 1 0 0 0 1 0 0 0 0 1 0 0 0 0 0 1 0 0 0 1 1 0 0 0 0 0 1 0 0 0 0 0 0 1 0 1 0 0 0 0 0 0 0 0 0 0 1 0 0 0 1 0 1 0 1 0 0 1 0 1 0 0 1 0 0 0 0 0 0 0 0 0 0 0 0 0 0 0 0 0 0 1 1 0 1 0 1 0 1 1 1 1 0 0 0 1 0 0 0 0 1 0 0 0 0 0 0 1 ]> 52.000000 52.000000 + 0.000000 #4689
update in RO 53.000000

CHECKER is 1 SUM:53
TIME:50410.000000
P TIGHTEN: 50.411000 <P:53.000000, D:97.000000, INC:(196)[0 0 0 1 0 0 0 0 0 1 0 0 0 0 1 0 1 0 1 0 0 0 1 1 0 1 0 0 0 1 0 0 1 0 0 1 1 1 0 1 0 0 0 0 0 1 0 0 0 0 1 1 0 0 0 1 1 1 1 0 0 0 0 0 0 0 0 0 0 0 0 0 1 1 1 1 0 0 1 0 0 0 1 0 0 0 0 1 0 0 0 1 0 1 0 0 0 1 1 0 0 0 0 0 1 0 0 0 0 0 0 1 0 1 0 0 0 0 0 0 0 0 0 0 0 0 0 0 1 0 1 0 1 0 0 1 0 1 0 0 1 0 0 0 0 0 0 0 0 0 0 0 0 0 0 0 0 0 0 1 1 0 1 0 1 0 1 1 1 1 0 0 0 1 0 0 0 0 1 0 0 0 0 0 0 1 0 0 0 0 0 0 0 0 0 1 ]> 53.000000 53.000000 + 0.000000 #4698
B&B( 9256)	 96.000000	 53.000000	 81.1321%	 time:55.0340s
B&B(10206)	 96.000000	 53.000000	 81.1321%	 time:60.0390s
B&B(11117)	 96.000000	 53.000000	 81.1321%	 time:65.0430s
B&B(12048)	 97.000000	 53.000000	 83.0189%	 time:70.0460s
B&B(12973)	 95.000000	 53.000000	 79.2453%	 time:75.0520s
B&B(13920)	 95.000000	 53.000000	 79.2453%	 time:80.0560s
B&B(14859)	 95.000000	 53.000000	 79.2453%	 time:85.0630s
update in RO 54.0000

CHECKER is 1 SUM:54
TIME:89300.000000
P TIGHTEN: 89.300000 <P:54.000000, D:94.000000, INC:(196)[0 0 0 1 0 0 0 0 0 1 0 1 0 0 1 0 1 0 1 0 0 0 1 1 0 1 0 0 0 1 0 0 1 0 0 1 1 1 0 1 0 0 0 0 0 1 0 0 0 0 1 1 0 0 0 1 1 1 1 0 0 0 0 0 0 0 0 0 0 0 0 0 1 1 1 1 0 0 1 0 0 0 1 0 0 0 0 1 0 0 0 1 0 1 0 0 0 1 1 0 0 0 0 0 1 0 0 0 0 0 0 1 0 1 0 0 0 0 0 0 0 0 0 0 0 0 0 0 1 0 1 0 1 0 0 1 0 1 0 0 1 0 0 0 0 0 0 0 0 0 0 0 0 0 0 0 0 0 0 1 1 0 1 0 1 0 1 1 1 1 0 0 0 1 0 0 0 0 1 0 0 0 0 0 0 1 0 0 0 0 0 0 0 0 0 1 ]> 54.000000 54.000000 + 0.000000 #4189
B&B(15816)	 94.000000	 54.000000	 74.0741%	 time:90.0650s
B&B(16787)	 94.000000	 54.000000	 74.0741%	 time:95.0690s
B&B(17804)	 94.000000	 54.000000	 74.0741%	 time:100.0750s
B&B(18765)	 94.000000	 54.000000	 74.0741%	 time:105.0780s
B&B(19735)	 93.000000	 54.000000	 72.2222%	 time:110.0800s
B&B(20672)	 93.000000	 54.000000	 72.2222%	 time:115.0810s
B&B(21639)	 93.000000	 54.000000	 72.2222%	 time:120.0870s
B&B(22685)	 93.000000	 54.000000	 72.2222%	 time:125.0890s
B&B(23705)	 93.000000	 54.000000	 72.2222%	 time:130.0910s
B&B(24702)	 93.000000	 54.000000	 72.2222%	 time:135.0950s
B&B(25713)	 92.000000	 54.000000	 70.3704%	 time:140.0990s
B&B(26661)	 92.000000	 54.000000	 70.3704%	 time:145.1050s
B&B(27654)	 92.000000	 54.000000	 70.3704%	 time:150.1070s
B&B(28699)	 92.000000	 54.000000	 70.3704%	 time:155.1110s
B&B(29750)	 92.000000	 54.000000	 70.3704%	 time:160.1150s
B&B(30760)	 92.000000	 54.000000	 70.3704%	 time:165.1190s
B&B(31762)	 92.000000	 54.000000	 70.3704%	 time:170.1210s
B&B(32790)	 92.000000	 54.000000	 70.3704%	 time:175.1250s
B&B(33813)	 91.000000	 54.000000	 68.5185%	 time:180.1260s
B&B(34836)	 91.000000	 54.000000	 68.5185%	 time:185.1300s
B&B(35906)	 91.000000	 54.000000	 68.5185%	 time:190.1320s
B&B(36967)	 91.000000	 54.000000	 68.5185%	 time:195.1380s
B&B(38056)	 91.000000	 54.000000	 68.5185%	 time:200.1440s
B&B(39121)	 91.000000	 54.000000	 68.5185%	 time:205.1490s
B&B(40160)	 91.000000	 54.000000	 68.5185%	 time:210.1540s
B&B(41242)	 91.000000	 54.000000	 68.5185%	 time:215.1590s
B&B(42295)	 91.000000	 54.000000	 68.5185%	 time:220.1640s
B&B(43362)	 90.000000	 54.000000	 66.6667%	 time:225.1680s
B&B(44403)	 90.000000	 54.000000	 66.6667%	 time:230.1710s
B&B(45401)	 90.000000	 54.000000	 66.6667%	 time:235.1750s
B&B(46463)	 90.000000	 54.000000	 66.6667%	 time:240.1780s
B&B(47587)	 90.000000	 54.000000	 66.6667%	 time:245.1790s
B&B(48694)	 90.000000	 54.000000	 66.6667%	 time:250.1840s
B&B(49800)	 90.000000	 54.000000	 66.6667%	 time:255.1880s
B&B(50877)	 90.000000	 54.000000	 66.6667%	 time:260.1920s
B&B(51952)	 90.000000	 54.000000	 66.6667%	 time:265.1940s
B&B(53049)	 90.000000	 54.000000	 66.6667%	 time:270.1980s
B&B(54138)	 90.000000	 54.000000	 66.6667%	 time:275.2020s
B&B(55197)	 90.000000	 54.000000	 66.6667%	 time:280.2080s
B&B(56270)	 90.000000	 54.000000	 66.6667%	 time:285.2090s
B&B(57321)	 89.000000	 54.000000	 64.8148%	 time:290.2110s
B&B(58448)	 89.000000	 54.000000	 64.8148%	 time:295.2130s
B&B(59509)	 89.000000	 54.000000	 64.8148%	 time:300.2170s
B&B(60527)	 89.000000	 54.000000	 64.8148%	 time:305.2190s
B&B(61497)	 89.000000	 54.000000	 64.8148%	 time:310.2230s
B&B(62463)	 89.000000	 54.000000	 64.8148%	 time:315.2270s
B&B(63304)	 89.000000	 54.000000	 64.8148%	 time:320.2310s
B&B(64162)	 89.000000	 54.000000	 64.8148%	 time:325.2320s
B&B(65130)	 89.000000	 54.000000	 64.8148%	 time:330.2370s
B&B(66019)	 89.000000	 54.000000	 64.8148%	 time:335.2420s
B&B(66892)	 89.000000	 54.000000	 64.8148%	 time:340.2450s
B&B(67723)	 89.000000	 54.000000	 64.8148%	 time:345.2540s
B&B(68644)	 89.000000	 54.000000	 64.8148%	 time:350.2570s
B&B(69639)	 89.000000	 54.000000	 64.8148%	 time:355.2590s
B&B(70561)	 89.000000	 54.000000	 64.8148%	 time:360.2610s
B&B(71542)	 89.000000	 54.000000	 64.8148%	 time:365.2660s
B&B(72570)	 89.000000	 54.000000	 64.8148%	 time:370.2710s
B&B(73583)	 89.000000	 54.000000	 64.8148%	 time:375.2740s
B&B(74711)	 88.000000	 54.000000	 62.9630%	 time:380.2750s
B&B(75915)	 88.000000	 54.000000	 62.9630%	 time:385.2760s
B&B(77050)	 88.000000	 54.000000	 62.9630%	 time:390.2780s
B&B(78171)	 88.000000	 54.000000	 62.9630%	 time:395.2800s
B&B(79267)	 88.000000	 54.000000	 62.9630%	 time:400.2810s
B&B(80423)	 88.000000	 54.000000	 62.9630%	 time:405.2840s
B&B(81497)	 88.000000	 54.000000	 62.9630%	 time:410.2870s
B&B(82641)	 88.000000	 54.000000	 62.9630%	 time:415.2920s
B&B(83809)	 88.000000	 54.000000	 62.9630%	 time:420.2970s
B&B(84874)	 88.000000	 54.000000	 62.9630%	 time:425.3010s
B&B(85980)	 88.000000	 54.000000	 62.9630%	 time:430.3050s
B&B(87144)	 88.000000	 54.000000	 62.9630%	 time:435.3070s
B&B(88219)	 88.000000	 54.000000	 62.9630%	 time:440.3090s
B&B(89334)	 88.000000	 54.000000	 62.9630%	 time:445.3120s
B&B(90481)	 88.000000	 54.000000	 62.9630%	 time:450.3170s
B&B(91562)	 88.000000	 54.000000	 62.9630%	 time:455.3230s
B&B(92697)	 88.000000	 54.000000	 62.9630%	 time:460.3270s
B&B(93800)	 88.000000	 54.000000	 62.9630%	 time:465.3280s
B&B(94950)	 88.000000	 54.000000	 62.9630%	 time:470.3300s
B&B(96058)	 88.000000	 54.000000	 62.9630%	 time:475.3320s
B&B(96987)	 88.000000	 54.000000	 62.9630%	 time:480.3360s
B&B(98089)	 87.000000	 54.000000	 61.1111%	 time:485.3410s
B&B(99205)	 87.000000	 54.000000	 61.1111%	 time:490.3430s
B&B(100201)	 87.000000	 54.000000	 61.1111%	 time:495.3480s
B&B(101374)	 87.000000	 54.000000	 61.1111%	 time:500.3510s
B&B(102581)	 87.000000	 54.000000	 61.1111%	 time:505.3520s
B&B(103796)	 87.000000	 54.000000	 61.1111%	 time:510.3540s
B&B(104962)	 87.000000	 54.000000	 61.1111%	 time:515.3580s
B&B(106101)	 87.000000	 54.000000	 61.1111%	 time:520.3600s
B&B(107213)	 87.000000	 54.000000	 61.1111%	 time:525.3640s
B&B(108345)	 87.000000	 54.000000	 61.1111%	 time:530.3700s
B&B(109596)	 87.000000	 54.000000	 61.1111%	 time:535.3720s
B&B(110807)	 87.000000	 54.000000	 61.1111%	 time:540.3770s
B&B(111936)	 87.000000	 54.000000	 61.1111%	 time:545.3830s
B&B(113065)	 87.000000	 54.000000	 61.1111%	 time:550.3850s
B&B(114200)	 87.000000	 54.000000	 61.1111%	 time:555.3910s
B&B(115302)	 87.000000	 54.000000	 61.1111%	 time:560.3940s
B&B(116453)	 87.000000	 54.000000	 61.1111%	 time:565.3990s
B&B(117579)	 87.000000	 54.000000	 61.1111%	 time:570.4010s
B&B(118815)	 87.000000	 54.000000	 61.1111%	 time:575.4040s
B&B(119993)	 87.000000	 54.000000	 61.1111%	 time:580.4050s
B&B(121089)	 87.000000	 54.000000	 61.1111%	 time:585.4090s
B&B(122217)	 87.000000	 54.000000	 61.1111%	 time:590.4120s
B&B(123362)	 87.000000	 54.000000	 61.1111%	 time:595.4190s
B&B(124494)	 87.000000	 54.000000	 61.1111%	 time:600.4230s
B&B(125612)	 87.000000	 54.000000	 61.1111%	 time:605.4270s
B&B(126739)	 87.000000	 54.000000	 61.1111%	 time:610.4280s
B&B(127824)	 87.000000	 54.000000	 61.1111%	 time:615.4300s
B&B(128998)	 86.000000	 54.000000	 59.2593%	 time:620.4340s
B&B(130167)	 86.000000	 54.000000	 59.2593%	 time:625.4370s
B&B(131449)	 86.000000	 54.000000	 59.2593%	 time:630.4400s
B&B(132692)	 86.000000	 54.000000	 59.2593%	 time:635.4420s
B&B(133845)	 86.000000	 54.000000	 59.2593%	 time:640.4450s
B&B(135021)	 86.000000	 54.000000	 59.2593%	 time:645.4490s
B&B(136345)	 86.000000	 54.000000	 59.2593%	 time:650.4510s
B&B(137604)	 86.000000	 54.000000	 59.2593%	 time:655.4560s
B&B(138783)	 86.000000	 54.000000	 59.2593%	 time:660.4600s
B&B(139954)	 86.000000	 54.000000	 59.2593%	 time:665.4630s
B&B(141136)	 86.000000	 54.000000	 59.2593%	 time:670.4650s
B&B(142334)	 86.000000	 54.000000	 59.2593%	 time:675.4690s
B&B(143611)	 86.000000	 54.000000	 59.2593%	 time:680.4710s
B&B(144843)	 86.000000	 54.000000	 59.2593%	 time:685.4750s
B&B(146040)	 86.000000	 54.000000	 59.2593%	 time:690.4780s
B&B(147186)	 86.000000	 54.000000	 59.2593%	 time:695.4830s
B&B(148298)	 86.000000	 54.000000	 59.2593%	 time:700.4870s
B&B(149500)	 86.000000	 54.000000	 59.2593%	 time:705.4890s
B&B(150744)	 86.000000	 54.000000	 59.2593%	 time:710.4940s
B&B(151883)	 86.000000	 54.000000	 59.2593%	 time:715.4990s
B&B(153126)	 86.000000	 54.000000	 59.2593%	 time:720.5050s
B&B(154285)	 86.000000	 54.000000	 59.2593%	 time:725.5080s
B&B(155426)	 86.000000	 54.000000	 59.2593%	 time:730.5140s
B&B(156612)	 86.000000	 54.000000	 59.2593%	 time:735.5210s
B&B(157896)	 86.000000	 54.000000	 59.2593%	 time:740.5250s
B&B(159077)	 86.000000	 54.000000	 59.2593%	 time:745.5290s
B&B(160227)	 86.000000	 54.000000	 59.2593%	 time:750.5340s
B&B(161399)	 86.000000	 54.000000	 59.2593%	 time:755.5370s
B&B(162590)	 86.000000	 54.000000	 59.2593%	 time:760.5400s
B&B(163834)	 86.000000	 54.000000	 59.2593%	 time:765.5420s
B&B(164941)	 86.000000	 54.000000	 59.2593%	 time:770.5460s
B&B(166085)	 86.000000	 54.000000	 59.2593%	 time:775.5510s
B&B(167263)	 86.000000	 54.000000	 59.2593%	 time:780.5560s
B&B(168450)	 86.000000	 54.000000	 59.2593%	 time:785.5590s
B&B(169697)	 86.000000	 54.000000	 59.2593%	 time:790.5620s
B&B(170938)	 86.000000	 54.000000	 59.2593%	 time:795.5630s
B&B(172112)	 85.000000	 54.000000	 57.4074%	 time:800.5660s
B&B(173455)	 85.000000	 54.000000	 57.4074%	 time:805.5710s
B&B(174818)	 85.000000	 54.000000	 57.4074%	 time:810.5740s
B&B(176032)	 85.000000	 54.000000	 57.4074%	 time:815.5750s
B&B(177311)	 85.000000	 54.000000	 57.4074%	 time:820.5770s
B&B(178510)	 85.000000	 54.000000	 57.4074%	 time:825.5780s
B&B(179726)	 85.000000	 54.000000	 57.4074%	 time:830.5810s
B&B(180950)	 85.000000	 54.000000	 57.4074%	 time:835.5850s
B&B(182147)	 85.000000	 54.000000	 57.4074%	 time:840.5880s
B&B(183405)	 85.000000	 54.000000	 57.4074%	 time:845.5930s
B&B(184555)	 85.000000	 54.000000	 57.4074%	 time:850.5940s
B&B(185837)	 85.000000	 54.000000	 57.4074%	 time:855.5970s
B&B(186996)	 85.000000	 54.000000	 57.4074%	 time:860.6030s
B&B(188226)	 85.000000	 54.000000	 57.4074%	 time:865.6050s
B&B(189410)	 85.000000	 54.000000	 57.4074%	 time:870.6060s
B&B(190692)	 85.000000	 54.000000	 57.4074%	 time:875.6110s
B&B(191893)	 85.000000	 54.000000	 57.4074%	 time:880.6150s
B&B(193184)	 85.000000	 54.000000	 57.4074%	 time:885.6190s
B&B(194316)	 85.000000	 54.000000	 57.4074%	 time:890.6240s
B&B(195586)	 85.Command exited with non-zero status 124
	Command being timed: "/usr/bin/timeout 915 /home/fabio/CODD-NEWDom/cmake-build-release-ilyin/misp5 /home/fabio/CODD-NEWDom/data/misp/san200_0.9_2.clq 64"
	User time (seconds): 908.48
	System time (seconds): 7.65
	Percent of CPU this job got: 99%
	Elapsed (wall clock) time (h:mm:ss or m:ss): 15:16.21
	Average shared text size (kbytes): 0
	Average unshared data size (kbytes): 0
	Average stack size (kbytes): 0
	Average total size (kbytes): 0
	Maximum resident set size (kbytes): 17221632
	Average resident set size (kbytes): 0
	Major (requiring I/O) page faults: 0
	Minor (reclaiming a frame) page faults: 4309459
	Voluntary context switches: 4
	Involuntary context switches: 3645
	Swaps: 0
	File system inputs: 0
	File system outputs: 72
	Socket messages sent: 0
	Socket messages received: 0
	Signals delivered: 0
	Page size (bytes): 4096
	Exit status: 124

