COMMAND: /usr/bin/time -v /usr/bin/timeout 915 /home/fabio/CODD-NEWDom/cmake-build-release-ilyin/misp5 /home/fabio/CODD-NEWDom/data/misp/san400_0.7_3.clq 128
TOP=400
B&B searching...
dual@root:400
B&B Nodes          Dual	 Primal	 Gap(%)
----------------------------------------------
update in RO 11.000000

CHECKER is 1 SUM:11
TIME:72.000000
P TIGHTEN: 0.073000 <P:11.000000, D:400.000000, INC:(46)[1 0 0 0 0 1 0 1 0 1 0 1 0 0 0 1 1 0 0 0 0 0 0 0 0 0 1 0 0 0 0 0 0 0 1 0 1 0 0 0 0 0 0 0 0 1 ]> 11.000000 11.000000 + 0.000000 #4859
update in RO 12.000000

CHECKER is 1 SUM:12
TIME:72.000000
P TIGHTEN: 0.073000 <P:12.000000, D:400.000000, INC:(51)[0 1 1 1 0 0 0 1 0 0 0 0 0 0 0 0 1 1 0 0 0 0 1 0 0 0 1 0 0 0 0 0 0 0 0 0 1 1 0 0 0 0 0 0 0 1 0 0 0 0 1 ]> 12.000000 12.000000 + 0.000000 #5499
update in RO 13.000000

CHECKER is 1 SUM:13
TIME:79.000000
P TIGHTEN: 0.080000 <P:13.000000, D:400.000000, INC:(148)[0 1 0 0 1 0 1 0 1 0 0 1 0 0 0 0 0 0 0 0 0 1 0 1 0 1 0 0 0 0 1 0 0 0 0 0 0 0 0 0 0 0 0 0 1 0 0 0 0 0 0 0 0 0 0 0 0 0 0 0 0 0 0 0 0 0 0 0 0 0 0 0 0 0 0 0 0 0 0 0 0 0 1 0 0 0 0 0 0 0 0 0 0 0 0 0 0 0 0 0 0 0 0 0 0 0 0 0 0 0 0 0 0 0 0 0 0 1 0 0 0 0 0 0 0 0 0 0 0 0 0 0 0 0 0 0 0 0 0 0 0 0 0 0 0 0 0 1 ]> 13.000000 13.000000 + 0.000000 #17906
update in RO 14.000000

CHECKER is 1 SUM:14
TIME:204.000000
P TIGHTEN: 0.205000 <P:14.000000, D:135.000000, INC:(126)[0 0 0 0 0 0 1 0 0 0 1 0 0 1 0 0 0 0 0 0 0 1 0 1 0 1 0 1 0 1 0 0 0 0 0 0 0 0 0 1 0 0 0 0 0 0 0 0 0 0 0 0 0 0 1 0 0 0 0 1 0 0 0 0 0 0 0 0 0 0 0 0 0 0 0 0 0 0 0 0 0 0 1 0 0 0 0 0 0 0 0 0 0 0 0 0 0 0 1 0 0 0 0 0 0 0 0 0 0 0 0 0 0 0 0 0 0 0 0 0 0 0 0 0 0 1 ]> 14.000000 14.000000 + 0.000000 #13745
update in RO 15.000000

CHECKER is 1 SUM:15
TIME:209.000000
P TIGHTEN: 0.209000 <P:15.000000, D:135.000000, INC:(245)[0 0 0 0 0 0 1 0 0 0 0 1 0 0 0 0 1 0 0 0 0 1 0 0 0 1 0 1 0 0 1 0 0 1 0 0 1 0 0 1 0 0 0 0 0 0 0 0 0 0 0 0 0 0 0 0 0 0 0 0 0 0 0 0 0 0 0 0 0 0 0 0 0 1 0 0 0 0 0 0 0 0 0 1 0 0 0 0 0 0 0 0 0 0 0 0 0 0 0 0 0 0 0 0 0 0 0 0 0 0 0 0 1 0 0 0 0 0 0 0 0 0 0 0 0 0 0 0 0 0 0 0 0 0 0 0 0 0 0 0 0 0 0 0 0 0 0 0 0 0 0 0 0 0 0 0 0 0 0 0 0 0 0 0 0 0 0 0 0 0 0 0 0 0 0 0 0 0 0 0 0 0 0 0 0 0 0 0 0 0 0 0 0 0 0 0 0 0 0 0 0 0 0 0 0 0 0 0 0 0 0 0 0 0 0 0 0 0 0 0 0 0 0 1 0 0 0 0 0 0 0 0 0 0 0 0 0 0 0 0 0 0 0 0 1 ]> 15.000000 15.000000 + 0.000000 #27970
update in RO 16.000000

CHECKER is 1 SUM:16
TIME:1372.000000
P TIGHTEN: 1.372000 <P:16.000000, D:135.000000, INC:(238)[0 0 0 0 1 0 1 1 0 0 0 0 0 0 0 0 0 0 0 1 0 0 0 0 0 0 0 0 1 0 0 0 0 1 0 0 0 0 0 0 0 0 0 0 0 1 0 0 0 1 1 0 0 0 0 0 0 0 0 0 0 0 0 0 0 0 0 1 0 0 0 0 0 0 0 0 0 0 0 0 0 1 0 0 0 0 0 0 0 0 0 0 0 0 0 0 0 0 0 0 0 0 0 0 0 0 1 0 0 0 0 0 0 0 0 0 0 0 0 0 0 0 0 0 0 0 0 0 0 0 0 0 0 0 0 0 0 0 0 0 1 0 0 0 0 0 0 0 0 0 0 0 0 0 0 0 0 0 0 0 0 0 0 0 0 0 0 0 0 0 0 0 0 0 0 0 0 0 0 0 0 0 0 0 0 0 0 0 0 0 0 0 0 0 0 0 0 0 0 0 0 0 0 0 0 0 0 0 0 0 0 0 1 0 0 0 0 0 1 0 0 0 0 0 0 0 0 0 0 0 0 0 0 0 0 0 0 1 ]> 16.000000 16.000000 + 0.000000 #23760
B&B(   95)	 133.000000	 16.000000	      -	 time:5.0450s
update in RO 17.0000

CHECKER is 1 SUM:17
TIME:7403.000000
P TIGHTEN: 7.404000 <P:17.000000, D:131.000000, INC:(355)[0 0 0 0 0 0 0 0 0 0 0 0 1 1 0 0 0 0 0 1 0 0 0 0 1 1 0 1 0 0 1 0 0 0 0 0 1 0 0 0 0 0 0 0 0 0 0 0 0 0 0 0 0 1 0 0 0 0 0 0 0 0 0 0 0 0 0 0 0 0 0 0 0 0 0 0 0 0 0 0 0 0 0 0 0 0 0 0 0 0 0 0 0 0 0 0 0 0 0 0 0 1 0 0 0 0 0 0 0 0 0 0 0 0 0 0 0 0 0 0 0 0 0 0 0 0 0 0 0 0 0 0 0 0 0 0 0 0 0 0 0 0 0 0 0 0 0 0 0 0 0 0 0 0 0 0 0 0 0 0 0 0 0 0 0 0 0 0 0 0 0 0 0 0 0 0 0 0 0 0 0 0 0 0 0 0 0 0 0 0 1 0 0 0 0 0 0 0 0 0 0 0 0 0 0 0 0 0 0 0 0 0 0 0 0 0 0 0 1 0 0 0 0 0 0 0 0 0 0 0 0 0 0 0 0 0 0 1 0 0 0 0 0 0 0 0 0 0 0 1 0 0 0 0 0 0 0 0 0 0 0 0 0 0 0 0 0 0 0 0 0 0 0 0 0 0 0 0 0 0 0 0 0 0 0 0 0 0 0 0 0 0 0 0 0 0 0 0 0 0 0 0 0 0 0 0 0 0 0 0 1 0 0 0 0 0 0 0 0 0 0 0 0 0 0 0 0 0 0 0 0 0 0 0 0 0 0 0 0 0 0 0 0 0 0 0 0 0 0 1 0 0 0 0 1 ]> 17.000000 17.000000 + 0.000000 #31410
B&B(  192)	 130.000000	 17.000000	      -	 time:10.0760s
B&B(  292)	 125.000000	 17.000000	      -	 time:15.0810s
B&B(  391)	 124.000000	 17.000000	      -	 time:20.0830s
B&B(  491)	 122.000000	 17.000000	      -	 time:25.1070s
B&B(  596)	 119.000000	 17.000000	      -	 time:30.1360s
B&B(  702)	 116.000000	 17.000000	      -	 time:35.1680s
B&B(  811)	 113.000000	 17.000000	      -	 time:40.1710s
B&B(  920)	 111.000000	 17.000000	      -	 time:45.2100s
B&B( 1041)	 109.000000	 17.000000	      -	 time:50.2320s
B&B( 1159)	 108.000000	 17.000000	      -	 time:55.2600s
B&B( 1273)	 106.000000	 17.000000	      -	 time:60.2950s
B&B( 1390)	 105.000000	 17.000000	      -	 time:65.3130s
B&B( 1505)	 105.000000	 17.000000	      -	 time:70.3380s
B&B( 1617)	 105.000000	 17.000000	      -	 time:75.3750s
B&B( 1722)	 104.000000	 17.000000	      -	 time:80.3930s
B&B( 1839)	 103.000000	 17.000000	      -	 time:85.4400s
B&B( 1955)	 103.000000	 17.000000	      -	 time:90.4620s
B&B( 2065)	 102.000000	 17.000000	      -	 time:95.4820s
B&B( 2183)	 102.000000	 17.000000	      -	 time:100.4980s
B&B( 2294)	 102.000000	 17.000000	      -	 time:105.5310s
B&B( 2416)	 101.000000	 17.000000	      -	 time:110.5390s
B&B( 2542)	 101.000000	 17.000000	      -	 time:115.5640s
B&B( 2663)	 101.000000	 17.000000	      -	 time:120.5820s
B&B( 2776)	 100.000000	 17.000000	      -	 time:125.6350s
B&B( 2881)	 100.000000	 17.000000	      -	 time:130.6380s
B&B( 2999)	 99.000000	 17.000000	      -	 time:135.6440s
B&B( 3110)	 99.000000	 17.000000	      -	 time:140.6670s
B&B( 3236)	 98.000000	 17.000000	      -	 time:145.7070s
B&B( 3345)	 98.000000	 17.000000	      -	 time:150.7350s
B&B( 3454)	 98.000000	 17.000000	      -	 time:155.7710s
B&B( 3571)	 98.000000	 17.000000	      -	 time:160.7820s
B&B( 3688)	 98.000000	 17.000000	      -	 time:165.8310s
B&B( 3799)	 98.000000	 17.000000	      -	 time:170.8370s
B&B( 3920)	 97.000000	 17.000000	      -	 time:175.8780s
B&B( 4030)	 97.000000	 17.000000	      -	 time:180.8890s
B&B( 4158)	 97.000000	 17.000000	      -	 time:185.9050s
B&B( 4277)	 97.000000	 17.000000	      -	 time:190.9300s
B&B( 4391)	 97.000000	 17.000000	      -	 time:195.9690s
B&B( 4504)	 97.000000	 17.000000	      -	 time:200.9740s
B&B( 4632)	 97.000000	 17.000000	      -	 time:206.0100s
B&B( 4741)	 97.000000	 17.000000	      -	 time:211.0130s
B&B( 4847)	 96.000000	 17.000000	      -	 time:216.0540s
B&B( 4969)	 96.000000	 17.000000	      -	 time:221.0740s
B&B( 5082)	 96.000000	 17.000000	      -	 time:226.0770s
B&B( 5200)	 96.000000	 17.000000	      -	 time:231.0810s
B&B( 5325)	 96.000000	 17.000000	      -	 time:236.1040s
B&B( 5444)	 96.000000	 17.000000	      -	 time:241.1310s
B&B( 5560)	 96.000000	 17.000000	      -	 time:246.1610s
B&B( 5705)	 95.000000	 17.000000	      -	 time:251.1760s
B&B( 5841)	 95.000000	 17.000000	      -	 time:256.1820s
B&B( 5984)	 95.000000	 17.000000	      -	 time:261.2200s
B&B( 6111)	 95.000000	 17.000000	      -	 time:266.2320s
B&B( 6230)	 95.000000	 17.000000	      -	 time:271.2660s
B&B( 6352)	 94.000000	 17.000000	      -	 time:276.2770s
B&B( 6477)	 94.000000	 17.000000	      -	 time:281.3080s
B&B( 6636)	 94.000000	 17.000000	      -	 time:286.3260s
B&B( 6764)	 94.000000	 17.000000	      -	 time:291.3600s
B&B( 6877)	 94.000000	 17.000000	      -	 time:296.3870s
B&B( 7011)	 93.000000	 17.000000	      -	 time:301.4260s
B&B( 7134)	 93.000000	 17.000000	      -	 time:306.4300s
B&B( 7263)	 93.000000	 17.000000	      -	 time:311.4670s
B&B( 7371)	 93.000000	 17.000000	      -	 time:316.5170s
B&B( 7509)	 93.000000	 17.000000	      -	 time:321.5560s
B&B( 7680)	 93.000000	 17.000000	      -	 time:326.5730s
B&B( 7801)	 93.000000	 17.000000	      -	 time:331.6050s
B&B( 7963)	 93.000000	 17.000000	      -	 time:336.6100s
B&B( 8101)	 92.000000	 17.000000	      -	 time:341.6450s
B&B( 8251)	 92.000000	 17.000000	      -	 time:346.6520s
B&B( 8394)	 92.000000	 17.000000	      -	 time:351.6910s
B&B( 8508)	 92.000000	 17.000000	      -	 time:356.7030s
B&B( 8643)	 92.000000	 17.000000	      -	 time:361.7350s
B&B( 8765)	 92.000000	 17.000000	      -	 time:366.7560s
B&B( 8910)	 92.000000	 17.000000	      -	 time:371.7680s
B&B( 9061)	 92.000000	 17.000000	      -	 time:376.8060s
B&B( 9167)	 92.000000	 17.000000	      -	 time:381.8280s
B&B( 9308)	 92.000000	 17.000000	      -	 time:386.8380s
B&B( 9461)	 92.000000	 17.000000	      -	 time:391.8710s
B&B( 9574)	 91.000000	 17.000000	      -	 time:396.8820s
B&B( 9745)	 91.000000	 17.000000	      -	 time:401.8950s
B&B( 9866)	 91.000000	 17.000000	      -	 time:406.8980s
B&B( 9998)	 91.000000	 17.000000	      -	 time:411.9330s
B&B(10124)	 91.000000	 17.000000	      -	 time:416.9630s
B&B(10235)	 91.000000	 17.000000	      -	 time:421.9980s
B&B(10371)	 91.000000	 17.000000	      -	 time:427.0090s
B&B(10528)	 91.000000	 17.000000	      -	 time:432.0250s
update in RO 18.0000

CHECKER is 1 SUM:18
TIME:436570.000000
P TIGHTEN: 436.571000 <P:18.000000, D:91.000000, INC:(348)[0 0 0 0 0 0 1 0 0 0 0 0 0 0 0 0 0 0 0 0 0 0 0 0 0 0 0 0 0 0 0 0 0 0 0 0 0 0 0 0 0 0 0 0 0 0 0 0 0 0 0 0 0 0 0 0 0 0 0 0 0 0 1 0 0 0 0 1 0 0 0 0 0 0 0 0 0 0 0 0 0 0 1 0 0 0 0 0 1 0 0 1 0 0 0 0 0 0 0 1 0 0 0 0 0 0 0 0 0 0 0 0 0 0 0 1 0 0 0 0 0 0 0 0 0 0 0 0 1 1 0 0 0 0 0 0 0 0 0 0 0 0 0 0 0 0 0 0 0 0 0 0 0 0 0 0 0 0 0 0 0 0 0 0 0 0 0 0 0 0 0 1 0 0 0 0 0 0 0 0 0 1 0 0 0 0 0 0 0 0 0 0 0 0 0 0 0 0 0 0 0 0 1 0 0 0 0 0 0 0 0 0 0 0 0 0 0 1 0 0 0 0 0 0 0 0 0 0 0 0 0 0 0 0 0 0 0 0 0 0 0 0 0 0 0 0 0 0 0 0 0 0 0 0 0 0 0 0 0 0 0 0 0 0 0 0 0 0 0 0 0 0 0 0 0 0 0 0 0 0 0 0 0 0 0 0 1 0 0 0 0 1 0 0 0 0 0 0 0 0 0 0 0 0 0 0 0 0 0 0 0 0 0 0 0 0 0 0 0 0 0 0 0 0 0 0 0 0 0 0 0 0 0 1 0 0 0 0 0 0 0 0 0 0 0 0 0 1 ]> 18.000000 18.000000 + 0.000000 #18686
B&B(10657)	 91.000000	 18.000000	      -	 time:437.0560s
B&B(10787)	 91.000000	 18.000000	      -	 time:442.0710s
B&B(10916)	 91.000000	 18.000000	      -	 time:447.1010s
B&B(11103)	 91.000000	 18.000000	      -	 time:452.1490s
B&B(11265)	 90.000000	 18.000000	      -	 time:457.1520s
B&B(11434)	 90.000000	 18.000000	      -	 time:462.1850s
B&B(11578)	 90.000000	 18.000000	      -	 time:467.1940s
B&B(11724)	 90.000000	 18.000000	      -	 time:472.2350s
B&B(11860)	 90.000000	 18.000000	      -	 time:477.2400s
B&B(12018)	 90.000000	 18.000000	      -	 time:482.2670s
B&B(12207)	 90.000000	 18.000000	      -	 time:487.2760s
B&B(12342)	 89.000000	 18.000000	      -	 time:492.3160s
B&B(12496)	 89.000000	 18.000000	      -	 time:497.3410s
B&B(12610)	 89.000000	 18.000000	      -	 time:502.3630s
B&B(12788)	 89.000000	 18.000000	      -	 time:507.4100s
B&B(12899)	 89.000000	 18.000000	      -	 time:512.4560s
B&B(13033)	 89.000000	 18.000000	      -	 time:517.4800s
B&B(13202)	 89.000000	 18.000000	      -	 time:522.4850s
B&B(13333)	 89.000000	 18.000000	      -	 time:527.5190s
B&B(13499)	 89.000000	 18.000000	      -	 time:532.5620s
B&B(13634)	 89.000000	 18.000000	      -	 time:537.5880s
B&B(13762)	 89.000000	 18.000000	      -	 time:542.5960s
B&B(13943)	 89.000000	 18.000000	      -	 time:547.6140s
B&B(14078)	 89.000000	 18.000000	      -	 time:552.6560s
B&B(14233)	 88.000000	 18.000000	      -	 time:557.6920s
B&B(14365)	 88.000000	 18.000000	      -	 time:562.7040s
B&B(14499)	 88.000000	 18.000000	      -	 time:567.7100s
B&B(14640)	 88.000000	 18.000000	      -	 time:572.7450s
B&B(14758)	 88.000000	 18.000000	      -	 time:577.7720s
B&B(14897)	 88.000000	 18.000000	      -	 time:582.8000s
B&B(15105)	 88.000000	 18.000000	      -	 time:587.8270s
B&B(15250)	 88.000000	 18.000000	      -	 time:592.8350s
B&B(15386)	 88.000000	 18.000000	      -	 time:597.8740s
B&B(15551)	 88.000000	 18.000000	      -	 time:602.9180s
B&B(15687)	 88.000000	 18.000000	      -	 time:607.9340s
B&B(15835)	 88.000000	 18.000000	      -	 time:612.9560s
B&B(15967)	 88.000000	 18.000000	      -	 time:617.9980s
B&B(16097)	 88.000000	 18.000000	      -	 time:623.0320s
B&B(16237)	 88.000000	 18.000000	      -	 time:628.0490s
B&B(16393)	 87.000000	 18.000000	      -	 time:633.0520s
B&B(16575)	 87.000000	 18.000000	      -	 time:638.0620s
B&B(16699)	 87.000000	 18.000000	      -	 time:643.0670s
B&B(16859)	 87.000000	 18.000000	      -	 time:648.0830s
B&B(17001)	 87.000000	 18.000000	      -	 time:653.0890s
B&B(17165)	 87.000000	 18.000000	      -	 time:658.1230s
B&B(17318)	 87.000000	 18.000000	      -	 time:663.1280s
B&B(17472)	 87.000000	 18.000000	      -	 time:668.1300s
B&B(17642)	 87.000000	 18.000000	      -	 time:673.1490s
B&B(17787)	 87.000000	 18.000000	      -	 time:678.1510s
B&B(17945)	 87.000000	 18.000000	      -	 time:683.1880s
B&B(18071)	 87.000000	 18.000000	      -	 time:6Command exited with non-zero status 124
	Command being timed: "/usr/bin/timeout 915 /home/fabio/CODD-NEWDom/cmake-build-release-ilyin/misp5 /home/fabio/CODD-NEWDom/data/misp/san400_0.7_3.clq 128"
	User time (seconds): 912.95
	System time (seconds): 2.28
	Percent of CPU this job got: 99%
	Elapsed (wall clock) time (h:mm:ss or m:ss): 15:15.34
	Average shared text size (kbytes): 0
	Average unshared data size (kbytes): 0
	Average stack size (kbytes): 0
	Average total size (kbytes): 0
	Maximum resident set size (kbytes): 4405248
	Average resident set size (kbytes): 0
	Major (requiring I/O) page faults: 0
	Minor (reclaiming a frame) page faults: 1102849
	Voluntary context switches: 4
	Involuntary context switches: 3908
	Swaps: 0
	File system inputs: 0
	File system outputs: 48
	Socket messages sent: 0
	Socket messages received: 0
	Signals delivered: 0
	Page size (bytes): 4096
	Exit status: 124

