COMMAND: /usr/bin/time -v /usr/bin/timeout 915 /home/fabio/CODD-NEWDom/cmake-build-release-ilyin/misp5 /home/fabio/CODD-NEWDom/data/misp/keller5.clq 256
TOP=776
B&B searching...
dual@root:776
B&B Nodes          Dual	 Primal	 Gap(%)
----------------------------------------------
update in RO 19.000000

CHECKER is 1 SUM:19
TIME:563.000000
P TIGHTEN: 0.564000 <P:19.000000, D:776.000000, INC:(435)[0 0 0 0 0 0 1 1 0 0 0 0 0 0 0 0 0 0 0 0 0 0 0 0 0 0 0 1 0 0 0 0 1 0 0 0 0 0 0 0 0 0 0 0 0 0 0 1 1 0 0 0 0 0 0 0 0 0 0 0 0 0 0 0 0 0 0 0 0 0 0 0 0 0 0 1 0 0 0 0 0 0 1 0 0 0 0 0 0 0 0 0 0 0 0 0 0 0 0 0 0 0 0 0 0 0 0 0 1 0 1 0 0 0 0 0 0 0 0 0 0 0 0 0 0 0 0 0 0 0 0 0 0 0 0 0 0 0 0 0 0 0 0 0 0 0 0 0 0 0 0 0 0 0 0 0 0 0 0 0 0 0 0 0 0 0 0 0 0 0 0 0 0 0 0 0 0 0 0 0 0 0 0 0 0 0 0 0 0 0 0 0 0 0 0 0 0 0 0 0 0 0 0 0 1 0 0 0 0 0 0 0 0 0 0 0 0 0 0 0 0 0 0 0 0 0 0 0 0 0 0 0 0 0 0 0 0 0 0 0 0 0 0 0 0 0 0 0 0 0 0 0 1 0 0 0 0 0 0 0 0 0 0 0 0 0 0 0 0 0 0 0 0 0 0 0 0 0 0 0 0 0 0 0 0 0 0 0 0 0 0 0 0 0 0 0 0 0 0 0 0 0 0 0 0 0 0 1 0 0 0 0 0 0 0 0 0 0 0 0 0 0 0 1 0 0 0 0 0 0 0 0 0 0 0 0 0 0 0 0 0 0 0 0 0 0 1 0 0 0 0 0 1 0 0 0 0 0 0 0 0 0 0 0 0 0 0 0 0 0 0 0 0 0 0 0 0 0 0 1 0 0 0 0 0 0 0 0 1 0 0 0 0 0 0 0 0 0 0 0 0 0 0 0 0 0 0 0 0 0 0 0 0 0 0 0 0 0 0 0 0 0 0 0 0 0 0 0 0 0 0 0 0 0 1 ]> 19.000000 19.000000 + 0.000000 #107182
update in RO 20.000000

CHECKER is 1 SUM:20
TIME:578.000000
P TIGHTEN: 0.579000 <P:20.000000, D:776.000000, INC:(479)[0 0 0 0 1 0 0 0 0 0 0 0 0 0 1 0 0 0 0 0 0 1 0 0 0 0 0 0 0 1 0 0 0 0 0 1 0 0 0 0 0 0 0 0 0 0 0 0 0 1 0 0 0 0 0 0 0 0 0 0 0 0 0 0 0 0 0 0 0 0 0 0 0 0 1 0 0 0 0 0 0 0 0 0 0 1 0 0 0 0 0 0 0 0 0 0 0 0 0 0 0 0 0 0 0 0 0 0 0 1 0 1 0 0 0 0 0 0 0 0 0 0 0 0 0 0 0 0 0 0 0 0 0 0 0 0 0 0 0 0 0 0 0 0 0 0 0 0 0 0 0 0 0 0 0 0 0 0 0 0 0 0 0 0 0 0 0 0 0 0 0 0 0 0 0 0 0 0 0 0 1 0 0 0 0 0 0 0 0 0 0 0 0 0 0 0 0 0 0 0 0 0 0 0 0 0 0 0 0 0 0 0 0 0 0 0 0 0 0 0 0 0 0 0 0 0 0 0 0 0 0 0 0 0 0 0 0 0 0 0 0 0 0 0 0 0 0 0 0 0 0 0 0 0 0 0 0 0 1 0 0 0 0 0 0 0 0 0 0 0 0 0 0 0 0 0 0 0 0 0 0 0 0 0 0 0 0 0 0 0 0 0 1 0 0 0 0 0 0 0 0 0 0 0 0 0 0 0 0 0 0 0 0 0 0 0 0 0 0 0 0 0 0 0 1 0 0 0 0 0 0 0 0 0 0 0 0 0 0 0 0 0 0 0 0 0 1 0 0 0 0 0 0 0 0 0 0 0 0 0 0 0 0 0 1 0 0 0 0 0 0 1 0 0 0 0 0 0 0 0 0 0 0 0 0 0 0 0 0 0 0 0 0 0 0 0 0 0 0 0 1 0 1 0 0 0 0 0 0 0 0 0 0 0 0 0 0 0 0 0 0 0 0 0 0 0 0 0 0 0 0 0 0 0 0 0 0 0 0 0 0 0 0 0 0 0 0 0 0 0 0 0 0 0 0 0 0 0 0 0 0 0 0 0 0 0 0 0 0 0 0 0 0 0 0 0 1 0 0 ]> 20.000000 20.000000 + 0.000000 #118359
update in RO 21.000000

CHECKER is 1 SUM:21
TIME:579.000000
P TIGHTEN: 0.579000 <P:21.000000, D:776.000000, INC:(479)[0 0 0 0 1 0 0 0 0 0 0 0 0 0 1 0 0 0 0 0 0 1 0 0 0 0 0 0 0 1 0 0 0 0 0 1 0 0 0 0 0 0 0 0 0 0 0 0 0 1 0 0 0 0 0 0 0 0 0 0 0 0 0 0 0 0 0 0 0 0 0 0 0 0 1 0 0 0 0 0 0 0 0 0 0 1 0 0 0 0 0 0 0 0 0 0 0 0 0 0 0 0 0 0 0 0 0 0 0 1 0 1 0 0 0 0 0 0 0 0 0 0 0 0 0 0 0 0 0 0 0 0 0 0 0 0 0 0 0 0 0 0 0 0 0 0 0 0 0 0 0 0 0 0 0 0 0 0 0 0 0 0 0 0 0 0 0 0 0 0 0 0 0 0 0 0 0 0 0 0 1 0 0 0 0 0 0 0 0 0 0 0 0 0 0 0 0 0 0 0 0 0 0 0 0 0 0 0 0 0 0 0 0 0 0 0 0 0 0 0 0 0 0 0 0 0 0 0 0 0 0 0 0 0 0 0 0 0 0 0 0 0 0 0 0 0 0 0 0 0 0 0 0 0 0 0 0 0 1 0 0 0 0 0 0 0 0 0 0 0 0 0 0 0 0 0 0 0 0 0 0 0 0 0 0 0 0 0 0 0 0 0 1 0 0 0 0 0 0 0 0 0 0 0 0 0 0 0 0 0 0 0 0 0 0 0 0 0 0 0 0 0 0 0 1 0 0 0 0 0 0 0 0 0 0 0 0 0 0 0 0 0 0 0 0 0 1 0 0 0 0 0 0 0 0 0 0 0 0 0 0 0 0 0 1 0 0 0 0 0 0 1 0 0 0 0 0 0 0 0 0 0 0 0 0 0 0 0 0 0 0 0 0 0 0 0 0 0 0 0 1 0 1 0 0 0 0 0 0 0 0 0 0 0 0 0 0 0 0 0 0 0 0 0 0 0 0 0 0 0 0 0 0 0 0 0 0 0 0 0 0 0 0 0 0 0 0 0 0 0 0 0 0 0 0 0 0 0 0 0 0 0 0 0 0 0 0 0 0 0 0 0 0 0 0 0 1 0 1 ]> 21.000000 21.000000 + 0.000000 #118359
update in RO 22.000000

CHECKER is 1 SUM:22
TIME:580.000000
P TIGHTEN: 0.580000 <P:22.000000, D:776.000000, INC:(483)[0 0 0 0 1 0 0 0 0 0 0 0 0 0 1 0 0 0 0 0 0 1 0 0 0 0 0 0 0 1 0 0 0 0 0 1 0 0 0 0 0 0 0 0 0 0 0 0 0 1 0 0 0 0 0 0 0 0 0 0 0 0 0 0 0 0 0 0 0 0 0 0 0 0 1 0 0 0 0 0 0 0 0 1 0 0 0 0 0 0 0 0 0 0 0 0 0 0 0 0 0 0 0 0 0 0 0 0 0 1 0 1 0 0 0 0 0 0 0 0 0 0 0 0 0 0 0 0 0 0 0 0 0 1 0 0 0 0 0 0 0 0 0 0 0 0 0 0 0 0 0 0 0 0 0 0 0 0 0 0 0 0 0 0 0 0 0 0 0 0 0 0 0 0 0 0 0 0 0 0 1 0 0 0 0 0 0 0 0 0 0 0 0 0 0 0 0 0 0 0 0 0 0 0 0 0 0 0 0 0 0 0 0 0 0 0 0 0 0 0 0 0 0 0 0 0 0 0 0 0 0 0 0 0 0 0 0 0 0 0 0 0 0 0 0 0 0 0 0 0 0 0 0 0 0 0 0 0 0 0 0 0 0 0 0 0 0 0 0 0 0 0 0 0 0 0 1 0 0 0 0 0 0 0 0 0 0 0 0 0 0 0 0 0 0 0 0 0 0 0 0 0 0 0 0 0 0 0 0 0 0 0 0 0 0 0 0 0 0 0 0 0 0 0 1 0 0 0 0 0 0 0 0 0 0 0 0 0 0 0 0 0 0 0 0 0 1 0 0 0 0 0 0 0 0 0 0 0 0 0 0 0 0 0 1 0 0 0 0 0 0 1 0 0 0 0 0 0 0 0 0 0 0 0 0 0 0 0 0 0 0 0 0 0 0 0 0 0 0 0 1 0 1 0 0 0 0 0 0 0 0 0 0 0 0 0 0 0 0 0 0 0 0 0 0 0 0 0 0 0 0 0 0 0 0 0 0 0 0 0 0 0 0 0 0 0 0 0 0 0 0 0 0 0 0 0 0 0 0 0 0 0 0 0 0 0 0 0 0 0 0 0 1 0 0 0 0 0 0 0 1 0 1 ]> 22.000000 22.000000 + 0.000000 #119295
update in RO 23.000000

CHECKER is 1 SUM:23
TIME:588.000000
P TIGHTEN: 0.589000 <P:23.000000, D:776.000000, INC:(512)[0 0 0 0 0 1 0 0 0 0 1 0 0 0 0 0 0 0 0 0 0 0 0 0 0 0 0 0 0 1 0 0 0 1 0 0 0 0 0 0 0 0 0 0 1 0 0 0 1 0 0 0 0 0 0 0 0 0 0 0 0 0 0 0 0 0 0 0 0 0 0 1 0 0 0 0 0 0 0 0 0 0 0 0 0 1 0 0 0 0 0 0 0 0 0 0 0 0 0 0 0 0 0 0 1 0 0 0 0 0 0 0 0 1 0 0 0 0 0 0 0 0 0 0 0 0 0 1 0 0 0 0 0 0 0 0 0 0 0 0 0 0 0 0 0 0 0 0 0 0 0 0 0 0 0 0 0 0 0 0 0 0 0 0 0 0 0 0 0 0 0 0 0 0 0 0 0 0 0 0 0 0 0 0 0 0 0 0 0 0 0 0 0 0 0 0 0 0 0 0 0 0 1 0 0 0 0 0 0 0 0 0 0 0 0 0 0 0 0 0 0 0 0 0 0 0 0 0 0 0 0 0 0 0 0 0 0 0 0 0 0 0 0 0 0 0 0 0 0 0 0 0 1 0 0 0 0 0 0 0 0 0 0 0 0 0 0 0 0 0 0 0 0 0 0 0 0 0 0 0 0 0 0 0 0 0 0 0 0 0 0 0 0 0 0 0 0 0 0 0 0 0 0 0 0 0 0 0 0 0 0 0 0 0 0 0 0 0 0 0 0 0 0 1 0 0 0 0 0 0 0 0 0 0 0 0 0 0 0 0 0 0 0 0 0 0 0 0 0 1 0 0 0 0 0 0 0 0 1 0 0 0 0 0 0 0 0 1 0 0 0 0 0 0 0 0 0 0 0 0 0 0 0 0 0 1 0 0 0 0 0 1 0 0 0 0 0 0 0 0 0 0 0 0 0 0 0 0 0 0 0 0 0 0 0 0 0 0 0 0 0 0 0 0 0 0 0 0 0 0 0 0 0 0 0 0 0 0 0 0 0 0 0 0 0 0 0 0 0 0 0 0 0 0 0 0 0 0 0 0 0 0 0 0 0 0 0 0 0 0 0 0 0 0 0 0 0 0 1 0 0 0 0 0 0 1 0 0 0 0 0 0 0 0 0 0 0 0 0 0 0 0 0 1 0 0 0 0 0 0 0 1 ]> 23.000000 23.000000 + 0.000000 #125426
update in RO 24.000000

CHECKER is 1 SUM:24
TIME:591.000000
P TIGHTEN: 0.592000 <P:24.000000, D:776.000000, INC:(572)[0 0 0 0 0 0 0 1 0 0 0 1 0 0 0 0 0 0 0 0 0 0 0 0 0 0 0 1 0 0 0 0 1 0 0 0 0 0 0 0 0 0 1 0 0 0 0 0 1 0 0 0 0 0 0 0 0 0 0 0 0 0 0 0 0 0 0 0 0 0 0 0 0 0 1 0 0 0 0 0 0 0 0 0 0 1 0 0 0 0 0 0 0 0 0 0 0 0 0 0 0 0 0 0 0 0 0 0 0 0 1 0 0 0 0 0 1 0 0 0 0 0 0 0 1 0 0 0 0 0 0 0 0 0 0 0 0 0 0 0 0 0 0 0 0 0 0 0 0 0 0 0 0 0 0 0 0 0 0 0 0 0 0 0 0 0 0 0 0 0 0 0 0 0 0 0 0 0 0 0 0 0 0 0 0 0 0 0 0 0 0 0 0 0 0 0 0 0 0 0 0 0 0 0 1 0 0 0 0 0 0 0 0 0 0 0 0 0 0 0 0 0 0 0 0 0 0 0 0 0 0 0 0 0 0 0 0 0 0 0 0 0 0 0 0 0 0 0 0 0 0 0 0 0 0 0 0 0 1 0 0 0 0 0 0 0 0 0 0 0 0 0 0 0 0 0 0 0 0 0 0 0 0 0 0 0 0 0 0 0 0 0 0 0 0 0 0 0 0 0 0 0 0 0 0 0 0 0 0 0 0 0 0 0 0 0 0 0 0 0 0 0 0 1 0 0 0 0 0 0 0 0 0 0 0 0 0 0 0 0 0 0 0 0 0 0 1 0 0 0 0 0 1 0 0 0 0 0 0 0 0 0 0 0 0 0 0 0 0 0 1 0 0 0 0 0 0 0 0 0 0 0 0 0 0 0 0 0 1 0 0 0 0 0 0 0 0 0 0 0 0 0 0 0 0 0 0 0 0 0 0 0 0 0 0 0 0 0 0 0 0 0 0 0 0 0 0 0 0 0 0 0 0 0 0 0 0 0 0 0 0 0 1 0 0 0 0 0 0 0 0 0 0 0 0 0 0 0 0 0 0 0 0 0 0 0 0 0 0 0 0 0 0 0 0 0 1 0 1 0 0 0 0 0 0 0 0 0 0 0 0 0 0 0 0 0 0 0 0 0 1 0 0 0 0 0 0 0 0 0 0 0 0 0 1 0 0 0 0 0 0 0 0 0 0 0 0 0 0 0 0 0 0 0 0 0 0 0 0 0 0 0 0 0 0 0 0 0 0 0 0 0 0 0 0 0 0 0 0 0 0 0 0 0 0 0 0 0 0 0 0 1 ]> 24.000000 24.000000 + 0.000000 #126632
update in RO 25.000000

CHECKER is 1 SUM:25
TIME:2274.000000
P TIGHTEN: 2.275000 <P:25.000000, D:91.000000, INC:(592)[0 0 0 0 0 0 0 0 0 0 0 0 0 0 0 1 0 0 0 0 0 0 0 0 0 0 1 0 1 0 0 0 0 0 0 0 1 0 0 0 0 0 0 0 0 0 0 0 0 0 0 0 0 0 0 0 0 0 0 0 0 1 0 0 0 0 0 0 0 0 0 1 0 0 0 0 0 0 0 0 1 0 0 0 0 0 0 0 0 0 0 0 0 0 0 0 0 0 0 0 0 0 0 0 0 0 0 1 0 0 0 0 0 1 0 0 0 0 0 0 0 1 0 0 0 0 0 0 0 0 0 0 0 0 0 0 0 0 0 0 0 0 0 0 0 0 0 0 0 0 0 0 0 0 0 0 0 0 0 0 0 0 0 0 0 0 0 0 0 0 0 0 0 0 0 0 0 1 0 1 0 0 0 0 0 0 0 0 0 0 0 0 0 0 0 0 0 0 0 0 0 0 0 0 0 0 0 0 0 0 0 0 0 0 0 0 0 0 0 0 0 0 0 0 0 0 0 0 0 0 0 0 0 0 0 0 0 0 0 0 0 0 0 0 0 0 0 0 0 0 0 0 0 0 0 0 0 0 0 0 0 0 0 0 1 0 0 0 0 0 0 0 0 0 0 0 0 0 0 0 0 0 0 0 0 0 0 0 0 0 0 0 0 0 0 0 0 0 0 0 0 0 0 0 0 0 0 0 0 0 0 1 0 0 0 0 0 0 0 0 0 0 0 0 0 0 0 0 0 0 0 0 0 0 0 0 0 0 0 0 0 0 0 0 0 0 0 0 0 0 0 0 0 0 0 0 0 0 0 0 0 1 0 0 0 0 0 0 0 0 0 0 0 0 0 0 0 0 0 0 0 0 0 0 0 0 0 0 0 0 0 1 0 0 0 0 0 0 0 0 0 0 0 0 0 0 0 0 0 0 0 0 0 0 0 0 0 0 0 0 0 0 0 0 0 0 0 0 0 0 0 0 0 1 0 0 0 0 0 0 0 0 0 0 0 0 0 0 0 0 0 0 0 0 0 0 0 0 0 0 0 0 1 0 0 0 0 0 0 1 0 0 0 0 0 0 0 0 0 0 0 0 0 0 0 0 0 0 0 0 1 0 0 0 0 0 0 0 0 1 0 0 0 0 0 0 0 0 0 0 0 0 0 0 0 0 0 0 0 0 0 0 0 0 0 0 0 0 0 0 0 0 0 0 0 1 0 0 0 0 0 0 0 0 0 0 0 0 0 0 0 0 0 0 0 0 0 0 0 0 0 0 0 0 0 0 0 0 0 0 0 0 0 0 0 0 0 1 0 0 0 0 0 0 0 1 0 0 0 0 0 1 ]> 25.000000 25.000000 + 0.000000 #120478
B&B(   15)	 91.000000	 25.000000	      -	 time:5.0930s
B&B(   32)	 91.000000	 25.000000	      -	 time:10.2800s
update in RO 26.0000

CHECKER is 1 SUM:26
TIME:14925.000000
P TIGHTEN: 14.926000 <P:26.000000, D:91.000000, INC:(577)[0 0 0 0 0 0 0 0 0 0 0 0 0 0 1 0 0 0 0 0 0 0 0 0 0 0 0 0 0 0 0 0 1 0 0 0 0 0 0 0 0 0 0 0 0 1 0 0 0 1 0 0 0 0 0 0 0 0 0 0 0 0 0 0 0 0 0 1 0 0 0 1 0 0 0 0 0 0 0 0 0 0 0 0 0 0 0 0 0 1 0 0 0 0 0 0 0 0 0 0 0 0 0 0 0 0 0 0 0 0 0 0 0 0 0 0 0 0 0 0 0 0 0 0 0 1 0 0 0 0 0 0 0 0 0 0 0 1 0 0 0 0 0 0 0 0 1 0 0 0 0 0 0 0 0 0 0 0 0 0 0 1 0 0 0 0 0 0 0 0 0 1 0 0 0 0 0 0 0 0 0 0 0 0 0 0 0 0 0 0 0 0 0 0 0 0 0 0 0 0 0 0 0 0 0 0 0 0 0 0 0 0 0 0 0 0 0 1 0 0 0 0 0 0 0 0 0 0 0 0 0 0 0 0 0 0 0 0 0 0 0 0 0 0 0 0 0 0 0 0 0 0 0 0 0 0 0 0 0 0 0 0 0 0 0 0 0 0 0 0 0 0 0 0 0 0 0 0 0 0 0 0 0 0 0 0 0 0 0 0 0 0 0 0 0 0 0 0 0 0 0 0 0 0 0 0 0 0 1 0 0 0 0 0 0 0 0 0 0 0 0 0 0 0 0 0 0 0 1 0 0 0 0 0 0 0 0 0 0 0 0 0 0 0 0 0 0 0 0 0 0 0 0 0 0 1 0 0 0 0 0 0 0 0 0 0 0 0 0 0 0 0 0 0 0 0 0 0 0 0 0 0 0 0 0 0 0 0 0 0 0 1 0 0 0 0 0 0 0 0 0 0 0 0 0 1 0 0 0 0 0 0 0 0 0 0 0 0 0 0 0 0 0 0 0 1 0 0 0 0 0 0 0 0 0 0 0 0 0 0 0 0 0 0 0 0 0 1 0 0 0 0 0 0 0 0 0 0 0 0 0 1 0 0 0 0 0 0 0 0 0 0 0 0 0 0 0 0 0 1 0 0 0 0 0 0 0 0 0 0 0 0 0 0 0 0 0 0 0 0 0 0 0 1 0 0 0 0 0 0 0 0 0 0 0 0 0 0 0 0 0 0 0 0 0 0 0 0 0 0 0 0 0 0 1 0 0 0 0 0 0 1 0 0 0 0 0 0 0 0 0 0 0 0 0 0 0 0 0 0 0 0 0 0 0 1 0 0 0 0 0 0 0 0 0 0 0 ]> 26.000000 26.000000 + 0.000000 #119394
update in RO 27.000000

CHECKER is 1 SUM:27
TIME:14925.000000
P TIGHTEN: 14.926000 <P:27.000000, D:91.000000, INC:(577)[0 0 0 0 0 0 0 0 0 0 0 0 0 0 1 0 0 0 0 0 0 0 0 0 0 0 0 0 0 0 0 0 1 0 0 0 0 0 0 0 0 0 0 0 0 1 0 0 0 1 0 0 0 0 0 0 0 0 0 0 0 0 0 0 0 0 0 1 0 0 0 1 0 0 0 0 0 0 0 0 0 0 0 0 0 0 0 0 0 1 0 0 0 0 0 0 0 0 0 0 0 0 0 0 0 0 0 0 0 0 0 0 0 0 0 0 0 0 0 0 0 0 0 0 0 1 0 0 0 0 0 0 0 0 0 0 0 1 0 0 0 0 0 0 0 0 1 0 0 0 0 0 0 0 0 0 0 0 0 0 0 1 0 0 0 0 0 0 0 0 0 1 0 0 0 0 0 0 0 0 0 0 0 0 0 0 0 0 0 0 0 0 0 0 0 0 0 0 0 0 0 0 0 0 0 0 0 0 0 0 0 0 0 0 0 0 0 1 0 0 0 0 0 0 0 0 0 0 0 0 0 0 0 0 0 0 0 0 0 0 0 0 0 0 0 0 0 0 0 0 0 0 0 0 0 0 0 0 0 0 0 0 0 0 0 0 0 0 0 0 0 0 0 0 0 0 0 0 0 0 0 0 0 0 0 0 0 0 0 0 0 0 0 0 0 0 0 0 0 0 0 0 0 0 0 0 0 0 1 0 0 0 0 0 0 0 0 0 0 0 0 0 0 0 0 0 0 0 1 0 0 0 0 0 0 0 0 0 0 0 0 0 0 0 0 0 0 0 0 0 0 0 0 0 0 1 0 0 0 0 0 0 0 0 0 0 0 0 0 0 0 0 0 0 0 0 0 0 0 0 0 0 0 0 0 0 0 0 0 0 0 1 0 0 0 0 0 0 0 0 0 0 0 0 0 1 0 0 0 0 0 0 0 0 0 0 0 0 0 0 0 0 0 0 0 1 0 0 0 0 0 0 0 0 0 0 0 0 0 0 0 0 0 0 0 0 0 1 0 0 0 0 0 0 0 0 0 0 0 0 0 1 0 0 0 0 0 0 0 0 0 0 0 0 0 0 0 0 0 1 0 0 0 0 0 0 0 0 0 0 0 0 0 0 0 0 0 0 0 0 0 0 0 1 0 0 0 0 0 0 0 0 0 0 0 0 0 0 0 0 0 0 0 0 0 0 0 0 0 0 0 0 0 0 1 0 0 0 0 0 0 1 0 0 0 0 0 0 0 0 0 0 0 0 0 0 0 0 0 0 0 0 0 0 0 1 0 0 0 0 0 0 0 0 0 0 1 ]> 27.000000 27.000000 + 0.000000 #119394
B&B(   49)	 91.000000	 27.000000	      -	 time:15.5970s
B&B(   66)	 91.000000	 27.000000	      -	 time:20.8150s
B&B(   83)	 91.000000	 27.000000	      -	 time:25.9870s
B&B(  100)	 91.000000	 27.000000	      -	 time:31.2220s
B&B(  117)	 91.000000	 27.000000	      -	 time:36.2420s
B&B(  134)	 91.000000	 27.000000	      -	 time:41.3220s
B&B(  151)	 91.000000	 27.000000	      -	 time:46.3250s
B&B(  169)	 91.000000	 27.000000	      -	 time:51.6010s
B&B(  187)	 91.000000	 27.000000	      -	 time:56.7940s
B&B(  205)	 91.000000	 27.000000	      -	 time:62.0140s
B&B(  222)	 91.000000	 27.000000	      -	 time:67.0410s
B&B(  240)	 91.000000	 27.000000	      -	 time:72.2930s
B&B(  258)	 91.000000	 27.000000	      -	 time:77.3950s
B&B(  277)	 91.000000	 27.000000	      -	 time:82.4970s
B&B(  295)	 91.000000	 27.000000	      -	 time:87.5180s
B&B(  313)	 91.000000	 27.000000	      -	 time:92.7240s
B&B(  332)	 91.000000	 27.000000	      -	 time:97.9790s
B&B(  351)	 91.000000	 27.000000	      -	 time:103.2330s
B&B(  372)	 91.000000	 27.000000	      -	 time:108.2430s
B&B(  390)	 90.000000	 27.000000	      -	 time:113.4910s
B&B(  408)	 90.000000	 27.000000	      -	 time:118.6760s
B&B(  426)	 90.000000	 27.000000	      -	 time:123.8640s
B&B(  444)	 90.000000	 27.000000	      -	 time:128.9760s
B&B(  464)	 90.000000	 27.000000	      -	 time:134.0470s
B&B(  484)	 90.000000	 27.000000	      -	 time:139.1250s
B&B(  506)	 89.000000	 27.000000	      -	 time:144.3030s
B&B(  531)	 89.000000	 27.000000	      -	 time:149.4120s
B&B(  555)	 89.000000	 27.000000	      -	 time:154.6350s
B&B(  579)	 89.000000	 27.000000	      -	 time:159.7270s
B&B(  596)	 89.000000	 27.000000	      -	 time:164.7670s
B&B(  613)	 89.000000	 27.000000	      -	 time:169.8450s
B&B(  631)	 89.000000	 27.000000	      -	 time:174.9980s
B&B(  650)	 89.000000	 27.000000	      -	 time:180.1900s
B&B(  668)	 89.000000	 27.000000	      -	 time:185.2680s
B&B(  686)	 89.000000	 27.000000	      -	 time:190.4100s
B&B(  704)	 89.000000	 27.000000	      -	 time:195.5290s
B&B(  723)	 89.000000	 27.000000	      -	 time:200.7300s
B&B(  742)	 89.000000	 27.000000	      -	 time:205.8320s
B&B(  761)	 89.000000	 27.000000	      -	 time:210.9770s
B&B(  781)	 89.000000	 27.000000	      -	 time:216.2380s
B&B(  800)	 89.000000	 27.000000	      -	 time:221.3690s
B&B(  819)	 89.000000	 27.000000	      -	 time:226.4880s
B&B(  841)	 89.000000	 27.000000	      -	 time:231.5680s
B&B(  865)	 89.000000	 27.000000	      -	 time:236.6460s
B&B(  889)	 89.000000	 27.000000	      -	 time:241.8340s
B&B(  913)	 89.000000	 27.000000	      -	 time:247.0080s
B&B(  938)	 89.000000	 27.000000	      -	 time:252.1420s
B&B(  958)	 89.000000	 27.000000	      -	 time:257.1880s
B&B(  991)	 88.000000	 27.000000	      -	 time:262.4530s
B&B( 1009)	 88.000000	 27.000000	      -	 time:267.5870s
B&B( 1026)	 88.000000	 27.000000	      -	 time:272.5910s
B&B( 1045)	 88.000000	 27.000000	      -	 time:277.7620s
B&B( 1067)	 88.000000	 27.000000	      -	 time:282.8350s
B&B( 1089)	 88.000000	 27.000000	      -	 time:287.9450s
B&B( 1110)	 85.000000	 27.000000	      -	 time:293.2470s
B&B( 1128)	 85.000000	 27.000000	      -	 time:298.5330s
B&B( 1146)	 85.000000	 27.000000	      -	 time:303.6650s
B&B( 1164)	 85.000000	 27.000000	      -	 time:308.8270s
B&B( 1182)	 85.000000	 27.000000	      -	 time:313.9710s
B&B( 1200)	 85.000000	 27.000000	      -	 time:319.1640s
B&B( 1218)	 85.000000	 27.000000	      -	 time:324.3360s
B&B( 1236)	 85.000000	 27.000000	      -	 time:329.3500s
B&B( 1255)	 85.000000	 27.000000	      -	 time:334.4710s
B&B( 1274)	 85.000000	 27.000000	      -	 time:339.5470s
B&B( 1293)	 85.000000	 27.000000	      -	 time:344.6270s
B&B( 1312)	 85.000000	 27.000000	      -	 time:349.6820s
B&B( 1331)	 85.000000	 27.000000	      -	 time:354.7610s
B&B( 1350)	 85.000000	 27.000000	      -	 time:359.8090s
B&B( 1369)	 85.000000	 27.000000	      -	 time:364.8440s
B&B( 1388)	 85.000000	 27.000000	      -	 time:369.8640s
B&B( 1408)	 85.000000	 27.000000	      -	 time:375.0190s
B&B( 1428)	 85.000000	 27.000000	      -	 time:380.2300s
B&B( 1448)	 85.000000	 27.000000	      -	 time:385.4630s
B&B( 1467)	 85.000000	 27.000000	      -	 time:390.5340s
B&B( 1486)	 85.000000	 27.000000	      -	 time:395.7020s
B&B( 1505)	 85.000000	 27.000000	      -	 time:400.9630s
B&B( 1525)	 85.000000	 27.000000	      -	 time:406.0920s
B&B( 1545)	 85.000000	 27.000000	      -	 time:411.1580s
B&B( 1565)	 85.000000	 27.000000	      -	 time:416.1890s
B&B( 1586)	 85.000000	 27.000000	      -	 time:421.2510s
B&B( 1607)	 85.000000	 27.000000	      -	 time:426.3540s
B&B( 1632)	 85.000000	 27.000000	      -	 time:431.3890s
B&B( 1656)	 84.000000	 27.000000	      -	 time:436.4240s
B&B( 1673)	 84.000000	 27.000000	      -	 time:441.4580s
B&B( 1692)	 83.000000	 27.000000	      -	 time:446.6080s
B&B( 1712)	 83.000000	 27.000000	      -	 time:451.8690s
B&B( 1732)	 83.000000	 27.000000	      -	 time:457.1160s
B&B( 1751)	 83.000000	 27.000000	      -	 time:462.1650s
B&B( 1770)	 83.000000	 27.000000	      -	 time:467.2260s
B&B( 1790)	 83.000000	 27.000000	      -	 time:472.4190s
B&B( 1812)	 83.000000	 27.000000	      -	 time:477.5640s
B&B( 1834)	 83.000000	 27.000000	      -	 time:482.7830s
B&B( 1855)	 83.000000	 27.000000	      -	 time:487.8850s
B&B( 1876)	 83.000000	 27.000000	      -	 time:493.0580s
B&B( 1897)	 83.000000	 27.000000	      -	 time:498.2940s
B&B( 1917)	 83.000000	 27.000000	      -	 time:503.4500s
B&B( 1939)	 83.000000	 27.000000	      -	 time:508.4890s
B&B( 1962)	 83.000000	 27.000000	      -	 time:513.6140s
B&B( 1985)	 83.000000	 27.000000	      -	 time:518.6650s
B&B( 2008)	 83.000000	 27.000000	      -	 time:523.8470s
B&B( 2030)	 83.000000	 27.000000	      -	 time:528.8630s
B&B( 2053)	 83.000000	 27.000000	      -	 time:534.0040s
B&B( 2078)	 83.000000	 27.000000	      -	 time:539.1420s
B&B( 2105)	 83.000000	 27.000000	      -	 time:544.3290s
B&B( 2130)	 83.000000	 27.000000	      -	 time:549.3340s
B&B( 2156)	 83.000000	 27.000000	      -	 time:554.3970s
B&B( 2181)	 82.000000	 27.000000	      -	 time:559.4880s
B&B( 2200)	 82.000000	 27.000000	      -	 time:564.7470s
B&B( 2220)	 82.000000	 27.000000	      -	 time:569.8320s
B&B( 2242)	 82.000000	 27.000000	      -	 time:574.9670s
B&B( 2268)	 80.000000	 27.000000	      -	 time:579.9830s
B&B( 2287)	 80.000000	 27.000000	      -	 time:585.1060s
B&B( 2308)	 80.000000	 27.000000	      -	 time:590.2360s
B&B( 2329)	 80.000000	 27.000000	      -	 time:595.3990s
B&B( 2350)	 80.000000	 27.000000	      -	 time:600.4810s
B&B( 2371)	 80.000000	 27.000000	      -	 time:605.6470s
B&B( 2392)	 80.000000	 27.000000	      -	 time:610.7880s
B&B( 2412)	 80.000000	 27.000000	      -	 time:615.8040s
B&B( 2434)	 80.000000	 27.000000	      -	 time:620.8460s
B&B( 2457)	 80.000000	 27.000000	      -	 time:625.9550s
B&B( 2479)	 80.000000	 27.000000	      -	 time:631.0000s
B&B( 2503)	 80.000000	 27.000000	      -	 time:636.1320s
B&B( 2527)	 80.000000	 27.000000	      -	 time:641.2930s
B&B( 2550)	 80.000000	 27.000000	      -	 time:646.2940s
B&B( 2573)	 80.000000	 27.000000	      -	 time:651.3010s
B&B( 2599)	 80.000000	 27.000000	      -	 time:656.5000s
B&B( 2625)	 80.000000	 27.000000	      -	 time:661.6440s
B&B( 2651)	 80.000000	 27.000000	      -	 time:666.8200s
B&B( 2676)	 80.000000	 27.000000	      -	 time:671.8360s
B&B( 2701)	 80.000000	 27.000000	      -	 time:676.8560s
B&B( 2727)	 80.000000	 27.000000	      -	 time:682.0240s
B&B( 2753)	 80.000000	 27.000000	      -	 time:687.0740s
B&B( 2780)	 80.000000	 27.000000	      -	 time:692.1500s
B&B( 2806)	 80.000000	 27.000000	      -	 time:697.1570s
B&B( 2832)	 80.000000	 27.000000	      -	 time:702.1620s
B&B( 2860)	 80.000000	 27.000000	      -	 time:707.2350s
B&B( 2883)	 79.000000	 27.000000	      -	 time:712.3650s
B&B( 2903)	 78.000000	 27.000000	      -	 time:717.4720s
B&B( 2921)	 78.000000	 27.000000	      -	 time:722.5590s
B&B( 2939)	 78.000000	 27.000000	      -	 time:727.6310s
B&B( 2958)	 78.000000	 27.000000	      -	 time:732.7580s
B&B( 2978)	 78.000000	 27.000000	      -	 time:737.9710s
B&B( 2998)	 78.000000	 27.000000	      -	 time:743.1730s
B&B( 3018)	 78.000000	 27.000000	      -	 time:748.3030s
B&B( 3038)	 78.000000	 27.000000	      -	 time:753.3930s
B&B( 3058)	 78.000000	 27.000000	      -	 time:758.4630s
B&B( 3080)	 78.000000	 27.000000	      -	 time:763.6780s
B&B( 3102)	 78.000000	 27.000000	      -	 time:768.7530s
B&B( 3125)	 78.000000	 27.000000	      -	 time:773.9570s
B&B( 3149)	 78.000000	 27.000000	      -	 time:779.1430s
B&B( 3173)	 78.000000	 27.000000	      -	 time:784.2060s
B&B( 3197)	 78.000000	 27.000000	      -	 time:789.3280s
B&B( 3226)	 78.000000	 27.000000	      -	 time:794.4390s
B&B( 3256)	 78.000000	 27.000000	      -	 time:799.4920s
B&B( 3287)	 78.000000	 27.000000	      -	 time:804.6590s
B&B( 3318)	 78.000000	 27.000000	      -	 time:809.7190s
B&B( 3357)	 78.000000	 27.000000	      -	 time:814.8320s
B&B( 3399)	 78.000000	 27.000000	      -	 time:819.9120s
B&B( 3421)	 78.000000	 27.000000	      -	 time:824.9660s
B&B( 3438)	 78.000000	 27.000000	      -	 time:829.9920s
B&B( 3455)	 78.000000	 27.000000	      -	 time:835.0070s
B&B( 3473)	 78.000000	 27.000000	      -	 time:840.1310s
B&B( 3492)	 78.000000	 27.000000	      -	 time:845.1370s
B&B( 3512)	 78.000000	 27.000000	      -	 time:850.3710s
B&B( 3531)	 78.000000	 27.000000	      -	 time:855.4220s
B&B( 3551)	 78.000000	 27.Command exited with non-zero status 124
	Command being timed: "/usr/bin/timeout 915 /home/fabio/CODD-NEWDom/cmake-build-release-ilyin/misp5 /home/fabio/CODD-NEWDom/data/misp/keller5.clq 256"
	User time (seconds): 912.80
	System time (seconds): 2.45
	Percent of CPU this job got: 99%
	Elapsed (wall clock) time (h:mm:ss or m:ss): 15:15.37
	Average shared text size (kbytes): 0
	Average unshared data size (kbytes): 0
	Average stack size (kbytes): 0
	Average total size (kbytes): 0
	Maximum resident set size (kbytes): 4841248
	Average resident set size (kbytes): 0
	Major (requiring I/O) page faults: 0
	Minor (reclaiming a frame) page faults: 1345053
	Voluntary context switches: 4
	Involuntary context switches: 4365
	Swaps: 0
	File system inputs: 0
	File system outputs: 64
	Socket messages sent: 0
	Socket messages received: 0
	Signals delivered: 0
	Page size (bytes): 4096
	Exit status: 124

