COMMAND: /usr/bin/time -v /usr/bin/timeout 915 /home/fabio/CODD-NEWDom/cmake-build-release-ilyin/misp5 /home/fabio/CODD-NEWDom/data/misp/sanr400_0.5.clq 64
TOP=400
B&B searching...
dual@root:400
B&B Nodes          Dual	 Primal	 Gap(%)
----------------------------------------------
update in RO 6.000000

CHECKER is 1 SUM:6
TIME:37.000000
P TIGHTEN: 0.038000 <P:6.000000, D:400.000000, INC:(61)[1 1 0 0 0 0 0 1 0 0 0 0 0 0 0 0 0 0 0 1 0 0 0 0 0 1 0 0 0 0 0 0 0 0 0 0 0 0 0 0 1 0 0 0 0 0 0 0 0 0 0 0 0 0 0 0 0 0 0 0 0 ]> 6.000000 6.000000 + 0.000000 #3462
update in RO 7.000000

CHECKER is 1 SUM:7
TIME:37.000000
P TIGHTEN: 0.038000 <P:7.000000, D:400.000000, INC:(61)[1 1 0 0 0 0 0 1 0 0 0 0 0 0 0 0 0 0 0 1 0 0 0 0 0 1 0 0 0 0 0 0 0 0 0 0 0 0 0 0 1 0 0 0 0 0 0 0 0 0 0 0 0 0 0 0 0 0 0 0 1 ]> 7.000000 7.000000 + 0.000000 #3462
update in RO 8.000000

CHECKER is 1 SUM:8
TIME:37.000000
P TIGHTEN: 0.038000 <P:8.000000, D:400.000000, INC:(75)[0 1 0 0 0 1 0 1 0 0 0 0 0 0 0 0 0 0 1 0 0 0 0 0 0 1 0 0 0 0 0 0 0 0 0 0 0 0 0 0 1 0 0 1 0 0 0 0 0 0 0 0 0 0 0 0 0 0 0 0 0 0 0 0 0 0 0 0 0 0 0 0 0 0 1 ]> 8.000000 8.000000 + 0.000000 #4340
update in RO 9.000000

CHECKER is 1 SUM:9
TIME:38.000000
P TIGHTEN: 0.039000 <P:9.000000, D:400.000000, INC:(109)[0 0 0 1 0 0 1 0 1 0 0 1 0 0 0 0 0 0 0 0 0 0 0 0 0 0 0 0 0 0 0 1 0 0 0 0 0 0 0 0 0 0 0 0 0 1 0 1 0 0 0 0 0 0 0 0 0 0 0 0 0 0 0 0 0 0 0 1 0 0 0 0 0 0 0 0 0 0 0 0 0 0 0 0 0 0 0 0 0 0 0 0 0 0 0 0 0 0 0 0 0 0 0 0 0 0 0 0 1 ]> 9.000000 9.000000 + 0.000000 #6505
update in RO 10.000000

CHECKER is 1 SUM:10
TIME:43.000000
P TIGHTEN: 0.043000 <P:10.000000, D:400.000000, INC:(300)[1 1 0 0 0 0 0 0 0 0 1 0 0 1 0 0 0 0 0 0 0 0 0 1 0 0 0 0 0 0 0 0 1 0 0 0 0 0 0 0 0 0 0 0 0 0 0 1 0 0 0 0 0 0 0 0 0 0 0 0 0 0 0 0 0 0 0 0 0 0 0 0 0 0 0 0 0 0 0 0 0 0 0 0 0 0 0 0 0 0 0 0 0 0 0 0 0 0 0 0 0 0 0 0 0 0 0 0 0 0 0 0 0 0 0 0 0 0 1 0 0 0 0 0 0 0 0 0 0 0 0 0 0 0 0 0 0 0 0 0 0 0 0 0 0 0 0 0 0 0 0 0 0 0 0 0 0 0 0 0 0 0 0 0 0 0 0 0 0 0 0 0 0 0 0 0 0 0 0 0 0 0 0 0 0 0 0 0 0 0 0 0 0 0 0 0 0 0 0 0 0 0 0 0 0 0 0 0 0 0 0 0 0 0 0 0 0 0 0 0 0 0 0 0 0 0 1 0 0 0 0 0 0 0 0 0 0 0 0 0 0 0 0 0 0 0 0 0 0 0 0 0 0 0 0 0 0 0 0 0 0 0 0 0 0 0 0 0 0 0 0 0 0 0 0 0 0 0 0 0 0 0 0 0 0 0 0 0 0 0 0 0 0 0 0 0 0 0 0 1 ]> 10.000000 10.000000 + 0.000000 #12932
update in RO 11.000000

CHECKER is 1 SUM:11
TIME:81.000000
P TIGHTEN: 0.081000 <P:11.000000, D:85.000000, INC:(295)[0 0 0 1 0 0 0 0 0 0 0 1 0 0 0 0 0 0 0 1 0 0 0 0 0 0 0 1 0 0 0 1 0 0 0 0 0 0 0 0 0 0 0 0 0 0 0 1 0 0 0 0 0 0 0 0 0 0 0 0 0 0 0 0 0 0 0 1 0 0 0 0 0 0 0 0 0 0 0 0 1 0 0 0 0 0 0 0 0 0 0 0 0 0 0 0 0 0 0 0 0 0 0 0 0 0 0 0 1 0 0 0 0 0 0 0 0 0 0 0 0 0 0 0 0 0 0 0 0 0 0 0 0 0 0 0 0 0 1 0 0 0 0 0 0 0 0 0 0 0 0 0 0 0 0 0 0 0 0 0 0 0 0 0 0 0 0 0 0 0 0 0 0 0 0 0 0 0 0 0 0 0 0 0 0 0 0 0 0 0 0 0 0 0 0 0 0 0 0 0 0 0 0 0 0 0 0 0 0 0 0 0 0 0 0 0 0 0 0 0 0 0 0 0 0 0 0 0 0 0 0 0 0 0 0 0 0 0 0 0 0 0 0 0 0 0 0 0 0 0 0 0 0 0 0 0 0 0 0 0 0 0 0 0 0 0 0 0 0 0 0 0 0 0 0 0 0 0 0 0 0 0 0 0 0 0 0 0 0 0 0 0 0 0 1 ]> 11.000000 11.000000 + 0.000000 #12344
update in RO 12.000000

CHECKER is 1 SUM:12
TIME:688.000000
P TIGHTEN: 0.689000 <P:12.000000, D:83.000000, INC:(341)[0 0 0 0 0 0 0 0 0 0 0 0 0 0 0 0 0 0 0 1 0 0 0 0 0 1 0 0 0 0 0 0 1 0 1 0 0 0 0 0 0 0 0 0 0 0 0 0 0 0 0 0 0 0 0 0 0 1 0 0 1 0 0 0 0 1 0 0 0 0 0 0 0 0 0 0 0 0 0 0 0 0 0 0 0 0 0 0 0 0 0 0 0 0 0 0 0 0 0 1 0 0 0 0 0 0 0 0 0 0 0 0 0 0 0 0 0 0 0 0 0 0 0 0 0 0 0 0 0 0 0 0 0 0 0 0 0 0 0 0 0 0 0 0 0 0 0 0 0 0 0 0 0 0 0 0 0 0 0 0 0 0 0 0 0 0 0 0 0 0 0 0 0 0 0 0 0 0 0 0 0 0 0 0 0 0 0 0 0 0 0 0 0 0 0 0 0 0 0 0 0 0 0 0 0 0 0 0 0 0 0 0 0 0 0 0 0 0 0 1 0 0 0 0 0 0 0 0 0 0 0 0 0 0 0 0 0 0 0 0 0 0 0 0 0 0 0 0 0 0 0 0 0 0 0 0 0 0 0 0 0 0 0 0 0 0 0 0 0 0 0 0 0 0 0 0 0 1 0 0 0 0 0 0 0 0 0 0 0 0 0 0 0 0 0 0 0 0 0 0 0 0 0 0 0 1 0 0 0 0 0 0 0 0 0 0 0 0 0 0 0 0 0 0 0 0 0 0 0 0 0 0 0 0 0 0 0 0 0 0 1 ]> 12.000000 12.000000 + 0.000000 #12050
B&B(  341)	 65.000000	 12.000000	      -	 time:5.0130s
B&B( 1180)	 43.000000	 12.000000	      -	 time:10.0230s
B&B( 2104)	 40.000000	 12.000000	      -	 time:15.0260s
B&B( 3124)	 38.000000	 12.000000	      -	 time:20.0290s
B&B( 4175)	 37.000000	 12.000000	      -	 time:25.0330s
B&B( 5244)	 36.000000	 12.000000	      -	 time:30.0400s
B&B( 6336)	 35.000000	 12.000000	      -	 time:35.0500s
B&B( 7563)	 34.000000	 12.000000	      -	 time:40.0590s
B&B( 8805)	 33.000000	 12.000000	      -	 time:45.0610s
update in RO 13.0000

CHECKER is 1 SUM:13
TIME:46594.000000
P TIGHTEN: 46.595000 <P:13.000000, D:33.000000, INC:(343)[0 0 0 0 0 0 0 0 0 0 0 0 0 0 0 0 0 0 0 0 0 0 0 0 0 0 0 0 0 0 0 0 0 0 0 0 0 0 0 0 0 0 0 0 0 0 0 0 0 0 0 0 0 0 0 0 0 0 0 0 0 0 0 1 0 0 0 0 0 0 0 0 0 0 0 0 0 0 0 0 0 0 0 0 0 0 0 0 0 0 0 0 0 0 0 0 0 0 0 0 0 0 0 0 0 0 0 0 0 0 0 0 0 0 0 0 0 0 0 0 0 0 0 0 0 0 0 0 1 0 0 0 0 1 0 0 0 0 0 0 0 1 0 0 0 0 0 0 0 0 0 0 0 0 0 0 0 0 0 0 0 0 0 0 0 0 0 0 0 0 0 0 0 0 0 0 0 0 0 0 0 0 1 0 0 0 0 0 0 0 0 0 0 0 0 0 0 0 0 0 0 0 0 0 0 0 0 0 0 0 0 0 0 0 0 0 0 0 0 0 0 0 0 0 0 0 0 0 0 0 0 0 0 0 0 0 0 0 0 0 0 0 0 0 0 0 0 1 0 0 0 0 0 0 0 0 0 0 0 0 0 0 0 0 0 0 0 0 1 0 0 0 1 0 0 0 0 0 0 0 0 0 0 0 0 1 0 0 0 0 0 0 0 0 0 0 0 0 0 1 0 0 0 1 0 0 0 0 0 0 0 0 0 0 0 0 0 1 0 0 0 0 0 0 0 0 0 0 0 0 0 0 0 0 0 0 0 0 0 0 0 0 1 ]> 13.000000 13.000000 + 0.000000 #7768
B&B(10761)	 32.000000	 13.000000	      -	 time:50.0650s
B&B(13516)	 31.000000	 13.000000	      -	 time:55.0700s
B&B(17377)	 29.000000	 13.000000	      -	 time:60.0730s
B&B(22550)	 27.000000	 13.000000	      -	 time:65.0750s
B&B(29991)	 25.000000	 13.000000	 92.3077%	 time:70.0810s
B&B(38610)	 23.000000	 13.000000	 76.9231%	 time:75.0950s
B&B(48738)	 22.000000	 13.000000	 69.2308%	 time:80.0980s
B&B(59414)	 21.000000	 13.000000	 61.5385%	 time:85.1010s
B&B(70450)	 20.000000	 13.000000	 53.8462%	 time:90.1020s
B&B(82642)	 19.000000	 13.000000	 46.1538%	 time:95.1030s
B&B(96859)	 19.000000	 13.000000	 46.1538%	 time:100.1110s
B&B(114312)	 18.000000	 13.000000	 38.4615%	 time:105.1150s
B&B(135941)	 17.000000	 13.000000	 30.7692%	 time:110.1160s
B&B(163707)	 16.000000	 13.000000	 23.0769%	 time:115.1170s
B&B(199106)	 16.000000	 13.000000	 23.0769%	 time:120.1180s
B&B(243390)	 15.000000	 13.000000	 15.3846%	 time:125.1190s
B&B(293752)	 14.000000	 13.000000	 7.6923%	 time:130.1200s
B&B(347502)	 14.000000	 13.000000	 7.6923%	 time:135.1220s
Done(64):13.0000000000000000	 #nodes:347987/383997	 P/D:0/0	 Time:46.5940000000000012/135.1829999999999927s	 LIM?:0	 Seen:0
	Command being timed: "/usr/bin/timeout 915 /home/fabio/CODD-NEWDom/cmake-build-release-ilyin/misp5 /home/fabio/CODD-NEWDom/data/misp/sanr400_0.5.clq 64"
	User time (seconds): 134.92
	System time (seconds): 0.29
	Percent of CPU this job got: 99%
	Elapsed (wall clock) time (h:mm:ss or m:ss): 2:15.23
	Average shared text size (kbytes): 0
	Average unshared data size (kbytes): 0
	Average stack size (kbytes): 0
	Average total size (kbytes): 0
	Maximum resident set size (kbytes): 548352
	Average resident set size (kbytes): 0
	Major (requiring I/O) page faults: 0
	Minor (reclaiming a frame) page faults: 138049
	Voluntary context switches: 3
	Involuntary context switches: 533
	Swaps: 0
	File system inputs: 0
	File system outputs: 24
	Socket messages sent: 0
	Socket messages received: 0
	Signals delivered: 0
	Page size (bytes): 4096
	Exit status: 0

