COMMAND: /usr/bin/time -v /usr/bin/timeout 915 /home/fabio/CODD-NEWDom/cmake-build-release-ilyin/misp5 /home/fabio/CODD-NEWDom/data/misp/brock400_2.clq 128
TOP=400
B&B searching...
dual@root:400
B&B Nodes          Dual	 Primal	 Gap(%)
----------------------------------------------
update in RO 15.000000

CHECKER is 1 SUM:15
TIME:83.000000
P TIGHTEN: 0.083000 <P:15.000000, D:400.000000, INC:(158)[1 0 1 0 0 0 1 0 0 1 1 0 0 1 0 1 0 0 1 0 1 0 0 0 0 0 0 0 0 0 0 0 0 1 0 0 0 0 0 0 1 0 0 0 0 0 1 0 0 0 0 0 0 0 0 0 1 0 0 0 0 0 0 0 0 0 0 0 0 0 0 0 0 0 0 0 0 0 0 0 0 0 0 0 0 0 0 0 0 0 0 0 0 0 0 0 0 0 0 0 0 0 0 0 0 0 0 0 0 0 0 0 0 0 0 0 0 0 0 0 0 0 0 0 0 0 0 0 0 0 0 0 0 0 0 1 0 0 0 0 0 0 0 0 0 0 0 0 0 0 0 0 0 0 0 0 0 1 ]> 15.000000 15.000000 + 0.000000 #19112
update in RO 16.000000

CHECKER is 1 SUM:16
TIME:83.000000
P TIGHTEN: 0.084000 <P:16.000000, D:400.000000, INC:(166)[1 0 1 0 0 0 1 0 0 1 1 0 0 1 0 0 0 0 1 0 1 0 0 0 0 0 0 0 0 0 1 1 0 1 0 0 0 0 0 0 0 0 0 0 0 0 0 0 0 0 0 0 0 0 0 0 1 0 0 0 0 0 1 0 0 0 0 0 0 0 0 0 0 0 0 0 0 0 0 0 0 0 0 0 0 0 0 0 0 0 0 0 0 0 0 0 0 0 0 0 0 0 0 0 0 0 0 0 0 0 0 0 0 0 0 0 0 0 0 0 0 0 0 0 0 0 0 0 0 0 0 0 0 0 0 1 0 0 0 0 0 0 0 0 0 0 0 0 0 0 0 0 0 0 0 0 0 1 0 0 0 0 0 0 0 1 ]> 16.000000 16.000000 + 0.000000 #20077
update in RO 17.000000

CHECKER is 1 SUM:17
TIME:85.000000
P TIGHTEN: 0.086000 <P:17.000000, D:400.000000, INC:(187)[1 0 1 0 0 0 1 0 0 1 1 0 0 1 0 0 0 0 1 0 1 0 0 0 0 0 0 0 0 0 1 1 0 1 0 0 0 0 0 0 0 0 0 0 0 0 0 0 0 0 0 0 0 0 0 0 1 0 0 0 0 0 1 0 0 0 0 0 0 0 0 0 0 0 0 0 0 0 0 0 0 0 0 0 0 0 0 1 0 0 0 0 0 0 0 0 0 0 0 0 0 0 0 0 0 0 0 0 0 0 0 0 0 0 0 0 0 0 0 0 0 0 0 0 0 0 0 0 0 0 0 0 0 0 0 1 0 0 0 0 0 0 0 0 0 0 0 0 0 0 0 0 0 0 0 0 0 0 0 0 0 0 0 0 0 1 0 0 0 0 0 0 0 0 0 0 0 0 0 0 0 0 0 0 0 0 1 ]> 17.000000 17.000000 + 0.000000 #22621
update in RO 18.000000

CHECKER is 1 SUM:18
TIME:86.000000
P TIGHTEN: 0.086000 <P:18.000000, D:400.000000, INC:(193)[1 0 1 0 0 0 1 0 0 1 1 0 0 1 0 0 0 0 1 0 1 0 0 0 0 0 0 0 0 0 1 1 0 1 0 0 0 0 0 0 0 0 0 0 0 0 0 0 0 0 0 0 0 0 0 0 1 0 0 0 0 0 1 0 0 0 0 0 0 0 0 0 0 0 0 0 0 0 0 0 0 0 0 0 0 0 0 1 0 0 0 0 0 0 0 0 0 0 0 0 0 0 0 0 0 0 0 0 0 0 0 0 0 0 0 0 0 0 0 0 0 0 0 1 0 0 0 0 0 0 0 0 0 0 0 1 0 0 0 0 0 0 0 0 0 0 0 0 0 0 0 0 0 0 0 0 0 0 0 0 0 0 0 0 0 0 0 0 0 0 0 0 0 0 0 0 0 0 0 0 0 0 0 0 0 0 1 0 0 0 0 0 1 ]> 18.000000 18.000000 + 0.000000 #23172
update in RO 19.000000

CHECKER is 1 SUM:19
TIME:88.000000
P TIGHTEN: 0.089000 <P:19.000000, D:400.000000, INC:(295)[1 0 1 0 0 0 1 0 0 1 1 0 0 1 0 0 0 0 1 0 1 0 0 0 0 0 0 0 0 0 1 1 0 1 0 0 0 0 0 0 0 0 0 0 0 0 0 0 0 0 0 0 0 0 0 0 1 0 0 0 0 0 1 0 0 0 0 0 0 0 0 0 0 0 0 0 0 0 0 0 0 0 0 0 0 0 0 0 0 0 0 0 0 0 0 0 0 0 0 0 0 0 0 0 0 0 0 0 0 0 0 0 0 0 0 0 0 0 0 0 0 0 0 1 0 0 0 0 0 0 0 0 0 0 0 1 0 0 0 0 0 0 0 0 0 0 0 0 0 0 0 0 0 0 0 0 0 0 0 0 0 0 0 0 0 0 0 0 0 0 0 0 0 0 0 0 0 0 0 0 0 0 0 0 0 0 1 0 0 0 0 0 1 0 0 0 0 0 0 0 0 0 0 0 0 0 0 0 0 0 0 0 0 0 0 0 0 0 0 0 0 0 0 0 0 0 0 0 0 0 0 0 0 0 0 0 0 0 0 0 0 0 0 0 0 0 0 0 0 0 0 0 0 0 0 0 0 0 0 0 0 0 0 0 0 0 0 0 0 0 0 0 0 0 0 0 0 0 0 0 0 0 0 0 1 0 0 0 0 0 0 0 0 0 1 ]> 19.000000 19.000000 + 0.000000 #26076
update in RO 20.000000

CHECKER is 1 SUM:20
TIME:89.000000
P TIGHTEN: 0.089000 <P:20.000000, D:400.000000, INC:(380)[1 0 1 0 0 0 1 0 0 1 0 0 0 1 1 0 0 1 1 0 0 0 0 0 0 0 0 0 0 0 1 1 0 0 0 0 0 0 0 1 0 0 0 0 0 0 0 0 0 0 0 0 0 0 0 0 1 0 0 0 0 0 0 0 0 0 0 0 0 0 0 0 0 0 0 0 0 0 0 0 0 1 0 0 0 0 0 0 0 0 0 0 0 0 0 0 0 0 1 0 0 0 0 0 0 0 0 0 0 0 0 0 0 0 0 0 0 0 0 0 0 0 0 0 0 0 0 0 0 0 0 0 0 0 0 0 0 0 0 0 0 0 0 0 0 0 0 0 0 0 0 0 0 0 0 0 0 0 0 0 0 0 0 0 0 0 0 0 0 0 0 0 0 0 0 0 0 0 0 0 1 1 0 0 0 0 1 0 0 0 0 0 0 0 0 0 0 0 0 0 0 0 0 0 0 0 0 0 0 0 0 0 0 0 0 0 0 0 0 0 0 0 0 0 0 0 0 0 0 0 0 0 0 0 0 0 0 0 0 0 0 0 0 0 0 0 0 0 0 0 0 0 0 0 0 0 0 0 0 0 0 0 0 0 0 0 0 0 0 0 0 0 0 0 0 0 0 0 0 0 0 0 0 0 0 0 0 0 0 0 0 0 0 0 0 0 0 0 0 0 0 0 0 0 0 0 1 0 0 0 0 0 0 0 0 0 0 0 0 0 0 0 0 0 0 0 0 0 0 0 0 0 0 0 0 0 0 0 0 0 0 0 0 0 0 0 0 0 0 1 0 0 0 0 0 0 0 0 0 0 0 0 0 0 0 0 0 0 0 0 0 0 0 0 0 0 0 0 0 1 ]> 20.000000 20.000000 + 0.000000 #26636
update in RO 21.000000

CHECKER is 1 SUM:21
TIME:89.000000
P TIGHTEN: 0.089000 <P:21.000000, D:400.000000, INC:(382)[1 0 1 0 0 0 1 0 0 1 1 0 0 1 1 1 0 0 1 0 0 0 0 0 0 0 0 0 0 0 0 1 0 0 0 0 0 0 0 0 0 0 0 0 0 0 1 0 0 0 0 0 0 0 0 0 1 0 0 0 0 0 0 0 0 0 0 0 0 0 0 0 0 0 0 0 0 0 0 0 0 1 0 0 0 0 0 0 0 0 0 0 0 0 0 0 0 0 1 0 0 0 0 0 0 0 0 0 0 0 0 0 0 0 0 0 0 0 0 0 0 0 0 0 0 0 0 0 0 0 0 0 0 0 0 0 0 0 0 0 0 0 0 0 0 0 0 0 0 0 0 0 0 0 0 0 0 0 0 0 0 0 0 0 0 0 0 0 0 0 0 0 0 0 0 0 0 0 0 0 1 1 0 0 0 0 0 0 0 0 0 1 0 0 0 0 0 0 0 0 0 0 0 0 0 0 0 0 0 0 0 0 0 0 0 0 0 0 0 0 0 0 0 0 0 0 0 0 0 0 0 0 0 0 0 0 0 0 0 0 0 0 0 0 0 0 0 0 0 0 0 0 0 0 0 0 0 0 0 0 0 0 0 0 0 0 0 0 0 0 0 0 0 0 0 0 0 0 0 0 0 0 0 0 0 0 0 0 0 0 0 0 0 0 0 0 0 0 1 0 0 0 0 0 0 0 0 0 0 0 0 0 0 0 0 0 0 0 0 0 0 0 1 0 0 0 0 0 0 0 0 0 0 0 0 0 0 0 0 0 0 0 0 0 0 0 0 0 0 1 0 0 0 0 0 0 0 0 0 0 0 0 0 0 0 0 0 0 0 0 0 0 0 0 0 0 0 0 0 0 0 1 ]> 21.000000 21.000000 + 0.000000 #26637
update in RO 22.000000

CHECKER is 1 SUM:22
TIME:197.000000
P TIGHTEN: 0.198000 <P:22.000000, D:140.000000, INC:(364)[0 0 0 0 0 0 0 0 0 1 1 0 1 0 1 1 0 0 0 0 0 0 0 0 0 1 0 1 0 0 0 0 0 0 0 0 0 0 0 0 1 0 0 0 0 0 1 0 0 0 0 0 1 0 0 0 0 0 0 0 0 0 0 0 0 0 0 0 0 0 0 0 0 0 0 0 0 0 0 0 0 1 0 0 0 0 0 0 0 0 0 0 0 0 0 0 1 0 0 0 0 0 0 0 0 0 0 0 0 0 0 0 0 0 0 1 0 0 0 0 0 1 0 0 0 0 1 0 0 0 0 0 0 0 0 0 0 0 0 0 0 0 0 0 0 0 0 0 1 0 0 0 0 0 0 0 0 0 0 0 0 0 0 0 0 0 0 0 0 0 0 0 0 0 0 0 0 0 0 0 0 0 0 0 0 0 0 0 0 0 0 0 0 0 0 0 0 0 0 0 0 0 0 0 0 0 0 0 0 0 0 0 0 0 0 0 1 0 0 0 0 0 0 0 0 0 0 0 0 0 0 0 0 0 0 0 0 0 0 0 0 0 1 0 0 0 0 0 0 0 0 0 0 0 0 0 0 0 0 0 0 0 0 0 0 0 0 0 0 0 0 0 0 0 0 0 0 0 1 0 0 0 0 0 0 0 1 0 0 0 0 0 0 0 0 0 0 0 0 0 0 0 0 0 0 0 0 0 0 0 0 0 0 0 0 0 0 0 0 0 0 0 0 0 0 0 0 0 0 0 0 0 0 0 0 0 0 0 0 0 0 0 0 0 0 0 0 0 0 0 0 0 0 0 0 0 0 0 0 0 0 1 0 1 ]> 22.000000 22.000000 + 0.000000 #22323
B&B(  101)	 137.000000	 22.000000	      -	 time:5.0330s
B&B(  200)	 133.000000	 22.000000	      -	 time:10.0610s
B&B(  304)	 132.000000	 22.000000	      -	 time:15.0890s
B&B(  408)	 127.000000	 22.000000	      -	 time:20.1120s
B&B(  515)	 125.000000	 22.000000	      -	 time:25.1600s
B&B(  628)	 123.000000	 22.000000	      -	 time:30.1900s
B&B(  746)	 120.000000	 22.000000	      -	 time:35.1980s
B&B(  868)	 116.000000	 22.000000	      -	 time:40.2270s
B&B(  991)	 114.000000	 22.000000	      -	 time:45.2350s
B&B( 1118)	 110.000000	 22.000000	      -	 time:50.2710s
update in RO 23.0000

CHECKER is 1 SUM:23
TIME:53663.000000
P TIGHTEN: 53.663000 <P:23.000000, D:109.000000, INC:(375)[0 0 0 0 0 0 0 0 0 0 0 0 0 1 1 1 1 0 1 0 0 0 0 0 0 0 0 0 0 0 0 0 0 0 0 0 0 0 0 0 0 0 0 0 0 0 0 0 0 0 0 0 0 0 0 0 1 1 0 0 0 0 0 0 0 0 0 0 0 0 0 0 0 0 0 0 0 0 0 0 1 1 0 0 0 0 1 0 0 0 1 0 0 0 0 0 0 0 1 0 0 0 0 0 0 0 0 0 1 0 0 0 0 0 0 1 0 0 0 0 0 0 0 0 0 0 0 0 0 0 1 0 0 0 0 0 0 0 0 0 0 0 0 0 0 0 0 0 1 0 0 0 0 0 0 0 0 0 0 0 0 0 0 0 0 0 0 0 0 0 0 0 0 0 0 0 0 0 0 0 0 1 0 0 0 0 0 0 0 0 0 1 0 0 0 0 0 0 0 0 0 0 0 0 0 0 0 0 0 0 0 0 0 0 0 0 1 0 0 0 0 0 0 0 0 0 0 0 0 0 0 0 0 0 0 0 0 0 0 0 0 0 0 0 0 0 0 0 0 0 0 0 0 0 0 0 0 0 0 1 0 0 0 0 0 0 0 0 0 0 0 0 0 0 0 0 0 0 0 0 0 0 0 0 0 0 0 0 0 0 0 0 0 0 0 0 0 0 0 0 0 0 0 0 0 0 0 0 0 0 0 0 0 0 0 0 0 0 0 0 0 0 0 0 0 0 0 0 0 0 1 0 0 0 0 0 0 0 0 0 0 0 0 0 0 0 0 0 0 1 0 0 0 0 0 0 0 0 0 0 0 0 0 0 0 0 0 0 0 0 0 0 0 0 1 ]> 23.000000 23.000000 + 0.000000 #21077
B&B( 1241)	 108.000000	 23.000000	      -	 time:55.3080s
B&B( 1357)	 108.000000	 23.000000	      -	 time:60.3210s
B&B( 1474)	 107.000000	 23.000000	      -	 time:65.3410s
B&B( 1592)	 106.000000	 23.000000	      -	 time:70.3480s
B&B( 1724)	 106.000000	 23.000000	      -	 time:75.3640s
B&B( 1846)	 105.000000	 23.000000	      -	 time:80.4040s
B&B( 1961)	 104.000000	 23.000000	      -	 time:85.4100s
B&B( 2079)	 104.000000	 23.000000	      -	 time:90.4250s
B&B( 2200)	 104.000000	 23.000000	      -	 time:95.4580s
B&B( 2318)	 104.000000	 23.000000	      -	 time:100.4740s
B&B( 2449)	 103.000000	 23.000000	      -	 time:105.4890s
B&B( 2567)	 103.000000	 23.000000	      -	 time:110.5080s
B&B( 2689)	 103.000000	 23.000000	      -	 time:115.5370s
B&B( 2805)	 103.000000	 23.000000	      -	 time:120.5510s
B&B( 2921)	 103.000000	 23.000000	      -	 time:125.5530s
B&B( 3047)	 102.000000	 23.000000	      -	 time:130.5950s
B&B( 3170)	 103.000000	 23.000000	      -	 time:135.6360s
B&B( 3289)	 102.000000	 23.000000	      -	 time:140.6690s
B&B( 3409)	 102.000000	 23.000000	      -	 time:145.6830s
B&B( 3531)	 102.000000	 23.000000	      -	 time:150.7130s
B&B( 3652)	 101.000000	 23.000000	      -	 time:155.7430s
B&B( 3772)	 101.000000	 23.000000	      -	 time:160.7540s
B&B( 3894)	 101.000000	 23.000000	      -	 time:165.7920s
B&B( 4011)	 101.000000	 23.000000	      -	 time:170.7950s
B&B( 4135)	 100.000000	 23.000000	      -	 time:175.8020s
B&B( 4264)	 100.000000	 23.000000	      -	 time:180.8400s
B&B( 4391)	 100.000000	 23.000000	      -	 time:185.8700s
B&B( 4513)	 100.000000	 23.000000	      -	 time:190.8880s
B&B( 4634)	 100.000000	 23.000000	      -	 time:195.8920s
B&B( 4754)	 100.000000	 23.000000	      -	 time:200.9290s
B&B( 4872)	 100.000000	 23.000000	      -	 time:205.9620s
B&B( 4997)	 100.000000	 23.000000	      -	 time:210.9990s
B&B( 5135)	 100.000000	 23.000000	      -	 time:216.0280s
B&B( 5263)	 99.000000	 23.000000	      -	 time:221.0490s
B&B( 5386)	 99.000000	 23.000000	      -	 time:226.0590s
B&B( 5507)	 99.000000	 23.000000	      -	 time:231.0780s
B&B( 5631)	 99.000000	 23.000000	      -	 time:236.0800s
B&B( 5760)	 99.000000	 23.000000	      -	 time:241.0820s
B&B( 5890)	 98.000000	 23.000000	      -	 time:246.1200s
B&B( 6018)	 98.000000	 23.000000	      -	 time:251.1250s
B&B( 6141)	 98.000000	 23.000000	      -	 time:256.1290s
B&B( 6261)	 98.000000	 23.000000	      -	 time:261.1340s
B&B( 6384)	 98.000000	 23.000000	      -	 time:266.1620s
B&B( 6509)	 98.000000	 23.000000	      -	 time:271.1990s
B&B( 6640)	 98.000000	 23.000000	      -	 time:276.2030s
B&B( 6779)	 98.000000	 23.000000	      -	 time:281.2200s
B&B( 6912)	 98.000000	 23.000000	      -	 time:286.2630s
B&B( 7032)	 98.000000	 23.000000	      -	 time:291.2850s
B&B( 7159)	 98.000000	 23.000000	      -	 time:296.3070s
B&B( 7288)	 97.000000	 23.000000	      -	 time:301.3120s
B&B( 7411)	 97.000000	 23.000000	      -	 time:306.3380s
B&B( 7537)	 97.000000	 23.000000	      -	 time:311.3800s
B&B( 7658)	 97.000000	 23.000000	      -	 time:316.4170s
B&B( 7784)	 97.000000	 23.000000	      -	 time:321.4220s
B&B( 7908)	 97.000000	 23.000000	      -	 time:326.4440s
B&B( 8031)	 97.000000	 23.000000	      -	 time:331.4630s
B&B( 8155)	 97.000000	 23.000000	      -	 time:336.4800s
B&B( 8278)	 97.000000	 23.000000	      -	 time:341.5130s
B&B( 8404)	 97.000000	 23.000000	      -	 time:346.5430s
B&B( 8526)	 97.000000	 23.000000	      -	 time:351.5600s
B&B( 8642)	 97.000000	 23.000000	      -	 time:356.5640s
B&B( 8758)	 97.000000	 23.000000	      -	 time:361.5720s
B&B( 8874)	 97.000000	 23.000000	      -	 time:366.6040s
B&B( 8992)	 97.000000	 23.000000	      -	 time:371.6460s
B&B( 9106)	 97.000000	 23.000000	      -	 time:376.6650s
B&B( 9230)	 96.000000	 23.000000	      -	 time:381.7000s
B&B( 9352)	 97.000000	 23.000000	      -	 time:386.7310s
B&B( 9476)	 96.000000	 23.000000	      -	 time:391.7490s
B&B( 9599)	 96.000000	 23.000000	      -	 time:396.7790s
B&B( 9728)	 96.000000	 23.000000	      -	 time:401.7830s
B&B( 9854)	 96.000000	 23.000000	      -	 time:406.8020s
B&B( 9976)	 96.000000	 23.000000	      -	 time:411.8040s
B&B(10102)	 96.000000	 23.000000	      -	 time:416.8250s
B&B(10233)	 96.000000	 23.000000	      -	 time:421.8330s
B&B(10355)	 96.000000	 23.000000	      -	 time:426.8540s
B&B(10482)	 96.000000	 23.000000	      -	 time:431.8760s
B&B(10607)	 95.000000	 23.000000	      -	 time:436.9100s
B&B(10733)	 95.000000	 23.000000	      -	 time:441.9280s
B&B(10870)	 95.000000	 23.000000	      -	 time:446.9590s
B&B(10999)	 95.000000	 23.000000	      -	 time:451.9730s
B&B(11121)	 95.000000	 23.000000	      -	 time:456.9940s
B&B(11250)	 95.000000	 23.000000	      -	 time:462.0250s
B&B(11380)	 95.000000	 23.000000	      -	 time:467.0530s
B&B(11503)	 95.000000	 23.000000	      -	 time:472.0620s
B&B(11626)	 95.000000	 23.000000	      -	 time:477.0880s
B&B(11747)	 95.000000	 23.000000	      -	 time:482.1140s
B&B(11864)	 94.000000	 23.000000	      -	 time:487.1270s
B&B(11984)	 94.000000	 23.000000	      -	 time:492.1290s
B&B(12111)	 94.000000	 23.000000	      -	 time:497.1470s
B&B(12250)	 94.000000	 23.000000	      -	 time:502.1730s
B&B(12378)	 94.000000	 23.000000	      -	 time:507.1790s
B&B(12509)	 94.000000	 23.000000	      -	 time:512.1860s
B&B(12641)	 94.000000	 23.000000	      -	 time:517.2010s
B&B(12772)	 94.000000	 23.000000	      -	 time:522.2320s
B&B(12902)	 94.000000	 23.000000	      -	 time:527.2360s
B&B(13028)	 94.000000	 23.000000	      -	 time:532.2510s
B&B(13156)	 94.000000	 23.000000	      -	 time:537.2900s
B&B(13291)	 94.000000	 23.000000	      -	 time:542.3280s
B&B(13423)	 94.000000	 23.000000	      -	 time:547.3500s
B&B(13558)	 94.000000	 23.000000	      -	 time:552.3530s
B&B(13685)	 94.000000	 23.000000	      -	 time:557.3570s
B&B(13815)	 93.000000	 23.000000	      -	 time:562.3630s
B&B(13949)	 93.000000	 23.000000	      -	 time:567.3910s
B&B(14091)	 93.000000	 23.000000	      -	 time:572.4090s
B&B(14223)	 93.000000	 23.000000	      -	 time:577.4200s
B&B(14354)	 93.000000	 23.000000	      -	 time:582.4460s
B&B(14487)	 93.000000	 23.000000	      -	 time:587.4740s
B&B(14617)	 93.000000	 23.000000	      -	 time:592.5080s
B&B(14754)	 93.000000	 23.000000	      -	 time:597.5200s
B&B(14886)	 93.000000	 23.000000	      -	 time:602.5320s
B&B(15023)	 93.000000	 23.000000	      -	 time:607.5390s
B&B(15160)	 93.000000	 23.000000	      -	 time:612.5620s
B&B(15299)	 93.000000	 23.000000	      -	 time:617.5930s
B&B(15433)	 93.000000	 23.000000	      -	 time:622.6150s
B&B(15563)	 93.000000	 23.000000	      -	 time:627.6400s
B&B(15694)	 93.000000	 23.000000	      -	 time:632.6610s
B&B(15829)	 92.000000	 23.000000	      -	 time:637.6660s
B&B(15956)	 92.000000	 23.000000	      -	 time:642.6960s
B&B(16077)	 92.000000	 23.000000	      -	 time:647.7170s
B&B(16204)	 92.000000	 23.000000	      -	 time:652.7600s
B&B(16330)	 92.000000	 23.000000	      -	 time:657.7630s
B&B(16458)	 92.000000	 23.000000	      -	 time:662.8060s
B&B(16586)	 92.000000	 23.000000	      -	 time:667.8480s
B&B(16713)	 92.000000	 23.000000	      -	 time:672.8500s
B&B(16842)	 92.000000	 23.000000	      -	 time:677.8820s
B&B(16974)	 92.000000	 23.000000	      -	 time:682.9010s
B&B(17102)	 92.000000	 23.000000	      -	 time:687.9170s
B&B(17236)	 92.000000	 23.000000	      -	 time:692.9210s
B&B(17371)	 91.000000	 23.000000	      -	 time:697.9350s
B&B(17505)	 91.000000	 23.000000	      -	 time:702.9440s
B&B(17641)	 91.000000	 23.000000	      -	 time:707.9450s
B&B(17778)	 91.000000	 23.000000	      -	 time:712.9630s
B&B(17912)	 91.000000	 23.000000	      -	 time:717.9820s
B&B(18049)	 91.000000	 23.000000	      -	 time:723.0100s
B&B(18185)	 91.000000	 23.000000	      -	 time:728.0160s
B&B(18318)	 91.000000	 23.000000	      -	 time:733.0420s
B&B(18454)	 91.000000	 23.000000	      -	 time:738.0450s
B&B(18585)	 91.000000	 23.000000	      -	 time:743.0790s
B&B(18719)	 91.000000	 23.000000	      -	 time:748.0870s
B&B(18867)	 91.000000	 23.000000	      -	 time:753.1140s
B&B(18998)	 91.000000	 23.000000	      -	 time:758.1300s
B&B(19135)	 91.000000	 23.000000	      -	 time:763.1650s
B&B(19273)	 91.000000	 23.000000	      -	 time:768.1830s
B&B(19410)	 90.000000	 23.000000	      -	 time:773.2050s
B&B(19547)	 90.000000	 23.000000	      -	 time:778.2370s
B&B(19683)	 90.000000	 23.000000	      -	 time:783.2550s
B&B(19822)	 90.000000	 23.000000	      -	 time:788.2700s
B&B(19958)	 90.000000	 23.000000	      -	 time:793.2970s
B&B(20089)	 90.000000	 23.000000	      -	 time:798.3160s
B&B(20229)	 90.000000	 23.000000	      -	 time:803.3270s
B&B(20365)	 90.000000	 23.000000	      -	 time:808.3330s
B&B(20503)	 90.000000	 23.000000	      -	 time:813.3380s
B&B(20646)	 90.000000	 23.000000	      -	 time:818.3670s
B&B(20781)	 90.000000	 23.000000	      -	 time:823.3920s
B&B(20918)	 90.000000	 23.000000	      -	 time:828.4230s
B&B(21065)	 90.000000	 23.000000	      -	 time:833.4370s
B&B(21204)	 90.000000	 23.000000	      -	 time:838.4630s
B&B(21339)	 90.000000	 23.000000	      -	 time:843.4670s
B&B(21479)	 90.000000	 23.000000	      -	 time:848.4950s
B&B(21619)	 90.000000	 23.000000	      -	 time:853.4960s
B&B(21757)	 89.000000	 23.000000	      -	 time:858.5380s
B&B(21903)	 89.000000	 23.000000	      -	 time:863.5720s
B&B(22048)	 89.000000	 23.00000Command exited with non-zero status 124
	Command being timed: "/usr/bin/timeout 915 /home/fabio/CODD-NEWDom/cmake-build-release-ilyin/misp5 /home/fabio/CODD-NEWDom/data/misp/brock400_2.clq 128"
	User time (seconds): 912.38
	System time (seconds): 2.94
	Percent of CPU this job got: 99%
	Elapsed (wall clock) time (h:mm:ss or m:ss): 15:15.43
	Average shared text size (kbytes): 0
	Average unshared data size (kbytes): 0
	Average stack size (kbytes): 0
	Average total size (kbytes): 0
	Maximum resident set size (kbytes): 5641728
	Average resident set size (kbytes): 0
	Major (requiring I/O) page faults: 0
	Minor (reclaiming a frame) page faults: 1413833
	Voluntary context switches: 4
	Involuntary context switches: 4243
	Swaps: 0
	File system inputs: 0
	File system outputs: 56
	Socket messages sent: 0
	Socket messages received: 0
	Signals delivered: 0
	Page size (bytes): 4096
	Exit status: 124

