COMMAND: /usr/bin/time -v /usr/bin/timeout 915 /home/fabio/CODD-NEWDom/cmake-build-release-ilyin/misp5 /home/fabio/CODD-NEWDom/data/misp/san1000.clq 128
TOP=1000
B&B searching...
dual@root:1000
B&B Nodes          Dual	 Primal	 Gap(%)
----------------------------------------------
update in RO 7.000000

CHECKER is 1 SUM:7
TIME:304.000000
P TIGHTEN: 0.305000 <P:7.000000, D:1000.000000, INC:(33)[1 1 1 0 0 0 1 0 0 0 1 0 0 1 0 0 0 0 0 0 0 0 0 0 0 0 0 0 0 0 0 0 1 ]> 7.000000 7.000000 + 0.000000 #2934
update in RO 8.000000

CHECKER is 1 SUM:8
TIME:305.000000
P TIGHTEN: 0.306000 <P:8.000000, D:1000.000000, INC:(38)[0 0 0 1 0 1 0 1 1 1 0 0 0 0 0 0 0 0 0 0 0 1 0 0 0 0 0 0 0 1 0 0 0 0 0 0 0 1 ]> 8.000000 8.000000 + 0.000000 #3573
update in RO 9.000000

CHECKER is 1 SUM:9
TIME:349.000000
P TIGHTEN: 0.350000 <P:9.000000, D:1000.000000, INC:(397)[1 0 0 1 0 0 0 0 0 1 0 0 0 0 0 1 0 0 0 0 0 0 0 0 0 0 0 0 0 0 1 0 0 0 0 0 0 0 0 1 0 0 0 0 0 0 0 0 0 0 0 0 0 0 0 0 0 0 0 0 0 0 0 0 0 0 0 0 0 0 0 0 0 0 0 0 0 0 0 0 0 0 0 0 0 0 0 0 0 0 0 0 0 0 0 0 0 0 0 0 0 0 0 0 0 0 0 0 0 0 0 0 0 0 0 0 0 0 0 0 0 0 0 0 0 0 0 0 0 0 0 0 0 0 0 0 0 0 0 0 0 0 0 0 0 0 0 0 0 0 1 0 0 0 0 0 0 0 0 0 0 0 0 0 0 0 0 0 0 0 0 0 0 0 0 0 0 0 0 0 0 0 0 0 0 0 0 0 1 0 0 0 0 0 0 0 0 0 0 0 0 0 0 0 0 0 0 0 0 0 0 0 0 0 0 0 0 0 0 0 0 0 0 0 0 0 0 0 0 0 0 0 0 0 0 0 0 0 0 0 0 0 0 0 0 0 0 0 0 0 0 0 0 0 0 0 0 0 0 0 0 0 0 0 0 0 0 0 0 0 0 0 0 0 0 0 0 0 0 0 0 0 0 0 0 0 0 0 0 0 0 0 0 0 0 0 0 0 0 0 0 0 0 0 0 0 0 0 0 0 0 0 0 0 0 0 0 0 0 0 0 0 0 0 0 0 0 0 0 0 0 0 0 0 0 0 0 0 0 0 0 0 0 0 0 0 0 0 0 0 0 0 0 0 0 0 0 0 0 0 0 0 0 0 0 0 0 0 0 0 0 0 0 0 0 0 0 0 0 0 0 0 0 0 0 0 0 0 0 0 0 0 0 0 0 0 1 ]> 9.000000 9.000000 + 0.000000 #49526
update in RO 10.000000

CHECKER is 1 SUM:10
TIME:701.000000
P TIGHTEN: 0.702000 <P:10.000000, D:186.000000, INC:(808)[0 0 0 0 0 0 0 0 0 0 0 1 0 0 0 0 0 0 0 0 0 1 0 0 0 0 1 0 0 0 1 0 0 0 0 0 0 0 0 0 0 0 0 0 0 0 0 0 0 0 0 0 0 0 0 0 0 0 0 0 0 0 0 0 0 0 0 0 0 0 0 0 0 0 0 0 0 0 0 0 0 0 0 0 0 0 0 0 0 0 0 0 0 0 0 0 1 0 0 0 0 0 0 0 0 0 0 0 0 0 0 1 0 0 0 0 0 0 0 0 0 0 0 0 0 0 0 0 0 0 0 0 1 0 0 0 0 0 0 0 0 0 0 0 0 0 0 0 0 0 0 0 0 0 0 0 0 0 0 0 0 0 0 0 0 0 0 0 0 0 0 0 0 0 0 0 0 0 0 0 0 0 0 0 0 0 0 0 0 0 0 0 0 0 0 0 0 0 0 0 0 0 0 0 0 0 0 0 0 0 0 0 0 0 0 0 0 0 0 0 0 0 0 0 0 0 0 0 0 0 0 0 0 0 0 0 1 0 0 0 0 0 0 0 0 0 0 0 0 0 0 0 0 0 0 0 0 0 0 0 0 0 0 0 0 0 0 0 0 0 0 0 0 1 0 0 0 0 0 0 0 0 0 0 0 0 0 0 0 0 0 0 0 0 0 0 0 0 0 0 0 0 0 0 0 0 0 0 0 0 0 0 0 0 0 0 0 0 0 0 0 0 0 0 0 0 0 0 0 0 0 0 0 0 0 0 0 0 0 0 0 0 0 0 0 0 0 0 0 0 0 0 0 0 0 0 0 0 0 0 0 0 0 0 0 0 0 0 0 0 0 0 0 0 0 0 0 0 0 0 0 0 0 0 0 0 0 0 0 0 0 0 0 0 0 0 0 0 0 0 0 0 0 0 0 0 0 0 0 0 0 0 0 0 0 0 0 0 0 0 0 0 0 0 0 0 0 0 0 0 0 0 0 0 0 0 0 0 0 0 0 0 0 0 0 0 0 0 0 0 0 0 0 0 0 0 0 0 0 0 0 0 0 0 0 0 0 0 0 0 0 0 0 0 0 0 0 0 0 0 0 0 0 0 0 0 0 0 0 0 0 0 0 0 0 0 0 0 0 0 0 0 0 0 0 0 0 0 0 0 0 0 0 0 0 0 0 0 0 0 0 0 0 0 0 0 0 0 0 0 0 0 0 0 0 0 0 0 0 0 0 0 0 0 0 0 0 0 0 0 0 0 0 0 0 0 0 0 0 0 0 0 0 0 0 0 0 0 0 0 0 0 0 0 0 0 0 0 0 0 0 0 0 0 0 0 0 0 0 0 0 0 0 0 0 0 0 0 0 0 0 0 0 0 0 0 0 0 0 0 0 0 0 0 0 0 0 0 0 0 0 0 0 0 0 0 0 0 0 0 0 0 0 0 0 0 0 0 0 0 0 0 0 0 0 0 0 0 0 0 0 0 0 0 0 0 0 0 0 0 0 0 0 0 0 0 0 0 0 0 0 0 0 0 0 0 0 0 0 0 0 0 0 0 0 0 0 0 0 0 0 0 0 0 0 0 0 0 0 0 0 0 0 0 0 0 0 0 0 0 0 0 0 0 0 0 0 0 0 0 0 0 0 0 0 0 0 0 0 0 0 0 0 0 0 0 0 0 0 0 0 0 0 0 0 0 0 0 0 0 0 0 0 0 0 0 0 0 0 0 0 0 0 0 0 0 0 0 0 0 0 0 0 0 0 0 0 0 0 0 0 0 0 0 0 0 0 0 0 0 0 0 0 0 0 0 0 0 0 0 0 0 0 0 0 0 0 1 ]> 10.000000 10.000000 + 0.000000 #93676
B&B(   56)	 186.000000	 10.000000	      -	 time:5.1210s
B&B(  106)	 185.000000	 10.000000	      -	 time:10.3330s
B&B(  160)	 183.000000	 10.000000	      -	 time:15.4650s
B&B(  185)	 183.000000	 10.000000	      -	 time:20.5310s
B&B(  321)	 180.000000	 10.000000	      -	 time:25.7460s
B&B(  345)	 180.000000	 10.000000	      -	 time:30.8140s
B&B(  382)	 180.000000	 10.000000	      -	 time:35.8260s
B&B(  471)	 179.000000	 10.000000	      -	 time:40.8620s
B&B(  508)	 178.000000	 10.000000	      -	 time:45.9270s
B&B(  628)	 177.000000	 10.000000	      -	 time:50.9550s
B&B(  662)	 175.000000	 10.000000	      -	 time:56.0660s
B&B(  752)	 174.000000	 10.000000	      -	 time:61.2420s
B&B(  789)	 173.000000	 10.000000	      -	 time:66.3400s
B&B(  850)	 173.000000	 10.000000	      -	 time:71.3650s
B&B(  948)	 171.000000	 10.000000	      -	 time:76.5400s
B&B( 1072)	 169.000000	 10.000000	      -	 time:81.6830s
B&B( 1099)	 168.000000	 10.000000	      -	 time:86.8190s
B&B( 1127)	 168.000000	 10.000000	      -	 time:91.8990s
B&B( 1272)	 165.000000	 10.000000	      -	 time:97.0010s
B&B( 1299)	 165.000000	 10.000000	      -	 time:102.0640s
B&B( 1438)	 163.000000	 10.000000	      -	 time:107.1420s
B&B( 1465)	 163.000000	 10.000000	      -	 time:112.2240s
B&B( 1537)	 162.000000	 10.000000	      -	 time:117.2270s
B&B( 1607)	 161.000000	 10.000000	      -	 time:122.3470s
B&B( 1736)	 160.000000	 10.000000	      -	 time:127.5060s
B&B( 1784)	 158.000000	 10.000000	      -	 time:132.6210s
B&B( 1932)	 157.000000	 10.000000	      -	 time:137.6980s
B&B( 1965)	 156.000000	 10.000000	      -	 time:142.7140s
B&B( 2056)	 156.000000	 10.000000	      -	 time:147.7210s
B&B( 2118)	 154.000000	 10.000000	      -	 time:152.7700s
B&B( 2245)	 153.000000	 10.000000	      -	 time:157.8100s
B&B( 2281)	 152.000000	 10.000000	      -	 time:162.9700s
B&B( 2399)	 151.000000	 10.000000	      -	 time:168.0570s
B&B( 2458)	 148.000000	 10.000000	      -	 time:173.1770s
B&B( 2582)	 147.000000	 10.000000	      -	 time:178.2880s
B&B( 2648)	 145.000000	 10.000000	      -	 time:183.4330s
B&B( 2685)	 145.000000	 10.000000	      -	 time:188.5000s
B&B( 2814)	 143.000000	 10.000000	      -	 time:193.5440s
B&B( 2890)	 143.000000	 10.000000	      -	 time:198.6140s
B&B( 3007)	 140.000000	 10.000000	      -	 time:203.6240s
B&B( 3061)	 140.000000	 10.000000	      -	 time:208.6270s
B&B( 3193)	 138.000000	 10.000000	      -	 time:213.7360s
B&B( 3230)	 138.000000	 10.000000	      -	 time:218.8410s
B&B( 3398)	 135.000000	 10.000000	      -	 time:223.8700s
B&B( 3494)	 134.000000	 10.000000	      -	 time:228.9410s
B&B( 3560)	 133.000000	 10.000000	      -	 time:233.9570s
B&B( 3733)	 130.000000	 10.000000	      -	 time:238.9780s
B&B( 3776)	 130.000000	 10.000000	      -	 time:244.1000s
B&B( 3986)	 127.000000	 10.000000	      -	 time:249.1760s
B&B( 4029)	 127.000000	 10.000000	      -	 time:254.2890s
B&B( 4206)	 124.000000	 10.000000	      -	 time:259.4140s
B&B( 4270)	 124.000000	 10.000000	      -	 time:264.4190s
B&B( 4444)	 121.000000	 10.000000	      -	 time:269.4310s
B&B( 4594)	 120.000000	 10.000000	      -	 time:274.4780s
B&B( 4676)	 118.000000	 10.000000	      -	 time:279.5560s
B&B( 4846)	 116.000000	 10.000000	      -	 time:284.6650s
B&B( 4929)	 116.000000	 10.000000	      -	 time:289.6720s
B&B( 5060)	 114.000000	 10.000000	      -	 time:294.7580s
B&B( 5274)	 111.000000	 10.000000	      -	 time:299.7780s
B&B( 5426)	 110.000000	 10.000000	      -	 time:304.7980s
B&B( 5537)	 108.000000	 10.000000	      -	 time:309.8270s
B&B( 5697)	 106.000000	 10.000000	      -	 time:314.8460s
B&B( 5856)	 105.000000	 10.000000	      -	 time:319.9120s
B&B( 5944)	 103.000000	 10.000000	      -	 time:324.9840s
B&B( 6126)	 101.000000	 10.000000	      -	 time:330.0310s
B&B( 6269)	 100.000000	 10.000000	      -	 time:335.1460s
B&B( 6454)	 98.000000	 10.000000	      -	 time:340.2190s
B&B( 6537)	 96.000000	 10.000000	      -	 time:345.2760s
B&B( 6686)	 94.000000	 10.000000	      -	 time:350.3340s
B&B( 6887)	 93.000000	 10.000000	      -	 time:355.3450s
B&B( 7060)	 92.000000	 10.000000	      -	 time:360.3670s
B&B( 7197)	 91.000000	 10.000000	      -	 time:365.5360s
B&B( 7251)	 90.000000	 10.000000	      -	 time:370.5430s
B&B( 7363)	 90.000000	 10.000000	      -	 time:375.5660s
B&B( 7543)	 90.000000	 10.000000	      -	 time:380.5820s
B&B( 7707)	 90.000000	 10.000000	      -	 time:385.6020s
B&B( 7840)	 89.000000	 10.000000	      -	 time:390.7130s
B&B( 8007)	 89.000000	 10.000000	      -	 time:395.8710s
B&B( 8117)	 89.000000	 10.000000	      -	 time:401.0400s
B&B( 8185)	 89.000000	 10.000000	      -	 time:406.0420s
B&B( 8299)	 89.000000	 10.000000	      -	 time:411.2050s
B&B( 8390)	 88.000000	 10.000000	      -	 time:416.3230s
B&B( 8579)	 88.000000	 10.000000	      -	 time:421.3780s
B&B( 8655)	 88.000000	 10.000000	      -	 time:426.4150s
B&B( 8787)	 87.000000	 10.000000	      -	 time:431.4210s
B&B( 8926)	 87.000000	 10.000000	      -	 time:436.4290s
B&B( 9066)	 87.000000	 10.000000	      -	 time:441.5170s
B&B( 9319)	 87.000000	 10.000000	      -	 time:446.5540s
B&B( 9433)	 87.000000	 10.000000	      -	 time:451.6760s
B&B( 9476)	 87.000000	 10.000000	      -	 time:456.6890s
B&B( 9645)	 87.000000	 10.000000	      -	 time:461.6930s
B&B( 9797)	 87.000000	 10.000000	      -	 time:466.6950s
B&B( 9963)	 86.000000	 10.000000	      -	 time:471.8110s
B&B(10125)	 86.000000	 10.000000	      -	 time:476.8160s
B&B(10234)	 86.000000	 10.000000	      -	 time:481.8480s
B&B(10497)	 86.000000	 10.000000	      -	 time:486.9230s
B&B(10611)	 86.000000	 10.000000	      -	 time:491.9260s
B&B(10714)	 85.000000	 10.000000	      -	 time:497.0790s
B&B(10813)	 85.000000	 10.000000	      -	 time:502.2210s
B&B(10956)	 85.000000	 10.000000	      -	 time:507.2970s
B&B(11038)	 85.000000	 10.000000	      -	 time:512.3560s
B&B(11202)	 85.000000	 10.000000	      -	 time:517.4200s
B&B(11346)	 85.000000	 10.000000	      -	 time:522.5050s
B&B(11453)	 85.000000	 10.000000	      -	 time:527.5270s
B&B(11583)	 85.000000	 10.000000	      -	 time:532.5400s
B&B(11745)	 85.000000	 10.000000	      -	 time:537.5860s
B&B(11853)	 85.000000	 10.000000	      -	 time:542.6110s
B&B(12025)	 84.000000	 10.000000	      -	 time:547.6570s
B&B(12162)	 84.000000	 10.000000	      -	 time:552.8280s
B&B(12246)	 84.000000	 10.000000	      -	 time:557.8450s
B&B(12360)	 84.000000	 10.000000	      -	 time:562.9630s
B&B(12479)	 84.000000	 10.000000	      -	 time:567.9670s
B&B(12609)	 84.000000	 10.000000	      -	 time:572.9750s
B&B(12734)	 84.000000	 10.000000	      -	 time:577.9840s
B&B(12881)	 84.000000	 10.000000	      -	 time:583.0320s
B&B(13064)	 84.000000	 10.000000	      -	 time:588.1640s
B&B(13238)	 84.000000	 10.000000	      -	 time:593.2420s
B&B(13338)	 84.000000	 10.000000	      -	 time:598.3150s
B&B(13445)	 84.000000	 10.000000	      -	 time:603.4620s
B&B(13678)	 83.000000	 10.000000	      -	 time:608.6000s
B&B(13808)	 83.000000	 10.000000	      -	 time:613.8010s
B&B(13903)	 83.000000	 10.000000	      -	 time:618.8830s
B&B(14086)	 83.000000	 10.000000	      -	 time:624.0310s
B&B(14227)	 83.000000	 10.000000	      -	 time:629.1260s
B&B(14385)	 83.000000	 10.000000	      -	 time:634.2520s
B&B(14526)	 83.000000	 10.000000	      -	 time:639.4020s
B&B(14686)	 83.000000	 10.000000	      -	 time:644.4840s
B&B(14784)	 83.000000	 10.000000	      -	 time:649.5390s
B&B(14923)	 83.000000	 10.000000	      -	 time:654.5450s
B&B(15104)	 83.000000	 10.000000	      -	 time:659.5620s
B&B(15265)	 83.000000	 10.000000	      -	 time:664.6440s
B&B(15427)	 83.000000	 10.000000	      -	 time:669.7050s
B&B(15469)	 83.000000	 10.000000	      -	 time:674.7350s
B&B(15622)	 83.000000	 10.000000	      -	 time:679.8720s
B&B(15799)	 83.000000	 10.000000	      -	 time:684.8770s
B&B(15913)	 83.000000	 10.000000	      -	 time:689.9770s
B&B(16003)	 83.000000	 10.000000	      -	 time:694.9900s
B&B(16148)	 83.000000	 10.000000	      -	 time:700.0670s
B&B(16345)	 82.000000	 10.000000	      -	 time:705.2230s
B&B(16428)	 82.000000	 10.000000	      -	 time:710.2350s
B&B(16571)	 82.000000	 10.000000	      -	 time:715.3190s
B&B(16697)	 82.000000	 10.000000	      -	 time:720.3360s
B&B(16874)	 82.000000	 10.000000	      -	 time:725.3670s
B&B(16998)	 82.000000	 10.000000	      -	 time:730.3690s
B&B(17115)	 82.000000	 10.000000	      -	 time:735.5400s
B&B(17221)	 82.000000	 10.000000	      -	 time:740.7070s
B&B(17376)	 82.000000	 10.000000	      -	 time:745.7560s
B&B(17508)	 82.000000	 10.000000	      -	 time:750.8420s
B&B(17633)	 82.000000	 10.000000	      -	 time:755.8930s
B&B(17749)	 82.000000	 10.000000	      -	 time:760.9060s
B&B(17894)	 82.000000	 10.000000	      -	 time:765.9150s
B&B(18077)	 82.000000	 10.000000	      -	 time:770.9160s
B&B(18294)	 82.000000	 10.000000	      -	 time:775.9920s
B&B(18426)	 82.000000	 10.000000	      -	 time:781.1630s
B&B(18567)	 82.000000	 10.000000	      -	 time:786.1670s
B&B(18755)	 82.000000	 10.000000	      -	 time:791.3010s
B&B(18923)	 82.000000	 10.000000	      -	 time:796.4420s
B&B(19056)	 82.0000Command exited with non-zero status 124
	Command being timed: "/usr/bin/timeout 915 /home/fabio/CODD-NEWDom/cmake-build-release-ilyin/misp5 /home/fabio/CODD-NEWDom/data/misp/san1000.clq 128"
	User time (seconds): 914.16
	System time (seconds): 0.89
	Percent of CPU this job got: 99%
	Elapsed (wall clock) time (h:mm:ss or m:ss): 15:15.13
	Average shared text size (kbytes): 0
	Average unshared data size (kbytes): 0
	Average stack size (kbytes): 0
	Average total size (kbytes): 0
	Maximum resident set size (kbytes): 1777152
	Average resident set size (kbytes): 0
	Major (requiring I/O) page faults: 0
	Minor (reclaiming a frame) page faults: 445255
	Voluntary context switches: 4
	Involuntary context switches: 3274
	Swaps: 0
	File system inputs: 0
	File system outputs: 48
	Socket messages sent: 0
	Socket messages received: 0
	Signals delivered: 0
	Page size (bytes): 4096
	Exit status: 124

