COMMAND: /usr/bin/time -v /usr/bin/timeout 915 /home/fabio/CODD-NEWDom/cmake-build-release-ilyin/misp5 /home/fabio/CODD-NEWDom/data/misp/brock800_2.clq 64
TOP=800
B&B searching...
dual@root:800
B&B Nodes          Dual	 Primal	 Gap(%)
----------------------------------------------
update in RO 12.000000

CHECKER is 1 SUM:12
TIME:143.000000
P TIGHTEN: 0.144000 <P:12.000000, D:800.000000, INC:(263)[0 0 0 0 1 0 0 1 0 1 0 0 0 0 0 0 1 0 1 0 0 0 0 0 0 0 1 0 0 0 1 0 0 0 0 0 0 0 0 0 0 0 0 1 0 0 0 0 1 0 0 0 0 0 0 0 0 0 0 0 0 0 0 0 0 0 0 0 0 0 0 0 0 0 0 0 0 0 0 0 0 0 0 0 0 0 0 1 0 0 0 0 0 0 0 0 0 0 0 0 0 0 0 0 0 0 0 0 0 0 0 0 0 0 0 0 0 0 0 0 0 0 0 0 0 0 0 0 0 0 0 0 0 0 0 0 0 0 0 0 0 0 0 0 0 0 0 0 0 0 0 0 0 0 0 0 0 0 0 0 0 0 0 0 0 0 0 0 0 0 0 0 0 0 0 1 0 0 0 0 0 0 0 0 0 0 0 0 0 0 0 0 0 0 0 0 0 0 0 0 0 0 0 0 0 0 0 0 0 0 0 1 0 0 0 0 0 0 0 0 0 0 0 0 0 0 0 0 0 0 0 0 0 0 0 0 0 0 0 0 0 0 0 0 0 0 0 0 0 0 0 0 0 0 0 0 0 0 0 0 0 0 0 ]> 12.000000 12.000000 + 0.000000 #16322
update in RO 13.000000

CHECKER is 1 SUM:13
TIME:143.000000
P TIGHTEN: 0.144000 <P:13.000000, D:800.000000, INC:(263)[0 0 0 0 1 0 0 1 0 1 0 0 0 0 0 0 1 0 1 0 0 0 0 0 0 0 1 0 0 0 1 0 0 0 0 0 0 0 0 0 0 0 0 1 0 0 0 0 1 0 0 0 0 0 0 0 0 0 0 0 0 0 0 0 0 0 0 0 0 0 0 0 0 0 0 0 0 0 0 0 0 0 0 0 0 0 0 1 0 0 0 0 0 0 0 0 0 0 0 0 0 0 0 0 0 0 0 0 0 0 0 0 0 0 0 0 0 0 0 0 0 0 0 0 0 0 0 0 0 0 0 0 0 0 0 0 0 0 0 0 0 0 0 0 0 0 0 0 0 0 0 0 0 0 0 0 0 0 0 0 0 0 0 0 0 0 0 0 0 0 0 0 0 0 0 1 0 0 0 0 0 0 0 0 0 0 0 0 0 0 0 0 0 0 0 0 0 0 0 0 0 0 0 0 0 0 0 0 0 0 0 1 0 0 0 0 0 0 0 0 0 0 0 0 0 0 0 0 0 0 0 0 0 0 0 0 0 0 0 0 0 0 0 0 0 0 0 0 0 0 0 0 0 0 0 0 0 0 0 0 0 0 1 ]> 13.000000 13.000000 + 0.000000 #16322
update in RO 14.000000

CHECKER is 1 SUM:14
TIME:149.000000
P TIGHTEN: 0.150000 <P:14.000000, D:800.000000, INC:(341)[0 0 0 0 0 1 0 0 0 1 0 1 0 0 0 1 0 0 0 1 0 0 0 0 0 0 0 1 1 0 0 0 0 0 0 0 0 0 0 0 0 0 0 0 0 1 0 0 0 0 0 0 0 0 0 0 0 0 0 0 0 0 0 1 0 0 0 0 0 0 0 0 0 0 0 0 0 0 0 0 0 0 0 0 0 1 0 0 0 0 0 0 0 0 0 0 0 0 0 0 0 0 0 0 0 0 0 0 0 0 0 0 0 0 0 0 0 0 0 0 0 0 0 0 0 0 0 0 0 0 0 0 0 0 0 0 0 0 0 0 0 0 0 0 0 0 0 0 0 1 0 0 0 0 0 0 0 0 0 0 0 0 0 0 0 0 0 0 0 0 0 0 0 0 0 0 0 0 0 0 0 0 0 0 0 0 0 0 0 0 0 0 1 0 0 0 0 0 0 0 0 0 0 0 0 0 0 0 0 0 0 0 0 0 0 0 0 0 0 0 0 0 0 0 0 0 0 0 0 0 0 0 0 0 0 0 0 0 0 0 0 0 0 0 0 0 0 0 0 0 0 0 0 0 0 0 0 0 0 0 0 0 0 0 0 0 0 0 0 0 0 0 0 0 0 0 0 0 0 0 0 0 0 0 0 0 0 0 0 0 0 0 0 0 0 0 0 1 0 0 0 0 0 0 0 0 0 0 0 0 0 0 0 0 0 0 0 0 0 0 0 0 0 0 0 0 0 0 0 0 0 0 0 0 0 0 0 0 0 0 1 ]> 14.000000 14.000000 + 0.000000 #21155
update in RO 15.000000

CHECKER is 1 SUM:15
TIME:152.000000
P TIGHTEN: 0.153000 <P:15.000000, D:800.000000, INC:(381)[0 0 0 0 0 1 0 0 0 1 0 1 0 0 0 1 0 0 0 1 0 0 0 0 0 0 0 1 1 0 0 0 0 0 0 0 0 0 0 0 0 0 0 0 0 1 0 0 0 0 0 0 0 0 0 0 0 0 0 0 0 0 0 1 0 0 0 0 0 0 0 0 0 0 0 0 0 0 0 0 0 0 0 0 0 0 0 0 0 0 0 0 0 0 0 1 0 0 0 0 0 0 0 0 0 0 0 0 0 0 0 0 0 0 0 0 0 0 0 0 0 0 0 0 0 0 0 0 0 0 0 0 0 0 0 0 0 0 0 0 0 0 0 0 0 0 0 0 0 1 0 0 0 0 0 0 0 0 0 0 0 0 0 0 0 0 0 0 0 0 0 0 0 0 0 0 0 0 0 0 0 0 0 0 0 0 0 0 0 0 0 0 0 0 0 0 0 0 0 0 0 0 0 0 0 0 0 0 0 0 0 0 0 0 0 0 0 0 0 0 0 0 0 0 0 0 0 0 0 0 0 0 0 0 0 0 0 0 0 0 0 0 0 0 0 0 0 0 0 0 0 0 0 0 1 0 0 0 0 0 0 0 0 0 0 0 0 0 0 0 0 0 0 0 0 0 0 0 0 0 0 0 0 0 0 0 0 0 0 0 0 0 0 0 0 0 0 0 0 0 0 0 0 0 0 0 0 0 0 0 0 0 0 0 0 0 1 0 0 0 0 0 0 0 0 0 0 0 0 0 0 0 0 0 0 0 0 0 0 0 1 0 0 0 0 0 0 0 0 0 0 0 0 0 0 0 0 0 0 0 0 0 0 0 0 0 0 0 0 0 0 0 0 0 0 0 0 0 0 0 1 ]> 15.000000 15.000000 + 0.000000 #23333
update in RO 16.000000

CHECKER is 1 SUM:16
TIME:158.000000
P TIGHTEN: 0.159000 <P:16.000000, D:800.000000, INC:(506)[0 0 0 0 0 1 0 0 0 1 0 1 0 0 0 1 0 0 1 1 0 0 0 0 0 0 0 1 1 0 0 0 0 0 0 0 0 0 0 0 0 0 0 0 0 0 0 0 0 0 0 0 0 0 0 0 0 0 0 0 0 0 0 0 0 1 0 0 0 0 0 0 0 0 0 0 0 0 0 0 0 0 0 0 0 0 0 0 0 0 0 0 0 0 0 1 0 0 0 0 0 0 0 0 0 0 0 0 0 0 0 0 0 0 0 0 0 0 0 0 0 0 0 0 0 0 0 0 0 0 0 0 0 0 0 0 0 0 0 0 0 0 0 0 0 0 0 0 0 1 0 0 0 0 0 0 0 0 0 0 0 0 0 0 0 0 0 0 0 0 0 0 0 0 0 0 0 0 1 0 0 0 0 0 0 0 0 0 0 0 0 0 0 0 0 0 0 0 0 0 0 0 0 0 0 0 0 0 0 0 0 0 0 0 0 0 0 0 0 0 0 0 0 0 0 0 0 0 0 0 0 0 0 0 0 0 0 0 0 0 0 0 0 0 0 0 0 0 0 0 0 0 0 0 0 0 0 0 0 0 0 0 0 0 0 0 0 0 0 0 0 0 0 0 0 0 0 0 0 0 0 0 0 0 0 0 0 0 0 0 0 0 0 0 1 0 0 0 0 0 0 0 1 0 0 0 0 0 0 0 0 0 0 0 0 0 0 0 0 0 0 0 0 0 0 0 0 0 0 0 0 0 0 0 0 0 0 0 0 0 1 0 0 0 0 0 0 0 0 0 0 0 0 0 0 0 0 0 0 0 0 0 0 0 0 0 1 0 0 0 0 0 0 0 0 0 0 0 0 0 0 0 0 0 0 0 0 0 0 0 0 0 0 0 0 0 0 0 0 0 0 0 0 0 0 0 0 0 0 0 0 0 0 0 0 0 0 0 0 0 0 0 0 0 0 0 0 0 0 0 0 0 0 0 0 0 0 0 0 0 0 0 0 0 0 0 0 0 0 0 0 0 0 0 0 0 0 0 0 0 0 0 0 0 0 0 0 0 0 0 0 0 0 0 0 0 0 0 0 0 0 0 0 0 0 0 0 0 0 0 0 0 0 0 0 0 0 0 0 0 0 0 0 0 0 0 ]> 16.000000 16.000000 + 0.000000 #27876
update in RO 17.000000

CHECKER is 1 SUM:17
TIME:158.000000
P TIGHTEN: 0.159000 <P:17.000000, D:800.000000, INC:(506)[0 0 0 0 0 1 0 0 0 1 0 1 0 0 0 1 0 0 1 1 0 0 0 0 0 0 0 1 1 0 0 0 0 0 0 0 0 0 0 0 0 0 0 0 0 0 0 0 0 0 0 0 0 0 0 0 0 0 0 0 0 0 0 0 0 1 0 0 0 0 0 0 0 0 0 0 0 0 0 0 0 0 0 0 0 0 0 0 0 0 0 0 0 0 0 1 0 0 0 0 0 0 0 0 0 0 0 0 0 0 0 0 0 0 0 0 0 0 0 0 0 0 0 0 0 0 0 0 0 0 0 0 0 0 0 0 0 0 0 0 0 0 0 0 0 0 0 0 0 1 0 0 0 0 0 0 0 0 0 0 0 0 0 0 0 0 0 0 0 0 0 0 0 0 0 0 0 0 1 0 0 0 0 0 0 0 0 0 0 0 0 0 0 0 0 0 0 0 0 0 0 0 0 0 0 0 0 0 0 0 0 0 0 0 0 0 0 0 0 0 0 0 0 0 0 0 0 0 0 0 0 0 0 0 0 0 0 0 0 0 0 0 0 0 0 0 0 0 0 0 0 0 0 0 0 0 0 0 0 0 0 0 0 0 0 0 0 0 0 0 0 0 0 0 0 0 0 0 0 0 0 0 0 0 0 0 0 0 0 0 0 0 0 0 1 0 0 0 0 0 0 0 1 0 0 0 0 0 0 0 0 0 0 0 0 0 0 0 0 0 0 0 0 0 0 0 0 0 0 0 0 0 0 0 0 0 0 0 0 0 1 0 0 0 0 0 0 0 0 0 0 0 0 0 0 0 0 0 0 0 0 0 0 0 0 0 1 0 0 0 0 0 0 0 0 0 0 0 0 0 0 0 0 0 0 0 0 0 0 0 0 0 0 0 0 0 0 0 0 0 0 0 0 0 0 0 0 0 0 0 0 0 0 0 0 0 0 0 0 0 0 0 0 0 0 0 0 0 0 0 0 0 0 0 0 0 0 0 0 0 0 0 0 0 0 0 0 0 0 0 0 0 0 0 0 0 0 0 0 0 0 0 0 0 0 0 0 0 0 0 0 0 0 0 0 0 0 0 0 0 0 0 0 0 0 0 0 0 0 0 0 0 0 0 0 0 0 0 0 0 0 0 0 0 0 1 ]> 17.000000 17.000000 + 0.000000 #27876
update in RO 18.000000

CHECKER is 1 SUM:18
TIME:564.000000
P TIGHTEN: 0.565000 <P:18.000000, D:249.000000, INC:(797)[0 0 0 0 0 0 1 0 1 0 0 0 0 0 0 1 0 0 0 1 0 0 0 0 0 0 0 0 0 0 0 1 0 0 0 0 0 0 0 0 1 0 0 0 0 0 0 0 0 1 0 1 0 0 0 0 0 0 0 0 0 0 0 0 0 0 0 0 0 0 0 0 0 0 0 0 0 0 0 0 0 0 0 0 0 0 0 0 0 0 0 0 0 0 0 0 1 0 0 0 0 0 0 0 0 0 0 0 0 0 0 0 0 0 0 0 0 0 0 0 0 0 1 0 0 0 0 0 0 0 0 0 0 0 0 0 0 0 0 0 0 0 0 0 0 0 0 0 0 0 0 0 0 0 0 0 0 0 0 0 0 0 0 0 0 0 0 0 0 0 0 0 0 0 0 0 0 0 0 0 0 0 0 0 0 0 0 0 0 0 0 0 0 0 0 0 0 0 0 0 0 0 0 0 0 0 0 0 0 0 0 0 0 0 0 0 0 0 0 0 0 0 0 0 0 0 0 0 0 0 0 0 0 0 0 0 0 0 0 0 0 0 0 0 0 0 0 0 0 0 0 0 0 0 0 0 0 0 0 0 0 0 0 0 0 0 0 0 0 0 0 0 0 0 0 0 0 0 0 0 0 0 0 0 0 0 0 0 0 0 0 0 0 0 0 0 0 0 0 0 0 0 0 0 0 0 0 0 0 0 0 0 0 0 0 0 0 0 0 0 0 0 0 0 0 0 0 0 0 0 0 0 0 0 0 0 0 0 0 0 0 0 0 0 0 0 0 0 0 0 0 0 0 0 0 0 0 0 0 0 0 0 0 0 0 0 0 0 0 0 0 0 0 0 0 0 0 0 0 0 0 0 0 0 0 0 0 0 0 0 0 0 0 0 0 0 0 0 0 0 0 0 1 0 0 0 0 0 0 0 0 0 0 0 0 0 0 0 0 0 0 0 0 0 0 0 0 0 0 0 0 0 0 0 0 0 0 0 0 1 0 0 0 0 0 0 0 0 0 0 0 0 0 0 0 1 0 0 0 0 0 0 0 0 0 0 0 0 0 0 0 0 0 0 0 0 0 0 0 0 0 0 0 0 0 0 0 0 0 0 0 0 0 0 0 0 0 0 0 0 0 0 0 0 0 0 0 0 0 0 1 0 0 0 0 0 0 0 0 0 0 0 0 0 0 0 0 0 0 0 0 0 0 0 0 0 0 0 0 0 0 0 0 0 0 0 0 0 0 0 0 0 0 0 0 0 0 0 0 0 0 0 0 0 0 0 0 0 0 0 0 0 0 0 0 0 0 0 0 0 0 0 0 0 0 0 0 0 0 0 0 0 0 0 0 0 0 0 0 0 0 0 0 0 0 0 0 0 0 0 0 0 0 0 0 0 0 0 0 0 0 0 0 0 0 0 0 0 0 0 0 0 0 0 0 0 0 0 0 0 0 0 0 0 0 0 0 0 0 0 0 0 0 0 0 0 0 0 0 0 0 1 0 0 0 0 0 0 0 0 0 0 0 0 0 0 0 0 0 0 0 0 0 0 0 0 0 0 0 0 0 0 0 0 0 0 0 0 0 0 0 0 0 0 0 0 0 0 0 0 0 0 0 0 0 0 0 0 0 0 0 0 0 0 0 0 0 0 0 0 0 0 0 0 0 0 0 0 0 0 0 0 1 0 0 0 0 0 0 0 0 0 0 0 0 0 0 0 0 0 0 0 0 0 0 0 0 0 0 0 0 0 1 0 0 0 0 0 0 0 0 0 0 0 0 0 0 0 0 0 0 0 0 0 0 0 1 ]> 18.000000 18.000000 + 0.000000 #30788
update in RO 19.000000

CHECKER is 1 SUM:19
TIME:2462.000000
P TIGHTEN: 2.462000 <P:19.000000, D:249.000000, INC:(772)[0 1 0 0 0 0 0 0 1 0 0 0 0 1 0 0 0 0 0 0 0 0 0 0 1 0 0 0 0 0 0 1 0 0 0 0 0 1 0 0 1 0 0 0 1 0 0 0 0 0 0 0 0 0 0 0 0 0 0 0 0 0 0 0 0 0 0 0 0 0 0 0 0 0 0 0 0 0 0 0 0 0 0 0 0 0 0 0 0 0 0 0 0 0 0 0 0 0 0 0 0 0 0 0 0 0 0 0 0 0 0 0 0 0 0 0 0 0 0 0 0 0 0 0 0 0 0 0 0 0 0 0 0 0 0 0 0 0 0 0 0 0 0 0 0 0 0 1 0 0 0 0 0 0 0 0 0 0 0 0 0 0 0 0 0 0 0 0 0 0 0 0 0 0 0 0 0 0 0 0 0 0 0 0 0 0 0 0 0 0 0 0 0 0 0 0 0 0 0 0 0 0 0 0 0 0 0 0 0 0 0 0 0 0 0 0 0 0 0 0 0 0 0 0 0 0 0 0 1 0 0 0 0 0 0 0 0 0 0 0 0 0 0 0 0 0 0 0 0 0 0 0 0 0 0 0 0 0 0 0 0 0 0 0 0 0 0 0 0 0 0 0 0 0 0 0 0 0 0 0 0 0 0 0 0 0 0 0 0 0 0 0 0 0 0 0 0 0 0 0 0 0 0 0 0 0 0 0 0 0 0 0 0 0 0 0 0 0 0 0 0 0 0 0 0 0 0 0 0 0 0 0 0 1 0 0 0 0 0 0 0 0 0 0 0 0 0 0 0 0 0 0 0 0 0 0 0 0 0 0 0 0 0 0 0 0 0 0 0 0 0 0 0 0 0 0 0 0 0 0 0 0 0 0 0 0 0 0 0 0 0 0 0 0 0 0 0 0 0 0 0 0 0 0 0 0 0 0 0 0 0 0 0 0 0 0 0 0 0 0 0 0 0 0 0 0 0 0 0 0 0 1 0 0 0 0 0 0 0 0 0 0 0 0 0 0 0 0 0 0 0 0 0 0 0 0 0 0 0 0 0 0 0 0 0 0 0 0 0 0 0 0 0 0 0 0 0 0 0 0 0 0 1 0 0 0 0 0 0 0 0 0 0 0 0 0 0 0 0 0 0 0 0 0 0 0 0 0 0 0 0 0 0 0 0 1 0 0 0 0 0 0 0 0 0 0 0 0 0 0 0 0 0 0 0 0 0 0 0 0 0 0 0 0 0 0 0 0 0 0 0 0 0 0 0 0 0 0 0 0 0 0 0 0 0 0 0 0 0 0 0 0 0 0 0 0 0 0 0 0 0 0 0 0 0 0 0 0 0 0 0 0 0 0 0 0 0 0 0 0 0 0 0 0 0 0 0 0 0 0 0 0 0 0 0 0 0 0 0 0 0 0 0 0 0 0 0 0 0 0 0 0 0 0 0 0 0 0 0 0 0 0 0 0 0 0 0 0 0 0 0 0 0 0 0 0 0 0 0 0 0 0 0 0 0 0 0 0 0 0 0 0 0 0 0 0 0 0 0 0 0 1 0 0 0 0 0 0 0 0 0 0 0 0 0 0 0 0 0 0 0 0 0 0 0 0 0 0 0 0 0 0 0 0 0 0 0 0 0 0 0 1 0 1 0 0 0 0 0 0 0 0 0 0 0 0 0 0 0 0 0 0 0 0 0 0 0 0 0 0 0 0 0 0 0 0 0 0 0 0 0 0 0 1 0 0 0 0 0 0 0 1 ]> 19.000000 19.000000 + 0.000000 #27759
B&B(   69)	 246.000000	 19.000000	      -	 time:5.0020s
B&B(  140)	 242.000000	 19.000000	      -	 time:10.0470s
B&B(  211)	 234.000000	 19.000000	      -	 time:15.0650s
B&B(  285)	 227.000000	 19.000000	      -	 time:20.0860s
B&B(  361)	 222.000000	 19.000000	      -	 time:25.0880s
B&B(  438)	 217.000000	 19.000000	      -	 time:30.1200s
B&B(  519)	 214.000000	 19.000000	      -	 time:35.1490s
B&B(  603)	 210.000000	 19.000000	      -	 time:40.2010s
B&B(  686)	 207.000000	 19.000000	      -	 time:45.2260s
B&B(  771)	 201.000000	 19.000000	      -	 time:50.2630s
B&B(  856)	 198.000000	 19.000000	      -	 time:55.3140s
B&B(  944)	 193.000000	 19.000000	      -	 time:60.3530s
B&B( 1031)	 190.000000	 19.000000	      -	 time:65.3690s
B&B( 1121)	 185.000000	 19.000000	      -	 time:70.4070s
B&B( 1211)	 183.000000	 19.000000	      -	 time:75.4150s
B&B( 1305)	 179.000000	 19.000000	      -	 time:80.4280s
B&B( 1398)	 175.000000	 19.000000	      -	 time:85.4550s
B&B( 1491)	 172.000000	 19.000000	      -	 time:90.4670s
B&B( 1583)	 170.000000	 19.000000	      -	 time:95.5070s
B&B( 1668)	 167.000000	 19.000000	      -	 time:100.5620s
B&B( 1751)	 167.000000	 19.000000	      -	 time:105.5710s
B&B( 1835)	 166.000000	 19.000000	      -	 time:110.6090s
B&B( 1920)	 165.000000	 19.000000	      -	 time:115.6590s
B&B( 2000)	 164.000000	 19.000000	      -	 time:120.7020s
B&B( 2077)	 164.000000	 19.000000	      -	 time:125.7110s
B&B( 2157)	 163.000000	 19.000000	      -	 time:130.7230s
B&B( 2241)	 163.000000	 19.000000	      -	 time:135.7870s
B&B( 2321)	 162.000000	 19.000000	      -	 time:140.8080s
B&B( 2399)	 162.000000	 19.000000	      -	 time:145.8270s
B&B( 2480)	 162.000000	 19.000000	      -	 time:150.8480s
B&B( 2557)	 161.000000	 19.000000	      -	 time:155.8780s
B&B( 2639)	 161.000000	 19.000000	      -	 time:160.9130s
B&B( 2717)	 160.000000	 19.000000	      -	 time:165.9560s
B&B( 2804)	 160.000000	 19.000000	      -	 time:170.9920s
B&B( 2881)	 160.000000	 19.000000	      -	 time:175.9970s
B&B( 2958)	 159.000000	 19.000000	      -	 time:181.0040s
B&B( 3038)	 159.000000	 19.000000	      -	 time:186.0410s
B&B( 3113)	 159.000000	 19.000000	      -	 time:191.0670s
B&B( 3190)	 159.000000	 19.000000	      -	 time:196.0930s
B&B( 3267)	 159.000000	 19.000000	      -	 time:201.0940s
B&B( 3344)	 158.000000	 19.000000	      -	 time:206.1180s
B&B( 3420)	 158.000000	 19.000000	      -	 time:211.1610s
B&B( 3494)	 158.000000	 19.000000	      -	 time:216.1720s
B&B( 3573)	 158.000000	 19.000000	      -	 time:221.2220s
B&B( 3653)	 158.000000	 19.000000	      -	 time:226.2620s
B&B( 3730)	 157.000000	 19.000000	      -	 time:231.3040s
B&B( 3809)	 157.000000	 19.000000	      -	 time:236.3320s
B&B( 3887)	 157.000000	 19.000000	      -	 time:241.3790s
B&B( 3975)	 157.000000	 19.000000	      -	 time:246.3990s
B&B( 4057)	 157.000000	 19.000000	      -	 time:251.4300s
B&B( 4137)	 157.000000	 19.000000	      -	 time:256.4560s
B&B( 4216)	 157.000000	 19.000000	      -	 time:261.5060s
B&B( 4293)	 156.000000	 19.000000	      -	 time:266.5130s
B&B( 4371)	 156.000000	 19.000000	      -	 time:271.5520s
B&B( 4448)	 156.000000	 19.000000	      -	 time:276.6020s
B&B( 4523)	 156.000000	 19.000000	      -	 time:281.6170s
B&B( 4600)	 156.000000	 19.000000	      -	 time:286.6490s
B&B( 4675)	 156.000000	 19.000000	      -	 time:291.7010s
B&B( 4752)	 155.000000	 19.000000	      -	 time:296.7310s
B&B( 4835)	 155.000000	 19.000000	      -	 time:301.7750s
B&B( 4915)	 155.000000	 19.000000	      -	 time:306.7790s
B&B( 4996)	 155.000000	 19.000000	      -	 time:311.8310s
B&B( 5085)	 155.000000	 19.000000	      -	 time:316.8660s
B&B( 5168)	 155.000000	 19.000000	      -	 time:321.9130s
B&B( 5251)	 154.000000	 19.000000	      -	 time:326.9550s
B&B( 5332)	 154.000000	 19.000000	      -	 time:331.9820s
B&B( 5414)	 154.000000	 19.000000	      -	 time:337.0050s
B&B( 5500)	 154.000000	 19.000000	      -	 time:342.0130s
B&B( 5582)	 154.000000	 19.000000	      -	 time:347.0490s
B&B( 5666)	 154.000000	 19.000000	      -	 time:352.1010s
B&B( 5754)	 154.000000	 19.000000	      -	 time:357.1560s
B&B( 5839)	 153.000000	 19.000000	      -	 time:362.1630s
B&B( 5924)	 153.000000	 19.000000	      -	 time:367.2000s
B&B( 6012)	 153.000000	 19.000000	      -	 time:372.2250s
B&B( 6098)	 153.000000	 19.000000	      -	 time:377.2760s
B&B( 6184)	 153.000000	 19.000000	      -	 time:382.2890s
B&B( 6270)	 153.000000	 19.000000	      -	 time:387.3440s
B&B( 6357)	 153.000000	 19.000000	      -	 time:392.3890s
B&B( 6443)	 153.000000	 19.000000	      -	 time:397.4200s
B&B( 6529)	 153.000000	 19.000000	      -	 time:402.4580s
B&B( 6615)	 152.000000	 19.000000	      -	 time:407.4920s
B&B( 6701)	 152.000000	 19.000000	      -	 time:412.5170s
B&B( 6786)	 152.000000	 19.000000	      -	 time:417.5700s
B&B( 6871)	 152.000000	 19.000000	      -	 time:422.5930s
B&B( 6955)	 152.000000	 19.000000	      -	 time:427.6130s
B&B( 7042)	 152.000000	 19.000000	      -	 time:432.6710s
B&B( 7130)	 152.000000	 19.000000	      -	 time:437.6980s
B&B( 7216)	 152.000000	 19.000000	      -	 time:442.7420s
B&B( 7298)	 152.000000	 19.000000	      -	 time:447.7440s
B&B( 7388)	 151.000000	 19.000000	      -	 time:452.7620s
B&B( 7477)	 151.000000	 19.000000	      -	 time:457.7840s
B&B( 7566)	 151.000000	 19.000000	      -	 time:462.8330s
B&B( 7655)	 151.000000	 19.000000	      -	 time:467.8410s
B&B( 7742)	 151.000000	 19.000000	      -	 time:472.8690s
B&B( 7826)	 151.000000	 19.000000	      -	 time:477.9020s
B&B( 7910)	 151.000000	 19.000000	      -	 time:482.9390s
B&B( 7992)	 151.000000	 19.000000	      -	 time:487.9780s
B&B( 8077)	 151.000000	 19.000000	      -	 time:493.0350s
B&B( 8160)	 150.000000	 19.000000	      -	 time:498.0670s
B&B( 8245)	 150.000000	 19.000000	      -	 time:503.1240s
B&B( 8330)	 150.000000	 19.000000	      -	 time:508.1550s
B&B( 8411)	 150.000000	 19.000000	      -	 time:513.2020s
B&B( 8491)	 150.000000	 19.000000	      -	 time:518.2270s
B&B( 8573)	 150.000000	 19.000000	      -	 time:523.2730s
B&B( 8655)	 150.000000	 19.000000	      -	 time:528.3100s
B&B( 8737)	 150.000000	 19.000000	      -	 time:533.3650s
B&B( 8818)	 150.000000	 19.000000	      -	 time:538.3870s
B&B( 8898)	 150.000000	 19.000000	      -	 time:543.4280s
B&B( 8971)	 150.000000	 19.000000	      -	 time:548.4500s
B&B( 9048)	 150.000000	 19.000000	      -	 time:553.4900s
B&B( 9127)	 150.000000	 19.000000	      -	 time:558.5510s
B&B( 9210)	 150.000000	 19.000000	      -	 time:563.5700s
B&B( 9293)	 149.000000	 19.000000	      -	 time:568.6160s
B&B( 9380)	 149.000000	 19.000000	      -	 time:573.6650s
B&B( 9465)	 149.000000	 19.000000	      -	 time:578.7140s
B&B( 9552)	 149.000000	 19.000000	      -	 time:583.7580s
B&B( 9635)	 149.000000	 19.000000	      -	 time:588.7930s
B&B( 9716)	 149.000000	 19.000000	      -	 time:593.8020s
B&B( 9796)	 149.000000	 19.000000	      -	 time:598.8240s
B&B( 9878)	 149.000000	 19.000000	      -	 time:603.8680s
B&B( 9963)	 149.000000	 19.000000	      -	 time:608.8990s
B&B(10055)	 149.000000	 19.000000	      -	 time:613.9520s
B&B(10142)	 149.000000	 19.000000	      -	 time:618.9870s
B&B(10229)	 148.000000	 19.000000	      -	 time:623.9900s
B&B(10317)	 148.000000	 19.000000	      -	 time:629.0380s
B&B(10407)	 148.000000	 19.000000	      -	 time:634.0760s
B&B(10494)	 148.000000	 19.000000	      -	 time:639.1120s
B&B(10Command exited with non-zero status 124
	Command being timed: "/usr/bin/timeout 915 /home/fabio/CODD-NEWDom/cmake-build-release-ilyin/misp5 /home/fabio/CODD-NEWDom/data/misp/brock800_2.clq 64"
	User time (seconds): 913.86
	System time (seconds): 1.22
	Percent of CPU this job got: 99%
	Elapsed (wall clock) time (h:mm:ss or m:ss): 15:15.16
	Average shared text size (kbytes): 0
	Average unshared data size (kbytes): 0
	Average stack size (kbytes): 0
	Average total size (kbytes): 0
	Maximum resident set size (kbytes): 2433024
	Average resident set size (kbytes): 0
	Major (requiring I/O) page faults: 0
	Minor (reclaiming a frame) page faults: 611695
	Voluntary context switches: 4
	Involuntary context switches: 3363
	Swaps: 0
	File system inputs: 0
	File system outputs: 48
	Socket messages sent: 0
	Socket messages received: 0
	Signals delivered: 0
	Page size (bytes): 4096
	Exit status: 124

