COMMAND: /usr/bin/time -v /usr/bin/timeout 915 /home/fabio/CODD-NEWDom/cmake-build-release-ilyin/misp5 /home/fabio/CODD-NEWDom/data/misp/p_hat1000-1.clq 256
TOP=1000
B&B searching...
dual@root:1000
B&B Nodes          Dual	 Primal	 Gap(%)
----------------------------------------------
update in RO 5.000000

CHECKER is 1 SUM:5
TIME:535.000000
P TIGHTEN: 0.536000 <P:5.000000, D:1000.000000, INC:(58)[0 0 0 0 0 0 0 0 1 0 1 0 0 0 0 0 0 0 0 0 0 0 0 0 1 0 0 0 0 0 0 0 0 0 0 0 0 0 0 0 0 0 0 0 0 0 0 1 0 0 0 0 0 0 0 0 0 1 ]> 5.000000 5.000000 + 0.000000 #8540
update in RO 6.000000

CHECKER is 1 SUM:6
TIME:541.000000
P TIGHTEN: 0.542000 <P:6.000000, D:1000.000000, INC:(97)[0 0 0 0 0 0 0 0 0 0 0 0 0 0 0 1 0 0 0 0 0 0 0 0 0 0 0 0 1 0 0 0 0 0 1 0 0 1 0 0 0 0 0 0 0 0 0 0 0 0 0 0 0 0 0 0 0 0 0 0 0 0 0 0 0 0 0 0 0 0 0 0 0 0 0 0 0 1 0 0 0 0 0 0 0 0 0 0 0 0 0 0 0 0 0 0 1 ]> 6.000000 6.000000 + 0.000000 #18488
update in RO 7.000000

CHECKER is 1 SUM:7
TIME:553.000000
P TIGHTEN: 0.554000 <P:7.000000, D:1000.000000, INC:(164)[0 0 0 0 0 0 0 0 1 0 1 0 0 0 0 0 0 0 0 0 0 0 0 0 0 0 0 0 1 0 0 0 0 0 0 0 1 0 0 0 0 0 0 0 0 0 0 0 0 0 0 0 0 0 0 0 0 0 0 0 0 0 0 0 0 0 0 0 0 0 0 0 0 0 0 0 0 0 0 0 0 0 0 0 0 0 0 0 0 0 0 0 0 0 0 0 1 0 0 0 0 0 0 0 0 0 0 0 0 0 0 0 0 0 0 1 0 0 0 0 0 0 0 0 0 0 0 0 0 0 0 0 0 0 0 0 0 0 0 0 0 0 0 0 0 0 0 0 0 0 0 0 0 0 0 0 0 0 0 0 0 0 0 1 ]> 7.000000 7.000000 + 0.000000 #35635
update in RO 8.000000

CHECKER is 1 SUM:8
TIME:588.000000
P TIGHTEN: 0.589000 <P:8.000000, D:1000.000000, INC:(311)[0 0 0 0 0 0 0 0 0 0 0 1 0 0 0 0 0 0 0 0 0 0 0 0 0 0 1 0 1 0 0 0 0 0 1 0 0 0 0 0 0 0 0 0 0 0 0 0 0 0 0 0 0 0 0 0 0 0 0 0 0 0 0 0 0 0 0 0 0 0 0 0 0 0 0 0 0 1 0 0 0 0 0 0 0 0 0 0 0 0 0 1 0 0 0 0 0 0 0 0 0 0 0 0 0 0 0 0 0 0 0 0 0 0 0 0 0 0 0 0 0 0 0 0 0 0 0 0 0 0 0 0 0 0 0 0 0 0 0 0 0 0 0 0 0 0 0 0 0 0 0 0 0 0 0 0 0 0 0 0 0 0 0 0 0 0 0 0 0 0 1 0 0 0 0 0 0 0 0 0 0 0 0 0 0 0 0 0 0 0 0 0 0 0 0 0 0 0 0 0 0 0 0 0 0 0 0 0 0 0 0 0 0 0 0 0 0 0 0 0 0 0 0 0 0 0 0 0 0 0 0 0 0 0 0 0 0 0 0 0 0 0 0 0 0 0 0 0 0 0 0 0 0 0 0 0 0 0 0 0 0 0 0 0 0 0 0 0 0 0 0 0 0 0 0 0 0 0 0 0 0 0 0 0 0 0 0 0 0 0 0 0 0 0 0 0 0 0 0 0 0 0 0 0 0 0 0 0 0 0 1 ]> 8.000000 8.000000 + 0.000000 #71028
update in RO 9.000000

CHECKER is 1 SUM:9
TIME:605.000000
P TIGHTEN: 0.606000 <P:9.000000, D:1000.000000, INC:(394)[0 0 0 0 0 0 0 0 1 0 1 0 0 0 0 0 0 0 0 0 0 0 0 0 0 0 0 0 0 0 0 0 0 0 0 0 1 0 0 0 0 0 0 0 0 0 0 1 0 0 0 0 0 0 0 0 0 0 0 0 0 0 0 0 0 0 0 0 0 0 0 0 0 0 0 0 0 0 0 0 0 0 0 0 0 0 0 0 0 0 0 0 0 0 0 0 0 0 0 0 0 0 0 0 0 0 0 0 0 0 0 0 0 0 0 0 0 0 0 0 0 0 0 0 0 0 0 0 0 0 0 0 0 0 0 0 0 0 0 0 0 0 0 0 0 0 0 0 0 0 0 0 0 0 0 0 0 0 0 0 0 0 0 1 0 0 0 0 0 0 0 0 0 0 0 0 0 0 0 0 0 0 0 0 0 0 0 0 0 0 0 0 0 0 0 0 0 0 0 0 0 0 0 0 0 0 0 0 0 0 0 0 0 0 0 0 0 0 0 0 0 0 0 0 0 0 0 0 0 0 0 0 0 0 0 0 0 0 0 0 0 0 0 0 0 0 0 0 0 0 0 0 0 0 0 0 0 0 0 0 0 0 0 0 0 0 0 0 0 0 0 0 0 1 0 0 0 0 0 0 0 0 0 0 0 0 0 0 0 0 0 0 0 0 0 0 0 0 0 0 0 0 0 0 0 0 0 0 0 0 0 0 0 0 0 0 0 0 0 0 0 0 0 0 0 0 0 0 1 0 0 0 0 0 0 0 0 0 0 0 0 0 0 0 0 0 0 0 0 0 0 0 0 0 0 0 0 0 0 0 0 0 0 0 0 0 0 0 0 0 0 0 0 0 0 0 1 0 0 0 0 0 0 0 0 0 0 0 0 0 0 0 0 1 ]> 9.000000 9.000000 + 0.000000 #83987
update in RO 10.000000

CHECKER is 1 SUM:10
TIME:3066.000000
P TIGHTEN: 3.067000 <P:10.000000, D:67.000000, INC:(967)[0 0 0 0 0 0 0 0 0 0 0 0 0 0 0 0 1 0 0 1 0 0 0 0 0 0 0 0 0 0 0 0 0 0 0 0 0 0 0 0 0 0 0 0 0 0 0 0 0 0 0 0 0 0 0 0 0 0 0 0 0 0 0 0 0 0 0 0 0 0 0 0 0 0 0 0 0 0 0 0 0 0 0 0 0 0 0 0 0 0 0 0 0 0 0 0 0 0 0 0 0 0 0 0 0 0 0 0 0 0 0 0 0 0 0 0 0 0 0 0 0 0 0 0 0 0 0 0 0 0 0 0 0 0 0 0 0 0 0 0 0 0 0 0 0 0 0 0 0 0 0 0 0 0 0 0 0 0 0 0 0 0 0 0 0 0 0 0 0 0 0 0 0 0 0 0 0 0 0 0 0 0 0 0 0 0 0 0 0 0 0 0 0 0 0 0 0 0 0 0 0 0 0 0 0 0 0 0 0 0 0 0 0 0 0 0 0 0 0 0 0 0 0 0 0 0 0 0 0 0 0 0 0 0 0 0 0 0 0 0 0 0 0 0 0 0 0 0 1 0 0 0 0 0 0 0 0 0 0 0 0 0 0 0 0 0 0 0 0 0 0 0 0 0 0 0 0 0 0 0 0 0 0 0 0 0 1 0 0 0 0 0 0 0 0 0 0 0 0 0 0 0 0 0 0 0 0 0 0 0 0 0 0 0 0 0 0 0 0 0 0 0 0 0 0 0 0 0 0 0 0 0 0 0 0 0 0 0 0 0 0 0 0 0 0 0 0 0 0 0 0 0 0 0 0 0 0 0 0 0 0 0 0 0 0 0 0 0 0 0 0 0 0 0 0 0 0 0 0 0 0 0 0 0 0 0 0 0 0 0 0 0 0 0 0 0 0 0 0 0 0 0 0 0 0 0 0 0 0 0 0 0 0 0 0 0 0 0 0 0 0 0 0 0 0 0 0 0 0 0 0 0 0 0 0 0 0 0 0 0 0 0 0 0 0 0 0 0 0 0 0 0 0 0 0 0 0 0 0 0 0 0 0 0 0 0 0 0 0 0 0 0 0 0 0 0 0 0 0 0 0 0 0 0 0 0 0 0 0 0 0 0 0 0 0 0 0 0 0 0 0 0 0 0 0 0 0 0 0 0 0 0 0 0 0 0 0 0 0 0 0 0 0 0 0 0 0 0 0 0 0 0 0 0 0 0 0 0 0 0 0 0 0 0 0 0 0 0 0 0 0 0 0 0 0 0 0 0 0 0 0 0 0 0 0 1 0 0 0 0 0 0 0 0 0 0 0 0 0 0 0 0 0 0 0 0 0 0 0 0 0 0 0 0 0 0 0 0 0 0 0 0 0 0 0 0 0 0 0 0 0 0 0 0 0 0 0 0 0 0 0 0 0 0 0 0 0 0 0 0 0 0 0 0 0 0 0 0 0 0 0 0 0 1 0 0 0 0 0 0 0 0 0 0 0 0 0 0 0 0 0 0 0 0 0 0 0 0 1 0 0 0 0 0 0 0 0 0 0 0 0 0 0 0 0 0 0 0 0 0 0 0 0 0 0 0 0 0 0 0 0 0 0 0 0 0 0 0 0 0 0 0 0 0 0 0 0 0 1 0 0 0 0 0 0 0 0 0 0 0 0 0 0 0 0 0 0 0 0 0 0 0 0 0 0 0 0 0 0 0 0 0 0 0 0 0 0 0 0 0 0 0 0 0 0 0 0 0 0 0 0 0 0 0 0 0 0 0 0 0 0 0 0 0 0 0 0 0 0 0 0 0 0 0 0 0 0 0 0 0 0 0 0 0 0 0 0 0 0 0 0 0 0 0 0 0 0 0 0 0 0 0 0 0 0 0 0 0 0 0 0 0 0 0 0 0 0 0 0 0 0 0 0 0 0 0 0 0 0 0 0 0 0 0 0 0 0 0 0 0 0 0 0 0 0 0 0 0 0 0 0 1 0 0 0 0 0 0 0 0 0 0 0 0 0 0 0 0 0 0 0 0 0 0 0 0 0 0 0 0 0 0 0 0 0 0 0 0 0 0 0 0 0 0 0 0 0 0 0 0 0 0 0 0 0 0 0 0 0 0 0 0 0 0 0 0 0 0 0 0 0 0 0 0 0 0 0 0 0 0 0 0 0 0 0 0 0 0 0 0 0 0 0 0 0 0 1 ]> 10.000000 10.000000 + 0.000000 #103175
B&B(   28)	 67.000000	 10.000000	      -	 time:5.0250s
B&B(   70)	 67.000000	 10.000000	      -	 time:10.0570s
B&B(  126)	 64.000000	 10.000000	      -	 time:15.0630s
B&B(  148)	 64.000000	 10.000000	      -	 time:20.0970s
B&B(  203)	 63.000000	 10.000000	      -	 time:25.1170s
B&B(  226)	 62.000000	 10.000000	      -	 time:30.3310s
B&B(  261)	 62.000000	 10.000000	      -	 time:35.3430s
B&B(  349)	 60.000000	 10.000000	      -	 time:40.3860s
B&B(  372)	 60.000000	 10.000000	      -	 time:45.6010s
B&B(  467)	 58.000000	 10.000000	      -	 time:50.6210s
B&B(  498)	 58.000000	 10.000000	      -	 time:55.6880s
B&B(  602)	 55.000000	 10.000000	      -	 time:60.7580s
B&B(  692)	 54.000000	 10.000000	      -	 time:65.8890s
B&B(  805)	 52.000000	 10.000000	      -	 time:70.9270s
B&B(  862)	 51.000000	 10.000000	      -	 time:75.9960s
B&B(  993)	 49.000000	 10.000000	      -	 time:81.0950s
B&B( 1026)	 49.000000	 10.000000	      -	 time:86.1110s
B&B( 1179)	 47.000000	 10.000000	      -	 time:91.1560s
B&B( 1323)	 45.000000	 10.000000	      -	 time:96.3420s
B&B( 1494)	 43.000000	 10.000000	      -	 time:101.4670s
B&B( 1772)	 40.000000	 10.000000	      -	 time:106.4840s
B&B( 2080)	 37.000000	 10.000000	      -	 time:111.4890s
B&B( 3013)	 29.000000	 10.000000	      -	 time:116.4900s
B&B( 3518)	 27.000000	 10.000000	      -	 time:121.4910s
B&B( 3981)	 26.000000	 10.000000	      -	 time:126.5070s
B&B( 4426)	 26.000000	 10.000000	      -	 time:131.5200s
B&B( 5126)	 25.000000	 10.000000	      -	 time:136.6580s
B&B( 5760)	 24.000000	 10.000000	      -	 time:141.6800s
B&B( 6429)	 24.000000	 10.000000	      -	 time:146.8540s
B&B( 6963)	 24.000000	 10.000000	      -	 time:151.8600s
B&B( 7642)	 23.000000	 10.000000	      -	 time:156.8620s
B&B( 8449)	 22.000000	 10.000000	      -	 time:161.8750s
B&B( 9178)	 22.000000	 10.000000	      -	 time:167.1210s
B&B( 9925)	 22.000000	 10.000000	      -	 time:172.1220s
B&B(10835)	 21.000000	 10.000000	      -	 time:177.2800s
B&B(11823)	 21.000000	 10.000000	      -	 time:182.2810s
B&B(12661)	 21.000000	 10.000000	      -	 time:187.2980s
B&B(13569)	 21.000000	 10.000000	      -	 time:192.3560s
B&B(14380)	 20.000000	 10.000000	 100.0000%	 time:197.3620s
B&B(15540)	 20.000000	 10.000000	 100.0000%	 time:202.3790s
B&B(16519)	 20.000000	 10.000000	 100.0000%	 time:207.3860s
B&B(17347)	 20.000000	 10.000000	 100.0000%	 time:212.5350s
B&B(18591)	 20.000000	 10.000000	 100.0000%	 time:217.6130s
B&B(19758)	 19.000000	 10.000000	 90.0000%	 time:222.6170s
B&B(21229)	 19.000000	 10.000000	 90.0000%	 time:227.6180s
B&B(22349)	 19.000000	 10.000000	 90.0000%	 time:232.6290s
B&B(23771)	 19.000000	 10.000000	 90.0000%	 time:237.6340s
B&B(25030)	 19.000000	 10.000000	 90.0000%	 time:242.6360s
B&B(26740)	 18.000000	 10.000000	 80.0000%	 time:247.6380s
B&B(28578)	 18.000000	 10.000000	 80.0000%	 time:252.6470s
B&B(29910)	 18.000000	 10.000000	 80.0000%	 time:257.6780s
B&B(31097)	 18.000000	 10.000000	 80.0000%	 time:262.6830s
B&B(32547)	 18.000000	 10.000000	 80.0000%	 time:267.6980s
B&B(35470)	 17.000000	 10.000000	 70.0000%	 time:272.7040s
B&B(37422)	 17.000000	 10.000000	 70.0000%	 time:277.8330s
B&B(38974)	 17.000000	 10.000000	 70.0000%	 time:282.8340s
B&B(40698)	 17.000000	 10.000000	 70.0000%	 time:287.8890s
B&B(42277)	 17.000000	 10.000000	 70.0000%	 time:292.9190s
B&B(44212)	 16.000000	 10.000000	 60.0000%	 time:297.9220s
B&B(46407)	 16.000000	 10.000000	 60.0000%	 time:302.9230s
B&B(49845)	 16.000000	 10.000000	 60.0000%	 time:307.9290s
B&B(52329)	 16.000000	 10.000000	 60.0000%	 time:312.9450s
B&B(54326)	 16.000000	 10.000000	 60.0000%	 time:318.0500s
B&B(56559)	 16.000000	 10.000000	 60.0000%	 time:323.1280s
B&B(59488)	 15.000000	 10.000000	 50.0000%	 time:328.1330s
B&B(62549)	 15.000000	 10.000000	 50.0000%	 time:333.1370s
B&B(67743)	 15.000000	 10.000000	 50.0000%	 time:338.3150s
B&B(70142)	 15.000000	 10.000000	 50.0000%	 time:343.3910s
B&B(73017)	 15.000000	 10.000000	 50.0000%	 time:348.3930s
B&B(77795)	 14.000000	 10.000000	 40.0000%	 time:353.4820s
B&B(84275)	 14.000000	 10.000000	 40.0000%	 time:358.4830s
B&B(89950)	 14.000000	 10.000000	 40.0000%	 time:363.4840s
B&B(96866)	 13.000000	 10.000000	 30.0000%	 time:368.4860s
B&B(104392)	 13.000000	 10.000000	 30.0000%	 time:373.4950s
B&B(111258)	 13.000000	 10.000000	 30.0000%	 time:378.4970s
B&B(121266)	 12.000000	 10.000000	 20.0000%	 time:383.4980s
B&B(132470)	 12.000000	 10.000000	 20.0000%	 time:388.5000s
B&B(144744)	 12.000000	 10.000000	 20.0000%	 time:393.5010s
B&B(159583)	 11.000000	 10.000000	 10.0000%	 time:398.5020s
B&B(175600)	 11.000000	 10.000000	 10.0000%	 time:403.5070s
B&B(191442)	 11.000000	 10.000000	 10.0000%	 time:408.5090s
Done(256):10.0000000000000000	 #nodes:194121/194344	 P/D:0/0	 Time:3.0659999999999998/409.6940000000000168s	 LIM?:0	 Seen:0
	Command being timed: "/usr/bin/timeout 915 /home/fabio/CODD-NEWDom/cmake-build-release-ilyin/misp5 /home/fabio/CODD-NEWDom/data/misp/p_hat1000-1.clq 256"
	User time (seconds): 408.71
	System time (seconds): 1.11
	Percent of CPU this job got: 99%
	Elapsed (wall clock) time (h:mm:ss or m:ss): 6:49.86
	Average shared text size (kbytes): 0
	Average unshared data size (kbytes): 0
	Average stack size (kbytes): 0
	Average total size (kbytes): 0
	Maximum resident set size (kbytes): 1792792
	Average resident set size (kbytes): 0
	Major (requiring I/O) page faults: 0
	Minor (reclaiming a frame) page faults: 639317
	Voluntary context switches: 3
	Involuntary context switches: 1821
	Swaps: 0
	File system inputs: 0
	File system outputs: 32
	Socket messages sent: 0
	Socket messages received: 0
	Signals delivered: 0
	Page size (bytes): 4096
	Exit status: 0

