COMMAND: /usr/bin/time -v /usr/bin/timeout 915 /home/fabio/CODD-NEWDom/cmake-build-release-ilyin/misp5 /home/fabio/CODD-NEWDom/data/misp/brock800_3.clq 128
TOP=800
B&B searching...
dual@root:800
B&B Nodes          Dual	 Primal	 Gap(%)
----------------------------------------------
update in RO 14.000000

CHECKER is 1 SUM:14
TIME:235.000000
P TIGHTEN: 0.235000 <P:14.000000, D:800.000000, INC:(184)[0 0 0 0 0 0 1 1 0 1 1 0 0 0 0 0 1 0 0 0 1 0 0 0 0 0 1 0 0 0 0 0 0 0 0 0 0 0 0 0 1 0 0 0 0 0 0 0 0 0 0 0 0 0 0 0 0 0 0 0 0 0 0 0 0 0 0 0 0 0 0 0 0 1 0 0 0 0 0 0 0 0 0 0 0 0 0 0 0 0 0 0 0 0 1 0 0 0 0 0 0 0 0 0 0 0 0 0 0 0 0 0 0 0 0 0 0 0 0 0 0 1 0 0 0 0 0 0 0 0 0 0 0 0 1 0 0 0 0 0 0 0 0 0 1 0 0 0 0 0 0 0 0 0 0 0 0 0 0 0 0 0 0 0 0 0 0 0 0 0 0 0 0 0 0 0 0 0 0 0 0 0 0 1 ]> 14.000000 14.000000 + 0.000000 #22329
update in RO 15.000000

CHECKER is 1 SUM:15
TIME:241.000000
P TIGHTEN: 0.242000 <P:15.000000, D:800.000000, INC:(250)[0 1 0 0 1 0 0 0 1 0 0 0 0 0 0 1 0 1 0 0 0 0 1 1 0 0 0 0 0 0 0 0 0 0 0 0 0 0 0 0 1 0 0 0 0 0 1 0 0 0 0 0 0 0 0 0 0 0 0 0 0 0 0 0 0 0 0 0 0 0 0 0 0 0 0 0 1 0 0 0 0 0 0 0 0 0 0 0 0 0 0 0 0 0 0 0 0 0 0 0 0 0 0 0 0 0 0 0 0 0 0 0 0 0 0 0 0 0 0 0 0 0 0 0 0 0 0 0 0 0 0 0 0 0 0 0 0 0 0 0 0 0 0 0 0 0 0 0 0 0 0 0 0 0 0 0 0 0 0 0 0 0 0 0 1 0 0 1 0 0 0 0 0 0 0 0 0 0 0 0 0 0 0 0 0 0 0 0 0 0 0 0 0 0 0 0 0 0 0 1 0 0 1 0 0 0 0 0 0 0 0 0 0 0 0 0 0 0 0 0 0 0 0 0 0 0 0 0 0 0 0 0 0 0 0 0 0 0 0 0 0 0 0 1 0 0 0 0 0 0 ]> 15.000000 15.000000 + 0.000000 #30699
update in RO 16.000000

CHECKER is 1 SUM:16
TIME:241.000000
P TIGHTEN: 0.242000 <P:16.000000, D:800.000000, INC:(250)[0 1 0 0 1 0 0 0 1 0 0 0 0 0 0 1 0 1 0 0 0 0 1 1 0 0 0 0 0 0 0 0 0 0 0 0 0 0 0 0 1 0 0 0 0 0 1 0 0 0 0 0 0 0 0 0 0 0 0 0 0 0 0 0 0 0 0 0 0 0 0 0 0 0 0 0 1 0 0 0 0 0 0 0 0 0 0 0 0 0 0 0 0 0 0 0 0 0 0 0 0 0 0 0 0 0 0 0 0 0 0 0 0 0 0 0 0 0 0 0 0 0 0 0 0 0 0 0 0 0 0 0 0 0 0 0 0 0 0 0 0 0 0 0 0 0 0 0 0 0 0 0 0 0 0 0 0 0 0 0 0 0 0 0 1 0 0 1 0 0 0 0 0 0 0 0 0 0 0 0 0 0 0 0 0 0 0 0 0 0 0 0 0 0 0 0 0 0 0 1 0 0 1 0 0 0 0 0 0 0 0 0 0 0 0 0 0 0 0 0 0 0 0 0 0 0 0 0 0 0 0 0 0 0 0 0 0 0 0 0 0 0 0 1 0 0 0 0 0 1 ]> 16.000000 16.000000 + 0.000000 #30699
update in RO 17.000000

CHECKER is 1 SUM:17
TIME:248.000000
P TIGHTEN: 0.249000 <P:17.000000, D:800.000000, INC:(573)[0 1 0 0 1 0 0 0 1 0 0 0 0 0 0 1 0 1 0 0 0 0 1 1 0 0 0 0 0 0 0 0 0 0 0 0 0 0 0 0 1 0 0 0 0 0 1 0 0 0 0 0 0 0 0 0 0 0 0 0 0 0 0 0 0 0 0 0 0 0 0 0 0 0 0 0 1 0 0 0 0 0 0 0 0 0 0 0 0 0 0 0 0 0 0 0 0 0 0 0 0 0 0 0 0 0 0 0 0 0 0 0 0 0 0 0 0 0 0 0 0 0 0 0 0 0 0 0 0 0 0 0 0 0 0 0 0 0 0 0 0 0 0 0 0 0 0 0 0 0 0 0 0 0 0 0 0 0 0 0 0 0 0 0 1 0 0 0 0 0 0 0 0 0 0 0 0 0 0 0 0 0 0 0 0 0 0 0 0 0 0 0 0 0 0 0 0 0 0 1 0 0 0 0 0 0 0 0 0 0 0 0 0 0 0 0 0 0 0 0 0 0 0 0 0 0 0 0 0 0 0 0 0 0 0 0 0 0 0 0 0 0 0 1 0 0 0 0 0 0 0 0 0 0 0 0 0 0 0 0 0 0 0 0 0 0 0 0 0 0 0 0 0 0 0 0 0 0 0 0 0 0 0 0 0 0 0 0 0 0 0 0 0 0 0 0 0 0 0 0 0 0 0 0 0 0 0 0 0 0 0 0 0 0 0 0 0 0 0 0 0 0 0 0 0 0 0 0 0 0 0 0 0 0 0 0 0 0 0 0 0 0 0 0 0 0 0 0 0 0 0 0 0 0 0 0 0 0 0 0 0 0 0 0 0 0 0 0 0 0 0 0 0 0 0 0 0 0 0 0 0 0 0 0 0 0 0 0 0 0 0 0 0 0 0 0 0 0 0 0 0 0 0 0 0 0 0 0 0 0 0 0 0 0 0 0 0 0 0 0 0 0 0 0 0 0 0 0 0 0 0 0 0 0 0 0 0 0 0 0 1 0 0 0 0 0 0 0 0 0 0 0 0 0 0 0 0 0 0 0 0 0 0 0 0 0 0 0 1 0 0 0 0 0 0 0 0 0 0 0 0 0 0 0 0 0 0 0 0 0 0 0 0 0 0 0 0 0 0 0 0 0 0 0 0 0 0 0 0 0 0 0 0 0 1 0 0 0 0 0 0 0 0 0 0 0 0 0 0 0 0 0 0 0 0 0 0 0 0 0 0 0 0 0 0 0 0 0 0 0 0 0 0 0 0 0 0 0 0 0 0 0 0 0 0 0 0 0 0 0 0 0 1 ]> 17.000000 17.000000 + 0.000000 #36224
update in RO 18.000000

CHECKER is 1 SUM:18
TIME:248.000000
P TIGHTEN: 0.249000 <P:18.000000, D:800.000000, INC:(679)[0 1 0 0 1 0 0 0 1 0 0 0 0 0 0 1 0 1 1 0 0 0 1 0 0 0 0 1 0 0 0 0 0 0 0 0 0 0 0 0 1 0 0 0 0 0 0 0 0 0 0 0 0 0 0 0 0 0 0 0 0 0 0 0 0 0 0 0 0 0 0 0 0 0 0 0 0 0 0 0 0 0 0 0 0 0 0 0 0 0 0 0 0 0 0 0 0 0 0 0 0 0 0 0 0 0 0 0 0 0 0 0 0 0 0 0 0 0 0 0 0 0 0 0 0 0 0 0 0 0 0 1 0 0 0 0 0 0 0 0 1 0 0 0 0 0 0 0 0 0 0 0 0 0 0 0 0 0 0 0 0 0 0 0 0 0 0 0 0 0 0 0 0 0 0 0 0 0 0 0 0 0 0 0 0 0 0 0 0 0 0 0 0 0 0 0 0 0 0 0 0 0 0 0 0 0 0 0 0 0 0 0 0 0 0 0 0 0 0 0 0 0 0 0 0 0 0 0 0 0 0 0 0 0 0 0 0 0 0 0 0 0 0 0 0 0 0 0 0 0 0 0 0 0 0 0 0 0 0 0 0 0 0 0 0 0 0 0 0 0 0 0 0 0 0 0 0 0 0 0 0 0 0 0 0 0 0 0 0 0 0 0 0 0 0 0 0 0 0 0 0 0 0 0 0 0 0 0 0 0 0 0 0 0 0 0 0 1 0 0 0 0 0 0 0 0 0 0 0 0 0 0 0 0 0 0 0 0 0 0 0 0 0 0 0 0 0 0 0 0 0 0 0 0 1 0 0 0 0 0 0 0 0 0 0 0 0 0 0 0 0 0 0 0 0 0 0 0 0 0 0 0 0 0 0 0 0 0 0 0 0 0 0 0 0 0 0 0 0 0 0 0 0 0 0 0 0 0 0 0 0 0 0 0 0 0 0 0 0 0 0 0 0 0 0 0 0 0 0 0 0 0 0 0 0 0 0 0 0 0 1 0 0 0 0 0 0 0 0 0 0 0 0 0 0 0 0 0 0 0 0 0 0 0 0 0 0 0 0 0 0 0 0 0 0 0 0 0 0 0 0 0 0 0 0 0 0 0 0 0 0 0 0 0 0 0 0 0 0 0 0 0 0 0 0 0 0 0 0 0 0 0 0 0 0 0 0 0 0 0 0 0 0 0 0 0 0 0 0 0 0 0 0 0 0 0 0 0 0 0 0 0 0 0 0 0 0 0 0 0 0 0 0 0 0 0 0 0 0 0 0 0 0 0 0 0 0 0 0 0 0 0 1 0 0 0 0 0 0 0 0 0 0 0 0 0 0 0 0 0 0 0 0 0 0 0 0 0 0 0 0 0 0 0 0 0 0 0 0 0 0 0 0 0 0 0 0 0 0 0 0 0 0 0 0 0 0 0 0 0 0 0 0 0 0 0 0 0 0 0 0 1 0 0 1 0 0 0 0 0 0 0 0 0 0 0 0 0 0 0 0 0 0 0 0 0 0 0 0 0 0 0 0 0 0 0 0 0 1 ]> 18.000000 18.000000 + 0.000000 #36330
B&B(   39)	 219.000000	 18.000000	      -	 time:5.1130s
B&B(   81)	 218.000000	 18.000000	      -	 time:10.1780s
update in RO 19.0000

CHECKER is 1 SUM:19
TIME:12822.000000
P TIGHTEN: 12.823000 <P:19.000000, D:217.000000, INC:(599)[0 0 0 0 0 0 0 0 0 0 0 0 0 0 0 0 0 0 1 0 0 0 1 0 0 0 0 0 0 0 0 1 0 0 1 1 0 0 0 0 0 1 0 0 0 1 0 0 0 0 1 0 0 0 0 0 0 0 0 0 0 0 0 0 0 0 0 0 0 0 0 0 0 0 0 0 0 0 0 0 0 0 0 0 0 0 0 0 0 0 0 0 0 0 0 0 0 0 0 0 0 1 0 0 0 0 0 0 0 0 0 0 0 0 0 0 0 0 0 0 0 0 0 0 0 0 0 0 0 0 0 1 0 0 0 0 0 0 0 0 0 0 0 0 0 0 0 1 0 0 0 0 0 0 0 0 0 0 0 0 0 0 0 0 0 0 0 0 0 0 0 0 0 0 0 0 0 0 0 0 0 0 0 0 0 0 0 1 0 0 0 0 0 0 0 0 0 0 0 0 0 0 0 0 0 0 0 0 0 0 0 0 0 0 0 1 0 0 0 0 0 0 0 0 0 0 0 0 0 0 0 0 0 0 0 0 0 0 0 0 0 0 0 0 1 0 0 0 0 0 0 0 0 0 0 0 0 0 0 0 0 0 0 0 0 0 0 0 0 0 0 0 0 0 0 0 0 0 0 0 0 0 0 0 0 0 0 0 0 0 0 0 0 0 0 0 0 0 0 0 1 0 0 0 0 0 0 0 0 0 0 0 0 0 0 0 0 0 0 0 0 0 0 0 0 0 0 0 0 0 0 0 0 0 0 0 0 0 0 0 0 0 0 0 0 0 0 0 0 0 0 0 0 0 0 0 0 0 0 0 0 0 0 0 0 0 0 0 0 0 0 0 0 0 0 0 0 0 0 0 0 0 0 0 0 0 0 0 0 0 0 0 0 0 0 0 0 0 0 0 0 0 0 0 0 0 0 0 0 0 0 0 0 0 0 0 0 0 0 0 0 0 0 0 0 0 0 0 0 0 0 0 0 0 0 0 0 0 0 0 0 0 0 0 0 0 0 0 0 0 0 0 0 0 0 1 0 0 0 0 0 0 0 0 0 0 0 0 0 0 0 0 0 0 0 0 0 0 0 0 0 0 0 0 0 0 0 0 0 0 0 0 0 0 0 0 0 0 0 0 0 0 0 0 0 0 0 0 0 0 0 0 0 0 1 0 0 0 0 0 0 0 0 0 0 0 0 0 0 0 0 0 0 0 0 0 0 0 0 0 0 0 0 0 0 0 0 0 0 0 0 0 0 0 0 0 0 0 0 0 0 0 0 0 0 0 0 0 0 0 0 0 1 0 0 0 0 0 0 0 0 0 0 0 0 0 0 0 0 0 1 0 0 0 0 0 0 0 0 ]> 19.000000 19.000000 + 0.000000 #43227
update in RO 20.000000

CHECKER is 1 SUM:20
TIME:12822.000000
P TIGHTEN: 12.823000 <P:20.000000, D:217.000000, INC:(599)[0 0 0 0 0 0 0 0 0 0 0 0 0 0 0 0 0 0 1 0 0 0 1 0 0 0 0 0 0 0 0 1 0 0 1 1 0 0 0 0 0 1 0 0 0 1 0 0 0 0 1 0 0 0 0 0 0 0 0 0 0 0 0 0 0 0 0 0 0 0 0 0 0 0 0 0 0 0 0 0 0 0 0 0 0 0 0 0 0 0 0 0 0 0 0 0 0 0 0 0 0 1 0 0 0 0 0 0 0 0 0 0 0 0 0 0 0 0 0 0 0 0 0 0 0 0 0 0 0 0 0 1 0 0 0 0 0 0 0 0 0 0 0 0 0 0 0 1 0 0 0 0 0 0 0 0 0 0 0 0 0 0 0 0 0 0 0 0 0 0 0 0 0 0 0 0 0 0 0 0 0 0 0 0 0 0 0 1 0 0 0 0 0 0 0 0 0 0 0 0 0 0 0 0 0 0 0 0 0 0 0 0 0 0 0 1 0 0 0 0 0 0 0 0 0 0 0 0 0 0 0 0 0 0 0 0 0 0 0 0 0 0 0 0 1 0 0 0 0 0 0 0 0 0 0 0 0 0 0 0 0 0 0 0 0 0 0 0 0 0 0 0 0 0 0 0 0 0 0 0 0 0 0 0 0 0 0 0 0 0 0 0 0 0 0 0 0 0 0 0 1 0 0 0 0 0 0 0 0 0 0 0 0 0 0 0 0 0 0 0 0 0 0 0 0 0 0 0 0 0 0 0 0 0 0 0 0 0 0 0 0 0 0 0 0 0 0 0 0 0 0 0 0 0 0 0 0 0 0 0 0 0 0 0 0 0 0 0 0 0 0 0 0 0 0 0 0 0 0 0 0 0 0 0 0 0 0 0 0 0 0 0 0 0 0 0 0 0 0 0 0 0 0 0 0 0 0 0 0 0 0 0 0 0 0 0 0 0 0 0 0 0 0 0 0 0 0 0 0 0 0 0 0 0 0 0 0 0 0 0 0 0 0 0 0 0 0 0 0 0 0 0 0 0 0 1 0 0 0 0 0 0 0 0 0 0 0 0 0 0 0 0 0 0 0 0 0 0 0 0 0 0 0 0 0 0 0 0 0 0 0 0 0 0 0 0 0 0 0 0 0 0 0 0 0 0 0 0 0 0 0 0 0 0 1 0 0 0 0 0 0 0 0 0 0 0 0 0 0 0 0 0 0 0 0 0 0 0 0 0 0 0 0 0 0 0 0 0 0 0 0 0 0 0 0 0 0 0 0 0 0 0 0 0 0 0 0 0 0 0 0 0 1 0 0 0 0 0 0 0 0 0 0 0 0 0 0 0 0 0 1 0 0 0 0 0 0 0 1 ]> 20.000000 20.000000 + 0.000000 #43227
B&B(  122)	 217.000000	 20.000000	      -	 time:15.2020s
B&B(  166)	 216.000000	 20.000000	      -	 time:20.2200s
B&B(  210)	 212.000000	 20.000000	      -	 time:25.3190s
B&B(  255)	 212.000000	 20.000000	      -	 time:30.3880s
B&B(  299)	 211.000000	 20.000000	      -	 time:35.4880s
B&B(  344)	 210.000000	 20.000000	      -	 time:40.4890s
B&B(  389)	 206.000000	 20.000000	      -	 time:45.6150s
B&B(  433)	 206.000000	 20.000000	      -	 time:50.6190s
B&B(  479)	 204.000000	 20.000000	      -	 time:55.6560s
B&B(  524)	 204.000000	 20.000000	      -	 time:60.6710s
B&B(  570)	 203.000000	 20.000000	      -	 time:65.7510s
B&B(  616)	 201.000000	 20.000000	      -	 time:70.8160s
B&B(  662)	 200.000000	 20.000000	      -	 time:75.9300s
B&B(  709)	 200.000000	 20.000000	      -	 time:80.9540s
B&B(  756)	 197.000000	 20.000000	      -	 time:86.0050s
B&B(  802)	 196.000000	 20.000000	      -	 time:91.0840s
B&B(  849)	 194.000000	 20.000000	      -	 time:96.1550s
B&B(  897)	 193.000000	 20.000000	      -	 time:101.2600s
B&B(  944)	 190.000000	 20.000000	      -	 time:106.3040s
B&B(  990)	 190.000000	 20.000000	      -	 time:111.3060s
B&B( 1039)	 187.000000	 20.000000	      -	 time:116.3890s
B&B( 1087)	 186.000000	 20.000000	      -	 time:121.3920s
B&B( 1135)	 184.000000	 20.000000	      -	 time:126.4010s
B&B( 1184)	 184.000000	 20.000000	      -	 time:131.4820s
B&B( 1234)	 182.000000	 20.000000	      -	 time:136.5320s
B&B( 1284)	 182.000000	 20.000000	      -	 time:141.5680s
B&B( 1334)	 179.000000	 20.000000	      -	 time:146.6560s
B&B( 1384)	 177.000000	 20.000000	      -	 time:151.7200s
B&B( 1436)	 177.000000	 20.000000	      -	 time:156.7480s
B&B( 1487)	 175.000000	 20.000000	      -	 time:161.8360s
B&B( 1538)	 174.000000	 20.000000	      -	 time:166.8960s
B&B( 1590)	 172.000000	 20.000000	      -	 time:171.9830s
B&B( 1641)	 170.000000	 20.000000	      -	 time:176.9920s
B&B( 1692)	 169.000000	 20.000000	      -	 time:182.0070s
B&B( 1745)	 167.000000	 20.000000	      -	 time:187.0390s
B&B( 1797)	 166.000000	 20.000000	      -	 time:192.0540s
B&B( 1848)	 165.000000	 20.000000	      -	 time:197.0920s
B&B( 1898)	 163.000000	 20.000000	      -	 time:202.1050s
B&B( 1951)	 163.000000	 20.000000	      -	 time:207.1110s
B&B( 2005)	 162.000000	 20.000000	      -	 time:212.1960s
B&B( 2059)	 162.000000	 20.000000	      -	 time:217.2640s
B&B( 2110)	 159.000000	 20.000000	      -	 time:222.2760s
B&B( 2163)	 156.000000	 20.000000	      -	 time:227.3120s
B&B( 2219)	 155.000000	 20.000000	      -	 time:232.3790s
B&B( 2275)	 155.000000	 20.000000	      -	 time:237.4400s
B&B( 2332)	 153.000000	 20.000000	      -	 time:242.4530s
B&B( 2389)	 152.000000	 20.000000	      -	 time:247.5100s
B&B( 2446)	 151.000000	 20.000000	      -	 time:252.5310s
B&B( 2502)	 148.000000	 20.000000	      -	 time:257.6160s
B&B( 2560)	 148.000000	 20.000000	      -	 time:262.7160s
B&B( 2606)	 148.000000	 20.000000	      -	 time:267.8150s
B&B( 2660)	 147.000000	 20.000000	      -	 time:272.8520s
B&B( 2707)	 147.000000	 20.000000	      -	 time:277.9210s
B&B( 2753)	 147.000000	 20.000000	      -	 time:282.9680s
B&B( 2798)	 147.000000	 20.000000	      -	 time:288.0040s
B&B( 2848)	 146.000000	 20.000000	      -	 time:293.1070s
B&B( 2893)	 146.000000	 20.000000	      -	 time:298.1770s
B&B( 2939)	 146.000000	 20.000000	      -	 time:303.2020s
B&B( 2984)	 146.000000	 20.000000	      -	 time:308.2780s
B&B( 3032)	 145.000000	 20.000000	      -	 time:313.3380s
B&B( 3083)	 145.000000	 20.000000	      -	 time:318.3850s
B&B( 3141)	 145.000000	 20.000000	      -	 time:323.4930s
B&B( 3189)	 145.000000	 20.000000	      -	 time:328.5700s
B&B( 3235)	 145.000000	 20.000000	      -	 time:333.6520s
B&B( 3282)	 145.000000	 20.000000	      -	 time:338.7250s
B&B( 3332)	 144.000000	 20.000000	      -	 time:343.7440s
B&B( 3377)	 144.000000	 20.000000	      -	 time:348.7490s
B&B( 3422)	 144.000000	 20.000000	      -	 time:353.7650s
B&B( 3468)	 144.000000	 20.000000	      -	 time:358.8690s
B&B( 3517)	 143.000000	 20.000000	      -	 time:363.9140s
B&B( 3561)	 143.000000	 20.000000	      -	 time:368.9700s
B&B( 3605)	 143.000000	 20.000000	      -	 time:374.0490s
B&B( 3650)	 143.000000	 20.000000	      -	 time:379.0670s
B&B( 3695)	 143.000000	 20.000000	      -	 time:384.0790s
B&B( 3739)	 143.000000	 20.000000	      -	 time:389.1300s
B&B( 3783)	 143.000000	 20.000000	      -	 time:394.2330s
B&B( 3828)	 143.000000	 20.000000	      -	 time:399.3370s
B&B( 3874)	 143.000000	 20.000000	      -	 time:404.3640s
B&B( 3922)	 143.000000	 20.000000	      -	 time:409.4370s
B&B( 3968)	 142.000000	 20.000000	      -	 time:414.4720s
B&B( 4014)	 142.000000	 20.000000	      -	 time:419.5400s
B&B( 4063)	 142.000000	 20.000000	      -	 time:424.5590s
B&B( 4107)	 142.000000	 20.000000	      -	 time:429.5680s
B&B( 4154)	 142.000000	 20.000000	      -	 time:434.6400s
B&B( 4202)	 142.000000	 20.000000	      -	 time:439.7430s
B&B( 4248)	 142.000000	 20.000000	      -	 time:444.7880s
B&B( 4300)	 142.000000	 20.000000	      -	 time:449.8430s
B&B( 4356)	 142.000000	 20.000000	      -	 time:454.9340s
B&B( 4403)	 142.000000	 20.000000	      -	 time:460.0110s
B&B( 4449)	 142.000000	 20.000000	      -	 time:465.0780s
B&B( 4496)	 142.000000	 20.000000	      -	 time:470.1210s
B&B( 4543)	 142.000000	 20.000000	      -	 time:475.2160s
B&B( 4590)	 141.000000	 20.000000	      -	 time:480.2340s
B&B( 4636)	 141.000000	 20.000000	      -	 time:485.2440s
B&B( 4686)	 141.000000	 20.000000	      -	 time:490.3550s
B&B( 4732)	 141.000000	 20.000000	      -	 time:495.4150s
B&B( 4779)	 141.000000	 20.000000	      -	 time:500.4550s
B&B( 4827)	 141.000000	 20.000000	      -	 time:505.5160s
B&B( 4875)	 141.000000	 20.000000	      -	 time:510.6130s
B&B( 4921)	 141.000000	 20.000000	      -	 time:515.7070s
B&B( 4966)	 141.000000	 20.000000	      -	 time:520.7470s
B&B( 5012)	 141.000000	 20.000000	      -	 time:525.8270s
B&B( 5060)	 141.000000	 20.000000	      -	 time:530.8640s
B&B( 5108)	 140.000000	 20.000000	      -	 time:535.9030s
B&B( 5155)	 140.000000	 20.000000	      -	 time:540.9940s
B&B( 5203)	 140.000000	 20.000000	      -	 time:546.0250s
B&B( 5255)	 140.000000	 20.000000	      -	 time:551.1090s
B&B( 5309)	 140.000000	 20.000000	      -	 time:556.2220s
B&B( 5356)	 140.000000	 20.000000	      -	 time:561.2260s
B&B( 5402)	 140.000000	 20.000000	      -	 time:566.2380s
B&B( 5449)	 142.000000	 20.000000	      -	 time:571.3020s
B&B( 5496)	 141.000000	 20.000000	      -	 time:576.3910s
B&B( 5543)	 140.000000	 20.000000	      -	 time:581.4400s
B&B( 5589)	 140.000000	 20.000000	      -	 time:586.4820s
B&B( 5636)	 140.000000	 20.000000	      -	 time:591.5290s
B&B( 5682)	 140.000000	 20.000000	      -	 time:596.5480s
B&B( 5729)	 140.000000	 20.000000	      -	 time:601.5920s
B&B( 5775)	 140.000000	 20.000000	      -	 time:606.7020s
B&B( 5822)	 140.000000	 20.000000	      -	 time:611.7560s
B&B( 5871)	 140.000000	 20.000000	      -	 time:616.8660s
B&B( 5918)	 140.000000	 20.000000	      -	 time:621.8710s
B&B( 5964)	 139.000000	 20.000000	      -	 time:626.9770s
B&B( 6011)	 139.000000	 20.000000	      -	 time:632.0530s
B&B( 6058)	 139.000000	 20.000000	      -	 time:637.1470s
B&B( 6105)	 139.000000	 20.000000	      -	 time:642.2300s
B&B( 6157)	 139.000000	 20.000000	      -	 time:647.2970s
B&B( 6204)	 139.000000	 20.000000	      -	 time:652.4020s
B&B( 6250)	 139.000000	 20.000000	      -	 time:657.4620s
B&B( 6297)	 139.000000	 20.000000	      -	 time:662.5200s
B&B( 6345)	 139.000000	 20.000000	      -	 time:667.5210s
B&B( 6390)	 139.000000	 20.000000	      -	 time:672.5710s
B&B( 6438)	 139.000000	 20.000000	      -	 time:677.6490s
B&B( 6485)	 139.000000	 20.000000	      -	 time:682.7040s
B&B( 6530)	 139.000000	 20.000000	      -	 time:687.7090s
B&B( 6577)	 139.000000	 20.000000	      -	 time:692.7880s
B&B( 6622)	 139.000000	 20.000000	      -	 time:697.8810s
B&B( 6668)	 139.000000	 20.000000	      -	 time:702.9000s
B&B( 6713)	 139.000000	 20.000000	      -	 time:707.9570s
B&B( 6760)	 139.000000	 20.000000	      -	 time:713.0010s
B&B( 6806)	 139.000000	 20.000000	      -	 time:718.0680s
B&B( 6851)	 139.000000	 20.000000	      -	 time:723.0890s
B&B( 6897)	 138.000000	 20.000000	      -	 time:728.1420s
B&B( 6943)	 138.000000	 20.000000	      -	 time:733.2200s
B&B( 6991)	 138.000000	 20.000000	      -	 time:738.2540s
B&B( 7038)	 138.000000	 20.000000	      -	 time:743.3210s
B&B( 7085)	 138.000000	 20.000000	      -	 time:748.3290s
B&B( 7132)	 138.000000	 20.000000	      -	 time:753.3870s
B&B( 7178)	 138.000000	 20.000000	      -	 time:758.4200s
B&B( 7225)	 138.000000	 20.000000	      -	 time:763.4750s
B&B( 7271)	 138.000000	 20.000000	      -	 time:768.5050s
B&B( 7318)	 138.000000	 20.000000	      -	 time:773.5720s
B&B( 7365)	 138.000000	 20.000000	      -	 tCommand exited with non-zero status 124
	Command being timed: "/usr/bin/timeout 915 /home/fabio/CODD-NEWDom/cmake-build-release-ilyin/misp5 /home/fabio/CODD-NEWDom/data/misp/brock800_3.clq 128"
	User time (seconds): 913.55
	System time (seconds): 1.59
	Percent of CPU this job got: 99%
	Elapsed (wall clock) time (h:mm:ss or m:ss): 15:15.24
	Average shared text size (kbytes): 0
	Average unshared data size (kbytes): 0
	Average stack size (kbytes): 0
	Average total size (kbytes): 0
	Maximum resident set size (kbytes): 3154944
	Average resident set size (kbytes): 0
	Major (requiring I/O) page faults: 0
	Minor (reclaiming a frame) page faults: 792938
	Voluntary context switches: 4
	Involuntary context switches: 3628
	Swaps: 0
	File system inputs: 0
	File system outputs: 56
	Socket messages sent: 0
	Socket messages received: 0
	Signals delivered: 0
	Page size (bytes): 4096
	Exit status: 124

