COMMAND: /usr/bin/time -v /usr/bin/timeout 915 /home/fabio/CODD-NEWDom/cmake-build-release-ilyin/misp5 /home/fabio/CODD-NEWDom/data/misp/sanr400_0.5.clq 128
TOP=400
B&B searching...
dual@root:400
B&B Nodes          Dual	 Primal	 Gap(%)
----------------------------------------------
update in RO 6.000000

CHECKER is 1 SUM:6
TIME:64.000000
P TIGHTEN: 0.065000 <P:6.000000, D:400.000000, INC:(61)[1 1 0 0 0 0 0 1 0 0 0 0 0 0 0 0 0 0 0 1 0 0 0 0 0 1 0 0 0 0 0 0 0 0 0 0 0 0 0 0 1 0 0 0 0 0 0 0 0 0 0 0 0 0 0 0 0 0 0 0 0 ]> 6.000000 6.000000 + 0.000000 #6606
update in RO 7.000000

CHECKER is 1 SUM:7
TIME:64.000000
P TIGHTEN: 0.065000 <P:7.000000, D:400.000000, INC:(61)[1 1 0 0 0 0 0 1 0 0 0 0 0 0 0 0 0 0 0 1 0 0 0 0 0 1 0 0 0 0 0 0 0 0 0 0 0 0 0 0 1 0 0 0 0 0 0 0 0 0 0 0 0 0 0 0 0 0 0 0 1 ]> 7.000000 7.000000 + 0.000000 #6606
update in RO 8.000000

CHECKER is 1 SUM:8
TIME:65.000000
P TIGHTEN: 0.066000 <P:8.000000, D:400.000000, INC:(75)[0 1 0 0 0 1 0 1 0 0 0 0 0 0 0 0 0 0 1 0 0 0 0 0 0 1 0 0 0 0 0 0 0 0 0 0 0 0 0 0 1 0 0 1 0 0 0 0 0 0 0 0 0 0 0 0 0 0 0 0 0 0 0 0 0 0 0 0 0 0 0 0 0 0 1 ]> 8.000000 8.000000 + 0.000000 #8365
update in RO 9.000000

CHECKER is 1 SUM:9
TIME:67.000000
P TIGHTEN: 0.068000 <P:9.000000, D:400.000000, INC:(109)[0 0 0 1 0 0 0 0 1 0 0 1 0 0 0 0 0 0 0 1 0 0 0 0 0 0 0 1 0 0 0 1 0 0 0 0 0 0 0 0 0 0 0 0 0 0 0 1 0 0 0 0 0 0 0 0 0 0 0 0 0 0 0 0 0 0 0 0 0 0 0 0 0 0 0 0 0 0 0 0 1 0 0 0 0 0 0 0 0 0 0 0 0 0 0 0 0 0 0 0 0 0 0 0 1 0 0 0 0 ]> 9.000000 9.000000 + 0.000000 #12697
update in RO 10.000000

CHECKER is 1 SUM:10
TIME:68.000000
P TIGHTEN: 0.068000 <P:10.000000, D:400.000000, INC:(109)[0 0 0 1 0 0 0 0 1 0 0 1 0 0 0 0 0 0 0 1 0 0 0 0 0 0 0 1 0 0 0 1 0 0 0 0 0 0 0 0 0 0 0 0 0 0 0 1 0 0 0 0 0 0 0 0 0 0 0 0 0 0 0 0 0 0 0 0 0 0 0 0 0 0 0 0 0 0 0 0 1 0 0 0 0 0 0 0 0 0 0 0 0 0 0 0 0 0 0 0 0 0 0 0 1 0 0 0 1 ]> 10.000000 10.000000 + 0.000000 #12697
update in RO 11.000000

CHECKER is 1 SUM:11
TIME:69.000000
P TIGHTEN: 0.070000 <P:11.000000, D:400.000000, INC:(139)[0 0 0 1 0 0 0 0 1 0 0 1 0 0 0 0 0 0 0 1 0 0 0 0 0 0 0 1 0 0 0 1 0 0 0 0 0 0 0 0 0 0 0 0 0 0 0 1 0 0 0 0 0 0 0 0 0 0 0 0 0 0 0 0 0 0 0 1 0 0 0 0 0 0 0 0 0 0 0 0 1 0 0 0 0 0 0 0 0 0 0 0 0 0 0 0 0 0 0 0 0 0 0 0 0 0 0 0 1 0 0 0 0 0 0 0 0 0 0 0 0 0 0 0 0 0 0 0 0 0 0 0 0 0 0 0 0 0 1 ]> 11.000000 11.000000 + 0.000000 #14808
update in RO 12.000000

CHECKER is 1 SUM:12
TIME:272.000000
P TIGHTEN: 0.273000 <P:12.000000, D:71.000000, INC:(343)[0 0 0 0 0 0 1 0 0 0 0 0 0 0 0 0 0 0 0 0 0 0 0 1 0 0 0 0 1 0 0 0 0 0 0 1 0 0 0 0 0 0 0 0 0 1 0 0 0 0 0 0 0 0 0 0 0 0 0 0 0 0 0 0 0 0 0 1 0 0 0 0 0 0 0 0 0 0 0 0 0 0 0 0 0 0 0 0 0 0 0 0 0 0 0 0 0 0 0 0 0 0 0 0 0 0 0 0 0 0 0 0 0 0 0 0 0 0 0 0 0 0 0 0 0 0 0 0 0 0 0 0 0 0 0 0 0 0 0 0 0 0 0 0 0 0 0 0 0 0 0 0 0 0 0 0 0 0 0 0 0 0 0 0 0 0 0 0 0 0 0 0 0 0 0 0 1 0 0 0 0 0 0 0 0 0 0 0 0 0 0 1 0 0 0 0 0 0 0 0 0 0 0 0 0 0 0 0 0 0 0 0 0 0 0 0 0 0 0 0 0 0 0 0 0 0 0 0 0 0 0 0 0 0 0 0 0 0 0 0 0 0 0 0 0 0 0 0 0 0 0 0 0 0 0 0 0 0 0 0 0 0 0 0 0 0 0 0 0 0 0 0 0 0 0 0 0 0 0 0 0 0 0 0 0 0 0 0 0 0 0 0 0 0 0 0 0 1 0 0 0 0 0 0 0 0 0 0 0 0 0 0 0 0 0 1 0 0 0 0 0 0 1 0 0 0 0 0 0 0 0 0 0 0 0 0 0 0 0 0 0 0 1 ]> 12.000000 12.000000 + 0.000000 #23759
B&B(  132)	 65.000000	 12.000000	      -	 time:5.0350s
B&B(  297)	 60.000000	 12.000000	      -	 time:10.0590s
B&B(  664)	 49.000000	 12.000000	      -	 time:15.0770s
B&B( 1528)	 38.000000	 12.000000	      -	 time:20.0800s
B&B( 2112)	 35.000000	 12.000000	      -	 time:25.1070s
B&B( 2766)	 34.000000	 12.000000	      -	 time:30.1290s
B&B( 3428)	 34.000000	 12.000000	      -	 time:35.1340s
B&B( 4026)	 33.000000	 12.000000	      -	 time:40.1410s
B&B( 4807)	 33.000000	 12.000000	      -	 time:45.1430s
B&B( 5525)	 32.000000	 12.000000	      -	 time:50.1470s
B&B( 6448)	 31.000000	 12.000000	      -	 time:55.1710s
B&B( 7307)	 31.000000	 12.000000	      -	 time:60.1740s
B&B( 8416)	 30.000000	 12.000000	      -	 time:65.1760s
B&B( 9691)	 30.000000	 12.000000	      -	 time:70.1780s
update in RO 13.0000

CHECKER is 1 SUM:13
TIME:71090.000000
P TIGHTEN: 71.091000 <P:13.000000, D:29.000000, INC:(343)[0 0 0 0 0 0 0 0 0 0 0 0 0 0 0 0 0 0 0 0 0 0 0 0 0 0 0 0 0 0 0 0 0 0 0 0 0 0 0 0 0 0 0 0 0 0 0 0 0 0 0 0 0 0 0 0 0 0 0 0 0 0 0 1 0 0 0 0 0 0 0 0 0 0 0 0 0 0 0 0 0 0 0 0 0 0 0 0 0 0 0 0 0 0 0 0 0 0 0 0 0 0 0 0 0 0 0 0 0 0 0 0 0 0 0 0 0 0 0 0 0 0 0 0 0 0 0 0 1 0 0 0 0 1 0 0 0 0 0 0 0 1 0 0 0 0 0 0 0 0 0 0 0 0 0 0 0 0 0 0 0 0 0 0 0 0 0 0 0 0 0 0 0 0 0 0 0 0 0 0 0 0 1 0 0 0 0 0 0 0 0 0 0 0 0 0 0 0 0 0 0 0 0 0 0 0 0 0 0 0 0 0 0 0 0 0 0 0 0 0 0 0 0 0 0 0 0 0 0 0 0 0 0 0 0 0 0 0 0 0 0 0 0 0 0 0 0 1 0 0 0 0 0 0 0 0 0 0 0 0 0 0 0 0 0 0 0 0 1 0 0 0 1 0 0 0 0 0 0 0 0 0 0 0 0 1 0 0 0 0 0 0 0 0 0 0 0 0 0 1 0 0 0 1 0 0 0 0 0 0 0 0 0 0 0 0 0 1 0 0 0 0 0 0 0 0 0 0 0 0 0 0 0 0 0 0 0 0 0 0 0 0 1 ]> 13.000000 13.000000 + 0.000000 #16366
B&B(11729)	 29.000000	 13.000000	      -	 time:75.1870s
B&B(14505)	 28.000000	 13.000000	      -	 time:80.1970s
B&B(17775)	 27.000000	 13.000000	      -	 time:85.2000s
B&B(22551)	 25.000000	 13.000000	 92.3077%	 time:90.2270s
B&B(28075)	 24.000000	 13.000000	 84.6154%	 time:95.2320s
B&B(34854)	 23.000000	 13.000000	 76.9231%	 time:100.2340s
B&B(43346)	 21.000000	 13.000000	 61.5385%	 time:105.2350s
B&B(54177)	 20.000000	 13.000000	 53.8462%	 time:110.2520s
B&B(66490)	 19.000000	 13.000000	 46.1538%	 time:115.2630s
B&B(82645)	 18.000000	 13.000000	 38.4615%	 time:120.2640s
B&B(105626)	 17.000000	 13.000000	 30.7692%	 time:125.2650s
B&B(134266)	 16.000000	 13.000000	 23.0769%	 time:130.2660s
B&B(170733)	 15.000000	 13.000000	 15.3846%	 time:135.2680s
B&B(215558)	 14.000000	 13.000000	 7.6923%	 time:140.2690s
B&B(264867)	 14.000000	 13.000000	 7.6923%	 time:145.2700s
Done(128):13.0000000000000000	 #nodes:272851/336201	 P/D:0/0	 Time:71.0900000000000034/146.0389999999999873s	 LIM?:0	 Seen:0
	Command being timed: "/usr/bin/timeout 915 /home/fabio/CODD-NEWDom/cmake-build-release-ilyin/misp5 /home/fabio/CODD-NEWDom/data/misp/sanr400_0.5.clq 128"
	User time (seconds): 145.80
	System time (seconds): 0.27
	Percent of CPU this job got: 99%
	Elapsed (wall clock) time (h:mm:ss or m:ss): 2:26.09
	Average shared text size (kbytes): 0
	Average unshared data size (kbytes): 0
	Average stack size (kbytes): 0
	Average total size (kbytes): 0
	Maximum resident set size (kbytes): 545280
	Average resident set size (kbytes): 0
	Major (requiring I/O) page faults: 0
	Minor (reclaiming a frame) page faults: 137184
	Voluntary context switches: 3
	Involuntary context switches: 567
	Swaps: 0
	File system inputs: 0
	File system outputs: 24
	Socket messages sent: 0
	Socket messages received: 0
	Signals delivered: 0
	Page size (bytes): 4096
	Exit status: 0

