COMMAND: /usr/bin/time -v /usr/bin/timeout 915 /home/fabio/CODD-NEWDom/cmake-build-release-ilyin/misp5 /home/fabio/CODD-NEWDom/data/misp/p_hat1500-1.clq 128
TOP=1500
B&B searching...
dual@root:1500
B&B Nodes          Dual	 Primal	 Gap(%)
----------------------------------------------
update in RO 7.000000

CHECKER is 1 SUM:7
TIME:575.000000
P TIGHTEN: 0.575000 <P:7.000000, D:1500.000000, INC:(143)[0 0 0 0 1 0 0 0 0 0 1 0 0 0 0 0 0 0 0 1 0 0 0 0 0 0 0 0 0 0 1 0 0 0 0 0 0 0 0 0 0 0 0 0 0 0 0 0 0 0 0 0 0 0 0 0 0 0 0 0 0 0 0 0 0 0 0 0 0 0 0 1 0 0 0 0 0 0 0 0 0 0 0 0 0 0 0 0 0 0 0 0 0 0 0 0 0 0 0 0 0 0 0 0 0 0 0 0 0 0 0 0 0 0 0 0 0 0 0 0 0 0 0 0 0 0 0 0 0 0 1 0 0 0 0 0 0 0 0 0 0 0 1 ]> 7.000000 7.000000 + 0.000000 #16448
update in RO 8.000000

CHECKER is 1 SUM:8
TIME:595.000000
P TIGHTEN: 0.596000 <P:8.000000, D:1500.000000, INC:(304)[0 1 0 0 0 0 0 0 0 1 1 0 0 0 0 0 0 0 0 0 0 0 0 0 0 0 0 0 0 0 0 0 0 0 0 0 0 0 0 0 0 0 0 0 0 0 0 0 0 0 0 0 0 0 0 1 0 0 0 0 0 0 0 0 0 0 0 0 0 0 0 0 0 0 0 0 0 0 0 0 0 0 0 0 0 0 0 0 0 0 0 0 0 0 0 0 0 0 0 0 0 0 0 0 0 0 0 0 0 0 0 1 0 0 0 0 0 0 0 0 0 0 0 0 0 0 0 0 0 0 0 0 0 0 0 0 0 0 0 0 0 0 0 0 0 0 0 0 0 0 0 0 0 0 0 0 0 0 0 0 0 0 0 0 0 0 0 0 0 0 0 0 0 0 0 0 0 0 0 0 0 0 0 0 0 0 0 0 0 0 0 0 0 0 0 0 0 0 0 0 0 0 0 0 0 0 0 0 0 0 0 0 0 1 0 0 0 0 0 0 0 0 0 0 0 0 0 0 0 0 0 0 0 0 0 0 0 0 0 1 0 0 0 0 0 0 0 0 0 0 0 0 0 0 0 0 0 0 0 0 0 0 0 0 0 0 0 0 0 0 0 0 0 0 0 0 0 0 0 0 0 0 0 0 0 0 0 0 0 0 0 0 0 0 0 0 0 0 0 0 0 0 0 1 ]> 8.000000 8.000000 + 0.000000 #36800
update in RO 9.000000

CHECKER is 1 SUM:9
TIME:686.000000
P TIGHTEN: 0.686000 <P:9.000000, D:1500.000000, INC:(818)[0 0 0 0 0 0 0 0 0 0 0 1 1 0 0 0 0 0 0 0 0 0 0 0 0 1 0 0 0 1 0 0 0 0 0 0 0 0 0 0 0 0 0 0 0 0 0 0 0 0 0 0 0 0 0 0 0 0 0 0 0 0 0 0 0 0 0 0 0 0 0 0 0 0 0 0 0 0 0 0 0 0 0 0 0 0 0 0 0 0 0 0 0 0 0 0 0 0 0 0 0 0 0 0 0 0 0 0 0 0 0 0 0 0 0 0 0 0 0 0 0 0 0 0 1 0 0 0 0 0 0 0 0 0 0 0 0 0 0 0 0 0 0 0 0 0 0 0 0 0 0 0 0 0 0 0 0 0 0 0 0 0 0 0 0 0 0 0 0 0 0 0 0 0 0 0 0 0 0 0 0 0 0 0 0 0 0 0 0 0 0 0 0 0 0 0 0 0 0 0 0 0 0 0 0 0 0 0 0 0 0 0 0 0 0 0 0 0 0 0 0 0 0 0 0 0 0 0 0 0 0 0 0 0 0 0 0 0 0 0 0 0 0 0 0 0 0 0 0 0 0 0 0 0 0 0 0 0 0 0 0 0 0 0 0 0 0 0 0 0 0 0 0 0 0 0 0 0 0 0 0 0 0 0 0 0 0 0 0 0 0 0 0 0 0 0 0 0 0 0 0 0 0 0 0 0 0 0 0 0 0 0 0 0 0 0 0 0 0 0 0 0 0 0 0 0 0 0 0 0 0 0 0 0 1 0 0 0 0 0 0 0 0 0 0 0 0 0 0 0 0 0 0 0 0 0 0 0 0 0 0 0 0 0 0 0 0 0 0 0 0 0 0 0 0 0 0 0 0 0 0 0 0 0 0 0 0 0 0 0 0 0 0 0 0 0 0 0 0 0 0 0 0 0 0 0 0 0 0 0 0 0 0 0 0 0 0 0 0 0 0 0 0 0 0 0 0 0 0 0 0 0 0 0 0 0 0 0 0 0 0 0 0 0 0 0 0 0 0 0 0 0 0 0 0 0 0 0 0 0 0 0 0 0 0 0 0 0 0 0 0 0 0 0 0 0 0 0 0 0 0 0 0 0 0 0 0 0 0 0 0 0 0 0 0 0 0 0 0 0 0 0 0 0 0 0 0 0 0 0 0 0 0 0 0 0 0 0 0 0 0 0 0 0 0 0 0 0 0 0 0 0 0 0 0 0 0 0 0 0 0 0 0 0 0 0 0 0 0 0 0 0 0 0 1 0 0 0 0 0 1 0 0 0 0 0 0 0 0 0 0 0 0 0 0 0 0 0 0 0 0 0 0 0 0 0 0 0 0 0 0 0 0 0 0 0 0 0 0 0 0 0 0 0 0 0 0 0 0 0 0 0 0 0 0 0 0 0 0 0 0 0 0 0 0 0 0 0 0 0 0 0 0 0 0 0 0 0 0 0 0 0 0 0 0 0 0 0 0 0 0 0 0 0 0 0 0 0 0 0 0 0 0 0 0 0 0 0 0 0 0 0 0 0 0 0 0 0 0 0 0 0 0 0 0 0 0 0 0 0 0 0 0 0 0 0 0 0 0 0 0 0 0 0 0 0 0 0 0 0 0 0 0 0 0 0 0 0 0 0 0 0 0 0 0 0 0 0 0 0 0 0 0 0 0 0 0 0 0 0 0 0 0 0 0 0 0 0 0 0 0 0 0 0 0 0 0 0 0 0 0 0 0 0 0 0 0 0 0 0 0 0 0 0 0 0 0 0 0 0 0 0 0 0 0 0 0 0 0 0 0 0 0 0 0 0 0 0 0 0 0 0 0 0 0 0 0 0 0 0 0 0 0 0 0 0 0 1 ]> 9.000000 9.000000 + 0.000000 #85560
update in RO 10.000000

CHECKER is 1 SUM:10
TIME:705.000000
P TIGHTEN: 0.705000 <P:10.000000, D:1500.000000, INC:(1416)[1 0 0 0 0 0 0 0 0 0 0 0 0 0 0 0 0 0 1 0 0 0 0 0 0 1 0 0 0 0 1 0 0 0 0 0 0 0 0 0 0 0 0 0 0 0 0 0 0 0 0 0 0 0 0 0 0 0 0 0 0 0 0 0 0 0 0 0 0 0 0 0 0 0 0 0 0 0 0 0 0 0 0 0 0 0 0 0 0 0 0 0 0 0 0 0 0 0 0 0 0 0 0 0 0 0 0 0 0 0 0 0 0 0 0 0 0 0 0 0 0 0 0 0 0 0 0 0 0 0 1 0 0 0 0 0 0 0 0 0 0 0 0 0 0 0 0 0 0 0 0 0 0 0 0 0 0 0 0 0 0 0 0 0 0 0 0 0 0 0 0 0 0 0 0 0 0 0 0 0 0 0 0 0 0 0 0 0 0 0 0 0 0 0 0 0 0 0 0 0 0 0 0 0 0 0 0 0 0 0 0 0 0 0 0 0 0 0 0 0 0 0 0 0 0 0 0 0 0 0 0 0 0 0 0 0 0 0 0 0 0 0 0 0 0 0 0 0 0 0 0 0 0 0 0 0 0 0 0 0 0 0 0 0 0 0 0 0 0 0 0 0 0 0 0 0 0 0 0 0 0 0 0 0 0 0 0 0 1 0 0 0 0 0 0 0 0 0 0 0 0 0 0 0 0 0 0 0 0 0 0 0 0 0 0 0 0 0 0 0 0 0 0 0 0 0 0 0 0 0 0 0 0 0 0 0 0 0 0 0 0 0 1 0 0 0 0 0 0 0 0 0 0 0 0 0 0 0 0 0 0 0 0 0 0 0 0 0 0 0 0 0 0 0 0 0 0 0 0 0 0 0 0 0 0 0 0 0 0 0 0 0 0 0 0 0 0 0 0 0 0 0 0 0 0 0 0 0 0 0 0 0 0 0 0 0 0 0 0 0 0 0 0 0 0 0 0 0 0 0 0 0 0 0 0 0 0 0 0 0 0 0 0 0 0 0 0 0 0 0 0 0 0 0 0 0 0 0 0 0 0 0 0 0 0 0 0 0 0 0 0 0 0 0 0 0 0 0 0 0 0 0 0 0 0 0 0 0 0 0 0 0 0 0 0 0 0 0 0 0 0 0 0 0 0 0 0 0 0 0 0 0 0 0 0 0 0 0 0 0 0 0 0 0 0 0 0 0 0 0 0 0 0 0 0 0 0 0 0 0 0 0 0 0 0 0 0 0 0 0 0 0 0 0 0 0 0 0 0 0 0 0 0 0 0 0 0 0 0 0 0 0 0 0 0 0 0 0 0 0 0 0 0 0 0 0 0 0 0 0 0 0 0 0 0 0 0 0 0 0 0 0 0 0 0 0 0 0 0 0 0 0 0 0 0 0 0 0 0 0 0 0 0 0 0 0 0 0 0 0 0 0 0 0 0 0 0 0 0 0 0 0 0 0 0 0 0 0 0 0 0 0 0 0 0 0 0 0 0 0 0 0 0 0 0 0 0 0 0 0 0 0 0 0 0 0 0 0 0 0 0 0 0 0 0 0 0 0 0 0 0 0 0 0 0 0 0 0 0 0 0 0 0 0 0 0 0 0 0 0 0 0 0 0 0 0 0 0 0 0 0 0 0 0 0 0 0 0 0 0 0 0 0 0 0 0 0 0 0 0 0 0 0 0 0 0 0 0 0 0 0 0 0 0 0 0 0 0 0 0 0 0 0 0 0 0 0 0 0 0 0 0 0 0 0 0 0 0 0 0 0 0 0 0 0 0 0 0 0 0 0 0 0 0 0 0 0 0 0 0 0 0 0 0 0 0 0 0 0 0 1 0 0 0 0 0 0 0 0 0 0 0 0 0 0 0 0 0 0 0 0 0 0 0 0 0 0 0 0 0 0 0 0 0 0 0 0 0 0 0 0 0 0 0 0 0 0 0 0 0 0 0 0 1 0 0 0 0 0 0 0 0 0 0 0 0 0 0 0 0 0 0 0 0 0 0 0 0 0 0 0 0 0 0 0 0 0 0 0 0 0 0 0 0 0 0 0 0 0 0 0 0 0 0 0 0 0 0 0 0 0 0 0 0 0 0 0 0 0 0 0 0 0 0 0 0 0 0 0 0 0 0 0 0 0 0 0 0 0 0 0 0 0 0 0 0 0 0 0 0 0 0 0 0 0 0 0 0 0 0 0 0 0 0 0 0 0 0 0 0 0 0 0 0 0 0 0 0 0 0 0 0 0 0 0 0 0 0 0 0 0 0 0 0 0 0 0 0 0 0 0 0 0 0 0 0 0 0 0 0 0 0 0 0 0 0 0 0 0 0 0 0 0 0 0 0 0 0 0 0 0 0 0 0 0 0 0 0 0 0 0 0 0 0 0 0 0 0 0 0 0 0 0 0 0 0 0 0 0 0 0 0 0 0 0 0 0 0 0 0 0 0 0 0 0 0 0 0 0 0 0 0 0 0 0 0 0 0 0 0 0 0 0 0 0 0 0 0 0 0 0 0 0 0 0 0 0 0 0 0 0 0 0 0 0 0 0 0 0 0 0 0 0 0 0 0 0 0 0 0 0 0 0 0 0 0 0 0 0 0 0 0 0 0 0 0 0 0 0 0 0 0 0 0 0 0 0 0 0 0 0 0 0 0 0 0 0 0 0 0 0 0 0 0 0 0 0 0 0 0 0 0 0 0 0 0 0 0 0 0 0 0 0 0 0 0 0 0 0 0 0 0 0 0 0 0 0 0 0 0 0 0 0 0 0 0 0 0 0 0 0 0 0 0 0 0 0 0 0 0 0 0 0 0 0 0 0 0 0 0 0 0 0 0 0 0 0 0 0 0 0 0 0 0 0 0 0 0 0 0 0 0 0 0 0 0 0 0 0 0 0 0 0 0 0 0 0 0 0 0 0 0 0 0 0 0 0 0 0 0 0 0 0 0 0 0 0 0 0 0 0 0 0 0 0 0 0 0 0 0 0 0 0 0 0 0 0 0 0 0 0 0 0 0 0 0 0 0 0 0 0 0 0 0 0 0 0 0 0 0 0 0 0 0 0 0 0 0 0 0 0 0 0 0 0 0 0 0 0 0 0 0 0 0 0 0 0 0 0 0 0 0 0 0 0 0 0 0 0 0 0 0 0 0 0 0 0 0 0 0 0 0 0 0 0 0 0 0 0 0 0 0 0 0 0 1 ]> 10.000000 10.000000 + 0.000000 #92500
update in RO 11.000000

CHECKER is 1 SUM:11
TIME:5040.000000
P TIGHTEN: 5.041000 <P:11.000000, D:132.000000, INC:(1135)[0 0 0 0 0 0 0 0 0 0 0 0 0 0 0 0 0 0 0 1 0 0 0 0 0 0 0 0 0 0 0 0 0 0 0 0 0 0 0 0 0 0 1 0 1 0 0 0 0 0 0 0 0 0 0 0 0 0 0 0 0 0 0 0 0 0 0 0 0 0 0 1 0 0 0 0 0 0 0 0 0 0 0 0 0 0 0 0 0 0 0 0 0 0 0 0 0 0 0 0 0 0 0 0 0 0 0 0 0 0 0 0 0 0 0 0 0 0 0 0 0 0 0 0 0 0 0 0 0 0 0 0 0 0 0 0 0 0 0 0 0 0 0 0 0 0 0 0 0 0 0 0 0 0 0 0 0 0 0 0 0 0 0 0 0 0 0 0 0 0 0 0 0 0 0 0 0 0 0 0 0 0 0 0 0 0 0 0 0 0 0 0 0 0 0 0 0 0 0 0 0 0 0 0 0 0 0 0 0 0 0 0 0 0 0 0 0 0 0 0 0 0 0 0 0 0 0 0 0 0 0 0 0 0 0 0 0 0 0 0 0 0 0 0 0 0 0 0 0 0 0 0 0 0 0 0 0 0 0 0 0 0 0 0 0 0 0 0 0 0 0 0 0 0 0 0 0 0 0 0 0 0 0 0 0 0 0 0 0 0 0 0 0 0 0 0 0 0 0 0 0 0 0 0 0 0 0 0 0 0 0 0 0 0 0 0 0 0 0 0 0 0 0 0 0 0 0 0 0 0 0 0 0 0 0 0 0 0 0 0 0 0 0 0 0 0 0 0 0 0 0 0 0 0 0 0 0 1 0 0 0 0 0 0 0 0 0 0 0 0 0 0 0 0 0 0 0 0 0 0 0 0 0 0 0 0 0 0 0 0 0 0 0 0 0 0 0 0 0 0 0 0 0 0 0 0 0 0 0 0 0 0 0 0 0 0 0 0 0 0 0 0 0 0 0 0 0 0 0 0 0 0 0 0 0 0 0 0 0 0 0 0 0 0 0 0 0 0 0 0 0 0 0 0 0 0 0 0 0 0 0 0 0 0 0 0 0 0 0 0 0 0 0 0 0 0 0 0 0 0 0 0 0 0 0 0 0 0 0 0 0 0 0 0 0 0 0 0 0 0 0 0 0 0 0 0 0 0 0 0 0 0 0 0 0 0 0 0 0 0 0 0 0 0 0 0 0 0 0 0 0 0 0 0 0 0 0 0 0 0 0 0 0 0 0 0 0 0 1 0 0 0 0 0 0 0 0 0 0 0 0 0 0 0 0 0 0 0 0 0 0 0 0 0 0 0 0 0 0 0 0 0 0 0 0 0 0 0 0 0 0 0 0 0 0 0 0 0 0 0 0 0 0 0 0 0 0 0 0 0 0 0 0 0 0 0 0 0 0 0 0 0 0 0 0 0 0 0 0 0 0 0 0 0 0 0 0 0 0 0 0 0 0 0 0 0 0 0 0 0 0 0 0 0 0 0 0 0 0 0 0 0 0 0 0 0 0 0 0 0 0 0 0 0 0 0 0 0 0 0 0 0 0 0 0 0 0 0 0 0 0 0 0 0 0 0 0 0 0 0 0 0 0 0 0 0 0 0 0 0 0 0 0 0 0 0 0 0 1 0 0 0 0 0 0 0 0 0 0 0 0 0 0 0 0 0 0 0 0 0 0 0 0 0 0 0 0 0 0 0 0 0 0 0 0 0 0 0 0 0 0 0 0 0 0 0 0 0 0 0 0 0 0 0 0 0 0 0 0 0 0 0 0 0 0 0 0 0 0 0 0 0 0 0 0 0 0 0 0 0 0 0 0 0 0 0 0 0 0 0 0 0 0 0 0 0 0 0 0 0 0 0 1 0 0 0 0 0 0 0 0 0 0 0 0 0 0 0 0 0 0 0 0 0 0 0 0 0 0 0 0 0 0 0 0 0 0 0 0 0 0 0 0 0 0 0 0 0 0 0 0 0 0 0 0 0 0 0 0 0 0 0 0 0 0 0 0 0 0 0 0 0 0 0 0 0 0 0 0 0 0 0 0 0 0 0 0 0 0 0 0 0 0 0 0 0 0 0 0 0 0 0 0 0 0 0 0 0 0 0 0 0 0 0 0 0 0 0 0 0 0 0 0 0 0 0 0 0 0 0 0 0 0 0 0 0 0 0 0 0 0 0 0 0 0 0 0 0 0 0 0 0 0 0 0 0 0 0 0 0 0 0 0 0 0 0 0 0 0 0 0 0 0 0 0 0 0 0 0 0 0 0 0 0 0 0 0 0 0 0 0 0 0 0 0 0 0 0 0 0 0 1 0 0 0 0 0 0 0 0 0 0 0 0 0 0 0 0 0 0 0 0 0 0 0 0 0 0 0 0 0 0 0 0 0 0 0 0 0 0 0 0 0 0 0 0 1 0 0 0 0 0 0 0 0 0 0 0 0 0 0 0 0 0 0 0 0 0 0 0 0 0 0 0 0 0 0 0 0 0 0 0 0 0 0 0 0 0 0 0 0 0 0 0 0 0 0 0 0 0 0 0 0 0 0 0 0 0 0 0 0 0 0 0 1 ]> 11.000000 11.000000 + 0.000000 #104437
B&B(   16)	 132.000000	 11.000000	      -	 time:5.0410s
B&B(   34)	 132.000000	 11.000000	      -	 time:10.0940s
B&B(   52)	 129.000000	 11.000000	      -	 time:15.2710s
B&B(   70)	 129.000000	 11.000000	      -	 time:20.2930s
B&B(   88)	 129.000000	 11.000000	      -	 time:25.5110s
B&B(  106)	 128.000000	 11.000000	      -	 time:30.6130s
B&B(  124)	 128.000000	 11.000000	      -	 time:35.6780s
B&B(  144)	 127.000000	 11.000000	      -	 time:40.9400s
B&B(  163)	 126.000000	 11.000000	      -	 time:46.1520s
B&B(  182)	 126.000000	 11.000000	      -	 time:51.1950s
B&B(  202)	 124.000000	 11.000000	      -	 time:56.4260s
B&B(  222)	 123.000000	 11.000000	      -	 time:61.5130s
B&B(  244)	 123.000000	 11.000000	      -	 time:66.6930s
B&B(  266)	 122.000000	 11.000000	      -	 time:71.7040s
B&B(  285)	 122.000000	 11.000000	      -	 time:76.9000s
B&B(  306)	 122.000000	 11.000000	      -	 time:82.0350s
B&B(  327)	 120.000000	 11.000000	      -	 time:87.0960s
B&B(  346)	 120.000000	 11.000000	      -	 time:92.2830s
B&B(  368)	 119.000000	 11.000000	      -	 time:97.4070s
B&B(  391)	 118.000000	 11.000000	      -	 time:102.6230s
B&B(  412)	 118.000000	 11.000000	      -	 time:107.6480s
B&B(  435)	 116.000000	 11.000000	      -	 time:112.6500s
B&B(  454)	 116.000000	 11.000000	      -	 time:117.6590s
B&B(  478)	 115.000000	 11.000000	      -	 time:122.7950s
B&B(  499)	 114.000000	 11.000000	      -	 time:127.9080s
B&B(  520)	 114.000000	 11.000000	      -	 time:132.9130s
B&B(  547)	 112.000000	 11.000000	      -	 time:138.0960s
B&B(  571)	 112.000000	 11.000000	      -	 time:143.2720s
B&B(  598)	 111.000000	 11.000000	      -	 time:148.5180s
B&B(  622)	 110.000000	 11.000000	      -	 time:153.6320s
B&B(  651)	 109.000000	 11.000000	      -	 time:158.8920s
B&B(  685)	 107.000000	 11.000000	      -	 time:163.9420s
B&B(  707)	 107.000000	 11.000000	      -	 time:168.9630s
B&B(  747)	 105.000000	 11.000000	      -	 time:173.9680s
B&B(  768)	 105.000000	 11.000000	      -	 time:179.0750s
B&B(  801)	 104.000000	 11.000000	      -	 time:184.1180s
B&B(  822)	 104.000000	 11.000000	      -	 time:189.2540s
B&B(  862)	 103.000000	 11.000000	      -	 time:194.4550s
B&B(  891)	 102.000000	 11.000000	      -	 time:199.5000s
B&B(  919)	 102.000000	 11.000000	      -	 time:204.7250s
B&B(  954)	 100.000000	 11.000000	      -	 time:209.7500s
B&B(  989)	 99.000000	 11.000000	      -	 time:214.7650s
B&B( 1033)	 97.000000	 11.000000	      -	 time:219.8030s
B&B( 1066)	 97.000000	 11.000000	      -	 time:224.8100s
B&B( 1104)	 95.000000	 11.000000	      -	 time:229.9510s
B&B( 1129)	 95.000000	 11.000000	      -	 time:235.1110s
B&B( 1170)	 93.000000	 11.000000	      -	 time:240.1420s
B&B( 1212)	 92.000000	 11.000000	      -	 time:245.1830s
B&B( 1238)	 92.000000	 11.000000	      -	 time:250.2280s
B&B( 1285)	 91.000000	 11.000000	      -	 time:255.2970s
B&B( 1343)	 88.000000	 11.000000	      -	 time:260.4730s
B&B( 1390)	 87.000000	 11.000000	      -	 time:265.6390s
B&B( 1425)	 87.000000	 11.000000	      -	 time:270.7870s
B&B( 1478)	 86.000000	 11.000000	      -	 time:276.0030s
B&B( 1531)	 85.000000	 11.000000	      -	 time:281.0080s
B&B( 1600)	 83.000000	 11.000000	      -	 time:286.0360s
B&B( 1664)	 81.000000	 11.000000	      -	 time:291.0950s
B&B( 1733)	 80.000000	 11.000000	      -	 time:296.2170s
B&B( 1795)	 79.000000	 11.000000	      -	 time:301.2190s
B&B( 1847)	 78.000000	 11.000000	      -	 time:306.2240s
B&B( 1952)	 75.000000	 11.000000	      -	 time:311.2730s
B&B( 2043)	 73.000000	 11.000000	      -	 time:316.4090s
B&B( 2127)	 72.000000	 11.000000	      -	 time:321.4790s
B&B( 2226)	 70.000000	 11.000000	      -	 time:326.6250s
B&B( 2332)	 69.000000	 11.000000	      -	 time:331.6350s
B&B( 2457)	 66.000000	 11.000000	      -	 time:336.6360s
B&B( 2591)	 64.000000	 11.000000	      -	 time:341.7430s
B&B( 2723)	 62.000000	 11.000000	      -	 time:346.8780s
B&B( 2903)	 59.000000	 11.000000	      -	 time:351.8840s
B&B( 3080)	 56.000000	 11.000000	      -	 time:356.9550s
B&B( 3157)	 56.000000	 11.000000	      -	 time:361.9740s
B&B( 3274)	 55.000000	 11.000000	      -	 time:367.1060s
B&B( 3323)	 55.000000	 11.000000	      -	 time:372.3140s
B&B( 3441)	 54.000000	 11.000000	      -	 time:377.5770s
B&B( 3505)	 54.000000	 11.000000	      -	 time:382.7100s
B&B( 3573)	 54.000000	 11.000000	      -	 time:387.8710s
B&B( 3633)	 53.000000	 11.000000	      -	 time:393.0890s
B&B( 3698)	 53.000000	 11.000000	      -	 time:398.2900s
B&B( 3769)	 53.000000	 11.000000	      -	 time:403.4390s
B&B( 3835)	 53.000000	 11.000000	      -	 time:408.4630s
B&B( 3900)	 53.000000	 11.000000	      -	 time:413.4840s
B&B( 3940)	 53.000000	 11.000000	      -	 time:418.5870s
B&B( 4041)	 52.000000	 11.000000	      -	 time:423.7670s
B&B( 4083)	 52.000000	 11.000000	      -	 time:428.9980s
B&B( 4137)	 52.000000	 11.000000	      -	 time:434.0610s
B&B( 4248)	 52.000000	 11.000000	      -	 time:439.2050s
B&B( 4311)	 51.000000	 11.000000	      -	 time:444.2060s
B&B( 4409)	 51.000000	 11.000000	      -	 time:449.2120s
B&B( 4438)	 51.000000	 11.000000	      -	 time:454.3350s
B&B( 4489)	 51.000000	 11.000000	      -	 time:459.3390s
B&B( 4573)	 51.000000	 11.000000	      -	 time:464.3430s
B&B( 4634)	 51.000000	 11.000000	      -	 time:469.5470s
B&B( 4691)	 51.000000	 11.000000	      -	 time:474.6260s
B&B( 4747)	 51.000000	 11.000000	      -	 time:479.8820s
B&B( 4831)	 50.000000	 11.000000	      -	 time:485.1240s
B&B( 4929)	 50.000000	 11.000000	      -	 time:490.2370s
B&B( 4990)	 50.000000	 11.000000	      -	 time:495.4170s
B&B( 5024)	 50.000000	 11.000000	      -	 time:500.6130s
B&B( 5074)	 50.000000	 11.000000	      -	 time:505.6900s
B&B( 5168)	 50.000000	 11.000000	      -	 time:510.9080s
B&B( 5227)	 49.000000	 11.000000	      -	 time:515.9580s
B&B( 5256)	 49.000000	 11.000000	      -	 time:521.0500s
B&B( 5332)	 49.000000	 11.000000	      -	 time:526.0620s
B&B( 5383)	 49.000000	 11.000000	      -	 time:531.0640s
B&B( 5497)	 49.000000	 11.000000	      -	 time:536.1240s
B&B( 5543)	 49.000000	 11.000000	      -	 time:541.1370s
B&B( 5607)	 49.000000	 11.000000	      -	 time:546.3730s
B&B( 5667)	 49.000000	 11.000000	      -	 time:551.3810s
B&B( 5784)	 49.000000	 11.000000	      -	 time:556.5740s
B&B( 5847)	 49.000000	 11.000000	      -	 time:561.7980s
B&B( 5893)	 49.000000	 11.000000	      -	 time:566.8420s
B&B( 5962)	 49.000000	 11.000000	      -	 time:571.9140s
B&B( 6018)	 49.000000	 11.000000	      -	 time:576.9630s
B&B( 6096)	 48.000000	 11.000000	      -	 time:582.0940s
B&B( 6168)	 48.000000	 11.000000	      -	 time:587.3360s
B&B( 6294)	 48.000000	 11.000000	      -	 time:592.4580s
B&B( 6331)	 48.000000	 11.000000	      -	 time:597.4760s
B&B( 6396)	 48.000000	 11.000000	      -	 time:602.5230s
B&B( 6444)	 48.000000	 11.000000	      -	 time:607.6820s
B&B( 6505)	 48.000000	 11.000000	      -	 time:612.7220s
B&B( 6571)	 48.000000	 11.000000	      -	 time:617.9360s
B&B( 6641)	 48.000000	 11.000000	      -	 time:623.1770s
B&B( 6707)	 48.000000	 11.000000	      -	 time:628.2370s
B&B( 6767)	 48.000000	 11.000000	      -	 time:633.2450s
B&B( 6835)	 47.000000	 11.000000	      -	 time:638.3370s
B&B( 6890)	 47.000000	 11.000000	      -	 time:643.3590s
B&B( 6938)	 47.000000	 11.000000	      -	 time:648.3960s
B&B( 7005)	 47.000000	 11.000000	      -	 time:653.4550s
B&B( 7087)	 47.000000	 11.000000	      -	 time:658.5920s
B&B( 7181)	 47.000000	 11.000000	      -	 time:663.6160s
B&B( 7234)	 47.000000	 11.000000	      -	 time:668.6800s
B&B( 7324)	 47.000000	 11.000000	      -	 time:673.7270s
B&B( 7392)	 47.000000	 11.000000	      -	 time:678.9070s
B&B( 7451)	 47.000000	 11.000000	      -	 time:683.9740s
B&B( 7513)	 47.000000	 11.000000	      -	 time:689.1320s
B&B( 7634)	 47.000000	 11.000000	      -	 time:694.1560s
B&B( 7713)	 47.000000	 11.000000	      -	 time:699.2460s
B&B( 7824)	 47.000000	 11.000000Command exited with non-zero status 124
	Command being timed: "/usr/bin/timeout 915 /home/fabio/CODD-NEWDom/cmake-build-release-ilyin/misp5 /home/fabio/CODD-NEWDom/data/misp/p_hat1500-1.clq 128"
	User time (seconds): 913.74
	System time (seconds): 1.39
	Percent of CPU this job got: 99%
	Elapsed (wall clock) time (h:mm:ss or m:ss): 15:15.23
	Average shared text size (kbytes): 0
	Average unshared data size (kbytes): 0
	Average stack size (kbytes): 0
	Average total size (kbytes): 0
	Maximum resident set size (kbytes): 3031456
	Average resident set size (kbytes): 0
	Major (requiring I/O) page faults: 0
	Minor (reclaiming a frame) page faults: 761592
	Voluntary context switches: 4
	Involuntary context switches: 3308
	Swaps: 0
	File system inputs: 0
	File system outputs: 48
	Socket messages sent: 0
	Socket messages received: 0
	Signals delivered: 0
	Page size (bytes): 4096
	Exit status: 124

