COMMAND: /usr/bin/time -v /usr/bin/timeout 915 /home/fabio/CODD-NEWDom/cmake-build-release-ilyin/misp5 /home/fabio/CODD-NEWDom/data/misp/p_hat1000-1.clq 64
TOP=1000
B&B searching...
dual@root:1000
B&B Nodes          Dual	 Primal	 Gap(%)
----------------------------------------------
update in RO 5.000000

CHECKER is 1 SUM:5
TIME:126.000000
P TIGHTEN: 0.126000 <P:5.000000, D:1000.000000, INC:(58)[0 0 0 0 0 0 0 0 1 0 1 0 0 0 0 0 0 0 0 0 0 0 0 0 1 0 0 0 0 0 0 0 0 0 0 0 0 0 0 0 0 0 0 0 0 0 0 1 0 0 0 0 0 0 0 0 0 1 ]> 5.000000 5.000000 + 0.000000 #2860
update in RO 6.000000

CHECKER is 1 SUM:6
TIME:127.000000
P TIGHTEN: 0.128000 <P:6.000000, D:1000.000000, INC:(103)[1 0 1 0 0 0 0 0 0 0 0 0 0 0 0 0 0 0 0 0 0 0 0 0 0 0 0 0 1 0 0 0 0 0 0 0 0 1 0 0 0 0 0 0 0 0 0 0 0 0 0 0 0 0 0 0 0 0 0 0 0 0 0 0 0 0 0 0 0 0 0 0 0 0 0 0 0 0 0 0 0 0 0 0 0 0 0 0 0 0 0 0 0 0 0 0 1 0 0 0 0 0 1 ]> 6.000000 6.000000 + 0.000000 #5740
update in RO 7.000000

CHECKER is 1 SUM:7
TIME:130.000000
P TIGHTEN: 0.130000 <P:7.000000, D:1000.000000, INC:(164)[0 0 0 0 0 0 0 0 1 0 1 0 0 0 0 0 0 0 0 0 0 0 0 0 0 0 0 0 1 0 0 0 0 0 0 0 1 0 0 0 0 0 0 0 0 0 0 0 0 0 0 0 0 0 0 0 0 0 0 0 0 0 0 0 0 0 0 0 0 0 0 0 0 0 0 0 0 0 0 0 0 0 0 0 0 0 0 0 0 0 0 0 0 0 0 0 1 0 0 0 0 0 0 0 0 0 0 0 0 0 0 0 0 0 0 1 0 0 0 0 0 0 0 0 0 0 0 0 0 0 0 0 0 0 0 0 0 0 0 0 0 0 0 0 0 0 0 0 0 0 0 0 0 0 0 0 0 0 0 0 0 0 0 1 ]> 7.000000 7.000000 + 0.000000 #9595
update in RO 8.000000

CHECKER is 1 SUM:8
TIME:141.000000
P TIGHTEN: 0.141000 <P:8.000000, D:1000.000000, INC:(378)[0 0 0 0 0 0 0 0 1 0 1 0 0 0 0 0 0 0 0 0 0 0 0 0 0 0 0 0 1 0 0 0 0 0 0 0 1 0 0 0 0 0 0 0 0 0 0 0 0 0 0 0 0 0 0 0 0 0 0 0 0 0 0 0 0 0 0 0 0 0 0 0 0 0 0 0 0 0 0 0 0 0 0 0 0 0 0 0 0 0 0 0 0 0 0 0 1 0 0 0 0 0 0 0 0 0 0 0 0 0 0 0 0 0 0 0 0 0 0 0 0 0 0 0 0 0 0 0 0 0 0 0 0 0 0 0 0 0 0 0 0 0 0 0 0 0 0 0 0 0 0 0 0 0 0 0 0 0 0 0 0 0 0 1 0 0 0 0 0 0 0 0 0 0 0 0 0 0 0 0 0 0 0 0 0 0 0 0 0 0 0 0 0 0 0 0 0 0 0 0 0 0 0 0 0 0 0 0 0 0 0 0 0 0 0 0 0 0 0 0 0 0 0 0 0 0 0 0 0 0 0 0 0 0 0 0 0 0 0 0 0 0 0 0 0 0 0 0 0 0 0 0 0 0 0 0 0 0 0 0 0 0 0 0 0 0 0 0 0 0 0 0 0 0 0 0 0 0 0 0 0 0 0 0 0 0 0 0 0 0 0 0 0 0 0 0 0 0 0 0 0 0 0 0 0 0 0 0 0 0 0 0 0 0 0 0 0 0 0 0 0 0 0 0 0 0 0 0 0 0 0 0 0 0 0 0 0 0 0 0 0 0 0 0 0 0 0 0 0 0 0 0 0 0 0 0 0 0 0 0 0 0 0 0 0 0 0 0 0 0 0 0 0 0 0 0 1 1 ]> 8.000000 8.000000 + 0.000000 #20177
update in RO 9.000000

CHECKER is 1 SUM:9
TIME:148.000000
P TIGHTEN: 0.149000 <P:9.000000, D:1000.000000, INC:(876)[0 0 0 0 0 0 0 0 1 0 1 0 0 0 0 0 0 0 0 0 0 0 0 0 0 0 0 0 1 0 0 0 0 0 0 0 1 0 1 0 0 0 0 0 0 0 0 0 0 0 0 0 0 0 0 0 0 0 0 0 0 0 0 0 0 0 0 0 0 0 0 0 0 0 0 0 0 0 0 0 0 0 0 0 0 0 0 0 0 0 0 0 0 0 0 0 0 0 0 0 0 0 0 0 0 0 0 0 0 0 0 0 0 0 0 0 0 0 0 0 0 0 0 0 0 0 0 0 0 0 0 0 0 0 0 0 0 0 0 0 0 0 0 0 0 0 0 0 0 0 0 0 0 0 0 0 0 0 0 0 0 0 0 0 0 0 0 0 0 0 0 0 0 0 0 0 0 0 0 0 0 0 0 0 0 0 0 0 0 0 0 0 0 0 0 0 0 0 0 0 0 0 0 0 0 0 0 0 0 0 0 0 0 0 0 0 0 0 0 0 0 0 0 0 0 0 0 0 0 0 0 0 0 0 0 0 0 0 0 0 0 0 0 0 0 0 0 0 0 0 0 0 0 0 0 0 0 0 0 0 0 0 0 0 0 0 0 0 0 0 0 0 0 0 0 0 0 0 0 0 0 0 0 0 0 0 0 0 0 0 0 0 0 0 0 0 0 0 0 0 0 0 0 0 0 0 0 0 0 0 0 0 0 0 0 0 0 0 0 0 0 0 0 0 0 0 0 0 0 0 0 0 0 0 0 0 0 0 0 0 0 0 0 0 0 0 0 0 0 0 0 0 0 0 0 0 0 0 0 0 0 0 0 0 0 0 0 0 0 0 0 0 0 0 0 0 0 1 0 0 0 0 0 0 0 0 0 0 0 0 0 0 0 0 0 0 0 0 0 0 0 0 0 0 0 0 0 0 0 0 0 0 0 0 0 0 0 0 0 0 0 0 0 0 0 0 0 0 0 0 0 0 0 0 0 0 0 0 0 0 0 0 0 0 0 0 0 0 0 0 0 0 0 0 0 0 0 0 0 0 0 0 0 0 0 0 0 0 0 0 0 0 0 0 0 0 0 0 0 0 0 0 1 0 0 0 0 0 0 0 0 0 0 0 0 0 0 0 0 0 0 0 0 0 0 0 0 0 0 0 0 0 0 0 0 0 0 0 0 0 0 0 0 0 0 0 0 0 0 0 0 0 0 0 1 0 0 0 0 0 0 0 0 0 0 0 0 0 0 0 0 0 0 0 0 0 0 0 0 0 0 0 0 0 0 0 0 0 0 0 0 0 0 0 0 0 0 0 0 0 0 0 0 0 0 0 0 0 0 0 0 0 0 0 0 0 0 0 0 0 0 0 0 0 0 0 0 0 0 0 0 0 0 0 0 0 0 0 0 0 0 0 0 0 0 0 0 0 0 0 0 0 0 0 0 0 0 0 0 0 0 0 0 0 0 0 0 0 0 0 0 0 0 0 0 0 0 0 0 0 0 0 0 0 0 0 0 0 0 0 0 0 0 0 0 0 0 0 0 0 0 0 0 0 0 0 0 0 0 0 0 0 0 0 0 0 0 0 0 0 0 0 0 0 0 0 0 0 0 0 0 0 0 0 0 0 0 0 0 0 0 0 0 0 0 0 0 0 0 0 0 0 0 0 0 0 0 0 0 0 0 0 0 0 0 0 0 0 0 0 0 0 0 0 0 0 0 0 0 0 0 0 0 0 0 0 0 0 0 0 0 0 0 0 0 0 0 0 0 0 0 0 0 0 0 0 0 0 0 0 0 0 0 0 0 0 0 0 0 0 0 0 0 0 0 0 0 0 0 0 0 0 0 0 0 0 0 0 0 0 0 0 0 0 0 0 0 0 0 0 0 0 0 0 0 0 0 0 0 0 0 0 0 0 0 0 0 0 0 0 0 0 0 0 0 0 0 0 0 0 0 0 0 0 0 0 0 0 0 0 0 0 0 0 0 1 ]> 9.000000 9.000000 + 0.000000 #25384
update in RO 10.000000

CHECKER is 1 SUM:10
TIME:397.000000
P TIGHTEN: 0.397000 <P:10.000000, D:105.000000, INC:(857)[0 0 0 0 0 0 0 0 0 0 0 0 0 0 0 0 0 1 0 0 0 0 0 0 0 0 1 0 0 0 0 0 0 0 0 0 0 0 0 0 0 0 1 0 0 0 0 0 0 0 0 0 0 0 0 0 0 0 0 0 0 0 0 0 0 0 0 0 0 0 0 0 0 0 0 0 0 0 0 0 0 0 0 0 0 0 0 0 0 0 0 0 0 0 0 0 0 0 0 0 0 0 0 0 0 0 0 0 0 0 0 0 0 0 0 0 0 0 0 0 0 0 0 0 0 0 0 0 0 0 0 0 0 0 0 0 0 0 0 0 1 0 0 0 0 0 0 0 0 0 0 0 0 0 0 0 0 0 0 0 0 0 0 0 0 0 0 0 0 0 0 0 0 0 0 0 0 0 0 0 0 0 0 0 0 0 0 0 0 0 0 0 0 0 0 0 0 0 0 0 0 0 0 0 0 0 0 0 0 0 0 0 0 0 0 0 0 0 0 0 0 0 0 0 0 0 1 1 0 0 0 0 0 0 0 0 0 0 0 0 0 0 0 0 0 0 0 0 0 0 0 0 0 0 0 0 0 0 0 0 0 0 0 0 0 0 0 0 0 0 0 0 0 0 0 0 0 0 0 0 0 0 0 0 0 0 0 0 0 0 0 0 0 0 0 0 0 0 0 0 0 0 0 0 0 0 0 0 0 0 0 0 0 0 0 0 0 0 0 0 0 0 0 0 0 0 0 0 0 0 0 0 0 0 0 0 0 0 0 0 0 0 0 0 0 0 0 0 0 0 1 0 0 0 0 0 0 0 0 0 0 0 0 0 0 0 0 0 0 0 0 0 0 0 0 0 0 0 0 0 0 0 0 0 0 0 0 0 0 0 0 0 0 0 0 0 0 0 0 0 0 0 0 0 0 0 0 0 0 0 0 0 0 0 0 0 0 0 0 0 0 0 0 0 0 0 0 0 0 0 0 0 0 0 0 0 0 0 0 0 0 0 0 0 0 0 0 0 0 0 0 0 0 0 0 0 0 0 0 0 0 0 0 0 0 0 0 0 0 0 0 0 0 0 0 0 0 0 0 0 0 0 0 0 0 0 0 0 0 0 0 0 0 0 0 0 0 0 0 0 0 0 0 0 0 0 0 0 0 0 0 0 0 0 0 0 0 0 0 0 0 0 0 0 0 0 0 0 0 0 0 0 0 0 0 0 0 1 0 0 0 0 0 0 0 0 0 0 0 0 0 0 0 0 0 0 0 0 0 0 0 0 0 0 0 0 0 0 1 0 0 0 0 0 0 0 0 0 0 0 0 0 0 0 0 0 0 0 0 0 0 0 0 0 0 0 0 0 0 0 0 0 0 0 0 0 0 0 0 0 0 0 0 0 0 0 0 0 0 0 0 0 0 0 0 0 0 0 0 0 0 0 0 0 0 0 0 0 0 0 0 0 0 0 0 0 0 0 0 0 0 0 0 0 0 0 0 0 0 0 0 0 0 0 0 0 0 0 0 0 0 0 0 0 0 0 0 0 0 0 0 0 0 0 0 0 0 0 0 0 0 0 0 0 0 0 0 0 0 0 0 0 0 0 0 0 0 0 0 0 0 0 0 0 0 0 0 0 0 0 0 0 0 0 0 0 0 0 0 0 0 0 0 0 0 0 0 0 0 0 0 0 0 0 0 0 0 0 0 0 0 0 0 0 0 0 0 0 0 0 0 0 0 0 0 0 0 0 0 0 0 0 0 0 0 0 0 0 0 0 0 0 0 0 0 0 0 0 0 0 0 0 0 0 0 0 0 0 0 0 0 0 0 0 0 0 0 0 0 0 0 0 0 0 0 0 0 0 0 0 0 0 0 0 0 0 0 0 0 0 0 0 0 0 0 0 0 0 0 0 0 0 0 0 0 0 0 0 0 0 0 0 0 0 0 0 1 ]> 10.000000 10.000000 + 0.000000 #29613
B&B(   71)	 101.000000	 10.000000	      -	 time:5.0150s
B&B(  149)	 97.000000	 10.000000	      -	 time:10.0370s
B&B(  233)	 91.000000	 10.000000	      -	 time:15.1000s
B&B(  342)	 84.000000	 10.000000	      -	 time:20.1030s
B&B(  470)	 77.000000	 10.000000	      -	 time:25.1130s
B&B(  639)	 69.000000	 10.000000	      -	 time:30.1360s
B&B(  865)	 60.000000	 10.000000	      -	 time:35.1720s
B&B( 1347)	 44.000000	 10.000000	      -	 time:40.1750s
B&B( 1615)	 42.000000	 10.000000	      -	 time:45.2020s
B&B( 1936)	 39.000000	 10.000000	      -	 time:50.2520s
B&B( 2220)	 38.000000	 10.000000	      -	 time:55.3080s
B&B( 2482)	 37.000000	 10.000000	      -	 time:60.3260s
B&B( 2829)	 36.000000	 10.000000	      -	 time:65.3620s
B&B( 3222)	 35.000000	 10.000000	      -	 time:70.3630s
B&B( 3550)	 34.000000	 10.000000	      -	 time:75.4030s
B&B( 3914)	 34.000000	 10.000000	      -	 time:80.4410s
B&B( 4271)	 33.000000	 10.000000	      -	 time:85.4430s
B&B( 4754)	 33.000000	 10.000000	      -	 time:90.4840s
B&B( 5150)	 32.000000	 10.000000	      -	 time:95.5370s
B&B( 5696)	 32.000000	 10.000000	      -	 time:100.5390s
B&B( 6236)	 31.000000	 10.000000	      -	 time:105.5450s
B&B( 6744)	 31.000000	 10.000000	      -	 time:110.5820s
B&B( 7445)	 30.000000	 10.000000	      -	 time:115.6260s
B&B( 8064)	 30.000000	 10.000000	      -	 time:120.6550s
B&B( 8681)	 30.000000	 10.000000	      -	 time:125.6720s
B&B( 9494)	 29.000000	 10.000000	      -	 time:130.6790s
B&B(10127)	 29.000000	 10.000000	      -	 time:135.7110s
B&B(11107)	 28.000000	 10.000000	      -	 time:140.7140s
B&B(11857)	 28.000000	 10.000000	      -	 time:145.7170s
B&B(12641)	 28.000000	 10.000000	      -	 time:150.7260s
B&B(13833)	 27.000000	 10.000000	      -	 time:155.7360s
B&B(14582)	 27.000000	 10.000000	      -	 time:160.7570s
B&B(15879)	 26.000000	 10.000000	      -	 time:165.7580s
B&B(16800)	 26.000000	 10.000000	      -	 time:170.8000s
B&B(17683)	 26.000000	 10.000000	      -	 time:175.8410s
B&B(19333)	 25.000000	 10.000000	      -	 time:180.8480s
B&B(20360)	 25.000000	 10.000000	      -	 time:185.8830s
B&B(21705)	 24.000000	 10.000000	      -	 time:190.9200s
B&B(23302)	 24.000000	 10.000000	      -	 time:195.9320s
B&B(24482)	 24.000000	 10.000000	      -	 time:200.9360s
B&B(26481)	 23.000000	 10.000000	      -	 time:205.9370s
B&B(28114)	 23.000000	 10.000000	      -	 time:210.9580s
B&B(29537)	 23.000000	 10.000000	      -	 time:216.0130s
B&B(32250)	 22.000000	 10.000000	      -	 time:221.0440s
B&B(33750)	 22.000000	 10.000000	      -	 time:226.0660s
B&B(35853)	 21.000000	 10.000000	      -	 time:231.0820s
B&B(38867)	 21.000000	 10.000000	      -	 time:236.1050s
B&B(41196)	 20.000000	 10.000000	 100.0000%	 time:241.1070s
B&B(44888)	 20.000000	 10.000000	 100.0000%	 time:246.1420s
B&B(47230)	 19.000000	 10.000000	 90.0000%	 time:251.1450s
B&B(51844)	 19.000000	 10.000000	 90.0000%	 time:256.1470s
B&B(54269)	 19.000000	 10.000000	 90.0000%	 time:261.1510s
B&B(59764)	 18.000000	 10.000000	 80.0000%	 time:266.1520s
B&B(63042)	 17.000000	 10.000000	 70.0000%	 time:271.1820s
B&B(69713)	 17.000000	 10.000000	 70.0000%	 time:276.1870s
B&B(73423)	 16.000000	 10.000000	 60.0000%	 time:281.2110s
B&B(79338)	 16.000000	 10.000000	 60.0000%	 time:286.2530s
B&B(84744)	 16.000000	 10.000000	 60.0000%	 time:291.2540s
B&B(90530)	 15.000000	 10.000000	 50.0000%	 time:296.2560s
B&B(96830)	 15.000000	 10.000000	 50.0000%	 time:301.2570s
B&B(105533)	 14.000000	 10.000000	 40.0000%	 time:306.2580s
B&B(116305)	 14.000000	 10.000000	 40.0000%	 time:311.2630s
B&B(128432)	 13.000000	 10.000000	 30.0000%	 time:316.2740s
B&B(144509)	 12.000000	 10.000000	 20.0000%	 time:321.2770s
B&B(162058)	 12.000000	 10.000000	 20.0000%	 time:326.2780s
B&B(183393)	 11.000000	 10.000000	 10.0000%	 time:331.2790s
B&B(204949)	 11.000000	 10.000000	 10.0000%	 time:336.2800s
Done(64):10.0000000000000000	 #nodes:221960/221970	 P/D:0/0	 Time:0.3970000000000000/340.2389999999999759s	 LIM?:0	 Seen:0
	Command being timed: "/usr/bin/timeout 915 /home/fabio/CODD-NEWDom/cmake-build-release-ilyin/misp5 /home/fabio/CODD-NEWDom/data/misp/p_hat1000-1.clq 64"
	User time (seconds): 339.78
	System time (seconds): 0.52
	Percent of CPU this job got: 99%
	Elapsed (wall clock) time (h:mm:ss or m:ss): 5:40.34
	Average shared text size (kbytes): 0
	Average unshared data size (kbytes): 0
	Average stack size (kbytes): 0
	Average total size (kbytes): 0
	Maximum resident set size (kbytes): 1010688
	Average resident set size (kbytes): 0
	Major (requiring I/O) page faults: 0
	Minor (reclaiming a frame) page faults: 254491
	Voluntary context switches: 3
	Involuntary context switches: 1309
	Swaps: 0
	File system inputs: 0
	File system outputs: 32
	Socket messages sent: 0
	Socket messages received: 0
	Signals delivered: 0
	Page size (bytes): 4096
	Exit status: 0

