COMMAND: /usr/bin/time -v /usr/bin/timeout 915 /home/fabio/CODD-NEWDom/cmake-build-release-ilyin/misp5 /home/fabio/CODD-NEWDom/data/misp/brock400_4.clq 128
TOP=400
B&B searching...
dual@root:400
B&B Nodes          Dual	 Primal	 Gap(%)
----------------------------------------------
update in RO 17.000000

CHECKER is 1 SUM:17
TIME:94.000000
P TIGHTEN: 0.095000 <P:17.000000, D:400.000000, INC:(228)[1 1 0 0 1 0 1 1 0 1 0 1 0 0 0 0 0 0 1 0 0 0 1 0 0 0 0 0 0 0 0 0 0 0 0 0 0 0 0 1 0 0 0 0 0 0 0 0 1 0 0 0 0 0 0 1 0 1 0 0 0 0 0 0 0 0 0 0 0 0 0 0 0 0 0 0 0 0 0 1 0 0 1 0 0 0 0 0 0 0 0 0 0 0 0 0 0 0 0 0 0 0 0 0 0 0 0 0 0 0 0 0 0 0 0 0 0 0 0 0 0 0 0 0 0 0 0 0 0 0 0 0 0 0 0 0 0 0 0 0 0 0 0 0 0 0 0 0 0 0 0 0 0 0 0 0 0 0 0 0 1 0 0 0 0 0 0 0 0 0 0 0 0 0 0 0 0 0 0 1 0 0 0 0 0 0 0 0 0 0 0 0 0 0 0 0 0 0 0 0 0 0 0 0 0 0 0 0 0 0 0 0 0 0 0 0 0 0 0 0 0 0 0 0 0 0 0 0 ]> 17.000000 17.000000 + 0.000000 #27341
update in RO 18.000000

CHECKER is 1 SUM:18
TIME:94.000000
P TIGHTEN: 0.095000 <P:18.000000, D:400.000000, INC:(228)[1 1 0 0 1 0 1 1 0 1 0 1 0 0 0 0 0 0 1 0 0 0 1 0 0 0 0 0 0 0 0 0 0 0 0 0 0 0 0 1 0 0 0 0 0 0 0 0 1 0 0 0 0 0 0 1 0 1 0 0 0 0 0 0 0 0 0 0 0 0 0 0 0 0 0 0 0 0 0 1 0 0 1 0 0 0 0 0 0 0 0 0 0 0 0 0 0 0 0 0 0 0 0 0 0 0 0 0 0 0 0 0 0 0 0 0 0 0 0 0 0 0 0 0 0 0 0 0 0 0 0 0 0 0 0 0 0 0 0 0 0 0 0 0 0 0 0 0 0 0 0 0 0 0 0 0 0 0 0 0 1 0 0 0 0 0 0 0 0 0 0 0 0 0 0 0 0 0 0 1 0 0 0 0 0 0 0 0 0 0 0 0 0 0 0 0 0 0 0 0 0 0 0 0 0 0 0 0 0 0 0 0 0 0 0 0 0 0 0 0 0 0 0 0 0 0 0 1 ]> 18.000000 18.000000 + 0.000000 #27341
update in RO 19.000000

CHECKER is 1 SUM:19
TIME:100.000000
P TIGHTEN: 0.101000 <P:19.000000, D:400.000000, INC:(316)[1 0 0 1 1 0 1 1 0 0 0 1 0 0 0 0 0 0 1 1 0 0 1 1 0 0 0 0 0 0 0 0 0 0 0 0 0 0 0 0 0 0 0 0 0 0 0 0 0 0 0 0 0 0 0 1 0 1 0 0 0 0 1 0 0 0 0 0 0 0 0 0 0 0 0 0 0 0 0 1 0 0 0 0 0 0 0 0 0 0 0 0 0 0 0 0 0 0 0 0 0 0 0 0 0 0 0 0 0 0 0 0 0 0 0 0 0 0 0 0 0 0 0 0 0 0 0 0 0 0 0 0 0 0 0 0 0 0 0 0 0 0 0 0 0 0 0 0 0 0 0 0 0 0 0 0 0 0 0 0 0 0 0 0 0 0 0 0 0 0 0 0 0 0 0 0 0 0 0 1 0 0 0 0 0 0 0 0 0 0 0 0 0 0 0 0 0 0 0 0 0 0 0 0 1 0 0 0 0 0 0 0 0 0 0 0 0 0 0 0 0 0 0 0 0 0 0 0 0 0 0 0 0 1 0 0 0 0 0 0 0 0 0 0 0 0 0 0 0 0 0 0 0 0 0 0 0 0 0 0 0 0 0 0 0 0 0 0 0 0 0 0 0 0 0 0 0 0 0 0 0 0 0 0 0 0 0 0 1 0 0 0 0 0 0 0 0 0 0 1 0 0 0 0 0 0 0 0 0 0 0 0 0 0 0 0 ]> 19.000000 19.000000 + 0.000000 #33522
update in RO 20.000000

CHECKER is 1 SUM:20
TIME:100.000000
P TIGHTEN: 0.101000 <P:20.000000, D:400.000000, INC:(316)[1 0 0 1 1 0 1 1 0 0 0 1 0 0 0 0 0 0 1 1 0 0 1 1 0 0 0 0 0 0 0 0 0 0 0 0 0 0 0 0 0 0 0 0 0 0 0 0 0 0 0 0 0 0 0 1 0 1 0 0 0 0 1 0 0 0 0 0 0 0 0 0 0 0 0 0 0 0 0 1 0 0 0 0 0 0 0 0 0 0 0 0 0 0 0 0 0 0 0 0 0 0 0 0 0 0 0 0 0 0 0 0 0 0 0 0 0 0 0 0 0 0 0 0 0 0 0 0 0 0 0 0 0 0 0 0 0 0 0 0 0 0 0 0 0 0 0 0 0 0 0 0 0 0 0 0 0 0 0 0 0 0 0 0 0 0 0 0 0 0 0 0 0 0 0 0 0 0 0 1 0 0 0 0 0 0 0 0 0 0 0 0 0 0 0 0 0 0 0 0 0 0 0 0 1 0 0 0 0 0 0 0 0 0 0 0 0 0 0 0 0 0 0 0 0 0 0 0 0 0 0 0 0 1 0 0 0 0 0 0 0 0 0 0 0 0 0 0 0 0 0 0 0 0 0 0 0 0 0 0 0 0 0 0 0 0 0 0 0 0 0 0 0 0 0 0 0 0 0 0 0 0 0 0 0 0 0 0 1 0 0 0 0 0 0 0 0 0 0 1 0 0 0 0 0 0 0 0 0 0 0 0 0 0 0 1 ]> 20.000000 20.000000 + 0.000000 #33522
update in RO 21.000000

CHECKER is 1 SUM:21
TIME:421.000000
P TIGHTEN: 0.421000 <P:21.000000, D:148.000000, INC:(335)[0 1 1 0 0 0 0 0 1 0 0 0 0 1 0 1 0 1 0 1 0 0 0 0 0 0 0 0 0 0 0 0 0 1 0 0 0 0 0 1 0 0 0 0 0 0 0 0 0 0 0 0 0 0 0 1 0 0 0 1 0 0 0 0 0 0 0 0 1 0 0 0 0 0 0 0 1 0 0 0 0 0 0 0 0 0 0 0 1 0 0 0 0 0 0 0 0 0 0 0 0 0 0 0 0 0 0 0 0 0 0 0 0 0 0 0 0 0 0 0 0 0 0 0 0 0 0 0 0 0 0 0 0 0 0 0 0 0 0 0 0 0 0 0 0 0 0 0 0 0 0 0 0 0 0 0 0 0 0 0 0 0 0 0 0 0 0 0 0 0 0 0 0 0 0 1 0 0 0 0 0 0 0 0 0 0 0 0 0 0 0 0 0 1 0 0 0 0 0 0 0 0 0 0 0 0 0 0 1 0 0 0 0 0 0 0 0 0 0 0 0 0 0 0 0 0 0 1 0 0 0 0 0 0 0 0 0 0 0 0 0 0 0 0 0 0 0 0 0 0 0 0 0 0 0 0 0 0 0 0 0 0 0 0 0 0 0 0 0 0 0 0 0 0 0 0 0 0 0 0 0 0 0 0 0 0 0 0 0 0 0 0 0 0 0 0 0 0 0 0 0 1 0 0 0 0 0 0 0 0 0 0 0 0 0 0 0 0 1 0 0 0 0 0 0 0 0 0 0 0 0 0 0 0 1 ]> 21.000000 21.000000 + 0.000000 #27461
update in RO 22.000000

CHECKER is 1 SUM:22
TIME:469.000000
P TIGHTEN: 0.470000 <P:22.000000, D:148.000000, INC:(370)[1 1 0 0 0 0 1 0 0 1 0 1 0 0 0 0 0 0 1 0 0 0 0 0 0 0 0 0 0 1 0 0 0 0 0 1 0 0 0 0 0 0 0 0 0 0 0 0 1 0 0 0 0 0 0 0 0 1 0 0 0 0 0 0 1 0 0 0 0 0 0 0 0 0 0 0 0 0 0 0 0 0 0 0 0 0 0 0 0 0 0 0 0 0 0 0 0 0 0 0 0 0 0 1 0 0 0 0 0 0 0 0 0 0 0 1 0 0 0 0 0 0 0 0 0 0 0 0 0 0 0 0 0 0 0 0 0 0 0 0 0 0 0 0 0 0 0 0 0 0 0 0 0 0 0 0 0 0 0 0 0 0 0 0 0 0 0 0 0 0 0 0 0 0 0 0 0 0 1 0 0 0 0 0 1 0 0 0 0 0 0 0 0 0 0 0 0 0 0 0 0 0 0 0 0 0 0 0 0 0 0 0 0 1 0 0 0 0 0 0 0 0 0 0 0 0 0 0 0 0 0 0 0 0 0 0 0 0 0 0 0 0 0 0 0 0 0 0 0 0 0 0 0 0 0 0 0 0 0 0 0 0 0 0 0 0 0 0 0 0 0 0 0 0 0 0 0 0 0 0 0 0 0 0 0 0 0 0 0 0 0 0 0 0 0 0 0 1 0 0 0 0 0 0 0 0 0 0 0 0 0 0 0 0 0 0 0 0 0 0 0 0 0 0 0 0 0 0 0 0 0 0 0 0 0 0 0 1 0 0 1 0 0 0 0 0 0 0 0 0 0 0 0 0 0 0 0 0 0 0 0 0 0 1 1 0 0 0 0 1 ]> 22.000000 22.000000 + 0.000000 #29433
B&B(  101)	 143.000000	 22.000000	      -	 time:5.0290s
B&B(  209)	 141.000000	 22.000000	      -	 time:10.0610s
B&B(  316)	 136.000000	 22.000000	      -	 time:15.0800s
B&B(  427)	 133.000000	 22.000000	      -	 time:20.1210s
update in RO 23.0000

CHECKER is 1 SUM:23
TIME:20595.000000
P TIGHTEN: 20.595000 <P:23.000000, D:133.000000, INC:(400)[0 0 0 0 0 0 0 0 0 0 0 0 0 0 0 0 0 0 0 0 0 0 0 0 0 0 0 0 0 0 0 0 0 0 0 0 0 0 0 0 1 0 0 0 1 0 0 1 0 0 1 0 1 0 0 0 0 0 0 0 0 0 0 0 1 0 1 0 0 0 0 1 0 1 0 0 0 0 0 0 0 0 0 0 0 0 0 0 0 0 0 0 0 0 0 0 0 0 0 0 0 0 0 0 0 0 0 0 0 0 0 0 0 0 0 0 0 0 0 1 0 0 0 0 0 0 0 1 0 0 0 0 0 0 0 0 0 0 0 0 0 0 0 0 0 0 0 0 0 0 0 1 0 0 0 0 0 0 0 0 0 0 0 0 0 0 0 0 0 0 1 0 0 0 0 0 0 0 1 0 0 0 0 0 0 0 0 0 0 0 0 0 0 0 0 0 0 0 0 0 0 0 0 0 0 0 0 0 0 0 0 0 0 0 0 0 0 0 0 0 0 1 0 0 0 0 1 0 0 0 0 1 0 0 0 0 0 0 0 0 0 0 0 0 0 0 1 0 0 0 0 0 0 0 0 0 0 0 0 0 0 0 0 0 0 0 0 0 0 0 0 0 0 0 0 0 0 0 0 0 0 0 0 0 0 0 0 0 1 0 0 0 1 0 0 0 0 0 0 0 0 0 0 0 0 0 0 0 0 0 0 0 0 0 0 0 0 0 0 0 0 0 0 0 0 0 0 0 0 0 0 0 0 0 0 0 0 0 0 0 0 0 0 0 0 0 0 0 0 0 0 0 0 0 0 1 1 0 0 0 0 0 0 0 0 0 0 0 0 0 0 0 0 0 0 0 0 0 0 0 0 0 0 0 0 0 0 0 0 0 0 0 0 0 0 0 0 0 0 1 ]> 23.000000 23.000000 + 0.000000 #25140
B&B(  539)	 129.000000	 23.000000	      -	 time:25.1640s
B&B(  659)	 127.000000	 23.000000	      -	 time:30.1680s
B&B(  776)	 124.000000	 23.000000	      -	 time:35.1950s
B&B(  897)	 119.000000	 23.000000	      -	 time:40.2330s
B&B( 1023)	 116.000000	 23.000000	      -	 time:45.2540s
B&B( 1155)	 114.000000	 23.000000	      -	 time:50.2590s
B&B( 1276)	 113.000000	 23.000000	      -	 time:55.3000s
B&B( 1394)	 111.000000	 23.000000	      -	 time:60.3040s
B&B( 1517)	 111.000000	 23.000000	      -	 time:65.3150s
B&B( 1634)	 110.000000	 23.000000	      -	 time:70.3310s
B&B( 1752)	 110.000000	 23.000000	      -	 time:75.3590s
B&B( 1869)	 109.000000	 23.000000	      -	 time:80.3710s
B&B( 1983)	 109.000000	 23.000000	      -	 time:85.3740s
B&B( 2099)	 108.000000	 23.000000	      -	 time:90.3800s
B&B( 2212)	 108.000000	 23.000000	      -	 time:95.4140s
B&B( 2327)	 108.000000	 23.000000	      -	 time:100.4170s
B&B( 2454)	 108.000000	 23.000000	      -	 time:105.4320s
B&B( 2570)	 107.000000	 23.000000	      -	 time:110.4390s
B&B( 2687)	 107.000000	 23.000000	      -	 time:115.4510s
B&B( 2803)	 106.000000	 23.000000	      -	 time:120.4880s
B&B( 2923)	 106.000000	 23.000000	      -	 time:125.4950s
B&B( 3041)	 106.000000	 23.000000	      -	 time:130.5220s
B&B( 3158)	 106.000000	 23.000000	      -	 time:135.5590s
B&B( 3273)	 105.000000	 23.000000	      -	 time:140.5620s
B&B( 3391)	 105.000000	 23.000000	      -	 time:145.5950s
B&B( 3508)	 105.000000	 23.000000	      -	 time:150.5960s
B&B( 3625)	 105.000000	 23.000000	      -	 time:155.6210s
B&B( 3746)	 104.000000	 23.000000	      -	 time:160.6540s
B&B( 3868)	 104.000000	 23.000000	      -	 time:165.6890s
B&B( 3987)	 104.000000	 23.000000	      -	 time:170.6940s
B&B( 4104)	 104.000000	 23.000000	      -	 time:175.7030s
B&B( 4221)	 104.000000	 23.000000	      -	 time:180.7390s
B&B( 4339)	 104.000000	 23.000000	      -	 time:185.7470s
B&B( 4456)	 103.000000	 23.000000	      -	 time:190.7550s
B&B( 4573)	 103.000000	 23.000000	      -	 time:195.7570s
B&B( 4696)	 103.000000	 23.000000	      -	 time:200.8020s
B&B( 4815)	 103.000000	 23.000000	      -	 time:205.8060s
B&B( 4943)	 103.000000	 23.000000	      -	 time:210.8160s
B&B( 5059)	 103.000000	 23.000000	      -	 time:215.8360s
B&B( 5180)	 102.000000	 23.000000	      -	 time:220.8710s
B&B( 5302)	 102.000000	 23.000000	      -	 time:225.8850s
B&B( 5421)	 102.000000	 23.000000	      -	 time:230.9190s
B&B( 5547)	 102.000000	 23.000000	      -	 time:235.9250s
B&B( 5669)	 102.000000	 23.000000	      -	 time:240.9420s
B&B( 5792)	 102.000000	 23.000000	      -	 time:245.9890s
B&B( 5910)	 102.000000	 23.000000	      -	 time:251.0210s
B&B( 6032)	 102.000000	 23.000000	      -	 time:256.0540s
B&B( 6153)	 101.000000	 23.000000	      -	 time:261.0560s
B&B( 6273)	 101.000000	 23.000000	      -	 time:266.0910s
B&B( 6396)	 101.000000	 23.000000	      -	 time:271.1150s
B&B( 6520)	 101.000000	 23.000000	      -	 time:276.1580s
B&B( 6639)	 101.000000	 23.000000	      -	 time:281.1890s
B&B( 6757)	 101.000000	 23.000000	      -	 time:286.2080s
B&B( 6881)	 101.000000	 23.000000	      -	 time:291.2300s
B&B( 7005)	 101.000000	 23.000000	      -	 time:296.2710s
B&B( 7125)	 101.000000	 23.000000	      -	 time:301.2730s
B&B( 7246)	 100.000000	 23.000000	      -	 time:306.2830s
B&B( 7368)	 100.000000	 23.000000	      -	 time:311.3000s
B&B( 7494)	 100.000000	 23.000000	      -	 time:316.3420s
B&B( 7611)	 100.000000	 23.000000	      -	 time:321.3450s
B&B( 7729)	 100.000000	 23.000000	      -	 time:326.3590s
B&B( 7857)	 100.000000	 23.000000	      -	 time:331.3880s
B&B( 7983)	 100.000000	 23.000000	      -	 time:336.4050s
B&B( 8108)	 99.000000	 23.000000	      -	 time:341.4220s
B&B( 8234)	 99.000000	 23.000000	      -	 time:346.4440s
B&B( 8354)	 99.000000	 23.000000	      -	 time:351.4470s
B&B( 8481)	 99.000000	 23.000000	      -	 time:356.4760s
B&B( 8611)	 99.000000	 23.000000	      -	 time:361.4920s
B&B( 8749)	 99.000000	 23.000000	      -	 time:366.5060s
B&B( 8883)	 99.000000	 23.000000	      -	 time:371.5170s
B&B( 9013)	 98.000000	 23.000000	      -	 time:376.5250s
update in RO 24.0000

CHECKER is 1 SUM:24
TIME:381004.000000
P TIGHTEN: 381.004000 <P:24.000000, D:98.000000, INC:(385)[0 0 0 0 0 0 0 0 0 0 0 0 0 0 0 0 0 0 1 0 0 0 0 0 0 0 1 0 0 1 0 0 0 0 0 0 1 0 0 1 0 0 0 0 0 0 0 0 1 0 0 0 0 0 0 1 0 0 1 0 0 0 0 0 1 0 0 0 0 1 0 0 0 0 0 0 0 0 0 0 0 0 0 0 0 0 0 0 0 0 0 0 0 0 0 0 1 0 0 0 0 0 0 0 0 0 0 0 0 0 0 0 0 0 0 0 0 1 0 0 0 0 0 0 0 0 0 0 0 0 0 0 0 0 0 0 0 0 0 0 0 0 0 0 0 0 0 0 0 0 0 0 0 1 0 1 0 0 0 0 0 0 0 0 1 0 0 0 0 0 0 0 0 0 0 0 0 0 0 1 0 0 0 0 0 0 0 0 0 0 0 0 1 0 0 0 0 0 0 0 0 0 0 0 0 0 0 0 0 0 0 0 0 0 0 0 0 0 0 0 0 0 0 0 0 0 0 0 0 0 0 0 0 1 0 0 0 0 0 0 0 0 0 0 0 0 0 0 0 1 0 0 0 0 0 0 0 0 0 0 0 0 0 0 0 0 0 0 0 0 0 0 0 0 0 0 0 0 0 0 0 0 1 0 0 0 0 0 0 0 0 0 0 0 1 0 0 0 0 0 0 0 0 0 0 0 0 0 0 1 0 0 0 0 0 0 0 0 0 0 0 0 0 0 0 0 0 0 0 0 0 0 0 0 0 0 0 0 0 0 0 0 0 0 0 0 0 0 0 0 0 0 0 0 0 0 0 0 0 0 0 0 0 0 0 0 0 0 0 0 0 0 0 0 0 1 0 0 0 0 0 0 0 0 1 ]> 24.000000 24.000000 + 0.000000 #16933
B&B( 9144)	 98.000000	 24.000000	      -	 time:381.5470s
B&B( 9278)	 98.000000	 24.000000	      -	 time:386.5750s
B&B( 9402)	 98.000000	 24.000000	      -	 time:391.6140s
B&B( 9530)	 98.000000	 24.000000	      -	 time:396.6460s
B&B( 9646)	 98.000000	 24.000000	      -	 time:401.6580s
B&B( 9775)	 98.000000	 24.000000	      -	 time:406.6950s
B&B( 9899)	 98.000000	 24.000000	      -	 time:411.7040s
B&B(10025)	 98.000000	 24.000000	      -	 time:416.7180s
B&B(10151)	 97.000000	 24.000000	      -	 time:421.7390s
B&B(10278)	 97.000000	 24.000000	      -	 time:426.7710s
B&B(10400)	 97.000000	 24.000000	      -	 time:431.7890s
B&B(10537)	 97.000000	 24.000000	      -	 time:436.8130s
B&B(10663)	 97.000000	 24.000000	      -	 time:441.8230s
B&B(10794)	 97.000000	 24.000000	      -	 time:446.8240s
B&B(10920)	 97.000000	 24.000000	      -	 time:451.8410s
B&B(11035)	 97.000000	 24.000000	      -	 time:456.8530s
B&B(11161)	 97.000000	 24.000000	      -	 time:461.8900s
B&B(11276)	 97.000000	 24.000000	      -	 time:466.8970s
B&B(11392)	 96.000000	 24.000000	      -	 time:471.9350s
B&B(11517)	 96.000000	 24.000000	      -	 time:476.9670s
B&B(11641)	 96.000000	 24.000000	      -	 time:481.9770s
B&B(11776)	 96.000000	 24.000000	      -	 time:486.9970s
B&B(11902)	 96.000000	 24.000000	      -	 time:492.0260s
B&B(12041)	 96.000000	 24.000000	      -	 time:497.0450s
B&B(12175)	 96.000000	 24.000000	      -	 time:502.0590s
B&B(12310)	 96.000000	 24.000000	      -	 time:507.0710s
B&B(12446)	 96.000000	 24.000000	      -	 time:512.0800s
B&B(12577)	 96.000000	 24.000000	      -	 time:517.1150s
B&B(12704)	 96.000000	 24.000000	      -	 time:522.1240s
B&B(12831)	 95.000000	 24.000000	      -	 time:527.1260s
B&B(12965)	 95.000000	 24.000000	      -	 time:532.1370s
B&B(13097)	 95.000000	 24.000000	      -	 time:537.1780s
B&B(13232)	 95.000000	 24.000000	      -	 time:542.2070s
B&B(13364)	 95.000000	 24.000000	      -	 time:547.2160s
B&B(13497)	 95.000000	 24.000000	      -	 time:552.2380s
B&B(13632)	 95.000000	 24.000000	      -	 time:557.2520s
B&B(13763)	 95.000000	 24.000000	      -	 time:562.2540s
B&B(13896)	 95.000000	 24.000000	      -	 time:567.2910s
B&B(14028)	 95.000000	 24.000000	      -	 time:572.3290s
B&B(14161)	 95.000000	 24.000000	      -	 time:577.3580s
B&B(14288)	 95.000000	 24.000000	      -	 time:582.3890s
B&B(14417)	 95.000000	 24.000000	      -	 time:587.4090s
B&B(14544)	 94.000000	 24.000000	      -	 time:592.4230s
B&B(14678)	 94.000000	 24.000000	      -	 time:597.4360s
B&B(14810)	 94.000000	 24.000000	      -	 time:602.4440s
B&B(14946)	 94.000000	 24.000000	      -	 time:607.4480s
B&B(15073)	 94.000000	 24.000000	      -	 time:612.4670s
B&B(15193)	 94.000000	 24.000000	      -	 time:617.4810s
B&B(15320)	 94.000000	 24.000000	      -	 time:622.5160s
B&B(15448)	 94.000000	 24.000000	      -	 time:627.5260s
B&B(15580)	 94.000000	 24.000000	      -	 time:632.5540s
B&B(15705)	 94.000000	 24.000000	      -	 time:637.5770s
B&B(15830)	 94.000000	 24.000000	      -	 time:642.6180s
B&B(15963)	 94.000000	 24.000000	      -	 time:647.6370s
B&B(16090)	 94.000000	 24.000000	      -	 time:652.6570s
B&B(16219)	 93.000000	 24.000000	      -	 time:657.6640s
B&B(16354)	 93.000000	 24.000000	      -	 time:662.6910s
B&B(16485)	 93.000000	 24.000000	      -	 time:667.7340s
B&B(16622)	 93.000000	 24.000000	      -	 time:672.7490s
B&B(16758)	 93.000000	 24.000000	      -	 time:677.7520s
B&B(16893)	 93.000000	 24.000000	      -	 time:682.7860s
B&B(17022)	 93.000000	 24.000000	      -	 time:687.8240s
B&B(17152)	 93.000000	 24.000000	      -	 time:692.8500s
B&B(17275)	 93.000000	 24.000000	      -	 time:697.8580s
B&B(17408)	 93.000000	 24.000000	      -	 time:702.8830s
B&B(17538)	 93.000000	 24.000000	      -	 time:707.9280s
B&B(17667)	 93.000000	 24.000000	      -	 time:712.9300s
B&B(17807)	 93.000000	 24.000000	      -	 time:717.9560s
B&B(17942)	 93.000000	 24.000000	      -	 time:722.9910s
B&B(18073)	 93.000000	 24.000000	      -	 time:728.0070s
B&B(18210)	 92.000000	 24.000000	      -	 time:733.0090s
B&B(18352)	 92.000000	 24.000000	      -	 time:738.0150s
B&B(18488)	 92.000000	 24.000000	      -	 time:743.0500s
B&B(18623)	 92.000000	 24.000000	      -	 time:748.0540s
B&B(18754)	 92.000000	 24.000000	      -	 time:753.0830s
B&B(18898)	 92.000000	 24.000000	      -	 time:758.0930s
B&B(19038)	 92.000000	 24.000000	      -	 time:763.1100s
B&B(19175)	 92.000000	 24.000000	      -	 time:768.1210s
B&B(19314)	 92.000000	 24.000000	      -	 time:773.1340s
B&B(19452)	 92.000000	 24.000000	      -	 time:778.1480s
B&B(19588)	 92.000000	 24.000000	      -	 time:783.1530s
B&B(19730)	 92.000000	 24.000000	      -	 time:788.1580s
B&B(19860)	 92.000000	 24.000000	      -	 time:793.1710s
B&B(19997)	 92.000000	 24.000000	      -	 time:798.1850s
B&B(20129)	 91.000000	 24.000000	      -	 time:803.2020s
B&B(20258)	 91.000000	 24.000000	      -	 time:808.2180s
B&B(20386)	 91.000000	 24.000000	      -	 time:813.2320s
B&B(20517)	 91.000000	 24.000000	      -	 time:818.2690s
B&B(20645)	 91.000000	 24.000000	      -	 time:823.2950s
B&B(20780)	 91.000000	 24.000000	      -	 time:828.3300s
B&B(20909)	 91.000000	 24.000000	      -	 time:833.3560s
B&B(21042)	 91.000000	 24.000000	      -	 time:838.3810s
B&B(21183)	 91.000000	 24.000000	      -	 time:843.4220s
B&B(21322)	 91.000000	 24.000000	      -	 time:848.4470s
B&B(21467)	 91.000000	 24.000000	      -	 time:853.4700s
B&B(21614)	 91.000000	 24.000000	      -	 time:858.4770s
B&B(21749)	 91.000000	 24.000000	      -	 time:863.5110s
B&BCommand exited with non-zero status 124
	Command being timed: "/usr/bin/timeout 915 /home/fabio/CODD-NEWDom/cmake-build-release-ilyin/misp5 /home/fabio/CODD-NEWDom/data/misp/brock400_4.clq 128"
	User time (seconds): 912.55
	System time (seconds): 2.79
	Percent of CPU this job got: 99%
	Elapsed (wall clock) time (h:mm:ss or m:ss): 15:15.42
	Average shared text size (kbytes): 0
	Average unshared data size (kbytes): 0
	Average stack size (kbytes): 0
	Average total size (kbytes): 0
	Maximum resident set size (kbytes): 5412864
	Average resident set size (kbytes): 0
	Major (requiring I/O) page faults: 0
	Minor (reclaiming a frame) page faults: 1357204
	Voluntary context switches: 4
	Involuntary context switches: 3376
	Swaps: 0
	File system inputs: 0
	File system outputs: 56
	Socket messages sent: 0
	Socket messages received: 0
	Signals delivered: 0
	Page size (bytes): 4096
	Exit status: 124

