COMMAND: /usr/bin/time -v /usr/bin/timeout 915 /home/fabio/CODD-NEWDom/cmake-build-release-ilyin/misp5 /home/fabio/CODD-NEWDom/data/misp/san200_0.9_1.clq 128
TOP=200
B&B searching...
dual@root:200
B&B Nodes          Dual	 Primal	 Gap(%)
----------------------------------------------
update in RO 46.000000

CHECKER is 1 SUM:46
TIME:46.000000
P TIGHTEN: 0.047000 <P:46.000000, D:200.000000, INC:(178)[1 1 0 0 1 1 1 1 0 1 0 1 0 1 0 0 0 1 1 1 0 1 0 0 0 0 1 1 0 1 0 1 0 1 1 0 0 0 1 1 0 0 0 0 0 0 1 0 0 0 1 0 0 1 1 0 0 0 1 0 0 0 0 1 1 1 0 0 0 0 0 1 0 1 0 1 0 1 0 1 0 1 0 0 0 0 0 0 1 1 0 0 0 0 1 0 0 0 0 1 0 0 0 0 0 0 1 0 0 0 0 0 0 0 0 0 0 0 0 1 1 0 0 0 0 0 0 0 1 0 0 0 0 0 1 0 0 0 0 0 1 0 0 0 0 0 0 0 0 0 0 0 0 0 0 0 0 0 0 0 0 0 0 0 0 0 0 0 0 0 0 0 0 0 0 0 0 1 ]> 46.000000 46.000000 + 0.000000 #19424
update in RO 47.000000

CHECKER is 1 SUM:47
TIME:100.000000
P TIGHTEN: 0.100000 <P:47.000000, D:119.000000, INC:(173)[0 0 0 0 1 1 1 1 0 1 0 0 0 1 0 0 0 1 0 1 0 1 1 0 1 1 1 1 0 1 1 1 0 1 1 0 0 1 0 1 0 0 0 0 1 0 1 0 0 0 1 0 0 1 1 0 0 0 0 0 0 0 0 0 1 0 1 1 0 0 0 0 0 1 0 1 0 0 0 1 0 1 0 0 0 0 0 0 0 1 0 0 1 0 0 0 0 0 0 1 0 0 0 0 0 0 0 0 0 0 0 0 1 0 0 0 1 0 1 0 1 0 1 0 0 0 0 0 1 0 0 0 0 0 1 0 0 0 0 0 0 0 0 0 0 0 0 1 0 0 1 0 0 0 0 0 0 0 0 0 0 0 0 0 0 0 0 0 0 1 0 0 1 ]> 47.000000 47.000000 + 0.000000 #17639
update in RO 49.000000

CHECKER is 1 SUM:49
TIME:4498.000000
P TIGHTEN: 4.499000 <P:49.000000, D:115.000000, INC:(189)[0 0 0 0 0 0 0 0 0 0 1 0 0 0 1 1 0 0 0 1 0 1 1 1 1 1 1 1 0 0 0 1 0 1 1 0 0 1 1 1 0 0 1 0 0 0 0 0 0 0 0 0 1 1 0 0 0 0 0 0 0 1 0 0 0 0 0 1 1 0 1 0 0 0 1 0 0 0 0 1 0 0 0 0 0 0 0 0 0 0 0 1 1 1 0 0 0 1 0 0 0 0 0 1 0 0 0 0 1 1 0 0 0 0 0 0 0 0 1 1 1 0 0 0 0 0 0 0 0 0 0 0 0 0 0 1 0 0 0 0 0 1 0 0 0 0 0 0 0 0 1 0 0 0 0 0 0 0 1 1 0 0 1 0 1 0 0 0 0 1 1 1 1 0 0 1 0 0 0 0 0 0 1 0 0 0 0 0 0 ]> 49.000000 49.000000 + 0.000000 #17229
update in RO 50.000000

CHECKER is 1 SUM:50
TIME:4498.000000
P TIGHTEN: 4.499000 <P:50.000000, D:115.000000, INC:(189)[0 0 0 0 0 0 0 0 0 0 1 0 0 0 1 1 0 0 0 1 0 1 1 1 1 1 1 1 0 0 0 1 0 1 1 0 0 1 1 1 0 0 1 0 0 0 0 0 0 0 0 0 1 1 0 0 0 0 0 0 0 1 0 0 0 0 0 1 1 0 1 0 0 0 1 0 0 0 0 1 0 0 0 0 0 0 0 0 0 0 0 1 1 1 0 0 0 1 0 0 0 0 0 1 0 0 0 0 1 1 0 0 0 0 0 0 0 0 1 1 1 0 0 0 0 0 0 0 0 0 0 0 0 0 0 1 0 0 0 0 0 1 0 0 0 0 0 0 0 0 1 0 0 0 0 0 0 0 1 1 0 0 1 0 1 0 0 0 0 1 1 1 1 0 0 1 0 0 0 0 0 0 1 0 0 0 0 0 1 ]> 50.000000 50.000000 + 0.000000 #17229
update in RO 53.000000

CHECKER is 1 SUM:53
TIME:4498.000000
P TIGHTEN: 4.499000 <P:53.000000, D:115.000000, INC:(198)[0 0 0 0 0 0 0 0 0 0 1 0 0 0 1 1 0 0 0 1 1 1 1 1 0 1 1 1 0 0 0 1 1 0 0 0 0 1 1 1 0 0 1 0 0 0 0 0 0 0 0 0 1 1 0 0 0 0 0 0 0 1 0 0 1 0 0 1 1 0 0 0 0 0 0 0 1 0 0 1 0 0 0 0 0 0 0 0 0 0 0 1 1 1 0 0 0 0 0 0 0 0 0 1 0 0 0 0 0 1 0 0 0 0 0 0 0 0 1 1 1 0 0 0 1 0 0 0 0 0 0 0 0 0 0 1 0 0 0 0 0 1 0 0 0 0 0 0 0 0 1 0 0 0 1 0 0 0 1 1 0 1 1 1 1 0 1 0 0 1 1 1 1 0 0 1 0 0 0 0 0 0 1 0 0 1 0 0 1 0 0 0 0 0 0 0 0 0 ]> 53.000000 53.000000 + 0.000000 #17271
update in RO 54.000000

CHECKER is 1 SUM:54
TIME:4498.000000
P TIGHTEN: 4.499000 <P:54.000000, D:115.000000, INC:(198)[0 0 0 0 0 0 0 0 0 0 1 0 0 0 1 1 0 0 0 1 1 1 1 1 0 1 1 1 0 0 0 1 1 0 0 0 0 1 1 1 0 0 1 0 0 0 0 0 0 0 0 0 1 1 0 0 0 0 0 0 0 1 0 0 1 0 0 1 1 0 0 0 0 0 0 0 1 0 0 1 0 0 0 0 0 0 0 0 0 0 0 1 1 1 0 0 0 0 0 0 0 0 0 1 0 0 0 0 0 1 0 0 0 0 0 0 0 0 1 1 1 0 0 0 1 0 0 0 0 0 0 0 0 0 0 1 0 0 0 0 0 1 0 0 0 0 0 0 0 0 1 0 0 0 1 0 0 0 1 1 0 1 1 1 1 0 1 0 0 1 1 1 1 0 0 1 0 0 0 0 0 0 1 0 0 1 0 0 1 0 0 0 0 0 0 0 0 1 ]> 54.000000 54.000000 + 0.000000 #17271
update in RO 55.000000

CHECKER is 1 SUM:55
TIME:4498.000000
P TIGHTEN: 4.499000 <P:55.000000, D:115.000000, INC:(200)[0 0 0 0 0 0 0 0 0 0 1 0 0 0 1 1 0 0 0 0 0 1 1 1 1 1 1 1 0 0 0 1 1 0 1 0 0 1 1 1 0 0 1 0 0 0 0 0 0 0 0 0 1 1 0 1 0 0 0 0 0 1 0 0 0 0 0 1 1 0 1 0 0 0 0 0 0 0 0 1 0 0 0 0 0 0 0 0 0 0 0 1 1 1 0 0 0 0 0 0 0 0 0 1 0 0 0 1 1 1 0 0 0 0 0 0 0 0 1 1 1 0 0 0 0 0 0 0 0 0 0 0 0 0 0 1 0 0 0 0 0 1 0 0 0 1 0 0 0 0 1 0 0 0 1 0 0 1 1 1 0 0 1 0 1 0 0 0 0 1 1 1 1 0 0 1 0 0 0 0 0 0 1 0 0 1 0 0 1 0 0 0 0 0 0 0 0 1 0 1 ]> 55.000000 55.000000 + 0.000000 #17272
B&B(  215)	 115.000000	 55.000000	      -	 time:5.0070s
update in RO 56.0000

CHECKER is 1 SUM:56
TIME:5319.000000
P TIGHTEN: 5.320000 <P:56.000000, D:115.000000, INC:(198)[0 0 0 0 0 0 0 1 0 0 1 0 0 0 1 1 0 0 0 1 1 1 1 1 0 1 1 1 0 0 0 1 1 0 0 0 0 1 1 1 0 0 1 0 0 0 0 0 0 0 0 0 1 1 0 0 0 0 0 0 0 1 0 0 0 0 0 1 1 0 1 0 0 0 0 0 1 0 0 1 0 0 0 0 0 0 0 0 0 0 0 1 1 1 0 0 0 0 0 0 0 0 0 1 0 0 0 1 1 1 0 0 0 0 0 0 0 0 1 1 1 0 0 0 1 0 0 0 0 0 0 0 0 0 0 1 0 0 0 0 0 1 0 0 0 0 0 0 0 0 1 0 0 0 1 0 0 0 1 1 0 1 1 1 1 0 1 0 0 1 1 1 1 0 0 1 0 0 0 0 0 0 1 0 0 1 0 0 1 0 0 0 0 0 0 0 0 0 ]> 56.000000 56.000000 + 0.000000 #10215
update in RO 57.000000

CHECKER is 1 SUM:57
TIME:5319.000000
P TIGHTEN: 5.320000 <P:57.000000, D:115.000000, INC:(198)[0 0 0 0 0 0 0 1 0 0 1 0 0 0 1 1 0 0 0 1 1 1 1 1 0 1 1 1 0 0 0 1 1 0 0 0 0 1 1 1 0 0 1 0 0 0 0 0 0 0 0 0 1 1 0 0 0 0 0 0 0 1 0 0 0 0 0 1 1 0 1 0 0 0 0 0 1 0 0 1 0 0 0 0 0 0 0 0 0 0 0 1 1 1 0 0 0 0 0 0 0 0 0 1 0 0 0 1 1 1 0 0 0 0 0 0 0 0 1 1 1 0 0 0 1 0 0 0 0 0 0 0 0 0 0 1 0 0 0 0 0 1 0 0 0 0 0 0 0 0 1 0 0 0 1 0 0 0 1 1 0 1 1 1 1 0 1 0 0 1 1 1 1 0 0 1 0 0 0 0 0 0 1 0 0 1 0 0 1 0 0 0 0 0 0 0 0 1 ]> 57.000000 57.000000 + 0.000000 #10215
update in RO 58.000000

CHECKER is 1 SUM:58
TIME:6412.000000
P TIGHTEN: 6.413000 <P:58.000000, D:114.000000, INC:(198)[0 0 0 0 0 0 0 1 0 0 1 0 0 0 1 0 0 0 0 1 1 1 1 1 0 1 1 0 0 0 0 1 1 0 0 0 0 1 1 1 0 0 1 0 0 0 0 0 0 0 0 0 1 1 0 0 0 0 0 1 0 1 0 0 0 0 0 1 1 0 1 0 0 0 0 0 1 0 0 1 0 0 0 0 0 0 0 0 0 0 0 1 1 1 0 0 0 0 0 0 0 0 0 1 0 0 0 1 1 1 0 0 0 0 0 0 0 0 1 1 1 0 0 0 1 0 0 0 0 0 0 0 0 0 0 1 0 0 0 0 0 1 0 0 0 0 0 0 0 0 1 0 0 0 1 0 0 0 1 1 0 1 1 1 1 0 1 0 0 1 1 1 1 0 0 1 0 0 0 0 0 0 1 0 0 1 0 0 1 0 0 0 1 0 1 0 0 1 ]> 58.000000 58.000000 + 0.000000 #8209
update in RO 60.000000

CHECKER is 1 SUM:60
TIME:9447.000000
P TIGHTEN: 9.448000 <P:60.000000, D:110.000000, INC:(200)[0 0 0 0 0 0 0 0 0 0 0 0 0 0 0 1 0 0 0 0 1 0 0 1 0 1 1 0 0 0 0 1 1 0 0 0 0 1 1 1 0 0 1 0 0 0 0 1 0 0 0 0 1 1 0 1 0 0 0 1 1 1 0 0 0 0 0 1 1 0 1 0 0 0 0 0 1 0 0 1 0 0 0 0 0 0 0 0 0 0 0 1 1 1 0 0 0 0 0 0 0 0 0 1 0 0 0 1 1 1 0 0 0 0 0 0 0 0 1 1 1 0 0 0 1 0 0 0 0 0 0 0 0 0 0 1 0 0 0 0 0 1 0 0 0 1 1 0 0 0 1 0 0 0 1 0 0 1 1 1 0 1 1 1 1 0 1 0 0 1 1 1 1 0 0 1 0 0 0 0 0 0 1 0 0 1 1 0 1 0 0 0 1 0 1 0 0 1 0 0 ]> 60.000000 60.000000 + 0.000000 #5290
update in RO 61.000000

CHECKER is 1 SUM:61
TIME:9447.000000
P TIGHTEN: 9.448000 <P:61.000000, D:110.000000, INC:(200)[0 0 0 0 0 0 0 0 0 0 0 0 0 0 0 1 0 0 0 0 1 0 0 1 0 1 1 0 0 0 0 1 1 0 0 0 0 1 1 1 0 0 1 0 0 0 0 1 0 0 0 0 1 1 0 1 0 0 0 1 1 1 0 0 0 0 0 1 1 0 1 0 0 0 0 0 1 0 0 1 0 0 0 0 0 0 0 0 0 0 0 1 1 1 0 0 0 0 0 0 0 0 0 1 0 0 0 1 1 1 0 0 0 0 0 0 0 0 1 1 1 0 0 0 1 0 0 0 0 0 0 0 0 0 0 1 0 0 0 0 0 1 0 0 0 1 1 0 0 0 1 0 0 0 1 0 0 1 1 1 0 1 1 1 1 0 1 0 0 1 1 1 1 0 0 1 0 0 0 0 0 0 1 0 0 1 1 0 1 0 0 0 1 0 1 0 0 1 0 1 ]> 61.000000 61.000000 + 0.000000 #5290
B&B(  491)	 110.000000	 61.000000	 80.3279%	 time:10.0170s
update in RO 62.0000

CHECKER is 1 SUM:62
TIME:13235.000000
P TIGHTEN: 13.235000 <P:62.000000, D:109.000000, INC:(200)[0 1 0 0 0 0 0 0 0 0 1 0 0 0 1 1 0 0 0 0 1 1 1 1 0 1 1 1 0 0 0 1 1 0 0 0 0 1 1 1 0 0 1 0 0 0 0 1 0 0 0 0 1 1 0 1 0 0 0 0 1 1 0 0 0 0 0 1 1 0 1 0 0 0 0 0 1 0 0 1 0 0 0 0 0 0 0 0 0 0 0 1 1 1 0 0 0 0 0 0 0 0 0 1 0 0 0 1 1 1 0 0 0 0 0 0 0 0 1 1 1 0 0 0 1 0 0 0 0 0 0 0 0 0 0 1 0 0 0 0 0 1 0 0 0 1 0 0 0 0 1 0 0 0 1 0 0 1 1 1 0 1 1 1 1 0 1 0 0 1 1 1 1 0 0 1 0 0 0 0 0 0 1 0 0 1 0 0 1 0 0 0 0 0 0 0 0 1 0 1 ]> 62.000000 62.000000 + 0.000000 #6465
update in RO 65.000000

CHECKER is 1 SUM:65
TIME:13671.000000
P TIGHTEN: 13.672000 <P:65.000000, D:109.000000, INC:(200)[0 1 0 0 0 0 0 1 0 0 1 0 0 0 1 0 0 0 0 0 1 1 1 1 0 1 1 0 0 0 0 1 1 0 0 0 0 1 1 1 0 0 1 0 0 0 0 1 0 0 0 0 1 1 0 1 0 0 0 1 1 1 0 0 0 0 0 1 1 0 1 0 0 0 0 0 1 0 0 1 0 0 0 0 0 0 0 0 0 0 0 1 1 1 0 0 0 0 0 0 0 0 0 1 0 0 0 1 1 1 0 0 0 0 0 0 0 0 1 1 1 0 0 0 1 0 0 0 0 0 0 0 0 0 0 1 0 0 0 0 0 1 0 0 0 1 1 0 0 0 1 0 0 0 1 0 0 1 1 1 0 1 1 1 1 0 1 0 0 1 1 1 1 0 0 1 0 0 0 0 0 0 1 0 0 1 1 0 1 0 0 0 1 0 1 0 0 1 0 0 ]> 65.000000 65.000000 + 0.000000 #6677
update in RO 66.000000

CHECKER is 1 SUM:66
TIME:13671.000000
P TIGHTEN: 13.672000 <P:66.000000, D:109.000000, INC:(200)[0 1 0 0 0 0 0 1 0 0 1 0 0 0 1 0 0 0 0 0 1 1 1 1 0 1 1 0 0 0 0 1 1 0 0 0 0 1 1 1 0 0 1 0 0 0 0 1 0 0 0 0 1 1 0 1 0 0 0 1 1 1 0 0 0 0 0 1 1 0 1 0 0 0 0 0 1 0 0 1 0 0 0 0 0 0 0 0 0 0 0 1 1 1 0 0 0 0 0 0 0 0 0 1 0 0 0 1 1 1 0 0 0 0 0 0 0 0 1 1 1 0 0 0 1 0 0 0 0 0 0 0 0 0 0 1 0 0 0 0 0 1 0 0 0 1 1 0 0 0 1 0 0 0 1 0 0 1 1 1 0 1 1 1 1 0 1 0 0 1 1 1 1 0 0 1 0 0 0 0 0 0 1 0 0 1 1 0 1 0 0 0 1 0 1 0 0 1 0 1 ]> 66.000000 66.000000 + 0.000000 #6677
update in RO 67.000000

CHECKER is 1 SUM:67
TIME:13994.000000
P TIGHTEN: 13.994000 <P:67.000000, D:109.000000, INC:(200)[0 1 0 0 0 0 0 1 0 0 1 0 0 0 1 1 0 0 0 0 1 1 1 1 0 1 1 0 0 0 0 1 1 0 0 0 0 1 1 1 0 0 1 0 0 0 0 1 0 0 0 0 1 1 0 1 0 0 0 1 1 1 0 0 0 0 0 1 1 0 1 0 0 0 0 0 1 0 0 1 0 0 0 0 0 0 0 0 0 0 0 1 1 1 0 0 0 0 0 0 0 0 0 1 0 0 0 1 1 1 0 0 0 0 0 0 0 0 1 1 1 0 0 0 1 0 0 0 0 0 0 0 0 0 0 1 0 0 0 0 0 1 0 0 0 1 1 0 0 0 1 0 0 0 1 0 0 1 1 1 0 1 1 1 1 0 1 0 0 1 1 1 1 0 0 1 0 0 0 0 0 0 1 0 0 1 1 0 1 0 0 0 1 0 1 0 0 1 0 1 ]> 67.000000 67.000000 + 0.000000 #5410
B&B(  804)	 109.000000	 67.000000	 62.6866%	 time:15.0240s
B&B( 1178)	 108.000000	 67.000000	 61.1940%	 time:20.0410s
B&B( 1556)	 107.000000	 67.000000	 59.7015%	 time:25.0530s
B&B( 1911)	 106.000000	 67.000000	 58.2090%	 time:30.0670s
update in RO 68.0000

CHECKER is 1 SUM:68
TIME:31473.000000
P TIGHTEN: 31.474000 <P:68.000000, D:106.000000, INC:(200)[1 1 0 0 0 0 0 1 0 0 1 0 0 0 1 1 0 0 0 0 1 1 1 1 0 1 1 0 0 0 0 1 1 0 0 0 0 1 1 1 0 0 1 0 0 0 0 1 0 0 0 0 1 1 0 1 0 0 0 1 1 1 0 0 0 0 0 1 1 0 1 0 0 0 0 0 1 0 0 1 0 0 0 0 0 0 0 0 0 0 0 1 1 1 0 0 0 0 0 0 0 0 0 1 0 0 0 1 1 1 0 0 0 0 0 0 0 0 1 1 1 0 0 0 1 0 0 0 0 0 0 0 0 0 0 1 0 0 0 0 0 1 0 0 0 1 1 0 0 0 1 0 0 0 1 0 0 1 1 1 0 1 1 1 1 0 1 0 0 1 1 1 1 0 0 1 0 0 0 0 0 0 1 0 0 1 1 0 1 0 0 0 1 0 1 0 0 1 0 1 ]> 68.000000 68.000000 + 0.000000 #5352
B&B( 2254)	 106.000000	 68.000000	 55.8824%	 time:35.0740s
B&B( 2572)	 105.000000	 68.000000	 54.4118%	 time:40.0750s
B&B( 2911)	 105.000000	 68.000000	 54.4118%	 time:45.0890s
B&B( 3240)	 105.000000	 68.000000	 54.4118%	 time:50.1040s
B&B( 3590)	 105.000000	 68.000000	 54.4118%	 time:55.1120s
B&B( 3937)	 104.000000	 68.000000	 52.9412%	 time:60.1140s
B&B( 4274)	 104.000000	 68.000000	 52.9412%	 time:65.1200s
B&B( 4646)	 104.000000	 68.000000	 52.9412%	 time:70.1350s
B&B( 5031)	 104.000000	 68.000000	 52.9412%	 time:75.1500s
B&B( 5366)	 103.000000	 68.000000	 51.4706%	 time:80.1580s
B&B( 5718)	 103.000000	 68.000000	 51.4706%	 time:85.1740s
B&B( 6062)	 103.000000	 68.000000	 51.4706%	 time:90.1770s
B&B( 6402)	 103.000000	 68.000000	 51.4706%	 time:95.1800s
B&B( 6814)	 103.000000	 68.000000	 51.4706%	 time:100.1920s
B&B( 7177)	 102.000000	 68.000000	 50.0000%	 time:105.2040s
B&B( 7481)	 102.000000	 68.000000	 50.0000%	 time:110.2160s
B&B( 7793)	 102.000000	 68.000000	 50.0000%	 time:115.2200s
B&B( 8115)	 102.000000	 68.000000	 50.0000%	 time:120.2380s
B&B( 8455)	 102.000000	 68.000000	 50.0000%	 time:125.2420s
B&B( 8750)	 102.000000	 68.000000	 50.0000%	 time:130.2440s
B&B( 9068)	 102.000000	 68.000000	 50.0000%	 time:135.2630s
B&B( 9376)	 102.000000	 68.000000	 50.0000%	 time:140.2800s
B&B( 9672)	 102.000000	 68.000000	 50.0000%	 time:145.2870s
B&B( 9998)	 101.000000	 68.000000	 48.5294%	 time:150.2990s
B&B(10297)	 101.000000	 68.000000	 48.5294%	 time:155.3100s
B&B(10607)	 101.000000	 68.000000	 48.5294%	 time:160.3140s
B&B(10931)	 101.000000	 68.000000	 48.5294%	 time:165.3150s
B&B(11240)	 101.000000	 68.000000	 48.5294%	 time:170.3180s
B&B(11561)	 101.000000	 68.000000	 48.5294%	 time:175.3200s
B&B(11862)	 101.000000	 68.000000	 48.5294%	 time:180.3290s
B&B(12168)	 101.000000	 68.000000	 48.5294%	 time:185.3440s
B&B(12473)	 101.000000	 68.000000	 48.5294%	 time:190.3480s
B&B(12795)	 101.000000	 68.000000	 48.5294%	 time:195.3520s
B&B(13063)	 101.000000	 68.000000	 48.5294%	 time:200.3670s
B&B(13342)	 101.000000	 68.000000	 48.5294%	 time:205.3680s
B&B(13606)	 101.000000	 68.000000	 48.5294%	 time:210.3710s
B&B(13887)	 101.000000	 68.000000	 48.5294%	 time:215.3810s
B&B(14171)	 100.000000	 68.000000	 47.0588%	 time:220.3820s
B&B(14494)	 100.000000	 68.000000	 47.0588%	 time:225.3880s
B&B(14801)	 100.000000	 68.000000	 47.0588%	 time:230.3970s
B&B(15105)	 100.000000	 68.000000	 47.0588%	 time:235.4140s
B&B(15389)	 100.000000	 68.000000	 47.0588%	 time:240.4260s
B&B(15670)	 100.000000	 68.000000	 47.0588%	 time:245.4320s
B&B(16012)	 100.000000	 68.000000	 47.0588%	 time:250.4390s
B&B(16343)	 100.000000	 68.000000	 47.0588%	 time:255.4550s
B&B(16632)	 100.000000	 68.000000	 47.0588%	 time:260.4690s
B&B(16903)	 100.000000	 68.000000	 47.0588%	 time:265.4750s
B&B(17199)	 100.000000	 68.000000	 47.0588%	 time:270.4890s
B&B(17524)	 100.000000	 68.000000	 47.0588%	 time:275.5070s
B&B(17798)	 100.000000	 68.000000	 47.0588%	 time:280.5090s
B&B(18074)	 100.000000	 68.000000	 47.0588%	 time:285.5110s
B&B(18409)	 99.000000	 68.000000	 45.5882%	 time:290.5220s
B&B(18695)	 99.000000	 68.000000	 45.5882%	 time:295.5410s
B&B(18982)	 99.000000	 68.000000	 45.5882%	 time:300.5510s
B&B(19280)	 99.000000	 68.000000	 45.5882%	 time:305.5670s
B&B(19548)	 99.000000	 68.000000	 45.5882%	 time:310.5870s
B&B(19870)	 99.000000	 68.000000	 45.5882%	 time:315.6050s
B&B(20167)	 99.000000	 68.000000	 45.5882%	 time:320.6150s
B&B(20445)	 99.000000	 68.000000	 45.5882%	 time:325.6370s
B&B(20716)	 99.000000	 68.000000	 45.5882%	 time:330.6570s
B&B(21060)	 99.000000	 68.000000	 45.5882%	 time:335.6680s
B&B(21337)	 99.000000	 68.000000	 45.5882%	 time:340.6830s
B&B(21631)	 99.000000	 68.000000	 45.5882%	 time:345.6860s
B&B(21926)	 99.000000	 68.000000	 45.5882%	 time:350.6920s
B&B(22224)	 99.000000	 68.000000	 45.5882%	 time:355.7090s
B&B(22518)	 99.000000	 68.000000	 45.5882%	 time:360.7100s
B&B(22842)	 99.000000	 68.000000	 45.5882%	 time:365.7310s
B&B(23170)	 99.000000	 68.000000	 45.5882%	 time:370.7390s
B&B(23517)	 99.000000	 68.000000	 45.5882%	 time:375.7560s
B&B(23808)	 99.000000	 68.000000	 45.5882%	 time:380.7650s
B&B(24080)	 99.000000	 68.000000	 45.5882%	 time:385.7690s
B&B(24441)	 98.000000	 68.000000	 44.1176%	 time:390.7780s
B&B(24716)	 98.000000	 68.000000	 44.1176%	 time:395.7910s
B&B(25001)	 98.000000	 68.000000	 44.1176%	 time:400.8060s
B&B(25340)	 98.000000	 68.000000	 44.1176%	 time:405.8140s
B&B(25667)	 98.000000	 68.000000	 44.1176%	 time:410.8290s
B&B(25959)	 98.000000	 68.000000	 44.1176%	 time:415.8360s
B&B(26283)	 98.000000	 68.000000	 44.1176%	 time:420.8390s
B&B(26608)	 98.000000	 68.000000	 44.1176%	 time:425.8430s
B&B(27004)	 98.000000	 68.000000	 44.1176%	 time:430.8590s
B&B(27362)	 98.000000	 68.000000	 44.1176%	 time:435.8600s
B&B(27694)	 98.000000	 68.000000	 44.1176%	 time:440.8660s
B&B(28043)	 98.000000	 68.000000	 44.1176%	 time:445.8850s
B&B(28413)	 98.000000	 68.000000	 44.1176%	 time:450.9010s
B&B(28748)	 98.000000	 68.000000	 44.1176%	 time:455.9090s
B&B(29065)	 98.000000	 68.000000	 44.1176%	 time:460.9250s
B&B(29411)	 98.000000	 68.000000	 44.1176%	 time:465.9320s
B&B(29752)	 98.000000	 68.000000	 44.1176%	 time:470.9490s
B&B(30132)	 98.000000	 68.000000	 44.1176%	 time:475.9590s
B&B(30519)	 98.000000	 68.000000	 44.1176%	 time:480.9600s
B&B(30894)	 98.000000	 68.000000	 44.1176%	 time:485.9720s
B&B(31271)	 98.000000	 68.000000	 44.1176%	 time:490.9870s
B&B(31595)	 98.000000	 68.000000	 44.1176%	 time:495.9900s
B&B(31982)	 98.000000	 68.000000	 44.1176%	 time:501.0020s
B&B(32374)	 98.000000	 68.000000	 44.1176%	 time:506.0030s
B&B(32752)	 98.000000	 68.000000	 44.1176%	 time:511.0070s
B&B(33134)	 98.000000	 68.000000	 44.1176%	 time:516.0130s
B&B(33529)	 98.000000	 68.000000	 44.1176%	 time:521.0160s
B&B(33917)	 98.000000	 68.000000	 44.1176%	 time:526.0240s
B&B(34254)	 97.000000	 68.000000	 42.6471%	 time:531.0270s
B&B(34676)	 97.000000	 68.000000	 42.6471%	 time:536.0350s
B&B(35102)	 97.000000	 68.000000	 42.6471%	 time:541.0370s
B&B(35495)	 97.000000	 68.000000	 42.6471%	 time:546.0450s
B&B(35873)	 97.000000	 68.000000	 42.6471%	 time:551.0540s
B&B(36246)	 97.000000	 68.000000	 42.6471%	 time:556.0700s
B&B(36667)	 97.000000	 68.000000	 42.6471%	 time:561.0790s
B&B(37068)	 97.000000	 68.000000	 42.6471%	 time:566.0830s
B&B(37506)	 97.000000	 68.000000	 42.6471%	 time:571.0850s
B&B(37902)	 97.000000	 68.000000	 42.6471%	 time:576.1020s
B&B(38320)	 97.000000	 68.000000	 42.6471%	 time:581.1110s
B&B(38727)	 97.000000	 68.000000	 42.6471%	 time:586.Command exited with non-zero status 124
	Command being timed: "/usr/bin/timeout 915 /home/fabio/CODD-NEWDom/cmake-build-release-ilyin/misp5 /home/fabio/CODD-NEWDom/data/misp/san200_0.9_1.clq 128"
	User time (seconds): 909.28
	System time (seconds): 6.64
	Percent of CPU this job got: 99%
	Elapsed (wall clock) time (h:mm:ss or m:ss): 15:15.96
	Average shared text size (kbytes): 0
	Average unshared data size (kbytes): 0
	Average stack size (kbytes): 0
	Average total size (kbytes): 0
	Maximum resident set size (kbytes): 13392384
	Average resident set size (kbytes): 0
	Major (requiring I/O) page faults: 0
	Minor (reclaiming a frame) page faults: 3349941
	Voluntary context switches: 4
	Involuntary context switches: 1825
	Swaps: 0
	File system inputs: 0
	File system outputs: 64
	Socket messages sent: 0
	Socket messages received: 0
	Signals delivered: 0
	Page size (bytes): 4096
	Exit status: 124

