COMMAND: /usr/bin/time -v /usr/bin/timeout 915 /home/fabio/CODD-NEWDom/cmake-build-release-ilyin/misp5 /home/fabio/CODD-NEWDom/data/misp/brock200_1.clq 128
TOP=200
B&B searching...
dual@root:200
B&B Nodes          Dual	 Primal	 Gap(%)
----------------------------------------------
update in RO 13.000000

CHECKER is 1 SUM:13
TIME:34.000000
P TIGHTEN: 0.035000 <P:13.000000, D:200.000000, INC:(98)[1 0 0 0 0 1 1 1 0 0 1 0 1 0 0 0 0 0 0 0 0 0 0 1 0 0 1 1 0 0 0 0 0 0 0 0 0 0 0 0 0 0 0 0 0 0 0 0 0 0 0 0 0 0 1 0 0 0 0 0 0 0 0 0 0 1 0 0 0 0 0 0 0 0 0 0 0 0 0 0 1 0 0 0 0 0 0 0 0 0 0 0 0 0 0 0 0 1 ]> 13.000000 13.000000 + 0.000000 #11555
update in RO 14.000000

CHECKER is 1 SUM:14
TIME:34.000000
P TIGHTEN: 0.035000 <P:14.000000, D:200.000000, INC:(103)[1 0 0 0 1 0 0 1 0 1 1 0 1 1 0 0 0 0 0 0 0 0 0 0 0 0 0 0 0 0 0 1 0 0 0 0 0 0 0 1 0 0 0 0 0 0 0 1 0 0 0 0 0 0 0 0 0 0 0 0 0 1 0 0 0 0 0 0 0 0 0 0 0 0 1 0 0 0 1 0 0 0 0 0 0 0 0 0 0 0 0 0 0 0 0 0 0 0 0 0 0 0 1 ]> 14.000000 14.000000 + 0.000000 #12115
update in RO 15.000000

CHECKER is 1 SUM:15
TIME:38.000000
P TIGHTEN: 0.038000 <P:15.000000, D:200.000000, INC:(150)[1 0 0 0 0 0 0 1 0 1 1 0 1 0 0 1 0 0 0 0 0 0 0 1 0 0 1 1 0 0 0 0 0 0 0 0 0 0 0 0 0 0 0 0 0 0 0 0 0 0 0 0 0 0 0 0 0 0 1 0 0 0 0 0 0 0 0 0 1 0 0 0 0 0 0 0 0 0 1 0 1 0 0 0 0 0 0 0 0 0 0 0 0 0 0 0 0 0 0 0 0 0 0 0 1 0 0 0 0 0 0 0 0 0 0 0 0 0 0 0 0 0 0 0 0 0 0 0 0 0 0 0 0 0 0 0 0 0 0 0 0 0 0 0 0 0 0 0 0 1 ]> 15.000000 15.000000 + 0.000000 #17365
update in RO 16.000000

CHECKER is 1 SUM:16
TIME:38.000000
P TIGHTEN: 0.038000 <P:16.000000, D:200.000000, INC:(151)[0 1 0 1 1 1 0 0 1 0 0 0 0 0 1 1 0 0 0 0 0 1 0 0 0 1 0 0 0 0 0 0 0 0 0 0 0 0 0 0 0 0 0 0 0 0 0 0 0 0 0 0 1 0 0 0 0 0 0 0 0 0 1 0 0 0 0 0 0 0 0 0 0 0 0 0 0 0 0 0 0 0 0 0 0 0 0 0 0 0 0 0 0 0 0 0 0 0 0 0 0 0 0 0 0 0 0 0 0 0 0 1 0 0 0 0 0 0 0 0 1 1 0 0 1 0 0 0 0 0 0 0 0 0 0 0 0 0 0 0 0 0 0 0 0 0 0 0 0 0 1 ]> 16.000000 16.000000 + 0.000000 #17417
update in RO 17.000000

CHECKER is 1 SUM:17
TIME:38.000000
P TIGHTEN: 0.039000 <P:17.000000, D:200.000000, INC:(155)[1 0 0 0 0 0 0 1 0 1 1 0 1 0 0 1 0 0 0 0 0 0 0 1 0 0 1 1 0 0 0 0 0 0 0 0 0 0 0 0 0 0 0 0 0 0 0 1 0 0 0 0 0 0 0 0 0 0 0 0 0 0 0 0 0 0 0 0 0 0 0 0 0 0 1 0 0 0 1 0 1 0 0 0 0 0 0 0 0 0 0 0 0 0 0 0 0 0 0 0 0 0 1 0 1 0 0 1 0 0 0 0 0 0 0 0 0 0 0 0 0 0 0 0 0 0 0 0 0 0 0 0 0 0 0 0 0 0 0 0 0 0 0 0 0 0 0 0 0 0 0 0 0 0 1 ]> 17.000000 17.000000 + 0.000000 #17485
update in RO 18.000000

CHECKER is 1 SUM:18
TIME:60.000000
P TIGHTEN: 0.060000 <P:18.000000, D:69.000000, INC:(191)[0 0 0 0 0 0 0 0 0 1 0 0 1 1 0 0 0 0 1 1 0 0 0 1 0 0 1 0 0 0 0 1 0 0 0 1 0 0 0 0 0 0 0 0 0 0 0 1 0 0 0 0 0 0 0 0 0 0 0 0 0 0 0 0 0 0 0 0 0 0 0 0 0 0 0 0 0 0 0 0 0 0 0 0 0 0 0 0 0 0 0 0 0 0 0 0 0 0 0 0 0 0 0 0 0 0 0 1 0 0 0 0 0 0 0 0 0 0 0 0 0 0 0 1 0 0 0 1 1 0 0 0 0 0 0 0 0 1 0 0 0 0 0 0 0 0 0 0 0 0 0 0 0 0 0 0 0 0 0 1 0 0 0 0 0 0 0 0 0 0 0 0 0 0 0 0 0 0 0 0 0 0 0 0 0 1 0 0 0 0 1 ]> 18.000000 18.000000 + 0.000000 #12758
update in RO 19.000000

CHECKER is 1 SUM:19
TIME:154.000000
P TIGHTEN: 0.155000 <P:19.000000, D:69.000000, INC:(190)[0 0 1 0 0 0 0 0 0 1 0 0 1 0 0 0 0 0 1 1 0 0 0 1 0 1 0 0 0 0 0 1 0 0 0 1 0 0 0 0 0 0 0 0 0 0 0 0 0 0 0 0 1 0 0 0 0 1 1 0 0 0 0 0 0 0 0 0 1 0 0 0 0 0 0 0 0 0 1 0 1 0 0 0 0 0 0 0 0 0 0 0 0 0 0 0 0 0 0 0 0 0 0 0 0 0 0 0 0 0 0 0 0 0 0 0 0 0 0 0 0 0 0 0 0 1 0 0 0 0 0 0 0 0 0 0 0 1 0 0 0 0 0 0 0 0 0 0 0 0 0 0 0 0 0 0 0 0 0 0 0 0 0 0 0 0 0 0 0 0 0 0 0 0 1 0 0 0 0 0 0 0 0 0 0 0 0 0 0 1 ]> 19.000000 19.000000 + 0.000000 #13887
B&B(  346)	 60.000000	 19.000000	      -	 time:5.0020s
update in RO 20.0000

CHECKER is 1 SUM:20
TIME:9257.000000
P TIGHTEN: 9.258000 <P:20.000000, D:55.000000, INC:(199)[0 0 0 1 0 0 0 0 0 0 0 0 0 0 0 0 0 0 0 0 0 1 0 0 0 0 1 0 0 0 0 1 0 0 0 1 0 1 0 0 1 0 0 0 1 0 0 0 1 0 0 0 0 0 0 0 0 0 0 0 0 0 0 0 0 0 0 0 0 0 0 0 0 0 0 0 0 0 0 0 0 0 0 0 0 0 0 0 0 0 0 0 0 0 0 0 0 0 0 0 0 0 1 0 0 0 1 0 1 0 0 0 0 0 0 0 0 0 0 0 0 0 0 0 0 0 0 1 0 1 0 0 0 0 0 0 0 1 0 0 0 0 0 1 0 0 0 0 0 0 0 0 0 0 0 0 0 0 0 0 0 0 1 0 0 0 0 0 0 0 0 0 0 0 0 0 0 0 0 0 0 0 0 0 0 1 0 0 0 0 1 0 0 0 0 0 0 0 1 ]> 20.000000 20.000000 + 0.000000 #10932
B&B(  847)	 55.000000	 20.000000	      -	 time:10.0130s
B&B( 1483)	 52.000000	 20.000000	      -	 time:15.0160s
B&B( 2248)	 50.000000	 20.000000	      -	 time:20.0270s
B&B( 2988)	 49.000000	 20.000000	      -	 time:25.0300s
B&B( 3872)	 48.000000	 20.000000	      -	 time:30.0340s
B&B( 4876)	 47.000000	 20.000000	      -	 time:35.0410s
B&B( 6056)	 46.000000	 20.000000	      -	 time:40.0430s
B&B( 7378)	 44.000000	 20.000000	      -	 time:45.0450s
B&B( 8874)	 44.000000	 20.000000	      -	 time:50.0490s
B&B(10406)	 43.000000	 20.000000	      -	 time:55.0560s
B&B(12324)	 42.000000	 20.000000	      -	 time:60.0640s
B&B(13888)	 42.000000	 20.000000	      -	 time:65.0710s
B&B(15615)	 41.000000	 20.000000	      -	 time:70.0730s
B&B(17780)	 40.000000	 20.000000	 100.0000%	 time:75.0770s
B&B(19820)	 40.000000	 20.000000	 100.0000%	 time:80.0850s
B&B(21913)	 39.000000	 20.000000	 95.0000%	 time:85.0870s
B&B(24258)	 39.000000	 20.000000	 95.0000%	 time:90.0880s
B&B(26486)	 39.000000	 20.000000	 95.0000%	 time:95.0990s
B&B(29182)	 38.000000	 20.000000	 90.0000%	 time:100.1010s
B&B(31804)	 38.000000	 20.000000	 90.0000%	 time:105.1020s
B&B(34828)	 38.000000	 20.000000	 90.0000%	 time:110.1090s
B&B(38021)	 37.000000	 20.000000	 85.0000%	 time:115.1100s
B&B(41303)	 37.000000	 20.000000	 85.0000%	 time:120.1120s
B&B(44502)	 36.000000	 20.000000	 80.0000%	 time:125.1140s
B&B(48226)	 36.000000	 20.000000	 80.0000%	 time:130.1160s
B&B(52025)	 36.000000	 20.000000	 80.0000%	 time:135.1250s
B&B(55893)	 36.000000	 20.000000	 80.0000%	 time:140.1270s
B&B(59914)	 35.000000	 20.000000	 75.0000%	 time:145.1300s
B&B(64201)	 35.000000	 20.000000	 75.0000%	 time:150.1360s
B&B(68774)	 35.000000	 20.000000	 75.0000%	 time:155.1420s
B&B(73008)	 35.000000	 20.000000	 75.0000%	 time:160.1430s
B&B(77830)	 34.000000	 20.000000	 70.0000%	 time:165.1500s
B&B(82709)	 34.000000	 20.000000	 70.0000%	 time:170.1580s
B&B(87655)	 34.000000	 20.000000	 70.0000%	 time:175.1590s
B&B(92868)	 34.000000	 20.000000	 70.0000%	 time:180.1610s
B&B(98553)	 33.000000	 20.000000	 65.0000%	 time:185.1630s
B&B(104389)	 33.000000	 20.000000	 65.0000%	 time:190.1670s
B&B(110430)	 33.000000	 20.000000	 65.0000%	 time:195.1690s
B&B(116880)	 33.000000	 20.000000	 65.0000%	 time:200.1750s
B&B(123488)	 32.000000	 20.000000	 60.0000%	 time:205.1770s
B&B(130754)	 32.000000	 20.000000	 60.0000%	 time:210.1780s
B&B(138012)	 32.000000	 20.000000	 60.0000%	 time:215.1790s
B&B(144735)	 32.000000	 20.000000	 60.0000%	 time:220.1800s
B&B(151722)	 32.000000	 20.000000	 60.0000%	 time:225.1830s
B&B(159757)	 31.000000	 20.000000	 55.0000%	 time:230.1850s
B&B(168294)	 31.000000	 20.000000	 55.0000%	 time:235.1920s
B&B(177157)	 31.000000	 20.000000	 55.0000%	 time:240.1940s
B&B(186325)	 31.000000	 20.000000	 55.0000%	 time:245.1960s
B&B(194705)	 31.000000	 20.000000	 55.0000%	 time:250.1990s
B&B(203056)	 31.000000	 20.000000	 55.0000%	 time:255.2020s
B&B(212455)	 30.000000	 20.000000	 50.0000%	 time:260.2040s
B&B(223477)	 30.000000	 20.000000	 50.0000%	 time:265.2060s
B&B(234276)	 30.000000	 20.000000	 50.0000%	 time:270.2070s
B&B(245091)	 30.000000	 20.000000	 50.0000%	 time:275.2150s
B&B(256569)	 30.000000	 20.000000	 50.0000%	 time:280.2210s
B&B(266104)	 30.000000	 20.000000	 50.0000%	 time:285.2270s
B&B(277304)	 29.000000	 20.000000	 45.0000%	 time:290.2280s
B&B(288965)	 29.000000	 20.000000	 45.0000%	 time:295.2290s
B&B(301629)	 29.000000	 20.000000	 45.0000%	 time:300.2320s
B&B(314811)	 29.000000	 20.000000	 45.0000%	 time:305.2330s
B&B(327552)	 29.000000	 20.000000	 45.0000%	 time:310.2350s
B&B(341488)	 29.000000	 20.000000	 45.0000%	 time:315.2360s
B&B(354397)	 29.000000	 20.000000	 45.0000%	 time:320.2380s
B&B(369085)	 28.000000	 20.000000	 40.0000%	 time:325.2400s
B&B(383188)	 28.000000	 20.000000	 40.0000%	 time:330.2410s
B&B(397640)	 28.000000	 20.000000	 40.0000%	 time:335.2430s
B&B(412706)	 28.000000	 20.000000	 40.0000%	 time:340.2440s
B&B(428840)	 28.000000	 20.000000	 40.0000%	 time:345.2460s
B&B(445157)	 28.000000	 20.000000	 40.0000%	 time:350.2480s
B&B(461315)	 28.000000	 20.000000	 40.0000%	 time:355.2490s
B&B(478550)	 27.000000	 20.000000	 35.0000%	 time:360.2500s
B&B(496433)	 27.000000	 20.000000	 35.0000%	 time:365.2530s
B&B(513538)	 27.000000	 20.000000	 35.0000%	 time:370.2540s
B&B(529776)	 27.000000	 20.000000	 35.0000%	 time:375.2580s
B&B(548501)	 27.000000	 20.000000	 35.0000%	 time:380.2600s
B&B(566966)	 27.000000	 20.000000	 35.0000%	 time:385.2610s
B&B(585420)	 27.000000	 20.000000	 35.0000%	 time:390.2620s
B&B(603640)	 27.000000	 20.000000	 35.0000%	 time:395.2630s
B&B(621954)	 27.000000	 20.000000	 35.0000%	 time:400.2640s
B&B(642127)	 26.000000	 20.000000	 30.0000%	 time:405.2660s
B&B(664632)	 26.000000	 20.000000	 30.0000%	 time:410.2680s
B&B(685455)	 26.000000	 20.000000	 30.0000%	 time:415.2700s
B&B(706256)	 26.000000	 20.000000	 30.0000%	 time:420.2720s
B&B(727311)	 26.000000	 20.000000	 30.0000%	 time:425.2740s
B&B(750313)	 26.000000	 20.000000	 30.0000%	 time:430.2750s
B&B(772237)	 26.000000	 20.000000	 30.0000%	 time:435.2760s
B&B(794180)	 26.000000	 20.000000	 30.0000%	 time:440.2770s
B&B(817134)	 26.000000	 20.000000	 30.0000%	 time:445.2790s
B&B(840557)	 25.000000	 20.000000	 25.0000%	 time:450.2800s
B&B(870988)	 25.000000	 20.000000	 25.0000%	 time:455.2810s
update in RX 21.0000 459.0950 <P:20.0000, D:25.0000, INC:(199)[0 0 0 1 0 0 0 0 0 0 0 0 0 0 0 0 0 0 0 0 0 1 0 0 0 0 1 0 0 0 0 1 0 0 0 1 0 1 0 0 1 0 0 0 1 0 0 0 1 0 0 0 0 0 0 0 0 0 0 0 0 0 0 0 0 0 0 0 0 0 0 0 0 0 0 0 0 0 0 0 0 0 0 0 0 0 0 0 0 0 0 0 0 0 0 0 0 0 0 0 0 0 1 0 0 0 1 0 1 0 0 0 0 0 0 0 0 0 0 0 0 0 0 0 0 0 0 1 0 1 0 0 0 0 0 0 0 1 0 0 0 0 0 1 0 0 0 0 0 0 0 0 0 0 0 0 0 0 0 0 0 0 1 0 0 0 0 0 0 0 0 0 0 0 0 0 0 0 0 0 0 0 0 0 0 1 0 0 0 0 1 0 0 0 0 0 0 0 1 ]>

CHECKER is 1 SUM:21
TIME:459094.000000
D TIGHTEN: 459.095000 <P:21.000000, D:25.000000, INC:(186)[0 0 0 0 0 0 0 0 0 0 0 0 0 0 0 0 0 1 0 1 0 0 0 0 0 0 0 0 0 0 0 0 0 0 0 0 0 0 1 0 0 0 0 0 0 0 0 0 0 0 0 0 0 0 0 0 0 0 0 0 0 0 0 0 0 0 0 1 0 0 0 0 1 0 0 0 0 0 0 0 1 0 0 0 1 0 1 0 0 1 0 1 1 1 0 0 0 0 0 0 0 1 0 0 0 0 0 1 0 0 0 0 0 0 0 0 0 0 0 0 0 0 0 0 0 0 0 0 0 0 0 0 0 1 1 1 0 0 0 0 0 1 0 0 0 0 0 0 0 1 0 0 0 0 0 0 0 0 0 0 0 0 0 0 0 0 0 0 0 0 0 0 0 0 0 0 0 1 0 0 0 0 0 0 0 1 ]>
B&B(903149)	 25.000000	 21.000000	 19.0476%	 time:460.2820s
B&B(938522)	 25.000000	 21.000000	 19.0476%	 time:465.2830s
B&B(972225)	 25.000000	 21.000000	 19.0476%	 time:470.2840s
B&B(1008213)	 25.000000	 21.000000	 19.0476%	 time:475.2850s
B&B(1043738)	 25.000000	 21.000000	 19.0476%	 time:480.2880s
B&B(1081007)	 25.000000	 21.000000	 19.0476%	 time:485.2900s
B&B(1118967)	 24.000000	 21.000000	 14.2857%	 time:490.2910s
B&B(1163510)	 24.000000	 21.000000	 14.2857%	 time:495.2920s
B&B(1209111)	 24.000000	 21.000000	 14.2857%	 time:500.2930s
B&B(1256020)	 24.000000	 21.000000	 14.2857%	 time:505.2950s
B&B(1299155)	 24.000000	 21.000000	 14.2857%	 time:510.2970s
B&B(1342496)	 24.000000	 21.000000	 14.2857%	 time:515.2980s
B&B(1387295)	 24.000000	 21.000000	 14.2857%	 time:520.3000s
B&B(1431031)	 24.000000	 21.000000	 14.2857%	 time:525.3010s
B&B(1474885)	 24.000000	 21.000000	 14.2857%	 time:530.3020s
B&B(1527469)	 23.000000	 21.000000	 9.5238%	 time:535.3030s
B&B(1581771)	 23.000000	 21.000000	 9.5238%	 time:540.3040s
B&B(1637868)	 23.000000	 21.000000	 9.5238%	 time:545.3060s
B&B(1692379)	 23.000000	 21.000000	 9.5238%	 time:550.3070s
B&B(1745440)	 23.000000	 21.000000	 9.5238%	 time:555.3080s
B&B(1799090)	 23.000000	 21.000000	 9.5238%	 time:560.3090s
B&B(1852410)	 23.000000	 21.000000	 9.5238%	 time:565.3100s
B&B(1907250)	 23.000000	 21.000000	 9.5238%	 time:570.3110s
B&B(1959822)	 23.000000	 21.000000	 9.5238%	 time:575.3120s
B&B(2023594)	 22.000000	 21.000000	 4.7619%	 time:580.3140s
B&B(2088834)	 22.000000	 21.000000	 4.7619%	 time:585.3150s
B&B(2153365)	 22.000000	 21.000000	 4.7619%	 time:590.3160s
B&B(2219755)	 22.000000	 21.000000	 4.7619%	 time:595.3170s
B&B(2284846)	 22.000000	 21.000000	 4.7619%	 time:600.3180s
B&B(2350740)	 22.000000	 21.000000	 4.7619%	 time:605.3190s
B&B(2416748)	 22.000000	 21.000000	 4.7619%	 time:610.3200s
B&B(2481655)	 22.000000	 21.000000	 4.7619%	 time:615.3210s
B&B(2547006)	 22.000000	 21.000000	 4.7619%	 time:620.3220s
B&B(2612789)	 22.000000	 21.000000	 4.7619%	 time:625.3230s
Done(128):21.0000000000000000	 #nodes:2667235/3581667	 P/D:0/0	 Time:459.0939999999999941/629.7480000000000473s	 LIM?:0	 Seen:0
	Command being timed: "/usr/bin/timeout 915 /home/fabio/CODD-NEWDom/cmake-build-release-ilyin/misp5 /home/fabio/CODD-NEWDom/data/misp/brock200_1.clq 128"
	User time (seconds): 628.52
	System time (seconds): 1.36
	Percent of CPU this job got: 99%
	Elapsed (wall clock) time (h:mm:ss or m:ss): 10:29.95
	Average shared text size (kbytes): 0
	Average unshared data size (kbytes): 0
	Average stack size (kbytes): 0
	Average total size (kbytes): 0
	Maximum resident set size (kbytes): 2669568
	Average resident set size (kbytes): 0
	Major (requiring I/O) page faults: 0
	Minor (reclaiming a frame) page faults: 670879
	Voluntary context switches: 3
	Involuntary context switches: 2473
	Swaps: 0
	File system inputs: 0
	File system outputs: 48
	Socket messages sent: 0
	Socket messages received: 0
	Signals delivered: 0
	Page size (bytes): 4096
	Exit status: 0

