COMMAND: /usr/bin/time -v /usr/bin/timeout 915 /home/fabio/CODD-NEWDom/cmake-build-release-ilyin/misp5 /home/fabio/CODD-NEWDom/data/misp/keller5.clq 128
TOP=776
B&B searching...
dual@root:776
B&B Nodes          Dual	 Primal	 Gap(%)
----------------------------------------------
update in RO 17.000000

CHECKER is 1 SUM:17
TIME:279.000000
P TIGHTEN: 0.279000 <P:17.000000, D:776.000000, INC:(431)[0 0 0 0 1 0 1 0 0 0 0 0 0 0 0 1 0 0 0 0 0 0 0 0 0 0 1 0 0 0 0 0 0 0 0 0 1 0 0 0 0 0 0 0 0 0 0 0 0 0 0 0 0 0 0 0 0 0 0 0 0 1 0 0 0 0 0 0 0 0 0 1 0 0 0 0 0 0 0 0 1 0 0 0 0 0 0 0 0 0 0 0 0 0 0 0 0 0 0 0 0 0 0 0 0 1 0 1 0 0 0 0 0 0 0 0 0 0 0 0 0 0 0 0 0 0 0 0 0 0 0 0 0 0 0 0 0 0 0 0 0 0 0 0 0 0 0 0 0 0 0 0 0 0 0 0 0 0 0 0 0 0 0 0 0 0 0 0 0 0 0 0 0 0 0 0 0 0 0 0 0 0 0 0 0 0 0 0 0 0 0 0 0 0 0 0 0 0 0 0 0 0 1 0 0 0 0 0 0 0 0 0 0 0 0 0 0 0 0 0 0 0 0 0 0 0 0 0 0 0 0 0 0 0 0 0 0 0 0 0 0 0 0 0 0 0 0 0 1 0 0 0 0 0 0 0 0 0 0 0 0 0 0 0 0 0 0 0 0 0 0 0 0 0 0 0 0 0 0 0 0 0 0 0 0 0 0 0 1 0 0 0 0 0 0 0 0 0 0 0 0 0 0 0 0 0 0 0 0 0 0 1 0 0 0 0 0 0 0 0 0 0 0 0 0 0 0 0 0 0 0 0 0 0 0 0 1 0 0 0 0 0 0 0 0 0 0 0 0 0 0 0 0 0 0 0 0 0 0 0 0 0 0 0 1 0 0 0 0 0 0 0 0 0 0 0 0 0 0 0 0 0 0 0 0 0 0 0 0 0 0 0 0 0 0 0 0 0 0 0 0 0 0 0 0 0 0 0 0 0 0 0 0 0 0 0 0 0 0 0 0 0 1 0 0 0 0 0 0 0 0 ]> 17.000000 17.000000 + 0.000000 #53570
update in RO 18.000000

CHECKER is 1 SUM:18
TIME:279.000000
P TIGHTEN: 0.280000 <P:18.000000, D:776.000000, INC:(431)[0 0 0 0 1 0 1 0 0 0 0 0 0 0 0 1 0 0 0 0 0 0 0 0 0 0 1 0 0 0 0 0 0 0 0 0 1 0 0 0 0 0 0 0 0 0 0 0 0 0 0 0 0 0 0 0 0 0 0 0 0 1 0 0 0 0 0 0 0 0 0 1 0 0 0 0 0 0 0 0 1 0 0 0 0 0 0 0 0 0 0 0 0 0 0 0 0 0 0 0 0 0 0 0 0 1 0 1 0 0 0 0 0 0 0 0 0 0 0 0 0 0 0 0 0 0 0 0 0 0 0 0 0 0 0 0 0 0 0 0 0 0 0 0 0 0 0 0 0 0 0 0 0 0 0 0 0 0 0 0 0 0 0 0 0 0 0 0 0 0 0 0 0 0 0 0 0 0 0 0 0 0 0 0 0 0 0 0 0 0 0 0 0 0 0 0 0 0 0 0 0 0 1 0 0 0 0 0 0 0 0 0 0 0 0 0 0 0 0 0 0 0 0 0 0 0 0 0 0 0 0 0 0 0 0 0 0 0 0 0 0 0 0 0 0 0 0 0 1 0 0 0 0 0 0 0 0 0 0 0 0 0 0 0 0 0 0 0 0 0 0 0 0 0 0 0 0 0 0 0 0 0 0 0 0 0 0 0 1 0 0 0 0 0 0 0 0 0 0 0 0 0 0 0 0 0 0 0 0 0 0 1 0 0 0 0 0 0 0 0 0 0 0 0 0 0 0 0 0 0 0 0 0 0 0 0 1 0 0 0 0 0 0 0 0 0 0 0 0 0 0 0 0 0 0 0 0 0 0 0 0 0 0 0 1 0 0 0 0 0 0 0 0 0 0 0 0 0 0 0 0 0 0 0 0 0 0 0 0 0 0 0 0 0 0 0 0 0 0 0 0 0 0 0 0 0 0 0 0 0 0 0 0 0 0 0 0 0 0 0 0 0 1 0 0 0 0 0 0 0 1 ]> 18.000000 18.000000 + 0.000000 #53570
update in RO 19.000000

CHECKER is 1 SUM:19
TIME:280.000000
P TIGHTEN: 0.280000 <P:19.000000, D:776.000000, INC:(435)[0 0 0 0 1 0 0 1 0 0 0 0 0 0 1 0 0 0 0 0 0 1 0 0 0 0 0 0 0 0 0 0 0 0 0 1 0 0 0 0 0 0 0 0 0 0 0 0 0 1 0 0 0 0 0 0 0 0 0 0 0 0 0 0 0 0 0 0 0 0 0 0 0 0 1 0 0 0 0 0 0 0 0 1 0 0 0 0 0 0 0 0 0 0 0 0 0 0 0 0 0 1 0 0 0 0 0 0 0 1 0 1 0 0 0 0 0 0 0 0 0 0 0 0 0 0 0 0 0 0 0 0 0 0 0 0 0 0 0 0 0 0 0 0 0 0 0 0 0 0 0 0 0 0 0 0 0 0 0 0 0 0 0 0 0 0 0 0 0 0 0 0 0 0 0 0 0 0 0 0 0 0 0 0 0 0 0 0 0 0 0 0 0 0 0 0 0 0 0 0 0 0 0 1 0 0 0 0 0 0 0 0 0 0 0 0 0 0 0 0 0 0 0 0 0 0 0 0 0 0 0 0 0 0 0 0 0 0 0 0 0 0 0 0 0 0 0 0 0 0 0 0 0 0 0 0 0 0 0 0 0 0 0 0 0 0 0 0 0 0 0 0 0 0 0 0 0 0 0 0 0 0 0 0 0 0 0 0 0 0 0 0 0 0 0 0 0 0 0 0 0 0 0 0 0 0 0 0 1 0 1 0 0 0 0 0 0 0 0 0 0 0 0 0 1 0 0 0 0 0 0 0 0 0 0 0 0 0 0 0 0 0 0 0 0 0 0 0 0 0 0 0 0 0 0 0 0 0 0 0 0 0 0 0 0 0 0 0 0 0 0 0 0 0 0 0 1 0 0 0 0 0 0 0 0 0 0 0 0 0 0 0 0 0 0 0 0 0 0 0 0 0 0 0 0 0 0 0 0 0 1 0 0 0 0 0 0 0 0 0 0 0 0 0 0 0 0 0 0 0 0 0 1 0 1 ]> 19.000000 19.000000 + 0.000000 #54046
update in RO 20.000000

CHECKER is 1 SUM:20
TIME:286.000000
P TIGHTEN: 0.287000 <P:20.000000, D:776.000000, INC:(479)[0 0 0 0 1 0 0 1 0 0 0 0 0 0 1 0 0 0 0 0 0 1 0 0 0 0 0 0 0 0 0 0 0 0 0 1 0 0 0 0 0 0 0 0 0 0 0 0 0 1 0 0 0 0 0 0 0 0 0 0 0 0 0 0 0 0 0 0 0 0 0 0 0 0 1 0 0 0 0 0 0 0 0 0 0 1 0 0 0 0 0 0 0 0 0 0 0 0 0 0 0 0 0 0 0 0 0 0 0 1 0 1 0 0 0 0 0 0 0 0 0 0 0 0 0 0 0 0 0 0 0 0 0 0 0 0 0 0 0 0 0 0 0 0 0 0 0 0 0 0 0 0 0 0 0 0 0 0 0 0 0 0 0 0 0 0 0 0 0 0 0 0 0 0 0 0 0 0 0 0 0 0 0 0 0 0 0 0 0 0 0 0 0 0 0 0 0 0 0 0 0 0 0 1 0 0 0 0 0 0 0 0 0 0 0 0 0 0 0 0 0 0 0 0 0 0 0 0 0 0 0 0 0 0 0 0 0 0 0 0 0 0 0 0 0 0 0 0 0 0 0 0 0 0 0 0 0 0 1 0 0 0 0 0 0 0 0 0 0 0 0 0 0 0 0 0 0 0 0 0 0 0 0 0 0 0 0 0 0 0 0 0 1 0 0 0 0 0 0 0 0 0 0 0 0 0 0 0 0 0 0 0 0 0 0 0 0 0 0 0 0 0 0 0 1 0 0 0 0 0 0 0 0 0 0 0 0 0 0 0 0 0 0 0 0 0 1 0 0 0 0 0 0 0 0 0 0 0 0 0 0 0 0 0 0 0 0 0 1 0 1 0 0 0 0 0 0 0 0 0 0 0 0 0 0 0 0 0 0 0 0 0 0 0 0 0 1 0 0 0 0 0 0 1 0 0 0 0 0 0 0 0 0 0 0 0 0 0 0 0 0 0 0 0 0 0 0 0 0 0 0 0 0 0 0 0 0 0 0 0 0 0 0 0 0 0 0 0 0 0 0 0 0 0 0 0 0 0 0 0 0 0 0 0 0 0 0 0 0 0 0 0 0 0 0 0 1 0 0 ]> 20.000000 20.000000 + 0.000000 #59618
update in RO 21.000000

CHECKER is 1 SUM:21
TIME:287.000000
P TIGHTEN: 0.287000 <P:21.000000, D:776.000000, INC:(479)[0 0 0 0 1 0 0 1 0 0 0 0 0 0 1 0 0 0 0 0 0 1 0 0 0 0 0 0 0 0 0 0 0 0 0 1 0 0 0 0 0 0 0 0 0 0 0 0 0 1 0 0 0 0 0 0 0 0 0 0 0 0 0 0 0 0 0 0 0 0 0 0 0 0 1 0 0 0 0 0 0 0 0 0 0 1 0 0 0 0 0 0 0 0 0 0 0 0 0 0 0 0 0 0 0 0 0 0 0 1 0 1 0 0 0 0 0 0 0 0 0 0 0 0 0 0 0 0 0 0 0 0 0 0 0 0 0 0 0 0 0 0 0 0 0 0 0 0 0 0 0 0 0 0 0 0 0 0 0 0 0 0 0 0 0 0 0 0 0 0 0 0 0 0 0 0 0 0 0 0 0 0 0 0 0 0 0 0 0 0 0 0 0 0 0 0 0 0 0 0 0 0 0 1 0 0 0 0 0 0 0 0 0 0 0 0 0 0 0 0 0 0 0 0 0 0 0 0 0 0 0 0 0 0 0 0 0 0 0 0 0 0 0 0 0 0 0 0 0 0 0 0 0 0 0 0 0 0 1 0 0 0 0 0 0 0 0 0 0 0 0 0 0 0 0 0 0 0 0 0 0 0 0 0 0 0 0 0 0 0 0 0 1 0 0 0 0 0 0 0 0 0 0 0 0 0 0 0 0 0 0 0 0 0 0 0 0 0 0 0 0 0 0 0 1 0 0 0 0 0 0 0 0 0 0 0 0 0 0 0 0 0 0 0 0 0 1 0 0 0 0 0 0 0 0 0 0 0 0 0 0 0 0 0 0 0 0 0 1 0 1 0 0 0 0 0 0 0 0 0 0 0 0 0 0 0 0 0 0 0 0 0 0 0 0 0 1 0 0 0 0 0 0 1 0 0 0 0 0 0 0 0 0 0 0 0 0 0 0 0 0 0 0 0 0 0 0 0 0 0 0 0 0 0 0 0 0 0 0 0 0 0 0 0 0 0 0 0 0 0 0 0 0 0 0 0 0 0 0 0 0 0 0 0 0 0 0 0 0 0 0 0 0 0 0 0 1 0 1 ]> 21.000000 21.000000 + 0.000000 #59618
update in RO 22.000000

CHECKER is 1 SUM:22
TIME:287.000000
P TIGHTEN: 0.288000 <P:22.000000, D:776.000000, INC:(483)[0 0 0 0 1 0 0 1 0 0 0 0 0 0 1 0 0 0 0 0 0 1 0 0 0 0 0 0 0 0 0 0 0 0 0 1 0 0 0 0 0 0 0 0 0 0 0 0 0 1 0 0 0 0 0 0 0 0 0 0 0 0 0 0 0 0 0 0 0 0 0 0 0 0 1 0 0 0 0 0 0 0 0 1 0 0 0 0 0 0 0 0 0 0 0 0 0 0 0 0 0 1 0 0 0 0 0 0 0 1 0 1 0 0 0 0 0 0 0 0 0 0 0 0 0 0 0 0 0 0 0 0 0 0 0 0 0 0 0 0 0 0 0 0 0 0 0 0 0 0 0 0 0 0 0 0 0 0 0 0 0 0 0 0 0 0 0 0 0 0 0 0 0 0 0 0 0 0 0 0 0 0 0 0 0 0 0 0 0 0 0 0 0 0 0 0 0 0 0 0 0 0 0 1 0 0 0 0 0 0 0 0 0 0 0 0 0 0 0 0 0 0 0 0 0 0 0 0 0 0 0 0 0 0 0 0 0 0 0 0 0 0 0 0 0 0 0 0 0 0 0 0 0 0 0 0 0 0 0 0 0 0 0 0 0 0 0 0 0 0 0 0 0 0 0 0 0 0 0 0 0 0 0 0 0 0 0 0 0 0 0 0 0 0 0 0 0 0 0 0 0 0 0 0 0 0 0 0 1 0 0 0 0 0 0 0 0 0 0 0 0 0 0 0 1 0 0 0 0 0 0 0 0 0 0 0 0 0 0 0 0 0 0 0 0 0 1 0 0 0 0 0 0 0 0 0 0 0 0 0 0 0 0 0 0 0 0 0 1 0 1 0 0 0 0 0 0 0 0 0 0 0 0 0 0 0 0 0 0 0 0 0 0 0 0 0 1 0 0 0 0 0 0 1 0 0 0 0 0 0 0 0 0 0 0 0 0 0 0 0 0 0 0 0 0 0 0 0 0 0 0 0 0 0 0 0 0 0 0 0 1 0 0 0 0 0 0 0 0 0 0 0 0 0 0 0 0 0 0 0 0 0 0 0 0 0 0 0 0 0 0 0 0 0 0 0 0 0 0 0 1 0 1 ]> 22.000000 22.000000 + 0.000000 #60121
update in RO 23.000000

CHECKER is 1 SUM:23
TIME:294.000000
P TIGHTEN: 0.294000 <P:23.000000, D:776.000000, INC:(531)[0 0 0 0 1 0 0 1 0 0 0 0 0 0 1 0 0 0 0 0 0 1 0 0 0 0 0 0 0 0 0 0 0 0 0 1 0 0 0 0 0 0 0 0 0 0 0 0 0 1 0 0 0 0 0 0 0 0 0 0 0 0 0 0 0 0 0 0 0 0 0 0 0 0 1 0 0 0 0 0 0 0 0 1 0 0 0 0 0 0 0 0 0 0 0 0 0 0 0 0 0 1 0 0 0 0 0 0 0 1 0 1 0 0 0 0 0 0 0 0 0 0 0 0 0 0 0 0 0 0 0 0 0 0 0 0 0 0 0 0 0 0 0 0 0 0 0 0 0 0 0 0 0 0 0 0 0 0 0 0 0 0 0 0 0 0 0 0 0 0 0 0 0 0 0 0 0 0 0 0 0 0 0 0 0 0 0 0 0 0 0 0 0 0 0 0 0 0 0 0 0 0 0 1 0 0 0 0 0 0 0 0 0 0 0 0 0 0 0 0 0 0 0 0 0 0 0 0 0 0 0 0 0 0 0 0 0 0 0 0 0 0 0 0 0 0 0 0 0 0 0 0 0 0 0 0 0 0 0 0 0 0 0 0 0 0 0 0 0 0 0 0 0 0 0 0 0 0 0 0 0 0 0 0 0 0 0 0 0 0 0 0 0 0 0 0 0 0 0 0 0 0 0 0 0 0 0 0 1 0 0 0 0 0 0 0 0 0 0 0 0 0 0 0 1 0 0 0 0 0 0 0 0 0 0 0 0 0 0 0 0 0 0 0 0 0 1 0 0 0 0 0 0 0 0 0 0 0 0 0 0 0 0 0 0 0 0 0 1 0 1 0 0 0 0 0 0 0 0 0 0 0 0 0 0 0 0 0 0 0 0 0 0 0 0 0 1 0 0 0 0 0 0 1 0 0 0 0 0 0 0 0 0 0 0 0 0 0 0 0 0 0 0 0 0 0 0 0 0 0 0 0 0 0 0 0 0 0 0 0 0 0 0 0 0 0 0 0 0 0 0 0 0 0 0 0 0 0 0 0 0 0 0 0 0 0 0 0 0 0 0 0 0 0 0 0 0 0 0 0 0 0 0 0 0 0 0 0 0 0 0 0 1 0 0 0 0 1 0 0 0 0 0 0 0 0 0 0 0 0 0 0 0 0 0 0 0 0 0 0 0 0 0 0 0 0 0 0 1 0 1 ]> 23.000000 23.000000 + 0.000000 #64246
update in RO 24.000000

CHECKER is 1 SUM:24
TIME:294.000000
P TIGHTEN: 0.295000 <P:24.000000, D:776.000000, INC:(565)[0 0 0 0 1 0 0 1 0 0 0 0 1 0 0 0 0 0 0 0 0 1 0 0 0 0 0 0 0 0 0 0 0 0 0 1 0 0 0 0 0 0 0 0 0 0 0 0 0 0 0 1 0 0 0 0 0 0 0 0 0 0 0 0 0 0 0 0 0 0 0 0 0 0 1 0 0 0 0 0 0 0 0 0 0 1 0 0 0 0 0 0 0 0 0 0 0 0 0 0 0 0 0 0 0 0 0 1 0 0 0 0 0 1 0 0 0 0 0 0 0 0 0 0 0 0 0 0 0 0 0 1 0 0 0 0 0 0 0 0 0 0 0 0 0 0 0 0 0 0 0 0 0 0 0 0 0 0 0 0 0 0 0 0 0 0 0 0 0 0 0 0 0 0 0 0 0 0 0 0 0 0 0 0 0 0 0 0 0 0 0 0 0 0 0 0 0 0 0 0 0 0 0 1 0 0 0 0 0 0 0 0 0 0 0 0 0 0 0 0 0 0 0 0 0 0 0 0 0 0 0 0 0 0 0 0 0 0 0 0 0 0 0 0 0 0 0 0 0 0 0 0 0 0 0 0 0 0 0 0 0 0 0 0 0 0 0 0 0 0 0 0 0 0 1 0 0 0 0 0 0 0 0 0 0 0 0 0 0 0 0 0 0 0 0 0 0 0 0 0 0 0 0 0 0 0 0 0 0 0 0 0 0 0 0 0 0 0 0 0 0 0 0 0 0 0 1 0 0 0 0 0 0 0 0 0 0 0 0 0 0 0 0 0 0 0 1 0 0 0 0 0 0 0 0 0 0 0 0 0 0 0 0 0 0 0 0 0 0 0 1 0 0 0 0 0 0 0 0 0 0 0 0 0 0 0 0 0 0 0 0 0 0 0 0 0 0 0 0 0 0 0 0 1 0 0 0 0 0 0 0 0 0 0 0 0 0 0 0 0 0 0 0 0 0 0 0 0 0 0 0 0 1 0 0 0 0 0 0 0 0 0 0 0 0 0 0 0 0 0 0 0 0 0 0 0 0 0 0 0 1 0 0 0 0 0 0 0 0 0 0 0 0 0 0 0 0 0 0 0 0 0 0 0 0 0 0 0 0 0 0 0 0 0 1 0 0 0 0 0 0 0 0 0 0 0 0 0 0 0 0 0 0 0 0 0 0 0 0 0 0 0 1 0 0 0 0 0 0 1 0 0 0 0 0 0 0 0 0 0 1 0 0 0 0 0 0 0 0 0 0 0 0 0 0 0 0 0 0 0 0 0 0 0 1 ]> 24.000000 24.000000 + 0.000000 #64483
update in RO 25.000000

CHECKER is 1 SUM:25
TIME:758.000000
P TIGHTEN: 0.758000 <P:25.000000, D:101.000000, INC:(592)[0 0 0 0 0 0 0 0 0 0 0 0 0 0 0 1 0 0 0 0 0 0 0 0 0 0 1 0 1 0 0 0 0 0 0 0 1 0 0 0 0 0 0 0 0 0 0 0 0 0 0 0 0 0 0 0 0 0 0 0 0 1 0 0 0 0 0 0 0 0 0 1 0 0 0 0 0 0 0 0 1 0 0 0 0 0 0 0 0 0 0 0 0 0 0 0 0 0 0 0 0 0 0 0 0 0 0 1 0 0 0 0 0 1 0 0 0 0 0 0 0 1 0 0 0 0 0 0 0 0 0 0 0 0 0 0 0 0 0 0 0 0 0 0 0 0 0 0 0 0 0 0 0 0 0 0 0 0 0 0 0 0 0 0 0 0 0 0 0 0 0 0 0 0 0 0 0 1 0 1 0 0 0 0 0 0 0 0 0 0 0 0 0 0 0 0 0 0 0 0 0 0 0 0 0 0 0 0 0 0 0 0 0 0 0 0 0 0 0 0 0 0 0 0 0 0 0 0 0 0 0 0 0 0 0 0 0 0 0 0 0 0 0 0 0 0 0 0 0 0 0 0 0 0 0 0 0 0 0 0 0 0 0 0 1 0 0 0 0 0 0 0 0 0 0 0 0 0 0 0 0 0 0 0 0 0 0 0 0 0 0 0 0 0 0 0 0 0 0 0 0 0 0 0 0 0 0 0 0 0 0 1 0 0 0 0 0 0 0 0 0 0 0 0 0 0 0 0 0 0 0 0 0 0 0 0 0 0 0 0 0 0 0 0 0 0 0 0 0 0 0 0 0 0 0 0 0 0 0 0 0 1 0 0 0 0 0 0 0 0 0 0 0 0 0 0 0 0 0 0 0 0 0 0 0 0 0 0 0 0 0 1 0 0 0 0 0 0 0 0 0 0 0 0 0 0 0 0 0 0 0 0 0 0 0 0 0 0 0 0 0 0 0 0 0 0 0 0 0 0 0 0 0 1 0 0 0 0 0 0 0 0 0 0 0 0 0 0 0 0 0 0 0 0 0 0 0 0 0 0 0 0 1 0 0 0 0 0 0 1 0 0 0 0 0 0 0 0 0 0 0 0 0 0 0 0 0 0 0 0 1 0 0 0 0 0 0 0 0 1 0 0 0 0 0 0 0 0 0 0 0 0 0 0 0 0 0 0 0 0 0 0 0 0 0 0 0 0 0 0 0 0 0 0 0 1 0 0 0 0 0 0 0 0 0 0 0 0 0 0 0 0 0 0 0 0 0 0 0 0 0 0 0 0 0 0 0 0 0 0 0 0 0 0 0 0 0 1 0 0 0 0 0 0 0 1 0 0 0 0 0 1 ]> 25.000000 25.000000 + 0.000000 #60924
B&B(   36)	 101.000000	 25.000000	      -	 time:5.1330s
B&B(   73)	 101.000000	 25.000000	      -	 time:10.2240s
B&B(  111)	 101.000000	 25.000000	      -	 time:15.3180s
B&B(  149)	 101.000000	 25.000000	      -	 time:20.4170s
update in RO 26.0000

CHECKER is 1 SUM:26
TIME:21196.000000
P TIGHTEN: 21.197000 <P:26.000000, D:101.000000, INC:(598)[0 0 0 1 0 0 0 0 0 0 0 0 1 0 0 0 0 0 1 0 0 0 0 0 0 0 0 0 0 0 1 0 0 0 1 0 0 0 0 0 0 0 0 0 0 0 0 0 0 0 0 0 0 0 0 0 0 0 0 0 0 0 0 0 0 0 0 0 0 0 0 0 0 0 0 0 0 0 0 0 1 0 1 0 0 0 0 0 0 0 1 0 0 0 0 0 0 0 0 0 0 0 0 0 0 0 0 0 1 0 0 0 0 0 0 1 0 0 0 0 0 0 0 0 0 0 0 0 0 0 0 0 0 0 0 0 0 0 0 0 0 0 0 0 0 0 0 0 0 0 0 0 0 0 0 0 0 0 0 0 0 0 0 1 0 0 0 0 0 0 0 0 0 0 0 0 0 0 0 0 0 1 0 0 0 0 0 0 0 0 0 0 0 0 0 0 0 0 0 0 0 0 0 0 0 0 0 0 0 0 0 0 0 0 0 0 0 0 0 0 0 0 0 0 0 0 0 0 0 0 0 0 0 0 0 0 0 1 0 0 0 0 0 0 0 0 0 0 0 0 0 0 0 0 0 0 0 0 0 0 0 0 0 0 0 0 0 0 0 0 0 0 0 0 0 0 0 0 0 0 0 0 0 0 0 0 0 0 0 0 0 0 0 0 0 0 0 1 0 0 0 0 0 0 0 0 0 0 0 1 0 0 0 0 0 0 0 0 0 0 0 0 0 0 0 0 0 0 0 0 0 0 0 0 0 0 0 0 0 0 0 0 0 0 0 0 0 0 0 0 0 0 0 0 0 0 0 0 0 0 0 0 0 0 0 0 0 0 0 0 0 0 0 0 0 0 0 0 0 0 0 0 0 0 0 0 0 0 0 0 0 0 0 0 0 0 0 1 0 0 0 0 0 0 0 0 0 0 0 0 0 0 0 0 0 0 0 0 0 0 0 0 0 0 1 0 1 0 0 0 0 0 1 0 0 0 0 0 0 0 0 0 0 0 0 0 0 0 0 0 0 0 0 0 0 0 0 0 0 0 0 0 0 1 0 0 0 0 0 0 1 0 0 0 0 0 0 0 0 0 0 0 0 0 0 0 0 0 0 0 0 0 0 0 0 0 0 0 1 0 0 0 0 0 0 0 0 0 0 0 0 0 0 0 0 0 0 0 0 0 0 0 0 0 0 0 0 0 0 0 0 0 0 0 0 0 0 0 0 0 0 0 0 0 0 0 0 0 0 0 0 0 0 1 0 0 0 0 0 0 0 0 0 0 1 0 0 0 0 0 0 1 0 0 0 0 0 0 0 0 0 0 0 0 0 0 0 0 0 0 0 0 0 0 0 1 0 0 ]> 26.000000 26.000000 + 0.000000 #50772
update in RO 27.000000

CHECKER is 1 SUM:27
TIME:21196.000000
P TIGHTEN: 21.197000 <P:27.000000, D:101.000000, INC:(598)[0 0 0 1 0 0 0 0 0 0 0 0 1 0 0 0 0 0 1 0 0 0 0 0 0 0 0 0 0 0 1 0 0 0 1 0 0 0 0 0 0 0 0 0 0 0 0 0 0 0 0 0 0 0 0 0 0 0 0 0 0 0 0 0 0 0 0 0 0 0 0 0 0 0 0 0 0 0 0 0 1 0 1 0 0 0 0 0 0 0 1 0 0 0 0 0 0 0 0 0 0 0 0 0 0 0 0 0 1 0 0 0 0 0 0 1 0 0 0 0 0 0 0 0 0 0 0 0 0 0 0 0 0 0 0 0 0 0 0 0 0 0 0 0 0 0 0 0 0 0 0 0 0 0 0 0 0 0 0 0 0 0 0 1 0 0 0 0 0 0 0 0 0 0 0 0 0 0 0 0 0 1 0 0 0 0 0 0 0 0 0 0 0 0 0 0 0 0 0 0 0 0 0 0 0 0 0 0 0 0 0 0 0 0 0 0 0 0 0 0 0 0 0 0 0 0 0 0 0 0 0 0 0 0 0 0 0 1 0 0 0 0 0 0 0 0 0 0 0 0 0 0 0 0 0 0 0 0 0 0 0 0 0 0 0 0 0 0 0 0 0 0 0 0 0 0 0 0 0 0 0 0 0 0 0 0 0 0 0 0 0 0 0 0 0 0 0 1 0 0 0 0 0 0 0 0 0 0 0 1 0 0 0 0 0 0 0 0 0 0 0 0 0 0 0 0 0 0 0 0 0 0 0 0 0 0 0 0 0 0 0 0 0 0 0 0 0 0 0 0 0 0 0 0 0 0 0 0 0 0 0 0 0 0 0 0 0 0 0 0 0 0 0 0 0 0 0 0 0 0 0 0 0 0 0 0 0 0 0 0 0 0 0 0 0 0 0 1 0 0 0 0 0 0 0 0 0 0 0 0 0 0 0 0 0 0 0 0 0 0 0 0 0 0 1 0 1 0 0 0 0 0 1 0 0 0 0 0 0 0 0 0 0 0 0 0 0 0 0 0 0 0 0 0 0 0 0 0 0 0 0 0 0 1 0 0 0 0 0 0 1 0 0 0 0 0 0 0 0 0 0 0 0 0 0 0 0 0 0 0 0 0 0 0 0 0 0 0 1 0 0 0 0 0 0 0 0 0 0 0 0 0 0 0 0 0 0 0 0 0 0 0 0 0 0 0 0 0 0 0 0 0 0 0 0 0 0 0 0 0 0 0 0 0 0 0 0 0 0 0 0 0 0 1 0 0 0 0 0 0 0 0 0 0 1 0 0 0 0 0 0 1 0 0 0 0 0 0 0 0 0 0 0 0 0 0 0 0 0 0 0 0 0 0 0 1 0 1 ]> 27.000000 27.000000 + 0.000000 #50772
B&B(  187)	 101.000000	 27.000000	      -	 time:25.5360s
B&B(  225)	 99.000000	 27.000000	      -	 time:30.6000s
B&B(  263)	 99.000000	 27.000000	      -	 time:35.6880s
B&B(  303)	 99.000000	 27.000000	      -	 time:40.7080s
B&B(  345)	 99.000000	 27.000000	      -	 time:45.7570s
B&B(  389)	 99.000000	 27.000000	      -	 time:50.8380s
B&B(  435)	 99.000000	 27.000000	      -	 time:55.9080s
B&B(  489)	 98.000000	 27.000000	      -	 time:60.9820s
B&B(  529)	 96.000000	 27.000000	      -	 time:65.9900s
B&B(  566)	 96.000000	 27.000000	      -	 time:71.0360s
B&B(  605)	 96.000000	 27.000000	      -	 time:76.0610s
B&B(  646)	 96.000000	 27.000000	      -	 time:81.1300s
B&B(  688)	 96.000000	 27.000000	      -	 time:86.2460s
B&B(  730)	 96.000000	 27.000000	      -	 time:91.2730s
B&B(  771)	 95.000000	 27.000000	      -	 time:96.2850s
B&B(  809)	 93.000000	 27.000000	      -	 time:101.3590s
B&B(  847)	 93.000000	 27.000000	      -	 time:106.4220s
B&B(  888)	 93.000000	 27.000000	      -	 time:111.5080s
B&B(  930)	 93.000000	 27.000000	      -	 time:116.5440s
B&B(  973)	 93.000000	 27.000000	      -	 time:121.5600s
B&B( 1018)	 93.000000	 27.000000	      -	 time:126.5700s
B&B( 1072)	 92.000000	 27.000000	      -	 time:131.6440s
B&B( 1114)	 90.000000	 27.000000	      -	 time:136.7260s
B&B( 1156)	 90.000000	 27.000000	      -	 time:141.8140s
B&B( 1198)	 90.000000	 27.000000	      -	 time:146.9230s
B&B( 1245)	 90.000000	 27.000000	      -	 time:152.0030s
B&B( 1297)	 90.000000	 27.000000	      -	 time:157.0510s
B&B( 1353)	 89.000000	 27.000000	      -	 time:162.1020s
B&B( 1395)	 89.000000	 27.000000	      -	 time:167.1570s
B&B( 1439)	 89.000000	 27.000000	      -	 time:172.2420s
B&B( 1487)	 89.000000	 27.000000	      -	 time:177.2610s
B&B( 1540)	 89.000000	 27.000000	      -	 time:182.3470s
B&B( 1596)	 89.000000	 27.000000	      -	 time:187.3710s
B&B( 1649)	 88.000000	 27.000000	      -	 time:192.3920s
B&B( 1687)	 88.000000	 27.000000	      -	 time:197.4410s
B&B( 1728)	 88.000000	 27.000000	      -	 time:202.4700s
B&B( 1774)	 88.000000	 27.000000	      -	 time:207.4990s
B&B( 1830)	 88.000000	 27.000000	      -	 time:212.5740s
B&B( 1878)	 87.000000	 27.000000	      -	 time:217.6710s
B&B( 1918)	 87.000000	 27.000000	      -	 time:222.7530s
B&B( 1962)	 87.000000	 27.000000	      -	 time:227.8290s
B&B( 2011)	 87.000000	 27.000000	      -	 time:232.8770s
B&B( 2073)	 87.000000	 27.000000	      -	 time:237.9400s
B&B( 2129)	 87.000000	 27.000000	      -	 time:242.9730s
B&B( 2168)	 87.000000	 27.000000	      -	 time:248.0750s
B&B( 2209)	 87.000000	 27.000000	      -	 time:253.0800s
B&B( 2255)	 87.000000	 27.000000	      -	 time:258.1660s
B&B( 2310)	 87.000000	 27.000000	      -	 time:263.2120s
B&B( 2360)	 86.000000	 27.000000	      -	 time:268.2890s
B&B( 2412)	 86.000000	 27.000000	      -	 time:273.3720s
B&B( 2452)	 86.000000	 27.000000	      -	 time:278.4300s
B&B( 2497)	 86.000000	 27.000000	      -	 time:283.5300s
B&B( 2542)	 86.000000	 27.000000	      -	 time:288.5840s
B&B( 2593)	 86.000000	 27.000000	      -	 time:293.6030s
B&B( 2652)	 86.000000	 27.000000	      -	 time:298.7420s
B&B( 2692)	 86.000000	 27.000000	      -	 time:303.8080s
B&B( 2735)	 86.000000	 27.000000	      -	 time:308.8510s
B&B( 2776)	 86.000000	 27.000000	      -	 time:313.9080s
B&B( 2834)	 86.000000	 27.000000	      -	 time:318.9240s
B&B( 2889)	 86.000000	 27.000000	      -	 time:324.0100s
B&B( 2931)	 86.000000	 27.000000	      -	 time:329.0990s
B&B( 2976)	 86.000000	 27.000000	      -	 time:334.1190s
B&B( 3023)	 86.000000	 27.000000	      -	 time:339.1450s
B&B( 3075)	 86.000000	 27.000000	      -	 time:344.2040s
B&B( 3130)	 86.000000	 27.000000	      -	 time:349.2190s
B&B( 3191)	 85.000000	 27.000000	      -	 time:354.2990s
B&B( 3238)	 85.000000	 27.000000	      -	 time:359.4020s
B&B( 3286)	 85.000000	 27.000000	      -	 time:364.4090s
B&B( 3350)	 84.000000	 27.000000	      -	 time:369.4480s
B&B( 3389)	 84.000000	 27.000000	      -	 time:374.5000s
B&B( 3432)	 84.000000	 27.000000	      -	 time:379.5470s
B&B( 3474)	 84.000000	 27.000000	      -	 time:384.6200s
B&B( 3513)	 84.000000	 27.000000	      -	 time:389.7240s
B&B( 3555)	 84.000000	 27.000000	      -	 time:394.7900s
B&B( 3599)	 84.000000	 27.000000	      -	 time:399.8800s
B&B( 3645)	 84.000000	 27.000000	      -	 time:404.8850s
B&B( 3708)	 84.000000	 27.000000	      -	 time:409.9520s
B&B( 3764)	 84.000000	 27.000000	      -	 time:415.0340s
B&B( 3804)	 84.000000	 27.000000	      -	 time:420.1280s
B&B( 3845)	 84.000000	 27.000000	      -	 time:425.1750s
B&B( 3887)	 84.000000	 27.000000	      -	 time:430.1930s
B&B( 3940)	 84.000000	 27.000000	      -	 time:435.2220s
B&B( 3990)	 84.000000	 27.000000	      -	 time:440.2620s
B&B( 4029)	 84.000000	 27.000000	      -	 time:445.2990s
B&B( 4072)	 84.000000	 27.000000	      -	 time:450.3150s
B&B( 4117)	 84.000000	 27.000000	      -	 time:455.4050s
B&B( 4164)	 84.000000	 27.000000	      -	 time:460.4230s
B&B( 4215)	 84.000000	 27.000000	      -	 time:465.5070s
B&B( 4257)	 84.000000	 27.000000	      -	 time:470.6130s
B&B( 4303)	 84.000000	 27.000000	      -	 time:475.6430s
B&B( 4354)	 84.000000	 27.000000	      -	 time:480.6700s
B&B( 4407)	 84.000000	 27.000000	      -	 time:485.7390s
B&B( 4451)	 84.000000	 27.000000	      -	 time:490.7840s
B&B( 4491)	 84.000000	 27.000000	      -	 time:495.8180s
B&B( 4532)	 84.000000	 27.000000	      -	 time:500.9400s
B&B( 4575)	 84.000000	 27.000000	      -	 time:506.0000s
B&B( 4630)	 83.000000	 27.000000	      -	 time:511.0170s
B&B( 4670)	 83.000000	 27.000000	      -	 time:516.1480s
B&B( 4710)	 83.000000	 27.000000	      -	 time:521.1630s
B&B( 4757)	 83.000000	 27.000000	      -	 time:526.2740s
B&B( 4814)	 83.000000	 27.000000	      -	 time:531.3130s
B&B( 4881)	 83.000000	 27.000000	      -	 time:536.4180s
B&B( 4921)	 83.000000	 27.000000	      -	 time:541.5200s
B&B( 4965)	 83.000000	 27.000000	      -	 time:546.5310s
B&B( 5013)	 83.000000	 27.000000	      -	 time:551.5510s
B&B( 5059)	 83.000000	 27.000000	      -	 time:556.6260s
B&B( 5098)	 83.000000	 27.000000	      -	 time:561.6950s
B&B( 5140)	 83.000000	 27.000000	      -	 time:566.8070s
B&B( 5185)	 83.000000	 27.000000	      -	 time:571.9000s
B&B( 5250)	 83.000000	 27.000000	      -	 time:576.9330s
B&B( 5304)	 83.000000	 27.000000	      -	 time:582.0480s
B&B( 5343)	 83.000000	 27.000000	      -	 time:587.0920s
B&B( 5386)	 83.000000	 27.000000	      -	 time:592.1640s
B&B( 5430)	 83.000000	 27.000000	      -	 time:597.1700s
B&B( 5477)	 83.000000	 27.000000	      -	 time:602.1820s
B&B( 5530)	 83.000000	 27.000000	      -	 time:607.2870s
B&B( 5592)	 83.000000	 27.000000	      -	 time:612.3530s
B&B( 5641)	 83.000000	 27.000000	      -	 time:617.4230s
B&B( 5681)	 83.000000	 27.000000	      -	 time:622.4530s
B&B( 5724)	 83.000000	 27.000000	      -	 time:627.5380s
B&B( 5770)	 83.000000	 27.000000	      -	 time:632.6070s
B&B( 5817)	 83.000000	 27.000000	      -	 time:637.6860s
B&B( 5863)	 83.000000	 27.000000	      -	 time:642.7910s
B&B( 5907)	 83.000000	 27.000000	      -	 time:647.9170s
B&B( 5946)	 83.000000	 27.000000	      -	 time:652.9250s
B&B( 5986)	 83.000000	 27.000000	      -	 tiCommand exited with non-zero status 124
	Command being timed: "/usr/bin/timeout 915 /home/fabio/CODD-NEWDom/cmake-build-release-ilyin/misp5 /home/fabio/CODD-NEWDom/data/misp/keller5.clq 128"
	User time (seconds): 913.02
	System time (seconds): 2.22
	Percent of CPU this job got: 99%
	Elapsed (wall clock) time (h:mm:ss or m:ss): 15:15.34
	Average shared text size (kbytes): 0
	Average unshared data size (kbytes): 0
	Average stack size (kbytes): 0
	Average total size (kbytes): 0
	Maximum resident set size (kbytes): 4486656
	Average resident set size (kbytes): 0
	Major (requiring I/O) page faults: 0
	Minor (reclaiming a frame) page faults: 1124698
	Voluntary context switches: 4
	Involuntary context switches: 3644
	Swaps: 0
	File system inputs: 0
	File system outputs: 64
	Socket messages sent: 0
	Socket messages received: 0
	Signals delivered: 0
	Page size (bytes): 4096
	Exit status: 124

