COMMAND: /usr/bin/time -v /usr/bin/timeout 915 /home/fabio/CODD-NEWDom/cmake-build-release-ilyin/misp5 /home/fabio/CODD-NEWDom/data/misp/brock800_2.clq 256
TOP=800
B&B searching...
dual@root:800
B&B Nodes          Dual	 Primal	 Gap(%)
----------------------------------------------
update in RO 12.000000

CHECKER is 1 SUM:12
TIME:468.000000
P TIGHTEN: 0.469000 <P:12.000000, D:800.000000, INC:(157)[0 0 1 0 1 0 0 1 0 0 0 0 0 0 0 0 1 0 0 0 0 0 0 0 0 0 1 1 0 1 0 0 0 0 0 0 0 0 0 0 0 0 0 0 0 0 0 0 0 0 0 0 0 0 0 0 0 0 0 1 0 0 0 0 0 0 0 0 0 0 0 0 0 0 1 0 0 0 0 0 0 0 0 0 0 0 0 0 0 0 0 0 0 0 1 0 0 0 0 0 0 0 0 0 0 1 0 0 0 0 0 0 0 0 0 0 0 0 0 0 0 0 0 0 0 0 0 0 0 0 0 0 0 0 0 0 0 0 0 0 0 0 0 0 0 0 0 0 0 0 0 0 0 0 0 0 1 ]> 12.000000 12.000000 + 0.000000 #36636
update in RO 13.000000

CHECKER is 1 SUM:13
TIME:478.000000
P TIGHTEN: 0.478000 <P:13.000000, D:800.000000, INC:(203)[0 0 0 0 0 0 0 0 0 1 0 1 0 0 0 1 0 0 1 1 0 0 0 0 0 0 0 1 1 0 0 1 0 0 0 0 0 0 0 0 0 0 0 0 0 1 0 0 0 0 0 0 0 0 0 0 0 0 0 0 0 0 0 0 0 0 0 0 0 0 0 0 0 0 0 0 0 0 0 0 0 0 0 0 0 0 0 0 0 0 0 0 0 0 0 0 0 0 0 0 0 0 0 0 0 1 0 0 0 0 0 0 0 0 0 0 0 0 0 0 0 0 0 0 0 0 0 0 0 0 0 0 0 0 0 0 0 0 0 0 0 0 0 0 1 0 0 0 0 1 0 0 0 0 0 0 0 0 0 0 0 0 0 0 0 0 0 0 0 0 0 0 0 0 0 0 0 0 0 0 0 0 0 0 0 0 0 0 0 0 0 0 1 0 0 0 0 0 0 0 0 0 0 ]> 13.000000 13.000000 + 0.000000 #48360
update in RO 14.000000

CHECKER is 1 SUM:14
TIME:478.000000
P TIGHTEN: 0.478000 <P:14.000000, D:800.000000, INC:(203)[0 0 0 0 0 0 0 0 0 1 0 1 0 0 0 1 0 0 1 1 0 0 0 0 0 0 0 1 1 0 0 1 0 0 0 0 0 0 0 0 0 0 0 0 0 1 0 0 0 0 0 0 0 0 0 0 0 0 0 0 0 0 0 0 0 0 0 0 0 0 0 0 0 0 0 0 0 0 0 0 0 0 0 0 0 0 0 0 0 0 0 0 0 0 0 0 0 0 0 0 0 0 0 0 0 1 0 0 0 0 0 0 0 0 0 0 0 0 0 0 0 0 0 0 0 0 0 0 0 0 0 0 0 0 0 0 0 0 0 0 0 0 0 0 1 0 0 0 0 1 0 0 0 0 0 0 0 0 0 0 0 0 0 0 0 0 0 0 0 0 0 0 0 0 0 0 0 0 0 0 0 0 0 0 0 0 0 0 0 0 0 0 1 0 0 0 0 0 0 0 0 0 1 ]> 14.000000 14.000000 + 0.000000 #48360
update in RO 15.000000

CHECKER is 1 SUM:15
TIME:508.000000
P TIGHTEN: 0.509000 <P:15.000000, D:800.000000, INC:(323)[1 0 0 0 0 0 0 0 0 0 0 1 0 0 0 1 0 0 1 1 0 0 0 0 0 0 0 1 1 0 0 0 0 0 0 0 0 0 0 0 0 0 0 0 0 1 0 0 0 0 0 0 0 0 0 0 0 0 0 0 0 0 0 0 0 1 0 0 0 0 0 0 0 0 0 0 0 0 0 0 0 0 0 0 0 0 0 0 0 0 0 0 0 0 0 1 0 0 0 0 0 0 0 0 0 0 0 0 0 0 0 0 0 0 0 0 1 0 0 0 0 0 0 0 0 0 0 0 0 0 0 0 0 0 0 0 0 0 0 0 0 0 0 0 0 0 0 0 0 1 0 0 0 0 0 0 0 0 0 0 0 0 0 0 0 0 0 0 0 0 0 0 0 0 0 0 0 0 0 0 0 0 0 0 0 0 0 0 0 0 0 0 0 0 0 0 0 0 0 0 0 0 1 0 0 0 0 0 0 0 0 0 0 0 0 0 0 0 0 0 0 0 0 0 0 0 0 0 0 0 0 0 0 0 0 0 0 0 0 0 0 0 0 0 0 0 0 0 0 0 0 0 0 0 0 0 0 0 0 0 0 0 0 0 0 0 0 0 0 0 1 0 0 0 0 0 0 0 0 0 0 0 0 0 0 0 0 0 0 0 0 0 0 0 0 0 0 0 0 0 0 0 0 0 0 0 0 0 0 0 0 0 0 0 0 0 0 0 0 0 0 0 1 ]> 15.000000 15.000000 + 0.000000 #76618
update in RO 16.000000

CHECKER is 1 SUM:16
TIME:518.000000
P TIGHTEN: 0.519000 <P:16.000000, D:800.000000, INC:(381)[0 0 0 0 0 0 0 0 0 1 0 1 0 0 0 1 0 0 1 1 0 0 0 0 0 0 0 1 1 0 0 1 0 0 0 0 0 0 0 0 0 0 0 0 0 1 0 0 0 0 0 0 0 0 0 0 0 0 0 0 0 0 0 0 0 0 0 0 0 0 0 0 0 0 0 0 0 0 0 0 0 0 0 0 0 0 0 0 0 0 0 0 0 0 0 0 0 0 0 0 0 0 0 0 0 0 0 0 0 0 0 0 0 0 0 0 1 0 0 0 0 0 0 0 0 0 0 0 0 0 0 0 0 0 0 0 0 0 0 0 0 0 0 0 1 0 0 0 0 1 0 0 0 0 0 0 0 0 0 0 0 0 0 0 0 0 0 0 0 0 0 0 0 0 0 0 0 0 0 0 0 0 0 0 0 0 0 0 0 0 0 0 1 0 0 0 1 0 0 0 0 0 0 0 0 0 0 0 0 0 0 0 0 0 0 0 0 0 0 0 0 0 0 0 0 0 0 0 0 0 0 0 0 0 0 0 0 0 0 0 0 0 0 0 0 0 0 0 0 0 0 0 0 0 0 0 0 0 0 0 0 0 0 0 0 0 0 0 0 0 0 0 0 0 0 0 0 0 0 0 0 0 0 0 0 0 0 0 0 0 0 0 0 0 0 0 0 0 0 0 0 0 0 0 0 0 0 0 0 0 0 0 0 0 0 0 0 0 0 0 0 0 0 0 0 0 0 0 0 0 0 0 0 0 0 0 0 0 0 0 0 0 1 0 0 0 0 0 0 0 0 0 0 0 0 0 0 0 0 0 0 0 0 0 0 0 0 0 0 0 0 0 0 0 0 0 0 0 0 0 1 ]> 16.000000 16.000000 + 0.000000 #84530
update in RO 17.000000

CHECKER is 1 SUM:17
TIME:525.000000
P TIGHTEN: 0.526000 <P:17.000000, D:800.000000, INC:(506)[0 0 0 0 0 1 0 0 0 1 0 1 0 0 0 1 0 0 1 1 0 0 0 0 0 0 0 1 1 0 0 0 0 0 0 0 0 0 0 0 0 0 0 0 0 0 0 0 0 0 0 0 0 0 0 0 0 0 0 0 0 0 0 0 0 1 0 0 0 0 0 0 0 0 0 0 0 0 0 0 0 0 0 0 0 0 0 0 0 0 0 0 0 0 0 1 0 0 0 0 0 0 0 0 0 0 0 0 0 0 0 0 0 0 0 0 0 0 0 0 0 0 0 0 0 0 0 0 0 0 0 0 0 0 0 0 0 0 0 0 0 0 0 0 0 0 0 0 0 1 0 0 0 0 0 0 0 0 0 0 0 0 0 0 0 0 0 0 0 0 0 0 0 0 0 0 0 0 1 0 0 0 0 0 0 0 0 0 0 0 0 0 0 0 0 0 0 0 0 0 0 0 0 0 0 0 0 0 0 0 0 0 0 0 0 0 0 0 0 0 0 0 0 0 0 0 0 0 0 0 0 0 0 0 0 0 0 0 0 0 0 0 0 0 0 0 0 0 0 0 0 0 0 0 0 0 0 0 0 0 0 0 0 0 0 0 0 0 0 0 0 0 0 0 0 0 0 0 0 0 0 0 0 0 0 0 0 0 0 0 0 0 0 0 1 0 0 0 0 0 0 0 1 0 0 0 0 0 0 0 0 0 0 0 0 0 0 0 0 0 0 0 0 0 0 0 0 0 0 0 0 0 0 0 0 0 0 0 0 0 1 0 0 0 0 0 0 0 0 0 0 0 0 0 0 0 0 0 0 0 0 0 0 0 0 0 1 0 0 0 0 0 0 0 0 0 0 0 0 0 0 0 0 0 0 0 0 0 0 0 0 0 0 0 0 0 0 0 0 0 0 0 0 0 0 0 0 0 0 0 0 0 0 0 0 0 0 0 0 0 0 0 0 0 0 0 0 0 0 0 0 0 0 0 0 0 0 0 0 0 0 0 0 0 0 0 0 0 0 0 0 0 0 0 0 0 0 0 0 0 0 0 0 0 0 0 0 0 0 0 0 0 0 0 0 0 0 0 0 0 0 0 0 0 0 0 0 0 0 0 0 0 0 0 0 0 0 0 0 0 0 0 0 0 0 1 ]> 17.000000 17.000000 + 0.000000 #89946
update in RO 18.000000

CHECKER is 1 SUM:18
TIME:1321.000000
P TIGHTEN: 1.322000 <P:18.000000, D:193.000000, INC:(746)[0 0 0 0 0 0 0 0 0 0 0 0 0 0 1 0 0 0 0 0 1 0 1 0 0 0 0 0 0 1 0 0 0 1 0 0 0 0 0 0 0 0 1 0 0 0 0 0 0 0 0 0 0 0 0 0 0 0 1 0 0 0 0 0 0 0 0 0 0 0 0 0 0 0 0 0 0 0 0 0 0 0 0 0 0 0 0 0 0 0 1 1 0 0 0 0 0 0 0 0 0 0 0 0 0 0 0 0 0 0 0 0 0 0 0 0 0 0 0 0 0 0 0 0 0 0 0 0 0 0 0 0 0 0 0 0 0 0 0 0 0 0 0 0 0 0 0 0 0 0 0 0 0 0 0 0 0 1 0 0 0 0 0 0 0 0 0 0 0 0 0 0 0 0 0 0 0 0 0 0 0 0 0 0 0 0 0 0 0 0 0 0 0 0 0 0 0 0 0 0 0 0 0 0 0 0 0 0 0 0 0 0 0 0 0 0 0 0 0 0 0 0 0 0 0 0 0 0 0 0 0 0 0 0 0 0 1 0 0 0 0 0 0 0 0 0 0 0 0 0 0 0 0 0 0 0 0 0 1 0 0 0 0 0 0 0 0 0 0 0 0 0 0 0 0 0 0 0 0 0 0 0 0 0 0 0 0 0 0 0 0 0 0 0 0 0 0 0 0 0 0 0 0 0 0 0 0 0 0 0 0 0 0 0 0 0 0 0 0 0 0 0 0 0 0 0 0 0 0 0 0 0 0 0 0 0 0 0 0 0 0 1 0 0 0 0 0 0 0 0 0 0 0 0 0 0 0 0 0 0 0 0 0 0 0 0 0 0 0 0 0 0 0 0 0 0 0 0 0 0 0 0 0 0 0 0 0 0 0 0 0 0 0 0 0 0 0 0 0 0 0 0 0 0 0 0 0 0 0 0 0 0 0 0 0 1 0 0 0 0 0 0 0 0 0 0 0 0 0 0 0 0 0 0 0 0 0 0 0 0 0 0 0 0 0 0 0 0 0 0 0 0 0 0 0 0 0 0 0 0 0 0 0 0 0 0 0 0 0 0 0 0 0 0 0 0 0 0 0 0 0 0 0 0 0 0 0 0 0 0 0 0 0 0 0 0 0 0 0 0 0 0 0 0 0 0 0 0 0 0 0 0 0 0 0 0 0 0 0 0 0 0 0 0 0 0 0 0 0 0 0 0 0 0 0 0 0 0 0 0 0 0 0 0 0 0 0 0 0 0 0 0 0 0 0 0 0 0 0 0 0 0 0 0 0 0 0 0 0 0 0 0 0 0 0 0 0 0 0 0 0 0 0 0 0 0 0 0 0 0 0 0 0 0 0 0 0 0 0 0 0 0 0 0 0 0 0 0 0 0 0 0 0 0 0 0 0 0 0 0 0 0 0 0 0 0 0 0 0 0 0 0 0 0 0 0 0 0 0 0 0 0 0 0 0 0 0 0 0 0 0 0 0 0 0 0 0 0 0 0 0 0 0 0 0 0 0 0 0 0 0 0 0 0 0 1 0 0 0 0 0 0 0 0 0 0 0 0 0 0 0 0 0 0 0 0 0 0 0 0 0 0 0 0 0 0 0 0 0 0 0 0 0 0 0 1 0 0 0 0 0 0 0 0 0 0 0 0 0 0 0 0 0 0 0 0 0 0 0 0 0 0 1 0 0 1 ]> 18.000000 18.000000 + 0.000000 #98731
B&B(   18)	 193.000000	 18.000000	      -	 time:5.1160s
B&B(   38)	 193.000000	 18.000000	      -	 time:10.2810s
B&B(   58)	 193.000000	 18.000000	      -	 time:15.4710s
B&B(   78)	 193.000000	 18.000000	      -	 time:20.6980s
B&B(   98)	 193.000000	 18.000000	      -	 time:25.8610s
B&B(  118)	 193.000000	 18.000000	      -	 time:30.8870s
B&B(  137)	 192.000000	 18.000000	      -	 time:35.9580s
B&B(  157)	 192.000000	 18.000000	      -	 time:41.1630s
update in RO 19.0000

CHECKER is 1 SUM:19
TIME:41934.000000
P TIGHTEN: 41.935000 <P:19.000000, D:192.000000, INC:(478)[0 0 0 0 0 0 0 1 0 0 0 0 0 1 0 0 0 0 0 0 0 0 0 0 0 0 0 0 1 0 0 0 0 0 0 0 1 0 0 0 0 1 0 0 0 0 0 0 0 0 1 0 0 0 0 0 0 1 0 1 0 0 0 0 0 0 0 0 0 0 0 0 0 0 0 0 0 0 0 0 0 0 1 0 0 0 0 0 0 0 0 0 0 1 0 0 0 0 0 0 0 0 0 0 0 0 0 0 0 0 0 0 0 0 0 0 0 0 0 0 0 0 0 0 0 0 0 0 0 0 0 0 0 0 0 0 0 0 0 0 0 0 0 0 0 0 0 0 0 0 0 0 0 0 0 0 0 1 0 0 0 0 0 0 0 0 0 0 0 0 0 0 0 0 0 0 0 0 0 0 0 0 0 0 0 0 0 0 0 0 0 0 0 0 0 0 0 0 0 0 0 0 0 0 0 0 0 0 0 0 0 0 0 0 0 0 0 0 0 0 1 0 0 0 0 0 0 0 0 0 0 0 0 0 0 0 0 0 0 0 0 0 0 0 0 0 0 0 0 0 0 0 0 0 0 0 0 0 0 0 0 0 0 0 0 0 0 0 0 0 0 0 0 0 0 0 0 0 0 0 0 0 0 0 0 0 0 0 0 0 0 0 0 0 0 0 0 0 0 0 0 0 0 0 0 0 0 0 0 0 0 0 0 0 0 0 0 0 0 0 0 0 0 0 0 0 0 0 0 0 0 0 0 0 0 0 0 0 0 0 0 0 0 0 0 0 0 0 0 0 0 0 0 0 0 0 0 0 0 0 0 0 0 0 0 0 0 0 0 0 0 0 0 0 0 0 0 0 0 0 0 0 0 0 1 0 1 0 0 0 0 0 0 0 0 0 0 0 0 0 0 0 0 0 0 0 0 0 0 0 0 0 0 0 0 0 0 0 0 0 0 0 0 0 0 0 0 0 0 0 0 0 0 0 0 0 0 0 0 0 0 0 1 0 0 0 0 1 0 0 0 0 0 0 0 0 0 1 0 0 0 0 0 0 0 0 0 0 0 0 0 1 0 0 0 0 0 1 ]> 19.000000 19.000000 + 0.000000 #80658
B&B(  177)	 192.000000	 19.000000	      -	 time:46.2580s
B&B(  197)	 192.000000	 19.000000	      -	 time:51.3670s
B&B(  217)	 192.000000	 19.000000	      -	 time:56.4740s
B&B(  236)	 189.000000	 19.000000	      -	 time:61.5530s
B&B(  256)	 189.000000	 19.000000	      -	 time:66.7900s
B&B(  277)	 189.000000	 19.000000	      -	 time:72.0150s
B&B(  298)	 189.000000	 19.000000	      -	 time:77.1460s
B&B(  319)	 189.000000	 19.000000	      -	 time:82.2300s
B&B(  340)	 189.000000	 19.000000	      -	 time:87.2910s
B&B(  360)	 188.000000	 19.000000	      -	 time:92.4200s
B&B(  380)	 188.000000	 19.000000	      -	 time:97.4530s
B&B(  400)	 187.000000	 19.000000	      -	 time:102.6860s
B&B(  421)	 187.000000	 19.000000	      -	 time:107.8100s
B&B(  443)	 187.000000	 19.000000	      -	 time:112.9920s
B&B(  465)	 187.000000	 19.000000	      -	 time:118.2070s
B&B(  487)	 187.000000	 19.000000	      -	 time:123.3840s
B&B(  508)	 187.000000	 19.000000	      -	 time:128.3860s
B&B(  527)	 186.000000	 19.000000	      -	 time:133.4360s
B&B(  547)	 186.000000	 19.000000	      -	 time:138.5120s
B&B(  568)	 183.000000	 19.000000	      -	 time:143.7520s
B&B(  587)	 183.000000	 19.000000	      -	 time:148.7840s
B&B(  607)	 183.000000	 19.000000	      -	 time:153.8080s
B&B(  628)	 183.000000	 19.000000	      -	 time:158.9370s
B&B(  649)	 183.000000	 19.000000	      -	 time:164.0370s
B&B(  670)	 183.000000	 19.000000	      -	 time:169.1440s
B&B(  691)	 182.000000	 19.000000	      -	 time:174.3190s
B&B(  711)	 179.000000	 19.000000	      -	 time:179.4880s
B&B(  731)	 179.000000	 19.000000	      -	 time:184.6410s
B&B(  751)	 179.000000	 19.000000	      -	 time:189.6710s
B&B(  772)	 179.000000	 19.000000	      -	 time:194.8360s
B&B(  793)	 179.000000	 19.000000	      -	 time:199.8760s
B&B(  814)	 179.000000	 19.000000	      -	 time:205.0050s
B&B(  836)	 179.000000	 19.000000	      -	 time:210.2130s
B&B(  857)	 178.000000	 19.000000	      -	 time:215.2800s
B&B(  878)	 178.000000	 19.000000	      -	 time:220.4410s
B&B(  898)	 176.000000	 19.000000	      -	 time:225.4460s
B&B(  919)	 176.000000	 19.000000	      -	 time:230.6770s
B&B(  940)	 176.000000	 19.000000	      -	 time:235.8710s
B&B(  960)	 176.000000	 19.000000	      -	 time:240.8970s
B&B(  981)	 176.000000	 19.000000	      -	 time:245.8990s
B&B( 1003)	 176.000000	 19.000000	      -	 time:250.9740s
B&B( 1025)	 176.000000	 19.000000	      -	 time:256.2090s
B&B( 1047)	 176.000000	 19.000000	      -	 time:261.2920s
B&B( 1069)	 176.000000	 19.000000	      -	 time:266.4180s
B&B( 1090)	 175.000000	 19.000000	      -	 time:271.4260s
B&B( 1111)	 174.000000	 19.000000	      -	 time:276.6160s
B&B( 1133)	 174.000000	 19.000000	      -	 time:281.7200s
B&B( 1155)	 174.000000	 19.000000	      -	 time:286.8670s
B&B( 1177)	 174.000000	 19.000000	      -	 time:292.0130s
B&B( 1199)	 173.000000	 19.000000	      -	 time:297.1910s
B&B( 1220)	 173.000000	 19.000000	      -	 time:302.2870s
B&B( 1243)	 173.000000	 19.000000	      -	 time:307.5120s
B&B( 1264)	 169.000000	 19.000000	      -	 time:312.5790s
B&B( 1286)	 169.000000	 19.000000	      -	 time:317.6760s
B&B( 1308)	 169.000000	 19.000000	      -	 time:322.8480s
B&B( 1331)	 169.000000	 19.000000	      -	 time:327.9960s
B&B( 1354)	 169.000000	 19.000000	      -	 time:333.0030s
B&B( 1377)	 169.000000	 19.000000	      -	 time:338.0650s
B&B( 1401)	 169.000000	 19.000000	      -	 time:343.2840s
B&B( 1423)	 168.000000	 19.000000	      -	 time:348.4200s
B&B( 1445)	 168.000000	 19.000000	      -	 time:353.4720s
B&B( 1468)	 167.000000	 19.000000	      -	 time:358.6650s
B&B( 1490)	 167.000000	 19.000000	      -	 time:363.7040s
B&B( 1514)	 167.000000	 19.000000	      -	 time:368.8490s
B&B( 1538)	 167.000000	 19.000000	      -	 time:373.9880s
B&B( 1560)	 166.000000	 19.000000	      -	 time:379.0100s
B&B( 1582)	 166.000000	 19.000000	      -	 time:384.0570s
B&B( 1606)	 165.000000	 19.000000	      -	 time:389.2430s
B&B( 1627)	 164.000000	 19.000000	      -	 time:394.2550s
B&B( 1650)	 164.000000	 19.000000	      -	 time:399.4420s
B&B( 1672)	 164.000000	 19.000000	      -	 time:404.4590s
B&B( 1696)	 164.000000	 19.000000	      -	 time:409.6010s
B&B( 1720)	 164.000000	 19.000000	      -	 time:414.6850s
B&B( 1744)	 163.000000	 19.000000	      -	 time:419.8410s
B&B( 1768)	 163.000000	 19.000000	      -	 time:424.9020s
B&B( 1791)	 160.000000	 19.000000	      -	 time:430.0880s
B&B( 1813)	 160.000000	 19.000000	      -	 time:435.0990s
B&B( 1837)	 160.000000	 19.000000	      -	 time:440.2590s
B&B( 1861)	 160.000000	 19.000000	      -	 time:445.3680s
B&B( 1884)	 160.000000	 19.000000	      -	 time:450.3860s
B&B( 1908)	 160.000000	 19.000000	      -	 time:455.5170s
B&B( 1932)	 159.000000	 19.000000	      -	 time:460.6360s
B&B( 1955)	 159.000000	 19.000000	      -	 time:465.7730s
B&B( 1977)	 156.000000	 19.000000	      -	 time:470.8090s
B&B( 2000)	 156.000000	 19.000000	      -	 time:475.8880s
B&B( 2024)	 156.000000	 19.000000	      -	 time:481.0950s
B&B( 2048)	 156.000000	 19.000000	      -	 time:486.2040s
B&B( 2072)	 156.000000	 19.000000	      -	 time:491.2070s
B&B( 2096)	 155.000000	 19.000000	      -	 time:496.2870s
B&B( 2118)	 155.000000	 19.000000	      -	 time:501.3140s
B&B( 2141)	 155.000000	 19.000000	      -	 time:506.3170s
B&B( 2164)	 154.000000	 19.000000	      -	 time:511.4190s
B&B( 2186)	 152.000000	 19.000000	      -	 time:516.5100s
B&B( 2209)	 152.000000	 19.000000	      -	 time:521.6230s
B&B( 2233)	 152.000000	 19.000000	      -	 time:526.7930s
B&B( 2258)	 152.000000	 19.000000	      -	 time:531.9580s
B&B( 2280)	 151.000000	 19.000000	      -	 time:537.0700s
B&B( 2303)	 151.000000	 19.000000	      -	 time:542.1570s
B&B( 2328)	 151.000000	 19.000000	      -	 time:547.3230s
B&B( 2353)	 151.000000	 19.000000	      -	 time:552.4560s
B&B( 2378)	 151.000000	 19.000000	      -	 time:557.4970s
B&B( 2400)	 150.000000	 19.000000	      -	 time:562.6660s
B&B( 2423)	 150.000000	 19.000000	      -	 time:567.7290s
B&B( 2448)	 150.000000	 19.000000	      -	 time:572.9100s
B&B( 2473)	 150.000000	 19.000000	      -	 time:578.0640s
B&B( 2497)	 150.000000	 19.000000	      -	 time:583.1450s
B&B( 2522)	 150.000000	 19.000000	      -	 time:588.2960s
B&B( 2545)	 149.000000	 19.000000	      -	 time:593.4750s
B&B( 2568)	 149.000000	 19.000000	      -	 time:598.5150s
B&B( 2590)	 148.000000	 19.000000	      -	 time:603.5620s
B&B( 2612)	 147.000000	 19.000000	      -	 time:608.6210s
B&B( 2635)	 146.000000	 19.000000	      -	 time:613.6580s
B&B( 2659)	 146.000000	 19.000000	      -	 time:618.8490s
B&B( 2684)	 146.000000	 19.000000	      -	 time:623.9910s
B&B( 2709)	 146.000000	 19.000000	      -	 time:628.9980s
B&B( 2735)	 146.000000	 19.000000	      -	 time:634.1740s
B&B( 2760)	 146.000000	 19.000000	      -	 time:639.2460s
B&B( 2784)	 146.000000	 19.000000	      -	 time:644.3690s
B&B( 2807)	 145.000000	 19.000000	      -	 time:649.5200s
B&B( 2830)	 145.000000	 19.000000	      -	 time:654.5710s
B&B( 2852)	 144.000000	 19.000000	      -	 time:659.6520s
B&B( 2875)	 143.000000	 19.000000	      -	 time:664.7070s
B&B( 2899)	 143.000000	 19.000000	      -	 time:669.7960s
B&B( 2925)	 143.000000	 19.000000	      -	 time:674.9380s
B&B( 2948)	 143.000000	 19.000000	      -	 time:679.9470s
B&B( 2971)	 142.000000	 19.000000	      -	 time:685.0000s
B&B( 2995)	 142.000000	 19.000000	      -	 time:690.1160s
B&B( 3021)	 142.000000	 19.000000	      -	 time:695.1340s
B&B( 3047)	 142.000000	 19.000000	      -	 time:700.2520s
B&B( 3071)	 142.000000	 19.000000	      -	 time:705.3900s
B&B( 3094)	 141.000000	 19.000000	      -	 time:710.5680s
B&B( 3117)	 141.000000	 19.000000	      -	 time:715.6620s
B&B( 3140)	 140.000000	 19.000000	      -	 time:720.7950s
B&B( 3163)	 140.000000	 19.000000	      -	 time:725.8730s
B&B( 3189)	 140.000000	 19.000000	      -	 time:731.0480s
B&B( 3215)	 140.000000	 19.000000	      -	 time:736.1470s
B&B( 3242)	 140.000000	 19.000000	      -	 time:741.1530s
B&B( 3267)	 140.000000	 19.000000	      -	 time:746.3020s
B&B( 3290)	 139.000000	 19.000000	      -	 time:751.5200s
B&B( 3314)	 139.000000	 19.000000	      -	 time:756.6060s
B&B( 3341)	 139.000000	 19.000000	      -	 time:761.6170s
B&B( 3365)	 139.000000	 19.000000	      -	 time:766.6760s
B&B( 3388)	 138.000000	 19.000000	      -	 time:771.7230s
B&B( 3411)	 137.000000	 19.000000	      -	 time:776.9510s
B&B( 3434)	 137.000000	 19.000000	      -	 time:782.1140s
B&B( 3457)	 136.000000	 19.000000	      -	 time:787.1590s
B&B( 3480)	 136.000000	 19.000000	      -	 time:792.1820s
B&B( 3505)	 136.000000	 19.000000	      -	 tiCommand exited with non-zero status 124
	Command being timed: "/usr/bin/timeout 915 /home/fabio/CODD-NEWDom/cmake-build-release-ilyin/misp5 /home/fabio/CODD-NEWDom/data/misp/brock800_2.clq 256"
	User time (seconds): 913.17
	System time (seconds): 2.02
	Percent of CPU this job got: 99%
	Elapsed (wall clock) time (h:mm:ss or m:ss): 15:15.29
	Average shared text size (kbytes): 0
	Average unshared data size (kbytes): 0
	Average stack size (kbytes): 0
	Average total size (kbytes): 0
	Maximum resident set size (kbytes): 3881336
	Average resident set size (kbytes): 0
	Major (requiring I/O) page faults: 0
	Minor (reclaiming a frame) page faults: 1119942
	Voluntary context switches: 4
	Involuntary context switches: 3957
	Swaps: 0
	File system inputs: 0
	File system outputs: 56
	Socket messages sent: 0
	Socket messages received: 0
	Signals delivered: 0
	Page size (bytes): 4096
	Exit status: 124

