COMMAND: /usr/bin/time -v /usr/bin/timeout 915 /home/fabio/CODD-NEWDom/cmake-build-release-ilyin/misp5 /home/fabio/CODD-NEWDom/data/misp/sanr200_0.9.clq 128
TOP=200
B&B searching...
dual@root:200
B&B Nodes          Dual	 Primal	 Gap(%)
----------------------------------------------
update in RO 29.000000

CHECKER is 1 SUM:29
TIME:37.000000
P TIGHTEN: 0.038000 <P:29.000000, D:200.000000, INC:(171)[0 0 1 0 1 1 1 1 1 1 0 0 0 0 1 1 0 1 0 0 1 0 0 0 1 0 0 0 0 1 0 0 1 0 1 0 0 0 0 1 0 0 0 0 1 0 0 0 0 0 0 0 0 0 0 0 1 0 1 0 0 0 0 0 0 0 0 1 0 1 0 0 0 1 0 0 0 0 0 0 0 0 0 0 0 0 0 0 0 0 0 0 0 0 0 0 0 0 0 0 0 1 0 0 0 0 1 0 0 0 0 0 0 0 0 0 0 1 0 0 0 0 0 0 0 0 0 0 0 0 0 0 0 0 0 0 0 0 0 0 0 0 0 0 0 0 0 0 1 1 0 0 0 0 0 0 0 0 1 0 0 0 0 0 0 1 0 0 0 0 0 ]> 29.000000 29.000000 + 0.000000 #19747
update in RO 30.000000

CHECKER is 1 SUM:30
TIME:37.000000
P TIGHTEN: 0.038000 <P:30.000000, D:200.000000, INC:(171)[0 0 1 0 1 1 1 1 1 1 0 0 0 0 1 1 0 1 0 0 1 0 0 0 1 0 0 0 0 1 0 0 1 0 1 0 0 0 0 1 0 0 0 0 1 0 0 0 0 0 0 0 0 0 0 0 1 0 1 0 0 0 0 0 0 0 0 1 0 1 0 0 0 1 0 0 0 0 0 0 0 0 0 0 0 0 0 0 0 0 0 0 0 0 0 0 0 0 0 0 0 1 0 0 0 0 1 0 0 0 0 0 0 0 0 0 0 1 0 0 0 0 0 0 0 0 0 0 0 0 0 0 0 0 0 0 0 0 0 0 0 0 0 0 0 0 0 0 1 1 0 0 0 0 0 0 0 0 1 0 0 0 0 0 0 1 0 0 0 0 1 ]> 30.000000 30.000000 + 0.000000 #19747
update in RO 31.000000

CHECKER is 1 SUM:31
TIME:38.000000
P TIGHTEN: 0.038000 <P:31.000000, D:200.000000, INC:(188)[0 0 1 0 1 1 1 1 1 1 0 0 0 0 1 1 0 1 0 0 1 0 0 0 1 0 0 0 0 1 0 0 1 0 1 0 0 0 0 1 0 0 0 0 1 0 0 0 0 0 0 0 0 1 0 0 1 0 1 0 0 0 0 0 0 0 0 1 0 1 0 0 0 0 0 0 0 0 0 0 0 0 0 0 0 0 0 0 0 0 0 0 0 0 0 0 0 0 0 0 0 1 0 0 0 0 1 0 0 0 0 0 0 0 0 0 0 1 0 0 0 0 0 0 0 0 0 0 0 0 0 0 0 0 0 0 0 0 0 0 0 0 0 0 0 0 0 0 1 0 0 0 0 0 0 0 0 0 1 0 0 0 0 0 0 1 1 0 0 0 0 0 0 0 0 1 0 0 0 0 0 0 0 0 0 0 0 1 ]> 31.000000 31.000000 + 0.000000 #19988
update in RO 32.000000

CHECKER is 1 SUM:32
TIME:38.000000
P TIGHTEN: 0.038000 <P:32.000000, D:200.000000, INC:(191)[0 0 1 0 1 1 1 1 1 1 0 0 0 0 1 1 0 1 0 0 1 0 0 0 1 0 0 0 0 1 0 0 1 0 0 0 0 0 0 1 0 0 0 0 1 0 0 0 0 0 0 0 0 1 0 0 1 0 1 0 0 0 0 0 0 0 0 1 0 1 0 0 0 0 0 0 0 0 0 0 1 0 0 0 0 0 0 0 0 0 0 0 0 0 0 0 0 0 0 0 0 1 0 0 0 0 1 0 0 0 0 0 0 0 0 0 0 1 0 0 0 0 0 0 0 0 0 0 0 0 0 0 0 0 0 0 0 0 0 0 0 0 0 0 0 0 0 0 1 0 0 0 0 0 0 0 0 0 1 0 0 0 0 0 0 1 1 0 0 0 0 0 0 0 0 1 0 0 0 0 0 0 0 0 0 0 0 1 0 0 1 ]> 32.000000 32.000000 + 0.000000 #20000
update in RO 33.000000

CHECKER is 1 SUM:33
TIME:38.000000
P TIGHTEN: 0.038000 <P:33.000000, D:200.000000, INC:(198)[0 1 1 0 1 1 1 0 1 0 0 0 0 1 1 1 0 1 0 0 1 0 0 0 1 0 0 0 0 1 0 0 1 0 1 0 0 1 0 1 0 0 0 0 0 0 0 0 0 0 0 1 0 0 0 0 1 0 0 0 0 0 0 0 0 0 0 0 0 1 0 0 0 1 0 0 0 0 0 0 0 0 1 0 0 0 0 0 0 0 0 1 0 0 0 0 0 0 0 0 0 0 0 0 0 0 0 0 0 0 0 0 0 0 1 0 0 0 0 0 0 0 0 0 0 0 0 0 0 0 0 0 0 1 0 0 0 0 0 0 1 0 0 0 0 0 0 1 0 1 0 0 0 1 0 0 0 0 0 0 0 0 0 0 0 0 0 1 1 0 0 0 0 0 0 0 0 0 0 0 0 0 0 0 0 1 0 0 0 0 0 0 0 0 0 0 0 1 ]> 33.000000 33.000000 + 0.000000 #20006
update in RO 34.000000

CHECKER is 1 SUM:34
TIME:73.000000
P TIGHTEN: 0.074000 <P:34.000000, D:114.000000, INC:(171)[0 0 0 0 0 1 1 1 1 1 0 0 0 0 1 1 0 1 0 1 1 1 0 0 1 0 0 0 0 1 0 0 1 0 1 0 0 0 0 1 0 0 0 0 0 0 0 1 0 0 1 0 0 0 0 1 0 0 0 0 0 0 0 0 0 0 1 1 0 1 0 0 0 0 0 0 0 0 0 0 0 0 0 1 0 0 0 0 0 0 0 0 0 0 0 0 0 0 0 0 0 0 0 0 0 0 0 0 0 1 0 0 0 0 0 0 0 1 0 0 1 0 0 0 0 0 0 0 1 0 1 0 0 0 0 0 0 0 0 0 0 0 0 0 0 0 0 0 1 1 0 0 0 0 0 0 0 0 1 0 0 1 0 0 0 1 0 0 0 0 1 ]> 34.000000 34.000000 + 0.000000 #13791
update in RO 35.000000

CHECKER is 1 SUM:35
TIME:344.000000
P TIGHTEN: 0.345000 <P:35.000000, D:114.000000, INC:(193)[0 0 0 1 0 1 1 1 0 1 0 0 0 0 0 1 0 1 0 1 0 1 0 1 0 0 0 0 0 1 0 0 1 0 0 0 0 0 1 0 0 0 0 1 1 0 0 0 0 0 0 0 0 0 0 0 1 0 1 0 0 0 0 0 0 0 1 0 0 1 0 1 0 0 0 0 0 0 0 0 1 0 0 0 0 0 0 0 0 0 0 0 1 0 0 0 0 0 0 0 0 1 0 0 0 0 1 0 0 1 0 0 0 0 0 0 0 1 0 0 0 0 0 0 1 0 0 0 0 0 1 0 0 0 0 0 0 0 0 0 0 0 1 0 1 0 0 0 1 0 0 0 0 0 0 0 0 0 0 0 0 0 0 0 0 0 0 0 0 1 0 0 0 0 0 0 0 0 0 0 1 0 0 0 0 0 0 0 1 0 0 0 1 ]> 35.000000 35.000000 + 0.000000 #16583
update in RO 36.000000

CHECKER is 1 SUM:36
TIME:606.000000
P TIGHTEN: 0.607000 <P:36.000000, D:114.000000, INC:(193)[0 0 1 1 0 1 0 0 0 1 0 0 0 1 0 1 1 1 1 0 0 0 0 1 0 1 0 0 0 1 0 0 1 0 0 0 0 0 1 0 0 0 0 0 1 0 0 0 0 0 0 0 0 0 0 0 1 0 1 0 0 0 1 0 0 0 0 0 0 1 0 0 0 0 0 0 0 0 0 0 1 0 0 0 0 1 0 0 0 0 0 0 1 0 0 0 0 0 0 0 0 1 0 0 0 0 0 0 0 1 0 0 0 0 0 0 0 0 0 0 0 0 0 0 1 0 0 0 0 0 0 0 0 0 0 0 0 1 0 1 0 0 1 0 1 0 0 0 0 1 0 0 1 0 0 0 0 0 0 0 0 0 0 0 0 0 0 0 0 1 0 0 0 0 0 0 0 0 0 0 1 0 0 0 0 0 0 0 1 0 0 1 1 ]> 36.000000 36.000000 + 0.000000 #17950
update in RO 37.000000

CHECKER is 1 SUM:37
TIME:607.000000
P TIGHTEN: 0.607000 <P:37.000000, D:114.000000, INC:(197)[0 0 1 1 0 1 0 0 0 1 0 0 0 1 0 1 1 1 0 0 0 0 1 1 0 1 0 0 0 1 0 0 1 0 0 0 0 0 1 0 0 0 0 0 0 1 0 0 0 0 0 0 0 0 0 0 1 0 0 0 0 0 1 0 1 0 0 0 0 1 0 0 0 0 0 0 0 0 0 0 1 0 0 0 0 1 0 0 0 0 0 0 1 0 0 0 0 0 0 0 0 1 0 0 0 0 0 0 1 1 0 0 0 0 0 0 0 0 0 0 0 0 0 0 0 0 0 0 0 0 0 0 0 0 0 0 0 1 0 1 0 0 0 0 0 0 0 0 0 1 0 0 0 0 0 0 0 1 0 0 0 0 0 0 0 0 0 0 0 1 0 0 1 0 0 0 0 0 0 0 1 1 0 0 0 0 0 0 1 0 0 1 1 0 0 0 1 ]> 37.000000 37.000000 + 0.000000 #17953
B&B(  316)	 106.000000	 37.000000	      -	 time:5.0120s
B&B(  670)	 102.000000	 37.000000	      -	 time:10.0230s
update in RO 38.0000

CHECKER is 1 SUM:38
TIME:13421.000000
P TIGHTEN: 13.421000 <P:38.000000, D:101.000000, INC:(198)[0 0 0 0 0 1 0 0 0 1 0 0 0 1 1 1 0 1 0 1 0 0 1 0 0 1 0 0 0 1 0 0 1 0 1 0 0 0 0 1 0 0 0 0 1 0 0 0 0 0 0 0 0 0 0 0 1 0 1 0 0 0 1 0 1 1 0 0 0 1 0 0 0 1 0 0 0 0 0 0 0 0 0 0 0 0 0 0 0 1 0 0 1 0 0 0 0 0 0 0 0 1 0 0 0 0 0 0 0 1 1 0 0 0 0 0 0 0 0 0 0 0 0 0 0 1 0 0 0 0 0 0 0 0 0 0 0 1 0 0 0 0 1 0 0 0 0 0 0 1 0 0 0 0 0 0 0 0 1 0 0 1 0 0 0 1 0 0 0 0 0 1 0 0 0 0 0 0 0 0 0 0 0 0 1 0 0 0 1 0 0 0 1 0 0 0 0 1 ]> 38.000000 38.000000 + 0.000000 #14625
B&B( 1007)	 101.000000	 38.000000	      -	 time:15.0360s
B&B( 1381)	 100.000000	 38.000000	      -	 time:20.0390s
B&B( 1753)	 99.000000	 38.000000	      -	 time:25.0500s
B&B( 2142)	 98.000000	 38.000000	      -	 time:30.0580s
B&B( 2519)	 97.000000	 38.000000	      -	 time:35.0640s
B&B( 2894)	 96.000000	 38.000000	      -	 time:40.0710s
B&B( 3289)	 96.000000	 38.000000	      -	 time:45.0830s
B&B( 3673)	 95.000000	 38.000000	      -	 time:50.0980s
B&B( 4078)	 95.000000	 38.000000	      -	 time:55.1050s
B&B( 4470)	 94.000000	 38.000000	      -	 time:60.1160s
B&B( 4856)	 94.000000	 38.000000	      -	 time:65.1210s
B&B( 5272)	 94.000000	 38.000000	      -	 time:70.1340s
B&B( 5681)	 93.000000	 38.000000	      -	 time:75.1400s
B&B( 6080)	 93.000000	 38.000000	      -	 time:80.1510s
B&B( 6496)	 93.000000	 38.000000	      -	 time:85.1640s
B&B( 6878)	 92.000000	 38.000000	      -	 time:90.1660s
B&B( 7267)	 92.000000	 38.000000	      -	 time:95.1720s
B&B( 7679)	 92.000000	 38.000000	      -	 time:100.1810s
B&B( 8099)	 92.000000	 38.000000	      -	 time:105.1880s
update in RO 39.0000

CHECKER is 1 SUM:39
TIME:110023.000000
P TIGHTEN: 110.024000 <P:39.000000, D:92.000000, INC:(198)[0 0 0 0 0 1 1 0 0 1 0 0 0 1 1 1 0 1 0 1 0 0 1 0 0 1 0 0 0 0 0 0 1 0 1 0 0 0 0 1 0 0 0 0 1 0 1 0 0 0 0 0 0 0 0 0 1 0 1 0 0 0 1 0 0 1 0 0 0 1 0 0 0 1 0 0 0 0 0 0 0 0 0 0 0 0 0 0 0 1 0 0 1 0 0 0 0 0 0 0 0 0 0 0 0 0 0 0 0 1 0 0 0 0 0 0 0 0 0 0 0 0 0 1 0 1 0 0 0 0 0 0 0 0 0 0 0 1 0 0 0 0 1 0 0 0 0 0 0 1 0 0 0 0 0 0 0 0 1 1 0 0 0 1 0 1 0 1 0 0 0 1 0 0 0 0 0 0 0 0 0 0 0 0 0 1 0 0 1 0 0 1 0 0 0 0 0 1 ]> 39.000000 39.000000 + 0.000000 #14537
B&B( 8490)	 92.000000	 39.000000	      -	 time:110.1950s
B&B( 8905)	 92.000000	 39.000000	      -	 time:115.2040s
B&B( 9321)	 91.000000	 39.000000	      -	 time:120.2150s
B&B( 9762)	 91.000000	 39.000000	      -	 time:125.2230s
B&B(10185)	 91.000000	 39.000000	      -	 time:130.2270s
B&B(10627)	 91.000000	 39.000000	      -	 time:135.2320s
B&B(11045)	 91.000000	 39.000000	      -	 time:140.2430s
B&B(11450)	 91.000000	 39.000000	      -	 time:145.2560s
B&B(11869)	 90.000000	 39.000000	      -	 time:150.2600s
B&B(12302)	 90.000000	 39.000000	      -	 time:155.2620s
B&B(12737)	 90.000000	 39.000000	      -	 time:160.2720s
B&B(13160)	 90.000000	 39.000000	      -	 time:165.2850s
B&B(13608)	 90.000000	 39.000000	      -	 time:170.2900s
B&B(14027)	 90.000000	 39.000000	      -	 time:175.2970s
B&B(14456)	 89.000000	 39.000000	      -	 time:180.3070s
B&B(14870)	 89.000000	 39.000000	      -	 time:185.3130s
B&B(15322)	 89.000000	 39.000000	      -	 time:190.3180s
B&B(15761)	 89.000000	 39.000000	      -	 time:195.3290s
B&B(16176)	 89.000000	 39.000000	      -	 time:200.3390s
B&B(16630)	 89.000000	 39.000000	      -	 time:205.3470s
B&B(17081)	 89.000000	 39.000000	      -	 time:210.3560s
B&B(17518)	 89.000000	 39.000000	      -	 time:215.3680s
B&B(17970)	 89.000000	 39.000000	      -	 time:220.3720s
B&B(18386)	 89.000000	 39.000000	      -	 time:225.3750s
B&B(18799)	 88.000000	 39.000000	      -	 time:230.3840s
B&B(19216)	 88.000000	 39.000000	      -	 time:235.3980s
B&B(19644)	 88.000000	 39.000000	      -	 time:240.4110s
B&B(20074)	 88.000000	 39.000000	      -	 time:245.4210s
B&B(20525)	 88.000000	 39.000000	      -	 time:250.4280s
B&B(20964)	 88.000000	 39.000000	      -	 time:255.4380s
B&B(21393)	 88.000000	 39.000000	      -	 time:260.4490s
B&B(21840)	 88.000000	 39.000000	      -	 time:265.4540s
B&B(22285)	 88.000000	 39.000000	      -	 time:270.4640s
B&B(22726)	 88.000000	 39.000000	      -	 time:275.4650s
B&B(23153)	 88.000000	 39.000000	      -	 time:280.4670s
B&B(23573)	 88.000000	 39.000000	      -	 time:285.4760s
B&B(24000)	 88.000000	 39.000000	      -	 time:290.4820s
B&B(24445)	 87.000000	 39.000000	      -	 time:295.4940s
B&B(24883)	 87.000000	 39.000000	      -	 time:300.5020s
B&B(25313)	 87.000000	 39.000000	      -	 time:305.5130s
B&B(25774)	 87.000000	 39.000000	      -	 time:310.5170s
B&B(26251)	 87.000000	 39.000000	      -	 time:315.5260s
B&B(26711)	 87.000000	 39.000000	      -	 time:320.5370s
B&B(27133)	 87.000000	 39.000000	      -	 time:325.5430s
B&B(27586)	 87.000000	 39.000000	      -	 time:330.5540s
B&B(28041)	 87.000000	 39.000000	      -	 time:335.5550s
B&B(28509)	 87.000000	 39.000000	      -	 time:340.5670s
B&B(28939)	 87.000000	 39.000000	      -	 time:345.5710s
B&B(29389)	 87.000000	 39.000000	      -	 time:350.5770s
B&B(29839)	 87.000000	 39.000000	      -	 time:355.5810s
B&B(30275)	 87.000000	 39.000000	      -	 time:360.5920s
B&B(30717)	 87.000000	 39.000000	      -	 time:365.6020s
B&B(31167)	 87.000000	 39.000000	      -	 time:370.6120s
B&B(31600)	 87.000000	 39.000000	      -	 time:375.6220s
B&B(32063)	 87.000000	 39.000000	      -	 time:380.6260s
B&B(32483)	 86.000000	 39.000000	      -	 time:385.6350s
B&B(32917)	 86.000000	 39.000000	      -	 time:390.6460s
B&B(33360)	 86.000000	 39.000000	      -	 time:395.6510s
B&B(33792)	 86.000000	 39.000000	      -	 time:400.6600s
B&B(34256)	 86.000000	 39.000000	      -	 time:405.6700s
B&B(34700)	 86.000000	 39.000000	      -	 time:410.6720s
B&B(35163)	 86.000000	 39.000000	      -	 time:415.6760s
B&B(35615)	 86.000000	 39.000000	      -	 time:420.6850s
B&B(36069)	 86.000000	 39.000000	      -	 time:425.6860s
B&B(36515)	 86.000000	 39.000000	      -	 time:430.6890s
B&B(36952)	 86.000000	 39.000000	      -	 time:435.6970s
B&B(37412)	 86.000000	 39.000000	      -	 time:440.6980s
B&B(37855)	 86.000000	 39.000000	      -	 time:445.7040s
B&B(38308)	 86.000000	 39.000000	      -	 time:450.7160s
B&B(38775)	 86.000000	 39.000000	      -	 time:455.7260s
B&B(39215)	 86.000000	 39.000000	      -	 time:460.7320s
B&B(39682)	 86.000000	 39.000000	      -	 time:465.7400s
B&B(40146)	 86.000000	 39.000000	      -	 time:470.7460s
B&B(40597)	 86.000000	 39.000000	      -	 time:475.7500s
B&B(41050)	 86.000000	 39.000000	      -	 time:480.7570s
B&B(41499)	 86.000000	 39.000000	      -	 time:485.7630s
B&B(41947)	 86.000000	 39.000000	      -	 time:490.7700s
B&B(42408)	 85.000000	 39.000000	      -	 time:495.7740s
B&B(42836)	 85.000000	 39.000000	      -	 time:500.7810s
B&B(43287)	 85.000000	 39.000000	      -	 time:505.7890s
B&B(43739)	 85.000000	 39.000000	      -	 time:510.7940s
B&B(44185)	 85.000000	 39.000000	      -	 time:515.8020s
B&B(44646)	 85.000000	 39.000000	      -	 time:520.8090s
B&B(45107)	 85.000000	 39.000000	      -	 time:525.8130s
B&B(45583)	 85.000000	 39.000000	      -	 time:530.8210s
B&B(46059)	 85.000000	 39.000000	      -	 time:535.8220s
B&B(46503)	 85.000000	 39.000000	      -	 time:540.8290s
B&B(46959)	 85.000000	 39.000000	      -	 time:545.8340s
B&B(47397)	 85.000000	 39.000000	      -	 time:550.8360s
B&B(47841)	 85.000000	 39.000000	      -	 time:55Command exited with non-zero status 124
	Command being timed: "/usr/bin/timeout 915 /home/fabio/CODD-NEWDom/cmake-build-release-ilyin/misp5 /home/fabio/CODD-NEWDom/data/misp/sanr200_0.9.clq 128"
	User time (seconds): 908.48
	System time (seconds): 7.60
	Percent of CPU this job got: 99%
	Elapsed (wall clock) time (h:mm:ss or m:ss): 15:16.16
	Average shared text size (kbytes): 0
	Average unshared data size (kbytes): 0
	Average stack size (kbytes): 0
	Average total size (kbytes): 0
	Maximum resident set size (kbytes): 16817664
	Average resident set size (kbytes): 0
	Major (requiring I/O) page faults: 0
	Minor (reclaiming a frame) page faults: 4206602
	Voluntary context switches: 4
	Involuntary context switches: 3399
	Swaps: 0
	File system inputs: 0
	File system outputs: 40
	Socket messages sent: 0
	Socket messages received: 0
	Signals delivered: 0
	Page size (bytes): 4096
	Exit status: 124

