COMMAND: /usr/bin/time -v /usr/bin/timeout 915 /home/fabio/CODD-NEWDom/cmake-build-release-ilyin/misp5 /home/fabio/CODD-NEWDom/data/misp/brock400_3.clq 128
TOP=400
B&B searching...
dual@root:400
B&B Nodes          Dual	 Primal	 Gap(%)
----------------------------------------------
update in RO 15.000000

CHECKER is 1 SUM:15
TIME:77.000000
P TIGHTEN: 0.078000 <P:15.000000, D:400.000000, INC:(132)[0 0 1 0 0 0 0 0 1 1 0 0 1 1 0 1 1 1 0 0 0 0 0 0 1 1 0 0 0 0 0 0 0 0 0 0 1 0 0 0 0 0 0 0 0 0 0 0 0 0 0 0 0 0 0 0 0 0 0 1 0 0 0 0 0 0 0 0 0 0 0 1 0 0 0 0 0 0 0 0 0 0 0 0 0 0 0 0 0 0 0 0 0 0 0 0 0 1 0 0 0 0 0 0 0 0 0 0 0 0 0 0 0 0 0 0 0 0 0 0 0 0 0 0 0 0 0 0 0 0 0 1 ]> 15.000000 15.000000 + 0.000000 #15791
update in RO 17.000000

CHECKER is 1 SUM:17
TIME:82.000000
P TIGHTEN: 0.083000 <P:17.000000, D:400.000000, INC:(187)[0 1 1 0 1 0 0 0 0 0 0 0 1 1 0 1 1 1 0 0 0 0 0 0 1 0 0 0 0 0 0 0 0 0 0 0 1 0 0 0 0 0 1 0 0 0 0 0 0 0 0 0 0 0 0 0 0 0 0 0 0 0 0 0 0 0 0 0 0 0 0 0 0 0 0 0 0 0 0 0 0 1 0 0 0 0 0 0 0 0 0 0 0 0 0 0 0 1 0 0 0 0 0 0 0 0 0 0 0 1 0 0 0 0 0 0 0 0 0 0 0 0 0 0 0 0 0 0 0 0 0 0 0 0 0 0 0 0 0 0 0 0 0 0 0 1 0 0 0 0 0 0 0 0 0 0 0 0 0 0 0 0 0 0 0 0 0 0 0 1 0 0 1 0 0 0 0 0 0 0 0 0 0 0 0 0 0 ]> 17.000000 17.000000 + 0.000000 #22821
update in RO 18.000000

CHECKER is 1 SUM:18
TIME:82.000000
P TIGHTEN: 0.083000 <P:18.000000, D:400.000000, INC:(187)[0 1 1 0 1 0 0 0 0 0 0 0 1 1 0 1 1 1 0 0 0 0 0 0 1 0 0 0 0 0 0 0 0 0 0 0 1 0 0 0 0 0 1 0 0 0 0 0 0 0 0 0 0 0 0 0 0 0 0 0 0 0 0 0 0 0 0 0 0 0 0 0 0 0 0 0 0 0 0 0 0 1 0 0 0 0 0 0 0 0 0 0 0 0 0 0 0 1 0 0 0 0 0 0 0 0 0 0 0 1 0 0 0 0 0 0 0 0 0 0 0 0 0 0 0 0 0 0 0 0 0 0 0 0 0 0 0 0 0 0 0 0 0 0 0 1 0 0 0 0 0 0 0 0 0 0 0 0 0 0 0 0 0 0 0 0 0 0 0 1 0 0 1 0 0 0 0 0 0 0 0 0 0 0 0 0 1 ]> 18.000000 18.000000 + 0.000000 #22821
update in RO 19.000000

CHECKER is 1 SUM:19
TIME:84.000000
P TIGHTEN: 0.084000 <P:19.000000, D:400.000000, INC:(244)[0 1 1 1 0 0 0 0 0 1 0 0 1 0 0 1 0 1 0 0 1 0 0 0 0 1 0 0 0 0 0 1 0 0 0 0 0 0 0 0 0 0 0 0 0 0 0 1 0 0 0 0 0 0 0 0 1 0 0 0 0 0 0 0 0 0 0 0 0 0 0 0 0 0 0 0 0 0 0 0 0 0 0 0 0 0 0 0 0 0 0 1 0 0 0 0 0 1 0 0 0 0 0 0 0 0 0 0 0 1 0 0 0 0 0 0 0 0 0 0 0 0 0 0 0 0 0 0 0 0 0 0 0 0 0 0 0 0 0 0 0 0 0 0 0 0 0 0 0 0 0 0 0 0 0 0 0 0 0 0 0 0 0 0 0 0 0 0 0 0 0 0 0 0 0 0 0 0 0 0 0 0 0 0 0 1 1 0 0 0 0 0 0 0 0 0 0 0 0 0 0 0 0 0 0 0 0 0 0 0 1 0 0 0 0 0 0 0 0 0 0 0 0 0 0 0 0 0 0 0 0 0 0 0 0 0 0 0 0 0 0 0 0 1 ]> 19.000000 19.000000 + 0.000000 #24591
update in RO 20.000000

CHECKER is 1 SUM:20
TIME:260.000000
P TIGHTEN: 0.260000 <P:20.000000, D:143.000000, INC:(400)[0 0 0 0 0 0 0 1 0 0 1 0 0 0 0 1 0 0 0 0 1 0 0 0 0 0 0 0 0 0 0 1 0 1 1 0 0 0 0 0 0 0 0 0 0 0 0 1 0 0 0 0 1 0 1 0 1 0 0 0 0 0 0 0 0 0 0 0 0 0 0 0 0 0 0 1 0 0 0 0 0 0 0 0 0 0 0 0 0 0 0 0 0 0 0 0 0 0 1 0 0 0 0 0 0 0 0 0 0 0 0 0 0 0 0 0 0 0 0 0 0 0 0 0 0 0 0 0 0 0 0 0 0 0 0 0 0 1 0 0 0 0 0 0 0 0 0 0 0 0 0 0 0 0 0 0 0 0 0 0 0 0 0 0 0 0 0 0 0 0 0 0 0 0 0 0 0 0 0 0 0 0 0 0 0 1 0 0 0 0 0 0 0 0 0 0 0 0 0 1 0 0 0 0 0 0 0 0 0 0 0 0 0 0 0 0 0 0 0 0 0 0 0 0 0 0 0 0 0 0 0 0 0 0 0 0 0 0 0 0 0 0 0 0 0 0 0 0 0 0 0 0 0 0 0 0 0 0 0 1 0 0 0 0 0 0 0 0 0 0 0 0 0 0 0 0 0 0 0 0 0 0 0 0 0 0 0 0 0 0 0 0 0 0 0 0 0 0 0 0 0 0 0 0 0 0 0 0 0 0 0 0 0 0 0 0 0 0 0 0 0 0 0 0 0 0 0 0 0 0 0 0 0 0 0 0 0 0 0 0 0 0 0 0 0 0 0 0 0 0 1 0 0 0 0 0 0 0 0 0 0 0 0 0 0 0 0 0 0 0 0 0 0 0 0 0 0 0 0 0 0 0 0 0 0 0 0 0 0 0 0 0 0 0 0 0 0 0 1 1 ]> 20.000000 20.000000 + 0.000000 #19190
update in RO 21.000000

CHECKER is 1 SUM:21
TIME:313.000000
P TIGHTEN: 0.314000 <P:21.000000, D:143.000000, INC:(396)[0 0 0 0 0 1 0 0 1 0 0 0 1 0 0 0 1 0 0 0 0 0 1 0 0 0 0 0 0 0 0 0 0 1 0 0 0 0 0 1 0 0 0 1 0 1 0 0 0 0 1 0 0 0 0 0 0 0 0 0 0 0 0 0 0 0 0 0 0 0 0 0 0 0 1 0 0 0 0 0 0 0 0 0 0 0 0 0 0 0 0 0 0 0 0 0 1 0 0 0 0 0 0 0 1 0 0 0 0 0 0 0 0 0 0 0 0 0 0 0 0 0 0 0 0 0 0 0 0 0 0 0 0 0 0 0 0 1 0 0 0 0 0 0 0 0 0 0 0 0 0 1 0 0 0 0 0 0 0 0 0 0 0 0 0 0 0 0 0 0 0 0 0 0 0 0 0 0 0 0 0 0 0 0 0 0 0 0 0 0 0 0 0 0 0 0 0 0 0 0 0 0 0 0 0 0 0 0 0 0 0 0 0 0 0 0 1 0 0 0 0 0 0 0 0 0 0 0 0 0 0 0 0 0 0 0 0 0 0 0 0 0 0 0 0 0 0 0 0 0 0 0 0 0 0 0 0 0 0 0 0 0 0 0 0 0 0 0 0 0 0 0 0 0 0 0 1 0 0 0 0 0 0 0 0 0 0 0 0 0 0 0 1 0 0 0 0 0 0 0 0 0 0 0 0 0 0 0 0 0 0 0 0 0 0 0 1 0 0 0 0 0 0 0 0 0 0 0 0 0 0 0 0 0 0 0 0 0 0 0 0 0 0 0 0 0 0 0 0 0 0 0 0 0 0 0 0 0 0 0 0 0 0 0 0 0 0 0 0 0 0 0 0 0 0 0 0 0 0 0 0 0 0 0 1 0 0 0 0 0 0 0 0 0 0 1 ]> 21.000000 21.000000 + 0.000000 #28597
update in RO 22.000000

CHECKER is 1 SUM:22
TIME:2686.000000
P TIGHTEN: 2.686000 <P:22.000000, D:142.000000, INC:(366)[0 0 0 1 0 0 0 0 1 1 0 0 0 0 0 1 1 0 0 0 1 0 1 0 0 0 0 0 0 0 0 0 0 0 0 0 0 0 0 1 1 0 0 0 0 0 0 0 0 0 0 0 0 1 0 0 0 0 0 0 0 0 0 0 0 0 0 0 0 0 0 0 0 1 0 0 0 0 0 0 0 0 0 0 0 0 0 0 0 0 0 0 0 0 0 0 0 0 0 0 0 1 0 0 0 0 0 0 0 0 0 0 0 0 0 0 0 0 0 0 0 0 0 0 0 0 0 0 0 0 0 0 0 0 0 0 0 0 0 0 0 0 0 0 0 1 0 0 0 0 0 0 0 0 0 0 0 0 0 0 0 0 0 0 0 0 0 0 0 0 0 0 0 0 0 0 0 0 0 0 0 0 0 0 0 0 0 0 0 0 0 0 0 0 0 0 0 0 0 0 0 0 0 0 0 0 0 0 0 0 0 0 0 0 0 0 0 0 1 1 0 0 0 0 0 0 0 0 0 0 1 0 0 1 0 0 0 0 0 0 0 0 0 0 0 0 0 0 0 0 0 1 0 0 0 0 0 0 0 0 0 0 0 0 0 0 0 0 1 0 0 1 0 0 0 0 0 0 0 0 0 0 0 0 0 0 0 0 0 0 0 0 0 0 0 0 0 0 0 0 0 0 0 0 0 0 0 0 0 0 0 0 0 0 0 0 0 0 1 0 0 0 0 0 0 0 0 0 0 0 0 0 0 0 0 0 0 0 0 0 0 0 0 0 0 0 0 0 0 0 0 0 0 0 0 0 0 0 0 0 0 0 0 0 0 1 ]> 22.000000 22.000000 + 0.000000 #24924
B&B(  102)	 142.000000	 22.000000	      -	 time:5.0070s
B&B(  208)	 136.000000	 22.000000	      -	 time:10.0480s
B&B(  317)	 133.000000	 22.000000	      -	 time:15.0860s
B&B(  431)	 130.000000	 22.000000	      -	 time:20.1230s
B&B(  548)	 126.000000	 22.000000	      -	 time:25.1330s
B&B(  669)	 122.000000	 22.000000	      -	 time:30.1580s
B&B(  794)	 118.000000	 22.000000	      -	 time:35.1950s
B&B(  923)	 116.000000	 22.000000	      -	 time:40.2200s
B&B( 1055)	 112.000000	 22.000000	      -	 time:45.2510s
B&B( 1187)	 111.000000	 22.000000	      -	 time:50.2660s
B&B( 1306)	 110.000000	 22.000000	      -	 time:55.2880s
B&B( 1424)	 108.000000	 22.000000	      -	 time:60.3060s
B&B( 1555)	 108.000000	 22.000000	      -	 time:65.3230s
B&B( 1667)	 107.000000	 22.000000	      -	 time:70.3500s
B&B( 1781)	 107.000000	 22.000000	      -	 time:75.3940s
B&B( 1895)	 106.000000	 22.000000	      -	 time:80.4260s
B&B( 2008)	 106.000000	 22.000000	      -	 time:85.4470s
update in RO 23.0000

CHECKER is 1 SUM:23
TIME:88166.000000
P TIGHTEN: 88.167000 <P:23.000000, D:106.000000, INC:(391)[0 1 0 0 0 0 0 0 0 0 0 0 0 0 0 0 0 0 0 0 0 0 0 0 0 1 0 0 0 0 0 1 0 0 0 0 0 1 0 0 0 0 0 0 0 0 1 1 0 0 1 0 0 0 0 0 1 1 0 0 0 0 0 0 1 0 0 0 1 0 0 0 0 0 0 0 0 0 0 0 0 0 0 0 0 0 0 0 0 0 0 1 0 0 0 1 0 0 0 0 0 0 0 0 0 0 0 0 0 0 0 0 0 0 0 0 0 0 0 0 0 0 0 0 0 0 0 0 0 0 0 0 0 0 0 0 0 0 0 0 1 0 0 0 0 0 0 0 0 0 0 0 0 0 0 0 0 0 0 0 0 0 0 0 0 0 0 0 0 0 0 0 0 0 0 0 0 0 0 0 0 0 0 0 0 0 0 0 0 0 0 0 0 0 0 0 0 0 0 1 0 0 0 0 0 1 0 0 0 0 0 0 0 0 0 0 0 0 1 0 0 0 0 0 0 0 0 0 0 0 0 0 0 0 0 0 0 0 1 0 0 0 0 0 0 0 0 0 1 0 0 0 0 0 0 0 0 0 0 0 0 0 0 0 0 0 0 0 0 0 0 0 0 0 0 0 0 0 0 0 0 0 0 0 0 0 0 0 0 0 0 0 0 0 0 1 0 0 0 0 0 0 0 0 0 0 0 0 0 0 0 0 0 0 0 0 0 0 0 0 0 0 0 0 0 0 0 0 0 0 0 0 0 0 0 0 0 0 0 0 0 0 0 0 0 0 0 0 0 0 1 0 0 0 0 0 0 0 0 0 0 0 0 0 0 0 0 0 0 0 0 0 0 0 0 0 0 0 0 0 1 0 0 0 0 0 0 0 0 0 1 ]> 23.000000 23.000000 + 0.000000 #26143
B&B( 2129)	 105.000000	 23.000000	      -	 time:90.4500s
B&B( 2243)	 105.000000	 23.000000	      -	 time:95.4710s
B&B( 2355)	 105.000000	 23.000000	      -	 time:100.4770s
B&B( 2469)	 105.000000	 23.000000	      -	 time:105.4990s
B&B( 2587)	 105.000000	 23.000000	      -	 time:110.5260s
B&B( 2707)	 104.000000	 23.000000	      -	 time:115.5500s
B&B( 2827)	 104.000000	 23.000000	      -	 time:120.5750s
B&B( 2945)	 103.000000	 23.000000	      -	 time:125.6010s
B&B( 3068)	 103.000000	 23.000000	      -	 time:130.6060s
B&B( 3185)	 103.000000	 23.000000	      -	 time:135.6160s
B&B( 3308)	 103.000000	 23.000000	      -	 time:140.6440s
B&B( 3433)	 102.000000	 23.000000	      -	 time:145.6490s
B&B( 3554)	 102.000000	 23.000000	      -	 time:150.6780s
B&B( 3676)	 102.000000	 23.000000	      -	 time:155.6900s
B&B( 3792)	 102.000000	 23.000000	      -	 time:160.6990s
B&B( 3915)	 102.000000	 23.000000	      -	 time:165.7060s
B&B( 4037)	 102.000000	 23.000000	      -	 time:170.7390s
B&B( 4156)	 101.000000	 23.000000	      -	 time:175.7710s
B&B( 4274)	 101.000000	 23.000000	      -	 time:180.8070s
B&B( 4395)	 101.000000	 23.000000	      -	 time:185.8140s
B&B( 4513)	 101.000000	 23.000000	      -	 time:190.8160s
B&B( 4628)	 101.000000	 23.000000	      -	 time:195.8360s
B&B( 4742)	 101.000000	 23.000000	      -	 time:200.8510s
B&B( 4860)	 100.000000	 23.000000	      -	 time:205.8880s
B&B( 4981)	 100.000000	 23.000000	      -	 time:210.8960s
B&B( 5121)	 100.000000	 23.000000	      -	 time:215.9020s
B&B( 5248)	 100.000000	 23.000000	      -	 time:220.9370s
B&B( 5376)	 100.000000	 23.000000	      -	 time:225.9780s
B&B( 5499)	 100.000000	 23.000000	      -	 time:231.0100s
B&B( 5623)	 99.000000	 23.000000	      -	 time:236.0150s
B&B( 5747)	 99.000000	 23.000000	      -	 time:241.0220s
B&B( 5870)	 99.000000	 23.000000	      -	 time:246.0670s
B&B( 6000)	 99.000000	 23.000000	      -	 time:251.0890s
B&B( 6126)	 99.000000	 23.000000	      -	 time:256.1020s
B&B( 6248)	 100.000000	 23.000000	      -	 time:261.1350s
B&B( 6377)	 99.000000	 23.000000	      -	 time:266.1770s
B&B( 6503)	 99.000000	 23.000000	      -	 time:271.1980s
B&B( 6631)	 99.000000	 23.000000	      -	 time:276.2050s
B&B( 6754)	 98.000000	 23.000000	      -	 time:281.2080s
B&B( 6878)	 98.000000	 23.000000	      -	 time:286.2260s
B&B( 7004)	 98.000000	 23.000000	      -	 time:291.2600s
B&B( 7133)	 98.000000	 23.000000	      -	 time:296.2970s
B&B( 7264)	 98.000000	 23.000000	      -	 time:301.3350s
B&B( 7389)	 98.000000	 23.000000	      -	 time:306.3750s
B&B( 7528)	 98.000000	 23.000000	      -	 time:311.3980s
B&B( 7661)	 98.000000	 23.000000	      -	 time:316.4010s
B&B( 7788)	 98.000000	 23.000000	      -	 time:321.4340s
B&B( 7918)	 98.000000	 23.000000	      -	 time:326.4780s
B&B( 8051)	 98.000000	 23.000000	      -	 time:331.4990s
B&B( 8178)	 97.000000	 23.000000	      -	 time:336.5040s
B&B( 8306)	 97.000000	 23.000000	      -	 time:341.5170s
B&B( 8433)	 97.000000	 23.000000	      -	 time:346.5480s
B&B( 8565)	 97.000000	 23.000000	      -	 time:351.5790s
B&B( 8691)	 97.000000	 23.000000	      -	 time:356.6140s
B&B( 8823)	 97.000000	 23.000000	      -	 time:361.6300s
B&B( 8952)	 97.000000	 23.000000	      -	 time:366.6540s
B&B( 9073)	 97.000000	 23.000000	      -	 time:371.6870s
B&B( 9207)	 97.000000	 23.000000	      -	 time:376.6940s
B&B( 9335)	 97.000000	 23.000000	      -	 time:381.7010s
B&B( 9469)	 96.000000	 23.000000	      -	 time:386.7270s
B&B( 9601)	 96.000000	 23.000000	      -	 time:391.7340s
B&B( 9735)	 96.000000	 23.000000	      -	 time:396.7710s
B&B( 9862)	 96.000000	 23.000000	      -	 time:401.7730s
B&B( 9989)	 96.000000	 23.000000	      -	 time:406.7890s
B&B(10111)	 96.000000	 23.000000	      -	 time:411.7960s
B&B(10236)	 95.000000	 23.000000	      -	 time:416.8150s
update in RO 24.0000

CHECKER is 1 SUM:24
TIME:420585.000000
P TIGHTEN: 420.585000 <P:24.000000, D:95.000000, INC:(351)[0 0 0 0 0 0 0 0 0 0 0 0 0 0 0 0 0 0 0 0 0 0 0 0 0 0 0 0 0 0 0 0 0 0 0 0 0 0 0 0 0 0 0 0 0 0 0 0 0 0 0 0 0 0 1 0 1 0 0 0 0 0 0 0 0 1 0 1 0 0 1 0 0 1 0 0 0 0 0 0 0 0 1 0 0 0 1 0 0 1 0 0 0 0 0 0 0 0 0 0 0 0 1 0 1 0 0 0 0 0 0 0 0 0 0 0 0 0 0 0 0 0 0 0 0 0 1 0 0 0 0 0 0 0 0 0 0 0 0 0 0 0 0 0 0 0 0 0 0 0 0 0 0 0 0 0 0 0 0 0 0 0 0 0 0 0 0 0 0 0 0 0 0 0 0 0 0 0 0 0 1 0 0 0 0 0 0 0 1 0 0 0 0 0 0 0 0 0 0 0 0 0 0 1 0 0 0 1 0 0 0 1 0 0 0 0 0 0 0 0 0 0 0 0 0 0 0 0 1 0 0 0 0 0 0 0 0 0 0 0 0 0 0 0 0 0 0 1 0 0 0 0 0 0 0 0 1 0 0 0 0 0 0 0 0 0 0 0 0 0 0 0 0 0 0 0 0 0 0 0 0 0 0 0 0 0 0 1 0 0 0 0 0 0 0 0 0 0 0 0 0 0 0 0 0 0 1 0 0 0 0 0 0 0 0 0 0 0 0 0 0 0 0 0 0 0 0 1 0 0 0 0 0 0 0 0 0 0 0 0 0 0 0 0 0 0 0 0 0 0 1 ]> 24.000000 24.000000 + 0.000000 #14559
B&B(10363)	 95.000000	 24.000000	      -	 time:421.8550s
B&B(10487)	 95.000000	 24.000000	      -	 time:426.8750s
B&B(10614)	 95.000000	 24.000000	      -	 time:431.9000s
B&B(10745)	 95.000000	 24.000000	      -	 time:436.9230s
B&B(10877)	 95.000000	 24.000000	      -	 time:441.9310s
B&B(11012)	 95.000000	 24.000000	      -	 time:446.9550s
B&B(11146)	 95.000000	 24.000000	      -	 time:451.9700s
B&B(11272)	 95.000000	 24.000000	      -	 time:456.9990s
B&B(11409)	 95.000000	 24.000000	      -	 time:462.0180s
B&B(11540)	 95.000000	 24.000000	      -	 time:467.0560s
B&B(11671)	 94.000000	 24.000000	      -	 time:472.0800s
B&B(11804)	 94.000000	 24.000000	      -	 time:477.1050s
B&B(11940)	 94.000000	 24.000000	      -	 time:482.1230s
B&B(12078)	 94.000000	 24.000000	      -	 time:487.1330s
B&B(12210)	 94.000000	 24.000000	      -	 time:492.1720s
B&B(12346)	 94.000000	 24.000000	      -	 time:497.2110s
B&B(12473)	 94.000000	 24.000000	      -	 time:502.2440s
B&B(12610)	 94.000000	 24.000000	      -	 time:507.2820s
B&B(12743)	 94.000000	 24.000000	      -	 time:512.2870s
B&B(12862)	 94.000000	 24.000000	      -	 time:517.2990s
B&B(13000)	 94.000000	 24.000000	      -	 time:522.3250s
B&B(13119)	 93.000000	 24.000000	      -	 time:527.3530s
B&B(13249)	 93.000000	 24.000000	      -	 time:532.3580s
B&B(13374)	 93.000000	 24.000000	      -	 time:537.3750s
B&B(13511)	 93.000000	 24.000000	      -	 time:542.3790s
B&B(13641)	 93.000000	 24.000000	      -	 time:547.4170s
B&B(13779)	 93.000000	 24.000000	      -	 time:552.4550s
B&B(13919)	 93.000000	 24.000000	      -	 time:557.4790s
B&B(14055)	 93.000000	 24.000000	      -	 time:562.5160s
B&B(14193)	 93.000000	 24.000000	      -	 time:567.5380s
B&B(14335)	 93.000000	 24.000000	      -	 time:572.5440s
B&B(14472)	 93.000000	 24.000000	      -	 time:577.5560s
B&B(14616)	 92.000000	 24.000000	      -	 time:582.5620s
B&B(14752)	 92.000000	 24.000000	      -	 time:587.5750s
B&B(14881)	 92.000000	 24.000000	      -	 time:592.5770s
B&B(15005)	 92.000000	 24.000000	      -	 time:597.5950s
B&B(15135)	 92.000000	 24.000000	      -	 time:602.6120s
B&B(15259)	 92.000000	 24.000000	      -	 time:607.6430s
B&B(15383)	 92.000000	 24.000000	      -	 time:612.6790s
B&B(15517)	 92.000000	 24.000000	      -	 time:617.6950s
B&B(15661)	 92.000000	 24.000000	      -	 time:622.7220s
B&B(15803)	 92.000000	 24.000000	      -	 time:627.7300s
B&B(15939)	 92.000000	 24.000000	      -	 time:632.7340s
B&B(16080)	 92.000000	 24.000000	      -	 time:637.7680s
B&B(16213)	 92.000000	 24.000000	      -	 time:642.7840s
B&B(16352)	 92.000000	 24.000000	      -	 time:647.8180s
B&B(16489)	 92.000000	 24.000000	      -	 time:652.8440s
B&B(16627)	 92.000000	 24.000000	      -	 time:657.8640s
B&B(16763)	 92.000000	 24.000000	      -	 time:662.8930s
B&B(16906)	 91.000000	 24.000000	      -	 time:667.8960s
B&B(17050)	 91.000000	 24.000000	      -	 time:672.9280s
B&B(17184)	 91.000000	 24.000000	      -	 time:677.9320s
B&B(17329)	 91.000000	 24.000000	      -	 time:682.9530s
B&B(17474)	 91.000000	 24.000000	      -	 time:687.9810s
B&B(17616)	 91.000000	 24.000000	      -	 time:692.9960s
B&B(17757)	 91.000000	 24.000000	      -	 time:697.9980s
B&B(17900)	 91.000000	 24.000000	      -	 time:703.0080s
B&B(18035)	 91.000000	 24.000000	      -	 time:708.0250s
B&B(18172)	 91.000000	 24.000000	      -	 time:713.0410s
B&B(18313)	 91.000000	 24.000000	      -	 time:718.0560s
B&B(18455)	 91.000000	 24.000000	      -	 time:723.0800s
B&B(18597)	 91.000000	 24.000000	      -	 time:728.0910s
B&B(18740)	 91.000000	 24.000000	      -	 time:733.1000s
B&B(18884)	 91.000000	 24.000000	      -	 time:738.1020s
B&B(19025)	 90.000000	 24.000000	      -	 time:743.1280s
B&B(19163)	 90.000000	 24.000000	      -	 time:748.1390s
B&B(19306)	 90.000000	 24.000000	      -	 time:753.1420s
B&B(19452)	 90.000000	 24.000000	      -	 time:758.1590s
B&B(19595)	 90.000000	 24.000000	      -	 time:763.1910s
B&B(19738)	 90.000000	 24.000000	      -	 time:768.1930s
B&B(19882)	 90.000000	 24.000000	      -	 time:773.2150s
B&B(20011)	 90.000000	 24.000000	      -	 time:778.2450s
B&B(20141)	 90.000000	 24.000000	      -	 time:783.2720s
B&B(20273)	 90.000000	 24.000000	      -	 time:788.3060s
B&B(20409)	 90.000000	 24.000000	      -	 time:793.3110s
B&B(20553)	 90.000000	 24.000000	      -	 time:798.3300s
B&B(20684)	 90.000000	 24.000000	      -	 time:803.3410s
B&B(20824)	 90.000000	 24.000000	      -	 time:808.3750s
B&B(20969)	 90.000000	 24.000000	      -	 time:813.4050s
B&B(21113)	 89.000000	 24.000000	      -	 time:818.4330s
B&B(21257)	 89.000000	 24.000000	      -	 time:823.4600s
B&B(21403)	 89.000000	 24.000000	      -	 time:828.4890s
B&B(21544)	 89.000000	 24.000000	      -	 time:833.5010s
B&B(21687)	 89.000000	 24.000000	      -	 time:838.5320Command exited with non-zero status 124
	Command being timed: "/usr/bin/timeout 915 /home/fabio/CODD-NEWDom/cmake-build-release-ilyin/misp5 /home/fabio/CODD-NEWDom/data/misp/brock400_3.clq 128"
	User time (seconds): 912.37
	System time (seconds): 2.98
	Percent of CPU this job got: 99%
	Elapsed (wall clock) time (h:mm:ss or m:ss): 15:15.44
	Average shared text size (kbytes): 0
	Average unshared data size (kbytes): 0
	Average stack size (kbytes): 0
	Average total size (kbytes): 0
	Maximum resident set size (kbytes): 5767680
	Average resident set size (kbytes): 0
	Major (requiring I/O) page faults: 0
	Minor (reclaiming a frame) page faults: 1443504
	Voluntary context switches: 4
	Involuntary context switches: 3669
	Swaps: 0
	File system inputs: 0
	File system outputs: 56
	Socket messages sent: 0
	Socket messages received: 0
	Signals delivered: 0
	Page size (bytes): 4096
	Exit status: 124

