COMMAND: /usr/bin/time -v /usr/bin/timeout 915 /home/fabio/CODD-NEWDom/cmake-build-release-ilyin/misp5 /home/fabio/CODD-NEWDom/data/misp/p_hat500-3.clq 256
TOP=500
B&B searching...
dual@root:500
B&B Nodes          Dual	 Primal	 Gap(%)
----------------------------------------------
update in RO 26.000000

CHECKER is 1 SUM:26
TIME:259.000000
P TIGHTEN: 0.259000 <P:26.000000, D:500.000000, INC:(282)[1 0 1 0 0 1 0 0 0 1 0 1 0 0 0 0 0 1 1 0 0 0 0 0 0 0 0 0 0 0 0 0 1 0 1 0 0 0 1 0 1 0 0 0 0 0 0 0 0 0 0 0 0 0 1 0 1 0 1 0 0 0 0 0 1 0 0 1 0 0 0 0 0 0 0 0 0 0 0 0 0 0 0 1 1 0 0 0 0 0 1 0 0 0 0 0 0 0 0 0 0 0 0 0 0 0 0 0 0 0 0 0 0 0 0 0 0 0 0 0 0 0 0 0 0 0 0 0 1 0 0 0 0 0 0 0 0 1 0 0 0 0 0 0 0 0 0 0 0 1 0 0 0 0 0 0 0 0 0 0 0 0 0 0 0 0 0 0 0 0 0 0 0 0 0 0 0 0 0 0 0 0 0 0 0 0 0 0 0 0 0 0 0 0 0 0 0 0 0 0 0 0 0 0 0 0 0 0 0 0 0 0 0 0 0 0 0 0 0 0 0 1 0 1 0 0 0 0 0 0 0 0 0 0 0 0 0 1 0 0 0 0 0 0 0 0 0 0 0 0 0 0 0 0 0 0 0 0 0 0 0 1 0 0 0 0 0 0 0 0 0 0 0 0 0 0 0 0 0 0 0 0 ]> 26.000000 26.000000 + 0.000000 #69028
update in RO 27.000000

CHECKER is 1 SUM:27
TIME:259.000000
P TIGHTEN: 0.259000 <P:27.000000, D:500.000000, INC:(282)[1 0 1 0 0 1 0 0 0 1 0 1 0 0 0 0 0 1 1 0 0 0 0 0 0 0 0 0 0 0 0 0 1 0 1 0 0 0 1 0 1 0 0 0 0 0 0 0 0 0 0 0 0 0 1 0 1 0 1 0 0 0 0 0 1 0 0 1 0 0 0 0 0 0 0 0 0 0 0 0 0 0 0 1 1 0 0 0 0 0 1 0 0 0 0 0 0 0 0 0 0 0 0 0 0 0 0 0 0 0 0 0 0 0 0 0 0 0 0 0 0 0 0 0 0 0 0 0 1 0 0 0 0 0 0 0 0 1 0 0 0 0 0 0 0 0 0 0 0 1 0 0 0 0 0 0 0 0 0 0 0 0 0 0 0 0 0 0 0 0 0 0 0 0 0 0 0 0 0 0 0 0 0 0 0 0 0 0 0 0 0 0 0 0 0 0 0 0 0 0 0 0 0 0 0 0 0 0 0 0 0 0 0 0 0 0 0 0 0 0 0 1 0 1 0 0 0 0 0 0 0 0 0 0 0 0 0 1 0 0 0 0 0 0 0 0 0 0 0 0 0 0 0 0 0 0 0 0 0 0 0 1 0 0 0 0 0 0 0 0 0 0 0 0 0 0 0 0 0 0 0 1 ]> 27.000000 27.000000 + 0.000000 #69028
update in RO 28.000000

CHECKER is 1 SUM:28
TIME:278.000000
P TIGHTEN: 0.279000 <P:28.000000, D:500.000000, INC:(353)[1 1 1 0 0 0 0 0 0 1 0 1 0 0 1 0 0 0 1 0 0 0 0 0 0 1 0 0 0 0 0 0 0 1 1 0 0 0 1 0 0 0 0 0 0 0 0 0 0 0 0 0 0 0 0 0 0 0 1 0 0 0 0 0 1 1 0 1 0 0 1 0 0 0 0 0 0 0 0 0 0 0 0 1 0 0 0 0 0 0 1 0 0 0 0 0 0 0 0 0 0 0 0 0 0 0 1 0 0 0 0 0 0 0 0 0 0 0 0 0 0 0 0 1 0 0 0 0 0 0 0 0 0 0 0 0 0 1 0 0 0 0 0 0 0 0 0 0 0 0 0 0 0 0 0 0 0 0 0 0 0 0 0 0 0 0 0 0 0 0 0 0 1 0 0 0 0 0 0 0 0 0 0 0 0 0 0 0 0 0 0 0 0 0 0 0 0 0 0 0 0 0 0 0 0 0 0 0 0 0 0 0 0 0 0 1 0 0 0 0 0 0 0 0 0 0 0 0 1 0 0 0 0 0 0 0 0 1 0 0 0 0 0 0 0 0 0 0 0 0 0 0 0 0 0 0 0 0 0 0 0 0 0 0 0 0 0 0 0 0 0 0 0 0 0 0 0 0 0 0 0 0 0 0 0 0 0 0 0 0 0 0 0 0 0 0 0 0 0 0 0 0 0 0 0 0 0 0 0 0 0 0 0 1 0 0 0 0 0 0 0 0 0 0 0 0 0 0 0 0 0 0 0 0 0 1 0 0 0 0 0 0 0 0 0 0 0 0 0 0 0 0 1 ]> 28.000000 28.000000 + 0.000000 #85027
update in RO 29.000000

CHECKER is 1 SUM:29
TIME:280.000000
P TIGHTEN: 0.280000 <P:29.000000, D:500.000000, INC:(359)[1 1 1 0 0 0 0 0 0 1 0 1 0 0 1 0 0 0 1 0 0 0 0 0 0 1 0 0 0 0 0 0 0 1 1 0 0 0 1 0 0 0 0 0 0 0 0 0 0 0 0 0 0 0 0 0 0 0 1 0 0 0 0 0 1 1 0 1 0 0 1 0 0 0 0 0 0 0 0 0 0 0 0 1 1 0 0 0 0 0 1 0 0 0 0 0 0 0 0 0 0 0 0 0 0 0 0 0 0 0 0 0 0 0 0 0 0 0 0 0 0 0 0 1 0 0 0 0 0 0 0 0 0 0 0 0 0 1 0 0 0 0 0 0 0 0 0 0 0 0 0 0 0 0 0 0 0 0 0 0 0 0 0 0 0 1 0 0 0 0 0 0 1 0 0 0 0 0 0 0 0 0 0 0 0 0 0 0 0 0 0 0 0 0 0 0 0 0 0 0 0 0 0 0 0 0 0 0 0 0 0 0 0 0 0 1 0 0 0 0 0 0 0 0 0 0 0 0 0 0 0 0 0 0 0 0 0 0 0 0 0 0 0 0 0 0 0 0 0 0 0 0 0 0 0 0 0 0 0 0 0 0 0 0 0 1 0 0 0 0 0 0 0 0 0 0 0 0 0 0 0 0 0 0 0 0 0 0 0 0 0 0 0 0 0 0 0 0 0 0 0 0 0 0 0 0 0 0 0 0 0 0 0 1 0 0 0 0 0 0 0 0 0 0 0 0 0 0 0 0 0 0 0 0 0 1 0 0 0 0 0 0 0 0 0 0 0 0 0 0 0 0 1 0 0 0 0 0 1 ]> 29.000000 29.000000 + 0.000000 #85976
update in RO 30.000000

CHECKER is 1 SUM:30
TIME:283.000000
P TIGHTEN: 0.284000 <P:30.000000, D:500.000000, INC:(418)[1 0 1 0 0 1 0 0 0 1 0 1 0 0 0 0 0 1 1 0 0 0 0 0 0 0 0 0 0 0 0 0 1 0 1 0 0 0 1 0 1 0 0 0 0 0 0 0 0 0 0 0 0 0 1 0 1 0 1 0 0 0 0 0 1 0 0 1 0 0 0 0 0 0 0 0 0 0 0 0 0 0 0 1 1 0 0 0 0 0 1 0 0 0 0 0 0 0 0 0 0 0 0 0 0 0 0 0 0 0 0 0 0 0 0 0 0 0 0 0 0 0 0 0 0 0 0 0 1 0 0 0 0 0 0 0 0 1 0 0 0 0 0 0 0 0 0 0 0 1 0 0 0 0 0 0 0 0 0 0 0 0 0 0 0 0 0 0 0 0 0 0 0 0 0 0 0 0 0 0 0 0 0 0 0 0 0 0 0 0 0 0 0 0 0 0 0 0 0 0 0 0 0 0 0 0 0 0 0 0 1 0 0 0 0 0 0 0 0 0 0 1 0 0 0 0 0 0 0 0 0 0 0 0 0 0 0 1 0 0 0 0 0 0 0 0 0 0 0 0 0 0 0 0 0 0 0 0 0 0 0 1 0 0 0 0 0 0 0 0 0 0 0 0 0 0 0 0 0 0 0 1 0 0 0 0 0 0 0 0 0 0 0 0 0 0 0 0 0 0 0 0 0 0 0 0 0 0 0 0 0 0 0 1 0 0 0 0 0 0 0 0 0 0 0 0 0 0 0 0 0 0 0 0 0 0 0 0 0 0 0 0 0 0 0 0 0 0 0 0 0 0 0 0 0 0 0 0 0 0 0 0 0 0 0 0 0 0 0 0 0 0 0 0 0 0 0 0 0 0 1 0 0 0 0 0 0 0 0 0 0 0 0 0 0 0 0 0 0 0 0 0 0 0 0 0 0 0 0 0 0 0 0 0 0 0 0 1 ]> 30.000000 30.000000 + 0.000000 #88806
update in RO 31.000000

CHECKER is 1 SUM:31
TIME:284.000000
P TIGHTEN: 0.284000 <P:31.000000, D:500.000000, INC:(481)[1 1 1 0 0 0 0 0 0 1 0 1 0 0 1 0 0 0 1 0 0 0 0 0 0 1 0 0 0 0 0 0 0 1 1 0 0 0 1 0 0 0 0 0 0 0 0 0 0 0 0 0 0 0 1 0 0 0 1 0 0 0 0 0 1 1 0 1 0 0 1 0 0 0 0 0 0 0 0 0 0 0 0 1 1 0 0 0 0 0 0 0 0 0 0 0 0 0 0 0 0 0 0 0 0 0 0 0 0 0 0 0 0 0 0 0 0 0 0 0 0 0 0 1 0 0 0 0 0 0 0 0 0 0 0 0 0 1 0 0 0 0 0 0 0 0 0 0 0 0 0 0 0 0 0 0 0 0 0 0 0 0 0 0 0 1 0 0 0 0 0 0 0 0 0 0 0 0 0 0 0 0 0 0 0 0 0 0 0 0 0 0 0 0 0 0 0 0 0 0 0 0 0 0 0 0 0 0 0 0 0 0 0 0 0 1 0 0 0 0 0 0 0 0 0 0 0 0 0 0 0 0 0 0 0 0 0 0 0 0 0 0 0 0 0 0 0 0 0 0 0 0 0 0 0 0 0 0 0 0 0 0 0 0 0 1 0 0 0 0 0 0 0 0 0 0 0 0 0 0 0 0 0 0 0 0 0 0 0 0 0 0 0 0 0 0 0 0 0 0 0 0 0 0 0 0 0 0 0 0 0 0 0 1 0 0 0 0 0 0 0 0 0 0 0 0 0 0 0 0 0 0 0 0 0 1 0 0 0 0 0 0 0 0 0 0 0 0 0 0 0 0 1 0 0 0 0 0 1 0 0 0 0 0 0 0 0 1 0 0 0 0 0 0 0 0 0 0 0 0 0 0 0 0 0 0 0 0 0 0 0 0 0 0 0 0 0 0 1 0 0 0 0 0 0 0 0 0 0 0 0 0 0 0 0 0 0 0 0 0 0 0 0 0 0 0 0 0 0 0 0 0 0 0 0 0 0 0 0 0 0 0 0 0 0 0 0 0 0 0 0 0 0 0 0 0 0 0 0 0 0 0 0 0 0 0 0 0 0 0 0 0 0 0 0 0 0 0 0 0 1 ]> 31.000000 31.000000 + 0.000000 #89058
update in RO 32.000000

CHECKER is 1 SUM:32
TIME:284.000000
P TIGHTEN: 0.284000 <P:32.000000, D:500.000000, INC:(490)[1 0 1 0 1 0 0 0 0 1 0 1 0 0 0 0 0 1 1 0 0 0 0 0 0 0 0 0 0 0 0 0 1 1 0 0 1 0 1 0 0 0 0 0 0 0 0 0 0 0 0 0 0 0 1 0 0 0 0 0 0 0 0 0 1 1 0 1 0 0 1 0 0 0 0 0 0 0 0 0 0 0 0 1 1 0 0 0 0 0 0 0 0 0 0 0 0 0 0 0 0 0 0 0 0 0 0 0 0 0 0 0 0 0 0 0 0 0 0 0 0 0 0 0 0 0 0 0 0 0 0 0 1 0 0 0 0 1 0 0 0 0 0 0 0 0 0 0 0 1 0 0 0 0 0 0 0 0 0 0 0 0 0 0 0 1 0 0 0 0 0 0 0 0 0 0 0 0 0 0 0 0 0 0 0 0 0 0 0 0 0 0 0 1 0 0 0 0 0 0 0 0 0 0 0 0 0 0 0 0 0 0 0 0 0 0 0 0 0 0 0 0 0 0 0 0 0 0 0 0 0 0 0 0 0 0 1 0 0 0 0 0 0 0 0 0 0 0 0 0 0 0 0 0 0 0 0 0 0 0 0 0 0 0 0 0 0 0 0 0 0 0 0 0 0 0 0 0 0 0 0 0 0 0 0 0 0 0 0 0 0 0 0 0 0 0 0 0 0 0 0 1 0 0 0 0 0 0 0 0 0 0 0 0 0 0 0 0 0 0 0 0 0 0 0 1 0 0 0 0 0 0 0 0 0 0 0 0 0 0 0 0 0 0 0 0 0 0 0 0 0 0 0 0 0 0 0 0 1 0 0 0 0 0 0 0 0 1 1 0 0 0 0 0 0 0 0 0 0 0 1 0 0 0 0 0 0 0 0 0 0 0 0 0 0 0 0 0 0 0 0 0 0 0 0 0 0 0 0 0 0 1 0 0 0 0 0 0 0 0 0 0 0 0 0 0 0 0 0 0 0 0 0 0 0 0 0 0 0 0 0 0 0 0 0 0 0 0 0 0 0 0 0 0 0 0 0 0 0 0 0 0 0 0 0 0 0 0 0 0 0 0 0 0 0 0 0 0 0 0 0 0 0 0 0 0 0 0 0 1 ]> 32.000000 32.000000 + 0.000000 #89066
update in RO 33.000000

CHECKER is 1 SUM:33
TIME:452.000000
P TIGHTEN: 0.452000 <P:33.000000, D:179.000000, INC:(404)[0 0 0 0 0 0 0 0 0 0 1 1 1 0 0 0 0 0 0 0 0 0 0 1 0 0 0 0 1 1 0 0 0 0 1 0 1 0 1 0 0 0 0 0 0 0 0 0 0 0 0 0 0 0 1 0 0 0 0 0 0 0 1 0 0 0 0 0 1 0 1 0 0 0 0 0 0 0 0 0 0 1 0 0 1 0 0 0 0 0 0 0 0 1 0 0 0 0 1 0 0 0 0 0 0 0 0 0 0 0 0 0 0 0 0 0 0 0 0 0 0 0 1 0 0 0 0 0 0 0 0 0 0 0 0 0 0 0 0 0 0 0 0 0 0 1 0 1 0 0 0 0 0 0 0 0 0 0 0 0 0 0 0 0 0 0 0 0 0 0 0 0 0 0 0 0 0 0 0 0 0 0 0 0 0 1 0 0 0 0 0 0 0 1 0 0 0 0 0 0 1 0 0 0 0 0 0 0 0 0 0 0 0 0 1 0 0 0 0 0 0 1 0 0 0 0 0 0 0 0 0 0 0 0 0 0 0 0 0 0 0 0 0 0 0 0 0 0 0 0 0 0 0 0 0 0 0 0 0 0 0 0 0 0 0 0 0 0 0 0 0 0 0 0 0 0 0 0 0 0 0 0 0 0 0 0 0 0 0 0 0 0 0 0 0 0 0 0 0 0 0 1 0 0 0 0 0 0 0 0 0 0 1 0 0 0 0 0 0 0 0 0 0 0 0 0 0 0 0 0 0 0 0 0 0 0 0 0 0 0 0 1 0 0 0 0 0 0 0 0 0 0 0 0 0 0 0 0 0 0 0 0 0 0 0 0 0 1 0 1 0 0 0 0 0 0 0 0 0 0 1 0 0 0 0 0 0 0 0 0 0 0 0 1 0 0 0 0 0 0 0 0 0 1 ]> 33.000000 33.000000 + 0.000000 #69840
update in RO 34.000000

CHECKER is 1 SUM:34
TIME:625.000000
P TIGHTEN: 0.626000 <P:34.000000, D:179.000000, INC:(469)[0 0 0 0 0 0 0 0 0 1 1 0 0 0 0 0 0 0 0 0 0 0 1 0 0 0 0 0 1 0 0 1 1 0 1 0 1 0 1 0 0 0 0 0 0 0 0 0 0 0 1 0 0 0 0 0 1 0 1 0 0 0 1 0 0 0 0 0 1 0 0 0 0 0 0 0 0 0 0 0 0 0 0 0 1 0 0 0 1 0 0 0 0 1 0 0 0 0 0 0 0 0 1 0 0 0 0 0 0 0 0 0 0 0 0 0 0 1 0 0 0 0 0 0 0 0 0 0 0 0 0 0 0 0 0 0 0 0 0 0 0 0 0 0 0 1 0 1 0 0 0 0 0 0 0 0 0 0 0 0 0 1 0 0 0 1 0 0 0 0 0 0 0 0 0 0 0 0 0 1 0 0 0 0 0 0 0 0 0 0 0 0 0 0 1 0 0 0 0 0 0 0 0 0 0 0 0 0 0 0 0 0 0 0 0 0 0 0 0 0 0 0 1 0 0 0 0 0 0 0 0 0 0 0 0 0 0 0 0 0 0 0 0 0 0 0 0 0 0 0 0 0 0 0 0 0 0 0 0 0 0 0 0 0 0 0 0 0 0 0 0 0 0 0 0 0 0 0 0 0 0 0 0 0 0 0 0 0 0 0 0 0 0 0 0 0 1 0 0 0 0 1 0 0 0 0 0 0 0 0 0 0 0 0 0 0 0 0 0 0 0 0 1 0 0 0 0 0 0 0 0 0 0 0 0 0 0 0 0 0 0 0 0 0 0 0 0 0 0 0 0 0 0 0 0 0 0 0 0 0 0 0 0 0 0 0 0 0 0 0 0 0 0 0 0 0 0 0 0 0 1 0 0 1 0 0 0 0 0 0 0 0 0 0 0 0 0 0 0 0 0 0 0 0 0 0 0 0 0 0 0 1 0 0 0 0 0 0 0 0 0 0 0 0 0 0 0 0 0 0 0 0 0 0 0 0 0 0 0 0 0 0 1 0 0 0 0 0 0 0 0 0 0 0 0 0 0 0 0 0 0 0 0 0 0 0 0 0 1 ]> 34.000000 34.000000 + 0.000000 #83108
update in RO 35.000000

CHECKER is 1 SUM:35
TIME:625.000000
P TIGHTEN: 0.626000 <P:35.000000, D:179.000000, INC:(499)[0 0 0 0 0 0 0 0 0 1 1 0 0 0 0 0 0 0 1 0 0 0 1 0 0 0 0 0 1 0 0 0 1 0 1 0 1 0 1 0 0 0 0 1 0 0 0 0 0 0 0 0 0 0 0 0 1 0 1 0 0 0 1 0 0 0 0 0 1 0 0 0 0 0 0 0 0 0 0 0 0 0 0 0 1 0 0 0 1 0 0 0 0 1 0 0 0 0 0 0 0 0 0 0 0 0 0 0 0 0 0 0 0 0 0 0 0 1 0 0 0 0 0 0 0 0 0 0 1 0 0 0 0 0 0 0 0 0 0 0 0 0 0 0 0 0 0 0 0 0 0 0 0 0 0 0 0 0 0 0 0 1 0 0 0 1 0 0 0 0 0 0 1 0 0 0 0 0 0 1 0 0 0 0 0 0 0 0 0 0 0 0 0 0 0 0 0 0 0 0 0 0 0 0 0 0 0 0 0 0 0 0 0 0 0 0 0 0 1 0 0 0 1 0 0 0 0 0 0 0 0 0 0 0 0 0 0 0 0 0 0 0 0 0 1 0 0 1 0 0 0 0 0 0 0 0 0 0 0 0 0 0 0 0 0 0 0 0 0 0 0 0 0 0 0 0 0 0 0 0 0 0 0 0 0 0 0 0 0 0 0 0 0 0 0 0 0 0 0 0 0 1 0 0 0 0 0 0 0 0 0 0 0 0 0 0 0 0 0 0 0 0 1 0 0 0 0 0 0 0 0 0 0 0 0 0 0 0 0 0 0 0 0 0 0 0 0 0 0 0 0 0 0 0 0 0 0 0 0 0 0 0 0 0 0 0 0 0 0 0 0 0 0 0 0 0 0 0 0 0 0 0 0 0 0 0 0 0 0 0 0 0 0 0 0 0 0 0 0 0 0 0 0 0 0 0 0 0 0 1 0 0 0 0 0 0 0 0 0 0 0 0 0 0 1 0 0 0 0 0 0 0 0 0 0 0 0 0 0 0 0 0 1 0 0 0 0 0 0 0 0 0 0 0 1 0 0 0 0 0 0 0 0 0 0 0 0 0 1 0 0 0 0 0 0 0 0 0 0 0 0 0 0 0 0 0 0 0 0 0 0 0 0 0 0 0 0 0 1 ]> 35.000000 35.000000 + 0.000000 #83165
update in RO 36.000000

CHECKER is 1 SUM:36
TIME:784.000000
P TIGHTEN: 0.785000 <P:36.000000, D:179.000000, INC:(481)[0 0 0 0 0 0 0 1 0 1 0 0 0 0 0 0 0 0 0 0 0 0 1 0 0 1 0 0 1 0 0 1 0 1 1 0 1 0 1 0 0 0 0 0 0 0 1 0 0 0 1 0 0 0 0 0 1 0 1 0 0 0 0 0 1 0 0 0 1 0 0 0 0 0 1 0 0 0 0 0 0 0 0 1 0 0 0 0 0 0 0 0 0 0 0 0 0 0 0 0 0 0 0 0 0 0 0 0 0 0 0 0 0 0 0 0 0 0 0 0 0 0 0 0 0 0 0 0 0 0 0 1 0 0 0 0 0 0 0 0 0 0 0 0 0 0 0 1 0 0 0 0 0 0 0 0 0 0 0 0 0 1 0 0 0 1 0 0 0 0 0 0 0 0 0 0 0 0 0 0 0 0 0 0 0 0 0 0 0 0 0 0 0 0 0 0 0 0 0 0 0 0 0 0 0 0 0 0 0 0 0 0 0 0 1 0 0 0 0 0 0 0 0 0 0 0 0 0 0 0 1 0 0 0 0 0 0 0 0 0 0 0 0 0 0 0 0 0 0 0 0 0 0 0 0 0 0 0 1 0 0 0 0 0 0 0 0 0 1 0 0 0 0 0 0 0 0 0 0 0 0 0 0 0 0 0 0 0 0 0 0 0 0 0 0 0 0 0 0 0 0 1 0 0 0 0 0 0 0 0 0 0 0 0 0 0 0 0 0 0 0 0 0 0 0 0 0 0 0 0 0 0 0 0 0 0 0 0 0 0 0 0 0 0 0 0 0 1 0 0 0 0 0 0 0 0 0 0 1 0 0 0 0 0 0 0 0 0 0 0 0 0 0 0 0 0 0 0 0 0 0 0 1 0 0 0 0 0 0 0 0 0 0 0 0 0 1 0 0 0 0 0 0 1 0 0 0 0 0 0 0 1 0 0 0 0 0 0 0 0 0 0 0 0 0 0 0 0 0 0 0 0 0 0 0 0 0 0 0 0 0 0 0 0 0 0 0 0 0 0 0 0 0 0 0 0 0 0 0 0 0 0 0 0 0 0 0 0 0 0 1 0 0 0 0 0 0 0 0 1 1 ]> 36.000000 36.000000 + 0.000000 #64633
update in RO 37.000000

CHECKER is 1 SUM:37
TIME:784.000000
P TIGHTEN: 0.785000 <P:37.000000, D:179.000000, INC:(489)[0 0 0 0 0 0 0 1 0 1 0 0 0 0 0 0 0 0 0 0 0 0 1 0 0 1 0 0 1 0 0 1 0 1 1 0 1 0 1 0 0 0 0 0 0 0 1 0 0 0 1 0 0 0 0 0 0 0 1 0 0 0 0 0 1 1 0 0 1 0 0 0 0 0 1 0 0 0 0 0 0 0 0 1 0 0 0 0 0 0 0 0 0 0 0 0 0 0 0 0 0 0 0 0 0 0 0 0 0 0 0 0 0 0 0 0 0 0 0 0 0 0 0 0 0 0 0 0 0 0 0 1 0 0 0 0 0 0 0 0 0 0 0 0 0 0 0 1 0 0 0 0 0 0 0 0 0 0 0 0 0 1 0 0 0 0 0 0 0 0 0 0 0 0 0 0 0 0 0 0 0 0 0 0 0 0 0 0 0 0 0 0 0 0 0 0 0 0 0 0 0 0 0 0 0 0 0 0 0 0 0 0 0 0 1 0 0 0 0 0 0 0 0 0 0 0 0 0 0 0 1 0 0 0 0 0 0 0 0 0 0 0 0 0 0 0 0 0 0 0 0 0 0 0 0 0 0 0 1 0 0 0 0 0 0 0 0 0 1 0 0 0 0 0 0 0 0 0 0 0 0 0 0 0 0 0 0 0 0 0 0 0 0 0 0 0 0 0 0 0 0 1 0 0 0 0 0 0 0 0 0 0 0 0 0 0 0 0 0 0 0 0 0 0 0 0 0 0 0 0 0 0 0 0 0 0 0 0 0 0 0 0 0 0 0 0 0 1 0 0 0 0 0 0 0 0 0 0 1 0 0 0 0 0 0 0 0 0 0 0 0 0 0 0 0 0 0 0 0 0 0 0 1 0 0 0 0 0 0 0 0 0 0 0 0 0 1 0 0 0 0 0 0 1 0 0 0 0 0 0 0 1 0 0 0 0 0 1 0 0 0 0 0 0 0 0 0 0 0 0 0 0 0 0 0 0 0 0 1 0 0 0 0 0 0 0 0 0 0 0 0 0 0 0 0 0 0 0 0 0 0 0 0 0 0 0 0 0 0 0 1 0 0 0 0 0 0 0 0 1 1 0 0 0 0 0 0 0 0 ]> 37.000000 37.000000 + 0.000000 #64640
update in RO 38.000000

CHECKER is 1 SUM:38
TIME:785.000000
P TIGHTEN: 0.785000 <P:38.000000, D:179.000000, INC:(489)[0 0 0 0 0 0 0 1 0 1 0 0 0 0 0 0 0 0 0 0 0 0 1 0 0 1 0 0 1 0 0 1 0 1 1 0 1 0 1 0 0 0 0 0 0 0 1 0 0 0 1 0 0 0 0 0 0 0 1 0 0 0 0 0 1 1 0 0 1 0 0 0 0 0 1 0 0 0 0 0 0 0 0 1 0 0 0 0 0 0 0 0 0 0 0 0 0 0 0 0 0 0 0 0 0 0 0 0 0 0 0 0 0 0 0 0 0 0 0 0 0 0 0 0 0 0 0 0 0 0 0 1 0 0 0 0 0 0 0 0 0 0 0 0 0 0 0 1 0 0 0 0 0 0 0 0 0 0 0 0 0 1 0 0 0 0 0 0 0 0 0 0 0 0 0 0 0 0 0 0 0 0 0 0 0 0 0 0 0 0 0 0 0 0 0 0 0 0 0 0 0 0 0 0 0 0 0 0 0 0 0 0 0 0 1 0 0 0 0 0 0 0 0 0 0 0 0 0 0 0 1 0 0 0 0 0 0 0 0 0 0 0 0 0 0 0 0 0 0 0 0 0 0 0 0 0 0 0 1 0 0 0 0 0 0 0 0 0 1 0 0 0 0 0 0 0 0 0 0 0 0 0 0 0 0 0 0 0 0 0 0 0 0 0 0 0 0 0 0 0 0 1 0 0 0 0 0 0 0 0 0 0 0 0 0 0 0 0 0 0 0 0 0 0 0 0 0 0 0 0 0 0 0 0 0 0 0 0 0 0 0 0 0 0 0 0 0 1 0 0 0 0 0 0 0 0 0 0 1 0 0 0 0 0 0 0 0 0 0 0 0 0 0 0 0 0 0 0 0 0 0 0 1 0 0 0 0 0 0 0 0 0 0 0 0 0 1 0 0 0 0 0 0 1 0 0 0 0 0 0 0 1 0 0 0 0 0 1 0 0 0 0 0 0 0 0 0 0 0 0 0 0 0 0 0 0 0 0 1 0 0 0 0 0 0 0 0 0 0 0 0 0 0 0 0 0 0 0 0 0 0 0 0 0 0 0 0 0 0 0 1 0 0 0 0 0 0 0 0 1 1 0 0 0 0 0 0 0 1 ]> 38.000000 38.000000 + 0.000000 #64640
update in RO 39.000000

CHECKER is 1 SUM:39
TIME:4068.000000
P TIGHTEN: 4.069000 <P:39.000000, D:179.000000, INC:(481)[0 1 1 0 0 0 0 0 0 1 0 1 0 0 0 0 0 1 1 0 0 0 0 0 0 0 0 0 0 0 0 0 0 1 1 0 0 0 1 0 0 0 0 0 0 0 0 0 0 0 0 0 0 0 1 0 1 0 1 0 0 0 1 0 1 0 0 1 1 0 0 0 0 0 1 0 0 0 0 0 0 0 0 1 1 0 0 0 0 0 0 0 0 0 0 0 0 0 0 0 0 0 0 0 0 0 0 0 0 0 0 0 0 0 0 0 0 0 0 0 0 0 0 0 0 0 0 0 1 0 0 0 0 0 0 0 0 1 0 0 0 0 0 0 0 0 0 0 0 1 0 0 0 0 0 0 0 0 0 1 0 0 0 0 0 0 0 0 0 0 0 0 0 0 0 0 0 0 0 0 0 0 0 0 0 0 0 0 0 0 0 0 0 0 0 0 0 0 0 0 0 1 0 0 0 0 0 0 0 0 0 0 0 0 0 0 0 0 0 0 0 1 0 0 0 0 0 0 0 0 1 0 0 0 0 0 0 1 0 0 0 0 0 0 0 0 0 0 0 0 0 0 0 0 0 0 0 0 0 0 0 0 0 0 0 0 0 0 0 0 0 0 0 0 0 0 0 0 0 0 0 1 0 0 0 0 0 0 0 0 0 0 0 0 0 0 0 0 0 0 0 1 0 0 0 0 0 0 0 0 0 0 0 1 0 0 0 0 0 0 0 0 0 0 0 1 1 0 0 0 0 0 0 0 0 0 0 0 0 0 0 0 0 0 0 0 0 0 0 0 0 0 0 0 0 0 0 0 0 0 0 0 0 0 0 0 0 0 0 0 0 0 0 0 0 0 0 0 0 0 1 0 0 0 0 0 0 0 0 0 0 0 0 0 0 0 0 0 1 0 0 0 0 0 0 0 0 0 0 0 0 0 0 0 0 0 0 1 0 0 0 0 0 0 0 0 0 0 0 0 0 1 0 0 0 0 0 0 0 0 0 0 0 0 1 0 0 0 0 0 0 0 0 0 1 0 0 0 0 0 0 0 0 0 0 0 0 0 0 0 0 0 0 0 0 0 0 0 0 0 1 ]> 39.000000 39.000000 + 0.000000 #75851
B&B(   34)	 179.000000	 39.000000	      -	 time:5.0830s
update in RO 40.0000

CHECKER is 1 SUM:40
TIME:7440.000000
P TIGHTEN: 7.440000 <P:40.000000, D:179.000000, INC:(496)[1 0 0 0 0 0 0 0 0 1 1 0 0 0 0 0 0 0 0 0 0 0 1 0 0 0 0 0 1 1 0 0 0 0 1 0 1 0 1 0 1 0 0 0 0 0 0 0 0 0 1 0 0 0 0 0 1 0 1 0 0 0 0 0 0 0 0 0 0 0 0 0 0 0 0 0 0 0 0 0 0 0 0 0 1 0 0 0 0 0 0 0 0 1 0 0 0 0 0 0 0 0 1 0 0 0 0 0 0 0 0 0 0 0 0 0 0 0 0 0 0 0 0 0 0 0 0 0 0 0 0 1 0 0 0 0 0 0 0 0 0 0 0 0 0 0 0 1 0 0 0 0 0 0 0 0 0 0 0 1 0 1 0 0 0 0 0 0 0 0 0 0 0 0 0 0 0 0 0 1 0 0 0 0 0 0 0 0 0 0 0 0 0 0 0 0 0 0 0 0 0 0 0 0 0 0 0 0 0 0 0 0 0 0 1 0 0 0 0 0 0 1 0 0 0 0 0 0 0 0 0 0 0 0 0 0 0 0 0 0 0 0 0 0 0 0 0 0 0 0 0 0 0 0 0 0 0 0 0 0 0 0 0 0 0 0 0 0 1 0 0 0 0 0 0 0 0 0 0 0 0 1 0 0 0 0 0 0 0 0 0 0 0 0 0 0 1 0 0 0 0 0 0 0 0 0 0 0 0 0 0 0 0 0 0 0 0 0 0 0 0 0 1 0 0 0 0 0 0 0 0 0 0 0 0 0 0 0 0 0 0 1 0 0 0 0 0 0 0 0 0 0 0 0 0 0 0 0 0 0 0 0 0 0 0 0 0 0 0 0 0 0 0 0 0 0 0 0 0 0 0 0 1 0 0 0 0 0 0 0 0 0 0 1 0 0 1 0 0 0 0 0 0 1 0 0 0 0 0 1 0 1 0 0 0 0 0 1 0 0 0 0 0 0 1 0 0 0 0 0 0 0 0 0 0 0 0 0 0 0 0 0 1 0 1 0 0 0 0 0 0 1 0 0 0 0 0 0 0 0 0 0 0 0 0 0 0 0 0 0 0 0 0 0 0 0 0 0 0 0 0 0 0 0 0 0 0 0 0 0 0 0 0 0 0 1 ]> 40.000000 40.000000 + 0.000000 #53843
B&B(   69)	 179.000000	 40.000000	      -	 time:10.2020s
B&B(  104)	 179.000000	 40.000000	      -	 time:15.2500s
B&B(  140)	 178.000000	 40.000000	      -	 time:20.3760s
B&B(  176)	 174.000000	 40.000000	      -	 time:25.4450s
B&B(  212)	 174.000000	 40.000000	      -	 time:30.5340s
B&B(  248)	 173.000000	 40.000000	      -	 time:35.6550s
B&B(  284)	 173.000000	 40.000000	      -	 time:40.7220s
B&B(  321)	 172.000000	 40.000000	      -	 time:45.8550s
B&B(  357)	 171.000000	 40.000000	      -	 time:50.8640s
update in RO 41.0000

CHECKER is 1 SUM:41
TIME:55503.000000
P TIGHTEN: 55.503000 <P:41.000000, D:171.000000, INC:(481)[0 0 0 0 0 0 0 0 0 0 0 0 0 0 0 0 0 0 0 0 0 0 0 0 0 0 0 0 1 1 0 0 0 1 0 0 1 0 1 0 0 0 0 0 0 0 0 0 0 0 1 0 0 0 1 0 1 0 1 0 0 0 1 0 1 0 1 1 1 0 0 0 0 0 0 0 0 0 0 0 0 0 0 1 1 0 0 0 0 0 0 0 0 0 0 0 0 0 0 0 0 0 0 0 0 0 0 0 0 0 0 0 0 0 0 0 0 0 0 0 0 0 0 0 0 0 0 0 1 0 0 0 1 0 0 0 1 0 0 0 0 0 0 0 0 1 0 1 0 1 0 0 0 0 0 0 0 0 0 1 0 1 0 0 0 0 0 0 1 0 0 0 0 0 0 0 0 0 0 0 0 0 0 0 0 0 0 0 0 0 0 0 0 0 0 0 0 0 0 0 0 1 0 0 0 0 0 0 0 0 0 0 0 0 1 0 0 0 0 0 0 1 0 0 0 0 0 0 0 0 1 0 0 0 0 0 0 0 0 0 0 0 0 0 0 0 0 0 0 0 0 0 0 0 0 0 0 0 0 0 0 0 0 0 0 0 0 0 0 0 0 0 0 0 0 0 0 0 0 0 0 0 0 0 0 0 0 0 0 0 0 0 0 0 0 0 0 0 0 0 0 1 0 0 0 0 0 0 0 0 0 0 0 0 0 0 0 0 0 0 0 0 1 0 0 0 0 0 0 0 0 0 0 0 0 0 0 0 0 0 0 0 0 0 0 0 0 1 1 0 0 0 0 0 0 0 0 0 1 0 0 0 0 0 0 0 0 0 0 0 0 0 0 0 0 0 0 0 0 0 0 0 1 0 0 0 0 0 1 0 0 0 0 0 0 0 1 0 0 0 0 0 0 1 0 0 0 0 0 0 0 0 0 0 0 0 0 1 0 0 0 0 0 0 1 0 0 0 0 0 0 0 0 0 0 0 0 0 0 0 0 0 0 0 0 0 0 0 0 0 0 0 0 0 0 0 1 0 0 0 0 0 0 0 0 0 0 0 0 0 0 0 0 0 0 0 0 0 0 0 0 ]> 41.000000 41.000000 + 0.000000 #60131
update in RO 42.000000

CHECKER is 1 SUM:42
TIME:55503.000000
P TIGHTEN: 55.504000 <P:42.000000, D:171.000000, INC:(481)[0 0 0 0 0 0 0 0 0 0 0 0 0 0 0 0 0 0 0 0 0 0 0 0 0 0 0 0 1 1 0 0 0 1 0 0 1 0 1 0 0 0 0 0 0 0 0 0 0 0 1 0 0 0 1 0 1 0 1 0 0 0 1 0 1 0 1 1 1 0 0 0 0 0 0 0 0 0 0 0 0 0 0 1 1 0 0 0 0 0 0 0 0 0 0 0 0 0 0 0 0 0 0 0 0 0 0 0 0 0 0 0 0 0 0 0 0 0 0 0 0 0 0 0 0 0 0 0 1 0 0 0 1 0 0 0 1 0 0 0 0 0 0 0 0 1 0 1 0 1 0 0 0 0 0 0 0 0 0 1 0 1 0 0 0 0 0 0 1 0 0 0 0 0 0 0 0 0 0 0 0 0 0 0 0 0 0 0 0 0 0 0 0 0 0 0 0 0 0 0 0 1 0 0 0 0 0 0 0 0 0 0 0 0 1 0 0 0 0 0 0 1 0 0 0 0 0 0 0 0 1 0 0 0 0 0 0 0 0 0 0 0 0 0 0 0 0 0 0 0 0 0 0 0 0 0 0 0 0 0 0 0 0 0 0 0 0 0 0 0 0 0 0 0 0 0 0 0 0 0 0 0 0 0 0 0 0 0 0 0 0 0 0 0 0 0 0 0 0 0 0 1 0 0 0 0 0 0 0 0 0 0 0 0 0 0 0 0 0 0 0 0 1 0 0 0 0 0 0 0 0 0 0 0 0 0 0 0 0 0 0 0 0 0 0 0 0 1 1 0 0 0 0 0 0 0 0 0 1 0 0 0 0 0 0 0 0 0 0 0 0 0 0 0 0 0 0 0 0 0 0 0 1 0 0 0 0 0 1 0 0 0 0 0 0 0 1 0 0 0 0 0 0 1 0 0 0 0 0 0 0 0 0 0 0 0 0 1 0 0 0 0 0 0 1 0 0 0 0 0 0 0 0 0 0 0 0 0 0 0 0 0 0 0 0 0 0 0 0 0 0 0 0 0 0 0 1 0 0 0 0 0 0 0 0 0 0 0 0 0 0 0 0 0 0 0 0 0 0 0 1 ]> 42.000000 42.000000 + 0.000000 #60131
B&B(  393)	 171.000000	 42.000000	      -	 time:55.9220s
B&B(  432)	 171.000000	 42.000000	      -	 time:61.0290s
B&B(  468)	 170.000000	 42.000000	      -	 time:66.0980s
B&B(  504)	 166.000000	 42.000000	      -	 time:71.1460s
B&B(  540)	 166.000000	 42.000000	      -	 time:76.1930s
B&B(  578)	 166.000000	 42.000000	      -	 time:81.2420s
B&B(  616)	 166.000000	 42.000000	      -	 time:86.2820s
B&B(  653)	 165.000000	 42.000000	      -	 time:91.3300s
B&B(  692)	 163.000000	 42.000000	      -	 time:96.4090s
B&B(  730)	 163.000000	 42.000000	      -	 time:101.5090s
B&B(  768)	 163.000000	 42.000000	      -	 time:106.6080s
B&B(  806)	 163.000000	 42.000000	      -	 time:111.6310s
B&B(  846)	 162.000000	 42.000000	      -	 time:116.7590s
B&B(  883)	 161.000000	 42.000000	      -	 time:121.7710s
B&B(  921)	 159.000000	 42.000000	      -	 time:126.8980s
B&B(  958)	 159.000000	 42.000000	      -	 time:131.9230s
B&B(  996)	 159.000000	 42.000000	      -	 time:136.9290s
B&B( 1035)	 158.000000	 42.000000	      -	 time:141.9840s
B&B( 1073)	 158.000000	 42.000000	      -	 time:147.0570s
B&B( 1113)	 158.000000	 42.000000	      -	 time:152.1040s
B&B( 1153)	 158.000000	 42.000000	      -	 time:157.1440s
B&B( 1193)	 157.000000	 42.000000	      -	 time:162.2540s
B&B( 1233)	 155.000000	 42.000000	      -	 time:167.3180s
B&B( 1270)	 155.000000	 42.000000	      -	 time:172.3740s
B&B( 1307)	 155.000000	 42.000000	      -	 time:177.3760s
B&B( 1346)	 154.000000	 42.000000	      -	 time:182.4320s
B&B( 1384)	 154.000000	 42.000000	      -	 time:187.4700s
B&B( 1425)	 154.000000	 42.000000	      -	 time:192.5310s
B&B( 1465)	 154.000000	 42.000000	      -	 time:197.5880s
B&B( 1505)	 154.000000	 42.000000	      -	 time:202.6690s
B&B( 1543)	 154.000000	 42.000000	      -	 time:207.6740s
B&B( 1579)	 153.000000	 42.000000	      -	 time:212.7380s
B&B( 1615)	 153.000000	 42.000000	      -	 time:217.7450s
B&B( 1654)	 153.000000	 42.000000	      -	 time:222.8290s
B&B( 1692)	 153.000000	 42.000000	      -	 time:227.8730s
B&B( 1731)	 153.000000	 42.000000	      -	 time:232.9170s
B&B( 1769)	 152.000000	 42.000000	      -	 time:238.0260s
update in RO 43.0000

CHECKER is 1 SUM:43
TIME:238591.000000
P TIGHTEN: 238.591000 <P:43.000000, D:152.000000, INC:(481)[0 0 0 0 0 0 0 0 0 1 0 0 0 0 0 0 0 0 0 0 0 0 0 0 0 0 0 0 0 1 0 0 0 1 0 0 1 0 1 0 0 0 0 0 0 0 0 0 0 0 1 0 0 0 1 0 0 0 1 0 0 0 1 0 1 1 0 1 1 0 1 0 0 0 0 0 0 0 0 0 0 0 0 1 1 0 0 0 0 0 0 0 0 0 0 0 0 0 0 0 0 0 0 0 0 0 0 0 0 0 0 0 0 0 0 0 0 1 0 0 0 0 0 0 0 0 0 0 0 0 0 0 1 0 0 0 0 1 0 0 0 0 0 0 0 1 0 0 0 1 0 0 0 0 0 0 0 0 0 1 0 1 1 0 0 0 0 0 0 0 0 0 0 0 0 0 0 0 0 0 0 0 0 0 0 0 0 0 0 0 0 0 0 0 0 0 0 0 0 1 0 1 0 0 0 0 0 0 0 0 0 0 0 0 1 0 0 0 0 0 0 0 0 0 0 0 0 0 0 0 1 0 0 0 0 0 0 1 0 0 0 0 0 0 0 0 0 0 0 0 0 0 0 0 0 0 0 0 0 0 0 0 0 0 0 1 0 0 0 0 0 0 0 0 0 0 0 0 0 0 0 0 0 0 0 0 0 0 0 0 0 0 0 0 0 0 0 0 0 0 0 1 0 0 0 0 0 0 0 0 0 0 0 0 0 0 0 0 0 0 0 0 0 0 0 1 0 0 0 0 0 0 0 0 0 1 0 0 1 0 0 0 0 0 0 0 0 1 1 0 0 0 0 0 0 0 0 0 0 0 0 0 0 0 0 0 0 0 0 0 0 0 0 0 0 0 0 0 0 0 1 0 0 0 0 0 0 0 1 0 0 0 0 0 0 0 0 0 1 0 0 0 0 0 0 0 0 0 0 0 0 0 0 0 0 0 0 1 0 0 0 0 0 0 1 0 0 0 0 0 0 0 0 0 0 0 0 0 0 0 0 0 0 0 0 0 0 0 0 0 0 0 0 0 0 0 1 0 0 0 0 0 0 0 0 0 0 0 0 0 0 0 0 0 0 0 0 0 0 0 1 ]> 43.000000 43.000000 + 0.000000 #57247
B&B( 1806)	 152.000000	 43.000000	      -	 time:243.0960s
B&B( 1845)	 152.000000	 43.000000	      -	 time:248.1890s
B&B( 1883)	 152.000000	 43.000000	      -	 time:253.2030s
B&B( 1920)	 152.000000	 43.000000	      -	 time:258.2090s
B&B( 1958)	 152.000000	 43.000000	      -	 time:263.2780s
B&B( 1998)	 151.000000	 43.000000	      -	 time:268.3530s
B&B( 2038)	 151.000000	 43.000000	      -	 time:273.4100s
B&B( 2079)	 151.000000	 43.000000	      -	 time:278.4890s
B&B( 2121)	 151.000000	 43.000000	      -	 time:283.6220s
B&B( 2157)	 151.000000	 43.000000	      -	 time:288.6710s
B&B( 2195)	 151.000000	 43.000000	      -	 time:293.7640s
B&B( 2233)	 151.000000	 43.000000	      -	 time:298.7920s
B&B( 2270)	 151.000000	 43.000000	      -	 time:303.8830s
B&B( 2306)	 151.000000	 43.000000	      -	 time:308.8940s
B&B( 2343)	 151.000000	 43.000000	      -	 time:313.9050s
B&B( 2381)	 151.000000	 43.000000	      -	 time:318.9540s
B&B( 2420)	 151.000000	 43.000000	      -	 time:323.9710s
B&B( 2459)	 150.000000	 43.000000	      -	 time:329.0120s
B&B( 2503)	 150.000000	 43.000000	      -	 time:334.1060s
B&B( 2547)	 150.000000	 43.000000	      -	 time:339.2100s
B&B( 2583)	 150.000000	 43.000000	      -	 time:344.2420s
B&B( 2620)	 150.000000	 43.000000	      -	 time:349.3400s
B&B( 2658)	 150.000000	 43.000000	      -	 time:354.3920s
B&B( 2696)	 150.000000	 43.000000	      -	 time:359.4550s
B&B( 2733)	 150.000000	 43.000000	      -	 time:364.5040s
B&B( 2769)	 150.000000	 43.000000	      -	 time:369.6020s
B&B( 2806)	 150.000000	 43.000000	      -	 time:374.6100s
B&B( 2841)	 150.000000	 43.000000	      -	 time:379.6470s
B&B( 2878)	 150.000000	 43.000000	      -	 time:384.6610s
B&B( 2916)	 150.000000	 43.000000	      -	 time:389.7590s
B&B( 2954)	 150.000000	 43.000000	      -	 time:394.7910s
B&B( 2993)	 149.000000	 43.000000	      -	 time:399.9240s
B&B( 3031)	 149.000000	 43.000000	      -	 time:404.9690s
B&B( 3069)	 149.000000	 43.000000	      -	 time:410.0180s
B&B( 3107)	 149.000000	 43.000000	      -	 time:415.0360s
B&B( 3146)	 149.000000	 43.000000	      -	 time:420.1740s
B&B( 3184)	 149.000000	 43.000000	      -	 time:425.2490s
B&B( 3224)	 149.000000	 43.000000	      -	 time:430.2540s
B&B( 3263)	 149.000000	 43.000000	      -	 time:435.3120s
B&B( 3300)	 149.000000	 43.000000	      -	 time:440.3780s
B&B( 3339)	 148.000000	 43.000000	      -	 time:445.3880s
B&B( 3376)	 148.000000	 43.000000	      -	 time:450.4010s
B&B( 3412)	 148.000000	 43.000000	      -	 time:455.4100s
B&B( 3452)	 148.000000	 43.000000	      -	 time:460.5410s
B&B( 3491)	 148.000000	 43.000000	      -	 time:465.5630s
B&B( 3530)	 148.000000	 43.000000	      -	 time:470.6590s
B&B( 3570)	 148.000000	 43.000000	      -	 time:475.6760s
B&B( 3607)	 148.000000	 43.000000	      -	 time:480.6900s
B&B( 3646)	 148.000000	 43.000000	      -	 time:485.7090s
B&B( 3688)	 147.000000	 43.000000	      -	 time:490.7820s
B&B( 3732)	 147.000000	 43.000000	      -	 time:495.8920s
B&B( 3770)	 147.000000	 43.000000	      -	 time:500.9780s
B&B( 3809)	 147.000000	 43.000000	      -	 time:506.0670s
B&B( 3848)	 147.000000	 43.000000	      -	 time:511.1070s
B&B( 3885)	 147.000000	 43.000000	      -	 time:516.1230s
B&B( 3924)	 147.000000	 43.000000	      -	 time:521.1810s
B&B( 3963)	 147.000000	 43.000000	      -	 time:526.2650s
B&B( 4003)	 147.000000	 43.000000	      -	 time:531.3940s
B&B( 4043)	 147.000000	 43.000000	      -	 time:536.4100s
B&B( 4082)	 147.000000	 43.000000	      -	 time:541.4620s
B&B( 4121)	 147.000000	 43.000000	      -	 time:546.5540s
B&B( 4159)	 147.000000	 43.000000	      -	 time:551.6120s
B&B( 4199)	 147.000000	 43.000000	      -	 time:556.7370s
B&B( 4239)	 147.000000	 43.000000	      -	 time:561.8110s
B&B( 4276)	 147.000000	 43.000000	      -	 time:566.8660s
B&B( 4314)	 147.000000	 43.000000	      -	 time:572.0100s
B&B( 4353)	 147.000000	 43.000000	      -	 time:577.1290s
B&B( 4393)	 146.000000	 43.000000	      -	 time:582.1360s
B&B( 4435)	 146.000000	 43.000000	      -	 time:587.1430s
B&B( 4474)	 146.000000	 43.000000	      -	 time:592.2100s
B&B( 4511)	 146.000000	 43.000000	      -	 time:597.2470s
B&B( 4549)	 146.000000	 43.000000	      -	 time:602.3260s
B&B( 4587)	 146.000000	 43.000000	      -	 time:607.4330s
B&B( 4625)	 146.000000	 43.000000	      -	 time:612.5440s
B&B( 4664)	 146.000000	 43.000000	      -	 time:617.6600s
B&B( 4703)	 146.000000	 43.000000	      -	 time:622.7520s
B&B( 4742)	 146.000000	 43.000000	      -	 time:627.8000s
B&B( 4780)	 146.000000	 43.000000	      -	 time:632.8020s
B&B( 4820)	 146.000000	 43.000000	      -	 time:637.8480s
B&B( 4858)	 146.000000	 43.000000	      -	 time:642.8970s
B&B( 4896)	 146.000000	 43.000000	      -	 time:647.9230s
B&B( 4934)	 146.000000	 43.000000	      -	 time:652.9620s
B&B( 4973)	 146.000000	 43.000000	      -	 time:658.0570s
B&B( 5012)	 146.000000	 43.000000	      -	 time:663.1050s
B&B( 5051)	 146.000000	 43.000000	      -	 time:668.1510s
B&B( 5091)	 146.000000	 43.000000	      -	 time:673.2200s
B&B( 5128)	 146.000000	 43.000000	      -	 time:678.2330s
B&B( 5167)	 145.000000	 43.000000	      -	 time:683.2550s
B&B( 5204)	 145.000000	 43.000000	      -	 time:688.2730s
B&B( 5243)	 145.000000	 43.000000	      -	 time:693.3640s
B&B( 5282)	 145.000000	 43.000000	      -	 time:698.4630s
B&B( 5322)	 145.000000	 43.000000	      -	 time:703.4810s
B&B( 5363)	 145.000000	 43.000000	      -	 time:708.5010s
B&B( 5403)	 145.000000	 43.000000	      -	 time:713.5850s
B&B( 5443)	 145.000000	 43.000000	      -	 time:718.6310s
B&B( 5484)	 145.000000	 43.000000	      -	 time:723.6750s
B&B( 5524)	 145.000000	 43.000000	      -	 time:728.7850s
B&B( 5561)	 145.000000	 43.000000	      -	 time:733.8210s
B&B( 5598)	 145.000000	 43.000000	      -	 time:738.8840s
B&B( 5638)	 145.000000	 43.000000	      -	 time:743.9040s
B&B( 5677)	 145.000000	 43.000000	      -	 time:748.9210s
B&B( 5717)	 145.000000	 43.000000	      -	 time:753.9550s
B&B( 5758)	 145.000000	 43.000000	      -	 time:758.9960s
B&B( 5800)	 144.000000	 43.000000	      -	 time:764.0830s
B&B( 5840)	 144.000000	 43.000000	      -	 time:769.2070s
B&B( 5880)	 144.000000	 43.000000	      -	 time:774.3170s
B&B( 5920)	 144.000000	 43.000000	      -	 time:779.4320s
B&B( 5959)	 144.000000	 43.000000	      -	 time:784.4670s
B&B( 5999)	 144.000000	 43.000000	      -	 time:789.5180s
B&B( 6038)	 144.000000	 43.000000	      -	 time:794.5590s
B&B( 6079)	 144.000000	 43.000000	      -	 time:799.6570s
B&B( 6119)	 144.000000	 43.000000	      -	 time:804.7210s
B&B( 6159)	 144.000000	 43.000000	      -	 time:809.7690s
B&B( 6200)	 144.000000	 43.000000	      -	 time:814.8190s
B&B( 6237)	 144.000000	 43.000000	      -	 time:819.8760s
B&B( 6276)	 144.000000	 43.000000	      -	 time:824.9940s
B&B( 6313)	 144.000000	 43.000000	      -	 time:830.0240s
B&B( 6351)	 144.000000	 43.000000	      -	 time:835.1020s
B&B( 6392)	 143.000000	 43.000000	      -	 time:840.1620s
B&B( 6431)	 143.000000	 43.000000	      -	 time:845.2440s
B&B( 6472)	 143.000000	 43.000000	      -	 time:850.3470s
B&B( 6514)	 143.000000	 43.000000	      -	 time:855.4390s
B&B( 6553)	 143.000000	 43.000000	      -	 time:860.5440s
B&B( 6593)	 143.000000	 43.000Command exited with non-zero status 124
	Command being timed: "/usr/bin/timeout 915 /home/fabio/CODD-NEWDom/cmake-build-release-ilyin/misp5 /home/fabio/CODD-NEWDom/data/misp/p_hat500-3.clq 256"
	User time (seconds): 913.02
	System time (seconds): 2.25
	Percent of CPU this job got: 99%
	Elapsed (wall clock) time (h:mm:ss or m:ss): 15:15.36
	Average shared text size (kbytes): 0
	Average unshared data size (kbytes): 0
	Average stack size (kbytes): 0
	Average total size (kbytes): 0
	Maximum resident set size (kbytes): 4689408
	Average resident set size (kbytes): 0
	Major (requiring I/O) page faults: 0
	Minor (reclaiming a frame) page faults: 1172710
	Voluntary context switches: 4
	Involuntary context switches: 3688
	Swaps: 0
	File system inputs: 0
	File system outputs: 88
	Socket messages sent: 0
	Socket messages received: 0
	Signals delivered: 0
	Page size (bytes): 4096
	Exit status: 124

