COMMAND: /usr/bin/time -v /usr/bin/timeout 915 /home/fabio/CODD-NEWDom/cmake-build-release-ilyin/misp5 /home/fabio/CODD-NEWDom/data/misp/brock400_2.clq 64
TOP=400
B&B searching...
dual@root:400
B&B Nodes          Dual	 Primal	 Gap(%)
----------------------------------------------
update in RO 15.000000

CHECKER is 1 SUM:15
TIME:52.000000
P TIGHTEN: 0.052000 <P:15.000000, D:400.000000, INC:(158)[1 0 1 0 0 0 1 0 0 1 1 0 0 1 0 1 0 0 1 0 1 0 0 0 0 0 0 0 0 0 0 0 0 1 0 0 0 0 0 0 1 0 0 0 0 0 1 0 0 0 0 0 0 0 0 0 1 0 0 0 0 0 0 0 0 0 0 0 0 0 0 0 0 0 0 0 0 0 0 0 0 0 0 0 0 0 0 0 0 0 0 0 0 0 0 0 0 0 0 0 0 0 0 0 0 0 0 0 0 0 0 0 0 0 0 0 0 0 0 0 0 0 0 0 0 0 0 0 0 0 0 0 0 0 0 1 0 0 0 0 0 0 0 0 0 0 0 0 0 0 0 0 0 0 0 0 0 1 ]> 15.000000 15.000000 + 0.000000 #9691
update in RO 16.000000

CHECKER is 1 SUM:16
TIME:52.000000
P TIGHTEN: 0.053000 <P:16.000000, D:400.000000, INC:(166)[1 0 1 0 0 0 1 0 0 1 1 0 0 1 0 0 0 0 1 0 1 0 0 0 0 0 0 0 0 0 1 1 0 1 0 0 0 0 0 0 0 0 0 0 0 0 0 0 0 0 0 0 0 0 0 0 1 0 0 0 0 0 1 0 0 0 0 0 0 0 0 0 0 0 0 0 0 0 0 0 0 0 0 0 0 0 0 0 0 0 0 0 0 0 0 0 0 0 0 0 0 0 0 0 0 0 0 0 0 0 0 0 0 0 0 0 0 0 0 0 0 0 0 0 0 0 0 0 0 0 0 0 0 0 0 1 0 0 0 0 0 0 0 0 0 0 0 0 0 0 0 0 0 0 0 0 0 1 0 0 0 0 0 0 0 1 ]> 16.000000 16.000000 + 0.000000 #10160
update in RO 17.000000

CHECKER is 1 SUM:17
TIME:53.000000
P TIGHTEN: 0.053000 <P:17.000000, D:400.000000, INC:(187)[1 0 1 0 0 0 1 0 0 1 1 0 0 1 0 0 0 0 1 0 1 0 0 0 0 0 0 0 0 0 1 1 0 1 0 0 0 0 0 0 0 0 0 0 0 0 0 0 0 0 0 0 0 0 0 0 1 0 0 0 0 0 1 0 0 0 0 0 0 0 0 0 0 0 0 0 0 0 0 0 0 0 0 0 0 0 0 1 0 0 0 0 0 0 0 0 0 0 0 0 0 0 0 0 0 0 0 0 0 0 0 0 0 0 0 0 0 0 0 0 0 0 0 0 0 0 0 0 0 0 0 0 0 0 0 1 0 0 0 0 0 0 0 0 0 0 0 0 0 0 0 0 0 0 0 0 0 0 0 0 0 0 0 0 0 1 0 0 0 0 0 0 0 0 0 0 0 0 0 0 0 0 0 0 0 0 1 ]> 17.000000 17.000000 + 0.000000 #11327
update in RO 18.000000

CHECKER is 1 SUM:18
TIME:53.000000
P TIGHTEN: 0.054000 <P:18.000000, D:400.000000, INC:(193)[1 0 1 0 0 0 1 0 0 1 1 0 0 1 0 0 0 0 1 0 1 0 0 0 0 0 0 0 0 0 1 1 0 1 0 0 0 0 0 0 0 0 0 0 0 0 0 0 0 0 0 0 0 0 0 0 1 0 0 0 0 0 1 0 0 0 0 0 0 0 0 0 0 0 0 0 0 0 0 0 0 0 0 0 0 0 0 1 0 0 0 0 0 0 0 0 0 0 0 0 0 0 0 0 0 0 0 0 0 0 0 0 0 0 0 0 0 0 0 0 0 0 0 1 0 0 0 0 0 0 0 0 0 0 0 1 0 0 0 0 0 0 0 0 0 0 0 0 0 0 0 0 0 0 0 0 0 0 0 0 0 0 0 0 0 0 0 0 0 0 0 0 0 0 0 0 0 0 0 0 0 0 0 0 0 0 1 0 0 0 0 0 1 ]> 18.000000 18.000000 + 0.000000 #11557
update in RO 19.000000

CHECKER is 1 SUM:19
TIME:54.000000
P TIGHTEN: 0.055000 <P:19.000000, D:400.000000, INC:(295)[1 0 1 0 0 0 1 0 0 1 1 0 0 1 0 0 0 0 1 0 1 0 0 0 0 0 0 0 0 0 1 1 0 1 0 0 0 0 0 0 0 0 0 0 0 0 0 0 0 0 0 0 0 0 0 0 1 0 0 0 0 0 1 0 0 0 0 0 0 0 0 0 0 0 0 0 0 0 0 0 0 0 0 0 0 0 0 0 0 0 0 0 0 0 0 0 0 0 0 0 0 0 0 0 0 0 0 0 0 0 0 0 0 0 0 0 0 0 0 0 0 0 0 1 0 0 0 0 0 0 0 0 0 0 0 1 0 0 0 0 0 0 0 0 0 0 0 0 0 0 0 0 0 0 0 0 0 0 0 0 0 0 0 0 0 0 0 0 0 0 0 0 0 0 0 0 0 0 0 0 0 0 0 0 0 0 1 0 0 0 0 0 1 0 0 0 0 0 0 0 0 0 0 0 0 0 0 0 0 0 0 0 0 0 0 0 0 0 0 0 0 0 0 0 0 0 0 0 0 0 0 0 0 0 0 0 0 0 0 0 0 0 0 0 0 0 0 0 0 0 0 0 0 0 0 0 0 0 0 0 0 0 0 0 0 0 0 0 0 0 0 0 0 0 0 0 0 0 0 0 0 0 0 0 1 0 0 0 0 0 0 0 0 0 1 ]> 19.000000 19.000000 + 0.000000 #12792
update in RO 20.000000

CHECKER is 1 SUM:20
TIME:121.000000
P TIGHTEN: 0.122000 <P:20.000000, D:160.000000, INC:(387)[0 0 0 0 0 0 0 0 1 0 0 0 1 1 1 0 1 1 0 0 1 0 0 0 0 0 0 0 0 0 1 0 0 0 0 0 0 0 0 0 0 0 0 0 0 0 0 0 1 0 0 1 0 0 0 0 1 0 0 1 0 0 0 0 0 0 0 0 0 0 0 0 0 0 0 0 0 0 0 0 0 0 0 0 0 0 0 1 0 0 1 0 0 0 0 0 0 0 0 0 0 0 0 0 0 0 0 0 0 0 0 0 0 0 0 0 0 0 0 0 0 0 0 0 0 0 0 0 0 0 0 0 0 0 0 0 0 0 0 0 0 0 0 0 0 0 0 0 0 0 0 0 0 0 0 0 0 0 0 0 0 0 0 0 0 0 0 0 0 0 0 0 0 0 0 0 0 0 0 0 0 0 0 0 0 1 0 0 0 0 0 0 0 0 0 0 0 1 0 0 0 0 0 0 0 0 0 0 0 0 0 0 0 0 0 0 0 0 0 0 0 0 0 0 0 0 0 0 0 0 0 0 0 0 0 0 0 0 0 0 0 0 0 0 0 0 0 0 0 0 0 0 0 0 0 0 0 0 0 0 0 0 0 0 0 0 0 0 0 0 0 0 0 0 0 0 0 0 0 0 0 0 0 0 0 0 0 0 0 0 0 0 0 0 0 0 0 1 0 0 0 0 0 0 0 0 0 0 0 0 0 0 0 0 0 0 0 0 0 0 0 0 0 0 0 0 0 0 0 0 1 0 0 0 0 0 0 0 0 0 0 0 0 0 0 0 0 0 0 0 0 0 0 0 0 0 0 0 0 0 0 0 0 0 0 0 0 0 0 0 0 0 0 0 0 0 0 0 0 0 0 0 0 1 0 0 1 ]> 20.000000 20.000000 + 0.000000 #16821
update in RO 21.000000

CHECKER is 1 SUM:21
TIME:353.000000
P TIGHTEN: 0.354000 <P:21.000000, D:160.000000, INC:(382)[0 0 1 1 0 0 0 0 0 1 0 0 0 1 1 1 0 0 1 0 1 0 0 0 0 0 0 0 0 0 0 1 0 0 0 0 0 0 0 0 0 0 0 0 0 0 0 0 0 0 0 0 0 0 0 0 1 0 0 0 0 0 0 0 0 0 0 0 0 0 1 0 1 0 0 0 0 0 0 0 0 0 0 0 0 0 0 0 0 0 0 0 0 0 1 0 0 0 0 0 0 0 0 0 1 0 0 0 0 0 0 0 0 0 0 0 0 0 0 0 0 0 0 0 0 0 0 0 0 0 1 0 0 0 0 0 0 0 0 0 0 0 0 0 0 0 0 0 0 0 0 0 0 0 0 0 0 0 0 0 0 0 0 0 0 0 0 0 0 0 0 0 0 0 0 0 0 0 0 0 0 0 0 0 0 0 0 0 0 0 0 0 0 0 0 0 0 0 0 0 0 0 0 0 0 0 0 0 0 0 0 0 0 0 0 0 0 0 0 0 0 0 0 0 0 0 0 0 0 0 0 0 0 0 0 0 0 0 0 0 0 0 0 0 0 0 0 0 0 0 0 0 0 0 0 0 0 0 0 0 0 0 1 0 0 0 0 0 0 0 0 0 0 0 0 0 0 0 0 0 0 0 0 0 0 0 0 0 0 0 0 0 0 0 0 1 0 0 0 0 0 0 0 0 0 0 1 0 0 0 0 0 0 0 0 0 0 0 0 0 0 0 0 0 0 0 0 0 0 0 0 0 0 1 0 0 0 0 0 0 0 0 0 0 0 0 0 0 0 0 1 0 0 0 0 0 0 0 0 0 0 0 0 0 0 0 0 0 0 0 0 0 0 0 0 0 0 0 0 0 0 1 ]> 21.000000 21.000000 + 0.000000 #11063
update in RO 22.000000

CHECKER is 1 SUM:22
TIME:595.000000
P TIGHTEN: 0.596000 <P:22.000000, D:160.000000, INC:(364)[0 0 0 0 0 1 0 0 0 1 1 0 1 0 1 1 0 0 0 0 0 0 0 0 0 1 0 1 0 0 0 0 0 0 0 0 0 0 0 0 1 0 0 0 0 0 1 0 0 0 0 0 1 0 0 0 0 0 0 0 0 0 0 0 0 0 0 0 0 0 0 0 0 0 0 0 0 0 0 0 0 1 0 0 0 0 0 0 0 0 0 0 0 0 0 0 1 0 0 0 0 0 0 0 0 0 0 0 0 0 0 0 0 0 0 1 0 0 0 0 0 1 0 0 0 0 1 0 0 0 0 0 0 0 0 0 0 0 0 0 0 0 0 0 0 0 0 0 1 0 0 0 0 0 0 0 0 0 0 0 0 0 0 0 0 0 0 0 0 0 0 0 0 0 0 0 0 0 0 0 0 0 0 0 0 0 0 0 0 0 0 0 0 0 0 0 0 0 0 0 0 0 0 0 0 0 0 0 0 0 0 0 0 0 0 0 1 0 0 0 0 0 0 0 0 0 0 0 0 0 0 0 0 0 0 0 0 0 0 0 0 0 1 0 0 0 0 0 0 0 0 0 0 0 0 0 0 0 0 0 0 0 0 0 0 0 0 0 0 0 0 0 0 0 0 0 0 0 0 0 0 0 0 0 0 0 1 0 0 0 0 0 0 0 0 0 0 0 0 0 0 0 0 0 0 0 0 0 0 0 0 0 0 0 0 0 0 0 0 0 0 0 0 0 0 0 0 0 0 0 0 0 0 0 0 0 0 0 0 0 0 0 0 0 0 0 0 0 0 0 0 0 0 0 0 0 0 0 0 0 0 1 0 1 ]> 22.000000 22.000000 + 0.000000 #11113
B&B(  171)	 150.000000	 22.000000	      -	 time:5.0210s
B&B(  352)	 142.000000	 22.000000	      -	 time:10.0400s
B&B(  540)	 131.000000	 22.000000	      -	 time:15.0560s
B&B(  738)	 122.000000	 22.000000	      -	 time:20.0770s
B&B(  929)	 119.000000	 22.000000	      -	 time:25.0940s
B&B( 1114)	 117.000000	 22.000000	      -	 time:30.1120s
update in RO 23.0000

CHECKER is 1 SUM:23
TIME:33976.000000
P TIGHTEN: 33.977000 <P:23.000000, D:116.000000, INC:(392)[0 0 0 0 0 0 1 0 0 0 0 0 0 0 0 0 0 1 0 0 0 1 0 0 0 0 1 0 0 0 1 0 0 0 0 0 0 0 0 1 0 0 0 1 0 0 0 0 0 0 0 0 0 0 0 1 1 0 1 0 1 0 0 0 0 0 0 0 0 0 0 0 0 0 0 0 1 0 0 0 0 0 0 0 0 0 0 1 0 0 0 0 0 0 0 0 0 0 0 0 0 0 0 0 0 0 0 0 0 0 0 0 0 0 0 0 0 0 0 0 0 0 0 0 0 0 0 0 0 0 0 0 0 0 0 0 0 0 0 0 0 0 0 0 0 0 0 0 0 0 0 0 0 0 0 0 0 0 0 0 0 0 0 0 0 0 0 1 0 0 0 0 0 0 0 0 0 0 0 0 0 0 0 0 0 0 1 0 0 0 0 0 0 0 0 0 0 0 0 0 0 0 0 0 1 0 1 0 0 0 0 0 0 0 0 0 0 0 1 0 0 0 0 0 0 0 0 0 0 0 1 0 0 0 0 0 0 0 0 0 0 0 0 0 0 0 0 0 0 0 0 0 0 0 0 0 0 0 0 0 0 0 0 0 0 0 0 0 0 0 0 0 0 0 0 0 0 0 0 0 0 0 0 0 0 0 0 0 0 0 0 0 0 0 0 0 0 0 0 0 0 1 0 0 0 0 0 0 0 0 0 0 0 0 0 0 0 0 0 0 0 0 0 0 0 0 0 0 0 0 0 0 0 0 0 0 0 0 0 0 0 0 0 0 0 0 0 0 0 0 0 0 0 0 0 0 0 0 0 0 0 0 0 0 0 0 0 0 0 0 0 0 1 0 0 0 0 0 0 0 0 0 0 0 0 0 0 0 0 0 1 1 ]> 23.000000 23.000000 + 0.000000 #11945
B&B( 1298)	 116.000000	 23.000000	      -	 time:35.1150s
B&B( 1482)	 115.000000	 23.000000	      -	 time:40.1190s
B&B( 1671)	 114.000000	 23.000000	      -	 time:45.1380s
B&B( 1860)	 113.000000	 23.000000	      -	 time:50.1660s
B&B( 2046)	 113.000000	 23.000000	      -	 time:55.1730s
B&B( 2243)	 112.000000	 23.000000	      -	 time:60.1800s
B&B( 2434)	 112.000000	 23.000000	      -	 time:65.1940s
B&B( 2626)	 111.000000	 23.000000	      -	 time:70.2020s
B&B( 2824)	 111.000000	 23.000000	      -	 time:75.2130s
B&B( 3014)	 111.000000	 23.000000	      -	 time:80.2310s
B&B( 3207)	 110.000000	 23.000000	      -	 time:85.2480s
B&B( 3406)	 110.000000	 23.000000	      -	 time:90.2730s
B&B( 3603)	 110.000000	 23.000000	      -	 time:95.2810s
B&B( 3792)	 110.000000	 23.000000	      -	 time:100.2910s
B&B( 3982)	 109.000000	 23.000000	      -	 time:105.2950s
B&B( 4175)	 109.000000	 23.000000	      -	 time:110.3220s
B&B( 4368)	 109.000000	 23.000000	      -	 time:115.3230s
B&B( 4564)	 109.000000	 23.000000	      -	 time:120.3360s
B&B( 4765)	 108.000000	 23.000000	      -	 time:125.3610s
B&B( 4963)	 108.000000	 23.000000	      -	 time:130.3750s
B&B( 5161)	 108.000000	 23.000000	      -	 time:135.3790s
B&B( 5361)	 108.000000	 23.000000	      -	 time:140.3960s
B&B( 5552)	 107.000000	 23.000000	      -	 time:145.4140s
B&B( 5747)	 107.000000	 23.000000	      -	 time:150.4350s
B&B( 5950)	 107.000000	 23.000000	      -	 time:155.4510s
B&B( 6152)	 107.000000	 23.000000	      -	 time:160.4600s
B&B( 6354)	 107.000000	 23.000000	      -	 time:165.4820s
B&B( 6553)	 106.000000	 23.000000	      -	 time:170.4850s
B&B( 6747)	 106.000000	 23.000000	      -	 time:175.5040s
B&B( 6949)	 106.000000	 23.000000	      -	 time:180.5060s
B&B( 7151)	 106.000000	 23.000000	      -	 time:185.5220s
B&B( 7343)	 105.000000	 23.000000	      -	 time:190.5240s
B&B( 7538)	 105.000000	 23.000000	      -	 time:195.5400s
B&B( 7734)	 105.000000	 23.000000	      -	 time:200.5590s
B&B( 7936)	 105.000000	 23.000000	      -	 time:205.5730s
B&B( 8138)	 105.000000	 23.000000	      -	 time:210.5820s
B&B( 8339)	 104.000000	 23.000000	      -	 time:215.5970s
B&B( 8537)	 104.000000	 23.000000	      -	 time:220.6230s
B&B( 8740)	 104.000000	 23.000000	      -	 time:225.6440s
B&B( 8942)	 103.000000	 23.000000	      -	 time:230.6600s
B&B( 9148)	 103.000000	 23.000000	      -	 time:235.6720s
B&B( 9358)	 103.000000	 23.000000	      -	 time:240.6860s
B&B( 9556)	 103.000000	 23.000000	      -	 time:245.6980s
B&B( 9759)	 103.000000	 23.000000	      -	 time:250.7250s
B&B( 9968)	 102.000000	 23.000000	      -	 time:255.7290s
B&B(10172)	 102.000000	 23.000000	      -	 time:260.7530s
B&B(10380)	 102.000000	 23.000000	      -	 time:265.7740s
B&B(10586)	 102.000000	 23.000000	      -	 time:270.7940s
B&B(10788)	 102.000000	 23.000000	      -	 time:275.8140s
B&B(10992)	 102.000000	 23.000000	      -	 time:280.8340s
B&B(11198)	 101.000000	 23.000000	      -	 time:285.8600s
B&B(11409)	 101.000000	 23.000000	      -	 time:290.8870s
B&B(11620)	 101.000000	 23.000000	      -	 time:295.9050s
B&B(11831)	 101.000000	 23.000000	      -	 time:300.9290s
B&B(12053)	 101.000000	 23.000000	      -	 time:305.9470s
B&B(12268)	 101.000000	 23.000000	      -	 time:310.9550s
B&B(12484)	 100.000000	 23.000000	      -	 time:315.9690s
B&B(12698)	 100.000000	 23.000000	      -	 time:320.9900s
B&B(12911)	 100.000000	 23.000000	      -	 time:326.0110s
B&B(13125)	 100.000000	 23.000000	      -	 time:331.0250s
B&B(13338)	 100.000000	 23.000000	      -	 time:336.0460s
B&B(13549)	 99.000000	 23.000000	      -	 time:341.0630s
B&B(13757)	 99.000000	 23.000000	      -	 time:346.0700s
B&B(13964)	 99.000000	 23.000000	      -	 time:351.0730s
B&B(14179)	 99.000000	 23.000000	      -	 time:356.0910s
B&B(14389)	 99.000000	 23.000000	      -	 time:361.0990s
B&B(14597)	 99.000000	 23.000000	      -	 time:366.1090s
B&B(14810)	 98.000000	 23.000000	      -	 time:371.1190s
B&B(15021)	 98.000000	 23.000000	      -	 time:376.1290s
B&B(15229)	 98.000000	 23.000000	      -	 time:381.1450s
B&B(15438)	 98.000000	 23.000000	      -	 time:386.1520s
B&B(15648)	 98.000000	 23.000000	      -	 time:391.1690s
B&B(15871)	 98.000000	 23.000000	      -	 time:396.1870s
B&B(16085)	 97.000000	 23.000000	      -	 time:401.2030s
B&B(16303)	 97.000000	 23.000000	      -	 time:406.2240s
B&B(16519)	 97.000000	 23.000000	      -	 time:411.2340s
B&B(16743)	 97.000000	 23.000000	      -	 time:416.2560s
B&B(16960)	 97.000000	 23.000000	      -	 time:421.2720s
B&B(17174)	 97.000000	 23.000000	      -	 time:426.2860s
B&B(17393)	 97.000000	 23.000000	      -	 time:431.3000s
B&B(17604)	 96.000000	 23.000000	      -	 time:436.3020s
B&B(17820)	 96.000000	 23.000000	      -	 time:441.3180s
B&B(18036)	 96.000000	 23.000000	      -	 time:446.3270s
B&B(18254)	 96.000000	 23.000000	      -	 time:451.3320s
B&B(18468)	 96.000000	 23.000000	      -	 time:456.3430s
B&B(18699)	 96.000000	 23.000000	      -	 time:461.3590s
B&B(18920)	 96.000000	 23.000000	      -	 time:466.3720s
B&B(19132)	 96.000000	 23.000000	      -	 time:471.3870s
B&B(19391)	 95.000000	 23.000000	      -	 time:476.3950s
B&B(19637)	 95.000000	 23.000000	      -	 time:481.4080s
B&B(19866)	 95.000000	 23.000000	      -	 time:486.4130s
B&B(20078)	 95.000000	 23.000000	      -	 time:491.4360s
B&B(20305)	 95.000000	 23.000000	      -	 time:496.4410s
B&B(20547)	 95.000000	 23.000000	      -	 time:501.4540s
B&B(20819)	 94.000000	 23.000000	      -	 time:506.4590s
B&B(21062)	 94.000000	 23.000000	      -	 time:511.4780s
B&B(21322)	 94.000000	 23.000000	      -	 time:516.4950s
B&B(21557)	 94.000000	 23.000000	      -	 time:521.5110s
B&B(21790)	 94.000000	 23.000000	      -	 time:526.5190s
B&B(22039)	 94.000000	 23.000000	      -	 time:531.5340s
B&B(22265)	 94.000000	 23.000000	      -	 time:536.5480s
update in RO 24.0000

CHECKER is 1 SUM:24
TIME:536910.000000
P TIGHTEN: 536.910000 <P:24.000000, D:94.000000, INC:(391)[0 0 1 0 0 0 1 0 0 0 0 0 0 0 0 0 0 1 0 0 0 1 0 0 0 0 1 0 0 0 1 0 0 0 0 0 0 0 0 1 0 0 0 1 0 0 0 0 0 0 0 0 0 0 0 1 1 0 1 0 0 0 0 0 0 0 0 0 0 0 0 0 0 0 0 0 1 0 0 0 0 0 0 0 0 0 0 0 0 0 0 0 0 0 0 0 0 0 1 0 0 0 0 0 0 0 0 0 0 0 0 0 0 0 0 0 0 0 0 0 0 0 0 0 0 0 0 0 0 0 0 0 0 0 0 0 0 0 0 0 0 0 0 0 0 0 0 0 0 0 0 1 0 0 0 0 0 0 0 0 0 0 0 0 0 0 0 1 0 0 0 0 0 0 0 0 0 0 0 0 0 0 0 0 1 0 1 0 0 0 0 0 0 0 0 0 0 0 0 0 0 0 0 0 1 0 1 0 0 0 0 0 0 0 0 0 0 0 1 0 0 0 0 0 0 0 0 0 0 0 1 0 0 0 0 0 0 0 0 0 0 0 0 0 0 0 0 0 0 0 0 0 0 0 0 0 0 0 0 0 0 0 0 0 0 0 0 0 0 0 0 0 0 0 0 0 0 0 0 0 0 0 0 0 0 0 0 0 0 0 0 0 0 0 0 0 0 0 0 0 0 0 0 0 0 0 0 0 0 1 0 0 0 0 0 0 0 0 0 0 0 0 0 0 0 0 0 0 0 0 0 0 0 0 0 0 0 0 0 0 0 0 1 0 0 0 0 0 0 0 0 0 0 0 0 0 0 0 0 0 0 0 0 0 0 0 0 0 0 0 0 0 1 0 0 0 0 0 0 0 0 0 0 0 0 0 0 0 0 0 0 ]> 24.000000 24.000000 + 0.000000 #12585
update in RO 25.000000

CHECKER is 1 SUM:25
TIME:536910.000000
P TIGHTEN: 536.910000 <P:25.000000, D:94.000000, INC:(391)[0 0 1 0 0 0 1 0 0 0 0 0 0 0 0 0 0 1 0 0 0 1 0 0 0 0 1 0 0 0 1 0 0 0 0 0 0 0 0 1 0 0 0 1 0 0 0 0 0 0 0 0 0 0 0 1 1 0 1 0 0 0 0 0 0 0 0 0 0 0 0 0 0 0 0 0 1 0 0 0 0 0 0 0 0 0 0 0 0 0 0 0 0 0 0 0 0 0 1 0 0 0 0 0 0 0 0 0 0 0 0 0 0 0 0 0 0 0 0 0 0 0 0 0 0 0 0 0 0 0 0 0 0 0 0 0 0 0 0 0 0 0 0 0 0 0 0 0 0 0 0 1 0 0 0 0 0 0 0 0 0 0 0 0 0 0 0 1 0 0 0 0 0 0 0 0 0 0 0 0 0 0 0 0 1 0 1 0 0 0 0 0 0 0 0 0 0 0 0 0 0 0 0 0 1 0 1 0 0 0 0 0 0 0 0 0 0 0 1 0 0 0 0 0 0 0 0 0 0 0 1 0 0 0 0 0 0 0 0 0 0 0 0 0 0 0 0 0 0 0 0 0 0 0 0 0 0 0 0 0 0 0 0 0 0 0 0 0 0 0 0 0 0 0 0 0 0 0 0 0 0 0 0 0 0 0 0 0 0 0 0 0 0 0 0 0 0 0 0 0 0 0 0 0 0 0 0 0 0 1 0 0 0 0 0 0 0 0 0 0 0 0 0 0 0 0 0 0 0 0 0 0 0 0 0 0 0 0 0 0 0 0 1 0 0 0 0 0 0 0 0 0 0 0 0 0 0 0 0 0 0 0 0 0 0 0 0 0 0 0 0 0 1 0 0 0 0 0 0 0 0 0 0 0 0 0 0 0 0 0 1 ]> 25.000000 25.000000 + 0.000000 #12585
B&B(22479)	 94.000000	 25.000000	      -	 time:541.5630s
B&B(22693)	 93.000000	 25.000000	      -	 time:546.5700s
B&B(22923)	 93.000000	 25.000000	      -	 time:551.5780s
B&B(23146)	 93.000000	 25.000000	      -	 time:556.5940s
B&B(23372)	 93.000000	 25.000000	      -	 time:561.6060s
B&B(23598)	 93.000000	 25.000000	      -	 time:566.6140s
B&B(23826)	 93.000000	 25.000000	      -	 time:571.6180s
B&B(24054)	 93.000000	 25.000000	      -	 time:576.6320s
B&B(24285)	 93.000000	 25.000000	      -	 time:581.6400s
B&B(24495)	 93.000000	 25.000000	      -	 time:586.6450s
B&B(24719)	 92.000000	 25.000000	      -	 time:591.6560s
B&B(24945)	 92.000000	 25.000000	      -	 time:596.6730s
B&B(25159)	 92.000000	 25.000000	      -	 time:601.6900s
B&B(25375)	 92.000000	 25.000000	      -	 time:606.6990s
B&B(25603)	 92.000000	 25.000000	      -	 time:611.7070s
B&B(25838)	 92.000000	 25.000000	      -	 time:616.7140s
B&B(26059)	 92.000000	 25.000000	      -	 time:621.7270s
B&B(26277)	 92.000000	 25.000000	      -	 time:626.7310s
B&B(26480)	 92.000000	 25.000000	      -	 time:631.7390s
B&B(26694)	 91.000000	 25.000000	      -	 time:636.7440s
B&B(26905)	 91.000000	 25.000000	      -	 time:641.7470s
B&B(27124)	 91.000000	 25.000000	      -	 time:646.7610s
B&B(27344)	 91.000000	 25.000000	      -	 time:651.7690s
B&B(27546)	 91.000000	 25.000000	      -	 time:656.7790s
B&B(27772)	 91.000000	 25.000000	      -	 time:661.7880s
B&B(28001)	 91.000000	 25.000000	      -	 time:666.8020s
B&B(28225)	 91.000000	 25.000000	      -	 time:671.8070s
B&B(28455)	 91.000000	 25.000000	      -	 time:676.8190s
B&B(28677)	 91.000000	 25.000000	      -	 time:681.8400s
B&B(28897)	 91.000000	 25.000000	      -	 time:686.8510s
B&B(29105)	 91.000000	 25.000000	      -	 time:691.8550s
B&B(2930Command exited with non-zero status 124
	Command being timed: "/usr/bin/timeout 915 /home/fabio/CODD-NEWDom/cmake-build-release-ilyin/misp5 /home/fabio/CODD-NEWDom/data/misp/brock400_2.clq 64"
	User time (seconds): 912.89
	System time (seconds): 2.44
	Percent of CPU this job got: 99%
	Elapsed (wall clock) time (h:mm:ss or m:ss): 15:15.39
	Average shared text size (kbytes): 0
	Average unshared data size (kbytes): 0
	Average stack size (kbytes): 0
	Average total size (kbytes): 0
	Maximum resident set size (kbytes): 4793856
	Average resident set size (kbytes): 0
	Major (requiring I/O) page faults: 0
	Minor (reclaiming a frame) page faults: 1201778
	Voluntary context switches: 4
	Involuntary context switches: 2452
	Swaps: 0
	File system inputs: 0
	File system outputs: 56
	Socket messages sent: 0
	Socket messages received: 0
	Signals delivered: 0
	Page size (bytes): 4096
	Exit status: 124

