COMMAND: /usr/bin/time -v /usr/bin/timeout 915 /home/fabio/CODD-NEWDom/cmake-build-release-ilyin/misp5 /home/fabio/CODD-NEWDom/data/misp/san200_0.9_2.clq 128
TOP=200
B&B searching...
dual@root:200
B&B Nodes          Dual	 Primal	 Gap(%)
----------------------------------------------
update in RO 36.000000

CHECKER is 1 SUM:36
TIME:41.000000
P TIGHTEN: 0.041000 <P:36.000000, D:200.000000, INC:(130)[0 1 1 1 1 1 0 1 0 1 1 1 0 1 0 1 0 1 1 0 0 0 1 0 0 1 1 0 0 0 0 0 1 0 0 1 1 1 0 1 0 0 0 0 0 0 0 0 1 0 0 1 0 1 0 0 0 0 1 0 0 0 0 1 0 0 0 1 0 0 0 0 0 0 0 1 0 0 1 0 0 0 0 0 0 0 0 0 0 0 1 1 0 1 0 0 0 0 0 1 0 0 0 0 0 0 0 0 0 0 0 1 1 0 0 0 0 0 0 0 0 0 0 0 0 0 0 0 0 1 ]> 36.000000 36.000000 + 0.000000 #15417
update in RO 37.000000

CHECKER is 1 SUM:37
TIME:41.000000
P TIGHTEN: 0.042000 <P:37.000000, D:200.000000, INC:(163)[0 1 1 1 1 1 0 1 0 1 1 1 0 1 0 1 0 1 1 0 0 0 1 0 0 1 1 0 0 0 0 0 1 0 0 1 1 1 0 1 0 0 0 0 0 0 0 0 1 0 0 1 0 1 0 0 0 0 1 0 0 0 0 1 0 0 0 1 0 0 0 0 0 0 0 1 0 0 1 0 0 0 0 0 0 0 0 0 0 0 1 1 0 1 0 0 0 0 0 1 0 0 0 0 0 0 0 0 0 0 0 1 1 0 0 0 0 0 0 0 0 0 0 0 0 0 0 0 1 0 0 0 0 0 0 0 0 0 0 0 0 0 0 0 0 0 0 0 0 0 0 0 0 0 0 0 0 0 0 0 0 0 1 ]> 37.000000 37.000000 + 0.000000 #16518
update in RO 38.000000

CHECKER is 1 SUM:38
TIME:101.000000
P TIGHTEN: 0.102000 <P:38.000000, D:117.000000, INC:(154)[0 1 0 1 1 1 1 0 0 0 1 1 0 1 0 1 1 1 0 1 0 0 1 0 0 1 1 0 0 0 0 1 1 0 0 1 1 1 0 1 0 0 0 0 0 0 0 0 0 0 1 1 0 1 0 0 0 0 0 0 0 0 0 1 0 0 0 0 0 0 0 0 0 0 0 1 0 0 0 1 1 0 0 0 0 0 1 0 0 0 1 1 0 0 0 0 0 0 0 0 0 0 0 0 0 0 1 0 0 0 0 0 1 0 0 0 0 0 0 1 0 0 0 0 0 0 0 0 0 0 0 0 0 0 0 0 0 0 0 0 1 0 0 0 0 0 0 0 0 1 0 0 1 1 ]> 38.000000 38.000000 + 0.000000 #14107
update in RO 40.000000

CHECKER is 1 SUM:40
TIME:193.000000
P TIGHTEN: 0.193000 <P:40.000000, D:117.000000, INC:(163)[0 1 0 1 1 0 0 1 0 1 0 1 0 1 1 1 0 1 1 0 0 0 1 0 0 1 1 0 0 0 0 0 1 0 0 1 1 1 0 1 0 0 0 0 0 0 0 0 0 0 1 1 0 0 0 0 0 1 1 0 0 0 0 1 0 0 0 0 0 0 0 0 0 0 0 1 0 0 1 1 0 0 1 0 0 0 0 1 0 0 1 1 0 1 0 0 0 1 0 0 0 0 0 0 0 0 0 0 0 0 0 1 1 0 0 0 0 0 0 0 0 0 0 0 0 0 0 0 1 0 0 0 1 0 0 0 0 0 0 0 1 0 0 0 0 0 0 0 0 0 0 0 1 0 0 0 0 0 0 0 1 0 0 ]> 40.000000 40.000000 + 0.000000 #13751
update in RO 41.000000

CHECKER is 1 SUM:41
TIME:193.000000
P TIGHTEN: 0.193000 <P:41.000000, D:117.000000, INC:(163)[0 1 0 1 1 0 0 1 0 1 0 1 0 1 1 1 0 1 1 0 0 0 1 0 0 1 1 0 0 0 0 0 1 0 0 1 1 1 0 1 0 0 0 0 0 0 0 0 0 0 1 1 0 0 0 0 0 1 1 0 0 0 0 1 0 0 0 0 0 0 0 0 0 0 0 1 0 0 1 1 0 0 1 0 0 0 0 1 0 0 1 1 0 1 0 0 0 1 0 0 0 0 0 0 0 0 0 0 0 0 0 1 1 0 0 0 0 0 0 0 0 0 0 0 0 0 0 0 1 0 0 0 1 0 0 0 0 0 0 0 1 0 0 0 0 0 0 0 0 0 0 0 1 0 0 0 0 0 0 0 1 0 1 ]> 41.000000 41.000000 + 0.000000 #13751
update in RO 42.000000

CHECKER is 1 SUM:42
TIME:286.000000
P TIGHTEN: 0.287000 <P:42.000000, D:116.000000, INC:(186)[0 0 0 1 1 0 0 1 0 1 1 1 0 0 1 1 0 1 1 0 0 0 1 1 0 1 1 0 0 1 0 0 1 0 0 1 1 1 0 1 0 0 0 0 0 0 0 0 0 0 1 1 0 0 0 0 0 0 1 0 0 0 0 1 0 0 0 0 0 0 0 0 0 0 1 1 0 0 1 1 1 0 1 0 0 0 0 1 0 0 0 1 0 1 0 0 0 1 0 0 0 0 0 0 0 0 0 0 0 0 0 1 1 0 0 0 0 0 0 0 0 0 0 0 0 0 0 0 1 0 0 0 0 0 0 0 0 0 0 0 1 0 0 0 0 0 0 0 0 0 0 0 0 0 0 0 0 0 0 0 0 0 1 0 0 0 0 1 0 1 0 0 0 0 0 0 0 0 0 0 0 0 0 0 0 1 ]> 42.000000 42.000000 + 0.000000 #12692
update in RO 43.000000

CHECKER is 1 SUM:43
TIME:2860.000000
P TIGHTEN: 2.861000 <P:43.000000, D:115.000000, INC:(186)[0 0 0 1 0 0 0 0 0 1 1 1 0 0 1 1 1 1 1 0 0 0 1 1 0 1 1 0 0 1 0 0 1 0 0 1 1 1 0 1 0 0 0 0 0 0 0 0 0 0 1 1 0 0 0 1 0 0 1 0 0 0 0 1 0 0 0 0 0 0 0 0 0 0 1 1 0 0 1 1 0 0 1 0 0 0 0 1 0 0 0 1 0 1 0 0 0 1 0 0 0 0 0 0 0 0 0 0 0 0 0 1 0 1 0 0 0 0 0 0 0 0 0 0 0 0 0 0 1 0 0 0 1 0 0 0 0 0 0 0 1 0 0 0 0 0 0 0 0 0 0 0 0 0 0 0 0 0 0 1 0 0 1 0 0 0 0 1 0 1 0 0 0 0 0 0 0 0 0 0 0 0 0 0 0 1 ]> 43.000000 43.000000 + 0.000000 #12157
update in RO 44.000000

CHECKER is 1 SUM:44
TIME:3414.000000
P TIGHTEN: 3.415000 <P:44.000000, D:112.000000, INC:(196)[0 0 0 0 0 0 0 0 0 1 0 0 0 0 1 0 1 1 1 0 0 0 1 1 0 1 1 0 0 1 0 0 1 0 0 1 1 1 0 1 0 0 0 0 0 1 0 0 0 0 1 1 0 0 0 1 1 1 1 0 0 0 0 0 0 0 0 0 0 0 0 0 0 0 1 1 0 0 1 0 0 0 1 0 0 0 0 1 0 0 0 1 0 1 0 0 0 1 0 0 0 0 0 0 0 0 0 0 0 0 0 1 0 1 0 0 0 0 0 0 0 0 0 0 0 0 0 0 1 0 0 0 1 0 0 0 0 1 0 0 1 0 0 0 0 0 0 0 0 0 0 0 0 0 0 0 0 0 0 1 1 0 1 0 0 0 0 1 0 1 0 0 0 0 0 0 0 0 1 0 0 0 0 0 0 1 0 0 0 0 0 0 0 0 0 1 ]> 44.000000 44.000000 + 0.000000 #10656
update in RO 45.000000

CHECKER is 1 SUM:45
TIME:3741.000000
P TIGHTEN: 3.742000 <P:45.000000, D:112.000000, INC:(196)[0 0 0 0 0 0 0 0 0 1 0 1 0 0 1 0 1 1 1 0 0 0 1 1 0 1 1 0 0 1 0 0 1 0 0 1 1 1 0 1 0 0 0 0 0 1 0 0 0 0 1 1 0 0 0 1 1 1 1 0 0 0 0 0 0 0 0 0 0 0 0 0 0 0 1 1 0 0 1 0 0 0 1 0 0 0 0 1 0 0 0 1 0 1 0 0 0 1 0 0 0 0 0 0 0 0 0 0 0 0 0 1 0 1 0 0 0 0 0 0 0 0 0 0 0 0 0 0 1 0 0 0 1 0 0 0 0 1 0 0 1 0 0 0 0 0 0 0 0 0 0 0 0 0 0 0 0 0 0 1 1 0 1 0 0 0 0 1 0 1 0 0 0 0 0 0 0 0 1 0 0 0 0 0 0 1 0 0 0 0 0 0 0 0 0 1 ]> 45.000000 45.000000 + 0.000000 #11030
B&B(  268)	 112.000000	 45.000000	      -	 time:5.0100s
update in RO 46.0000

CHECKER is 1 SUM:46
TIME:5532.000000
P TIGHTEN: 5.532000 <P:46.000000, D:112.000000, INC:(186)[0 0 0 0 0 0 0 0 0 1 0 1 0 1 1 1 1 0 1 0 0 0 1 0 0 1 0 0 0 1 0 0 1 0 0 1 1 1 0 1 0 0 0 0 0 0 0 0 0 0 1 1 0 0 0 1 0 1 1 0 0 0 0 1 0 0 0 0 0 0 0 0 1 0 0 1 0 0 1 0 0 0 1 0 0 0 0 1 0 0 0 1 0 1 0 0 0 1 1 0 0 0 0 0 0 0 0 0 0 0 0 1 0 1 0 0 0 0 0 0 0 0 0 0 0 0 0 0 1 0 1 0 1 0 0 1 0 0 0 0 1 0 0 0 0 0 0 0 0 0 0 0 0 0 0 0 0 0 0 1 1 0 1 0 1 0 0 1 0 1 0 0 0 1 0 0 0 0 1 0 0 0 0 0 0 1 ]> 46.000000 46.000000 + 0.000000 #9490
update in RO 47.000000

CHECKER is 1 SUM:47
TIME:6399.000000
P TIGHTEN: 6.400000 <P:47.000000, D:112.000000, INC:(196)[0 0 0 0 0 0 0 1 0 1 0 1 0 1 1 0 0 0 1 0 0 0 1 0 0 1 0 0 0 1 0 0 1 0 0 1 1 1 0 1 0 0 1 0 0 1 0 0 0 0 1 1 0 0 0 1 1 1 1 0 0 0 0 0 0 0 0 0 0 0 0 0 1 1 0 1 0 0 1 0 0 0 1 0 0 0 0 1 0 0 0 1 0 1 0 0 0 1 0 0 0 0 0 0 0 0 0 0 0 0 0 1 0 1 0 0 0 0 0 0 0 0 0 0 0 0 0 0 0 0 0 0 1 0 0 1 0 1 0 0 1 0 0 0 0 0 0 0 0 0 0 0 0 0 0 0 0 0 0 0 1 0 1 0 1 0 1 1 0 1 0 0 0 1 0 0 0 0 1 0 0 0 0 0 0 1 0 0 0 0 0 0 0 0 0 1 ]> 47.000000 47.000000 + 0.000000 #9982
update in RO 48.000000

CHECKER is 1 SUM:48
TIME:8521.000000
P TIGHTEN: 8.522000 <P:48.000000, D:108.000000, INC:(196)[0 0 0 0 0 0 0 0 0 0 0 0 0 0 0 0 1 0 1 0 0 0 1 1 0 1 0 0 0 1 0 1 1 0 0 1 1 1 0 1 0 0 0 0 0 1 0 0 0 0 1 1 0 1 0 1 1 1 1 0 0 0 0 0 0 0 0 0 0 0 0 0 0 1 0 1 0 0 1 0 0 0 1 0 0 0 0 1 0 0 0 1 0 1 0 0 0 0 1 0 0 0 0 0 1 0 0 0 0 0 0 1 0 1 0 0 0 0 0 0 0 0 0 0 0 0 0 0 1 0 1 0 1 0 0 1 0 1 1 0 1 0 0 0 0 0 0 0 0 0 0 0 0 0 0 0 0 0 0 1 0 0 1 0 1 0 1 0 1 1 0 0 0 1 0 0 0 0 1 0 0 0 0 0 0 1 0 0 0 0 0 0 0 0 0 1 ]> 48.000000 48.000000 + 0.000000 #8434
B&B(  566)	 107.000000	 48.000000	      -	 time:10.0150s
update in RO 49.0000

CHECKER is 1 SUM:49
TIME:11402.000000
P TIGHTEN: 11.402000 <P:49.000000, D:106.000000, INC:(196)[0 0 0 1 0 0 0 0 0 1 0 1 0 0 1 0 1 1 1 0 0 0 1 1 0 1 0 0 0 1 0 0 1 0 0 1 1 1 0 1 0 0 0 0 0 1 0 0 0 0 1 1 0 0 0 1 1 1 1 0 0 0 0 0 0 0 0 0 0 0 0 0 0 0 1 1 0 0 1 0 0 0 1 0 0 0 0 1 0 0 0 1 0 1 0 0 0 1 1 0 0 0 0 0 1 0 0 0 0 0 0 1 0 1 0 0 0 0 0 0 0 0 0 0 0 0 0 0 1 0 1 0 1 0 0 0 0 1 0 0 1 0 0 0 0 0 0 0 0 0 0 0 0 0 0 0 0 0 0 1 1 0 1 0 1 0 0 1 0 1 0 0 0 0 0 0 0 0 1 0 0 0 0 0 0 1 0 0 0 0 0 0 0 0 0 1 ]> 49.000000 49.000000 + 0.000000 #9659
B&B(  878)	 105.000000	 49.000000	      -	 time:15.0180s
B&B( 1179)	 104.000000	 49.000000	      -	 time:20.0330s
B&B( 1500)	 103.000000	 49.000000	      -	 time:25.0460s
B&B( 1841)	 102.000000	 49.000000	      -	 time:30.0530s
B&B( 2170)	 102.000000	 49.000000	      -	 time:35.0610s
B&B( 2503)	 101.000000	 49.000000	      -	 time:40.0720s
B&B( 2843)	 100.000000	 49.000000	      -	 time:45.0850s
B&B( 3196)	 99.000000	 49.000000	      -	 time:50.0960s
B&B( 3536)	 99.000000	 49.000000	      -	 time:55.1070s
B&B( 3862)	 99.000000	 49.000000	      -	 time:60.1130s
B&B( 4206)	 98.000000	 49.000000	 100.0000%	 time:65.1180s
B&B( 4546)	 98.000000	 49.000000	 100.0000%	 time:70.1270s
B&B( 4901)	 98.000000	 49.000000	 100.0000%	 time:75.1350s
B&B( 5237)	 97.000000	 49.000000	 97.9592%	 time:80.1410s
B&B( 5589)	 97.000000	 49.000000	 97.9592%	 time:85.1540s
B&B( 5931)	 97.000000	 49.000000	 97.9592%	 time:90.1590s
B&B( 6282)	 96.000000	 49.000000	 95.9184%	 time:95.1750s
B&B( 6631)	 96.000000	 49.000000	 95.9184%	 time:100.1850s
B&B( 6973)	 96.000000	 49.000000	 95.9184%	 time:105.1880s
B&B( 7317)	 95.000000	 49.000000	 93.8776%	 time:110.1960s
B&B( 7676)	 95.000000	 49.000000	 93.8776%	 time:115.2040s
B&B( 8032)	 95.000000	 49.000000	 93.8776%	 time:120.2180s
B&B( 8393)	 95.000000	 49.000000	 93.8776%	 time:125.2320s
B&B( 8748)	 95.000000	 49.000000	 93.8776%	 time:130.2460s
B&B( 9095)	 95.000000	 49.000000	 93.8776%	 time:135.2590s
B&B( 9444)	 95.000000	 49.000000	 93.8776%	 time:140.2650s
update in RO 50.0000

CHECKER is 1 SUM:50
TIME:143479.000000
P TIGHTEN: 143.480000 <P:50.000000, D:94.000000, INC:(196)[0 0 0 1 0 0 0 0 0 1 0 0 0 0 0 0 1 0 1 0 0 0 1 1 0 1 0 0 0 1 0 0 1 0 0 1 1 1 0 1 0 0 0 0 0 1 0 0 0 0 1 1 0 1 0 1 1 1 1 0 0 0 0 0 0 0 0 0 0 0 0 0 0 1 1 1 0 0 1 0 0 0 1 0 0 0 0 1 0 0 0 1 0 1 0 0 0 0 1 0 0 0 0 0 1 0 0 0 0 0 0 1 0 1 0 0 0 0 0 0 0 0 0 0 0 0 0 0 1 0 1 0 1 0 0 1 0 1 0 0 1 0 0 0 0 0 0 0 0 0 0 0 0 0 0 0 0 0 0 1 0 0 1 0 1 0 1 1 1 1 0 0 0 1 0 0 0 0 1 0 0 0 0 0 0 1 0 0 0 0 0 0 0 0 0 1 ]> 50.000000 50.000000 + 0.000000 #7978
B&B( 9801)	 94.000000	 50.000000	 88.0000%	 time:145.2710s
B&B(10162)	 94.000000	 50.000000	 88.0000%	 time:150.2760s
B&B(10545)	 94.000000	 50.000000	 88.0000%	 time:155.2810s
B&B(10924)	 94.000000	 50.000000	 88.0000%	 time:160.2870s
B&B(11261)	 94.000000	 50.000000	 88.0000%	 time:165.2910s
B&B(11646)	 94.000000	 50.000000	 88.0000%	 time:170.2980s
B&B(12000)	 94.000000	 50.000000	 88.0000%	 time:175.3130s
B&B(12346)	 94.000000	 50.000000	 88.0000%	 time:180.3190s
B&B(12708)	 94.000000	 50.000000	 88.0000%	 time:185.3310s
B&B(13084)	 94.000000	 50.000000	 88.0000%	 time:190.3380s
B&B(13478)	 93.000000	 50.000000	 86.0000%	 time:195.3500s
B&B(13872)	 93.000000	 50.000000	 86.0000%	 time:200.3600s
B&B(14284)	 93.000000	 50.000000	 86.0000%	 time:205.3670s
B&B(14676)	 93.000000	 50.000000	 86.0000%	 time:210.3710s
B&B(15061)	 93.000000	 50.000000	 86.0000%	 time:215.3730s
B&B(15445)	 93.000000	 50.000000	 86.0000%	 time:220.3790s
B&B(15869)	 93.000000	 50.000000	 86.0000%	 time:225.3850s
B&B(16274)	 93.000000	 50.000000	 86.0000%	 time:230.3910s
B&B(16673)	 93.000000	 50.000000	 86.0000%	 time:235.4000s
B&B(17050)	 93.000000	 50.000000	 86.0000%	 time:240.4130s
B&B(17444)	 92.000000	 50.000000	 84.0000%	 time:245.4210s
B&B(17882)	 92.000000	 50.000000	 84.0000%	 time:250.4300s
B&B(18268)	 92.000000	 50.000000	 84.0000%	 time:255.4350s
B&B(18668)	 92.000000	 50.000000	 84.0000%	 time:260.4420s
B&B(19103)	 92.000000	 50.000000	 84.0000%	 time:265.4480s
B&B(19550)	 92.000000	 50.000000	 84.0000%	 time:270.4490s
B&B(19967)	 92.000000	 50.000000	 84.0000%	 time:275.4520s
update in RO 51.0000

CHECKER is 1 SUM:51
TIME:278406.000000
P TIGHTEN: 278.406000 <P:51.000000, D:92.000000, INC:(196)[0 0 0 0 0 0 0 0 0 1 0 0 0 0 1 0 0 0 1 0 0 0 1 1 0 1 0 0 0 1 0 0 1 0 0 1 1 1 0 1 0 0 0 0 0 1 0 0 0 0 1 1 0 0 0 1 1 1 1 0 0 0 0 0 0 0 0 0 0 0 0 0 1 1 1 1 0 0 1 0 0 0 1 0 0 0 0 1 0 0 0 1 0 1 0 0 0 1 1 0 0 0 0 0 1 0 0 0 0 0 0 1 0 1 0 0 0 0 0 0 0 0 0 0 0 0 0 0 1 0 1 0 1 0 0 1 0 1 0 0 1 0 0 0 0 0 0 0 0 0 0 0 0 0 0 0 0 0 0 1 1 0 1 0 1 0 1 1 1 1 0 0 0 1 0 0 0 0 1 0 0 0 0 0 0 1 0 0 0 0 0 0 0 0 0 1 ]> 51.000000 51.000000 + 0.000000 #7466
update in RO 52.000000

CHECKER is 1 SUM:52
TIME:279136.000000
P TIGHTEN: 279.137000 <P:52.000000, D:92.000000, INC:(196)[0 0 0 0 0 0 0 0 0 1 0 0 0 0 1 0 1 0 1 0 0 0 1 1 0 1 0 0 0 1 0 0 1 0 0 1 1 1 0 1 0 0 0 0 0 1 0 0 0 0 1 1 0 0 0 1 1 1 1 0 0 0 0 0 0 0 0 0 0 0 0 0 1 1 1 1 0 0 1 0 0 0 1 0 0 0 0 1 0 0 0 1 0 1 0 0 0 1 1 0 0 0 0 0 1 0 0 0 0 0 0 1 0 1 0 0 0 0 0 0 0 0 0 0 0 0 0 0 1 0 1 0 1 0 0 1 0 1 0 0 1 0 0 0 0 0 0 0 0 0 0 0 0 0 0 0 0 0 0 1 1 0 1 0 1 0 1 1 1 1 0 0 0 1 0 0 0 0 1 0 0 0 0 0 0 1 0 0 0 0 0 0 0 0 0 1 ]> 52.000000 52.000000 + 0.000000 #6981
B&B(20394)	 92.000000	 52.000000	 76.9231%	 time:280.4540s
B&B(20867)	 92.000000	 52.000000	 76.9231%	 time:285.4560s
B&B(21323)	 92.000000	 52.000000	 76.9231%	 time:290.4580s
B&B(21773)	 91.000000	 52.000000	 75.0000%	 time:295.4680s
B&B(22228)	 91.000000	 52.000000	 75.0000%	 time:300.4710s
B&B(22684)	 91.000000	 52.000000	 75.0000%	 time:305.4790s
B&B(23124)	 91.000000	 52.000000	 75.0000%	 time:310.4870s
B&B(23548)	 91.000000	 52.000000	 75.0000%	 time:315.4980s
B&B(24029)	 91.000000	 52.000000	 75.0000%	 time:320.5070s
B&B(24418)	 91.000000	 52.000000	 75.0000%	 time:325.5110s
B&B(24829)	 91.000000	 52.000000	 75.0000%	 time:330.5200s
B&B(25226)	 91.000000	 52.000000	 75.0000%	 time:335.5260s
B&B(25674)	 91.000000	 52.000000	 75.0000%	 time:340.5350s
B&B(26124)	 91.000000	 52.000000	 75.0000%	 time:345.5410s
B&B(26539)	 90.000000	 52.000000	 73.0769%	 time:350.5480s
B&B(26971)	 90.000000	 52.000000	 73.0769%	 time:355.5590s
B&B(27458)	 90.000000	 52.000000	 73.0769%	 time:360.5660s
B&B(27843)	 90.000000	 52.000000	 73.0769%	 time:365.5690s
B&B(28294)	 90.000000	 52.000000	 73.0769%	 time:370.5720s
B&B(28709)	 90.000000	 52.000000	 73.0769%	 time:375.5820s
B&B(29156)	 90.000000	 52.000000	 73.0769%	 time:380.5890s
B&B(29602)	 90.000000	 52.000000	 73.0769%	 time:385.5950s
B&B(30048)	 90.000000	 52.000000	 73.0769%	 time:390.6000s
B&B(30516)	 90.000000	 52.000000	 73.0769%	 time:395.6140s
B&B(30919)	 90.000000	 52.000000	 73.0769%	 time:400.6260s
B&B(31371)	 90.000000	 52.000000	 73.0769%	 time:405.6370s
B&B(31788)	 90.000000	 52.000000	 73.0769%	 time:410.6410s
B&B(32182)	 90.000000	 52.000000	 73.0769%	 time:415.6480s
B&B(32579)	 90.000000	 52.000000	 73.0769%	 time:420.6580s
B&B(32958)	 90.000000	 52.000000	 73.0769%	 time:425.6680s
B&B(33356)	 90.000000	 52.000000	 73.0769%	 time:430.6720s
B&B(33773)	 90.000000	 52.000000	 73.0769%	 time:435.6760s
B&B(34207)	 90.000000	 52.000000	 73.0769%	 time:440.6810s
B&B(34648)	 89.000000	 52.000000	 71.1538%	 time:445.6850s
B&B(35060)	 89.000000	 52.000000	 71.1538%	 time:450.6890s
B&B(35486)	 89.000000	 52.000000	 71.1538%	 time:455.6920s
B&B(36018)	 89.000000	 52.000000	 71.1538%	 time:460.6940s
update in RO 53.0000

CHECKER is 1 SUM:53
TIME:463446.000000
P TIGHTEN: 463.446000 <P:53.000000, D:89.000000, INC:(196)[0 0 0 0 0 0 0 0 0 0 0 1 0 0 1 0 0 0 0 0 0 0 0 1 0 1 0 0 0 1 0 0 1 0 0 1 1 1 0 0 0 0 0 0 0 1 0 0 0 0 1 1 0 0 0 1 1 1 1 0 0 0 0 0 0 0 0 0 0 0 0 0 1 1 1 1 0 0 1 0 0 0 1 0 0 1 0 1 0 0 0 1 0 1 0 0 0 1 1 0 0 0 0 0 1 0 0 0 0 0 0 1 0 1 0 0 0 0 0 0 0 0 0 0 0 0 0 0 1 0 1 0 1 0 1 1 0 1 0 0 1 0 0 0 0 0 0 0 0 0 0 0 0 0 0 0 0 0 0 1 1 0 1 0 1 0 1 1 1 1 0 0 0 1 0 0 1 0 1 0 0 1 0 0 0 1 0 0 0 0 0 0 0 0 1 1 ]> 53.000000 53.000000 + 0.000000 #4685
B&B(36475)	 89.000000	 53.000000	 67.9245%	 time:465.7070s
B&B(36983)	 89.000000	 53.000000	 67.9245%	 time:470.7100s
B&B(37478)	 89.000000	 53.000000	 67.9245%	 time:475.7150s
B&B(37928)	 89.000000	 53.000000	 67.9245%	 time:480.7200s
B&B(38384)	 89.000000	 53.000000	 67.9245%	 time:485.7290s
B&B(38853)	 89.000000	 53.000000	 67.9245%	 time:490.7330s
B&B(39398)	 89.000000	 53.000000	 67.9245%	 time:495.7440s
B&B(39822)	 89.000000	 53.000000	 67.9245%	 time:500.7480s
B&B(40391)	 89.000000	 53.000000	 67.9245%	 time:505.7540s
B&B(40826)	 89.000000	 53.000000	 67.9245%	 time:510.7680s
B&B(41215)	 89.000000	 53.000000	 67.9245%	 time:515.7760s
B&B(41626)	 89.000000	 53.000000	 67.9245%	 time:520.7790s
B&B(42067)	 89.000000	 53.000000	 67.9245%	 time:525.7860s
B&B(42491)	 89.000000	 53.000000	 67.9245%	 time:530.7940s
B&B(43020)	 89.000000	 53.000000	 67.9245%	 time:535.7960s
B&B(43455)	 89.000000	 53.000000	 67.9245%	 time:540.8040s
B&B(43850)	 89.000000	 53.000000	 67.9245%	 time:545.8100s
B&B(44273)	 89.000000	 53.000000	 67.9245%	 time:550.8230s
B&B(44643)	 89.000000	 53.000000	 67.9245%	 time:555.8280s
B&B(45040)	 89.000000	 53.000000	 67.9245%	 time:560.8350s
B&B(45505)	 89.000000	 53.000000	 67.9245%	 time:565.8440s
B&B(45950)	 89.000000	 53.000000	 67.9245%	 time:570.8470s
B&B(46491)	 89.000000	 53.000000	 67.9245%	 time:575.8490s
B&B(46923)	 89.000000	 53.000000	 67.9245%	 time:580.8510s
B&B(47386)	 88.000000	 53.000000	 66.0377%	 time:585.8620s
B&B(47838)	 88.000000	 53.000000	 66.0377%	 time:590.8740s
B&B(48334)	 88.000000	 53.000000	 66.0377%	 time:595.8850s
B&B(48875)	 88.000000	 53.000000	 66.0377%	 time:600.8930s
B&B(49358)	 88.000000	 53.000000	 66.0377%	 time:605.9050s
B&B(49889)	 88.000000	 53.000000	 66.0377%	 time:610.9100s
B&B(50354)	 88.000000	 53.000000	 66.0377%	 time:615.9150s
B&B(50827)	 88.000000	 53.000000	 66.0377%	 time:620.9230s
B&B(51278)	 88.000000	 53.000000	 66.0377%	 time:625.9260s
B&B(51781)	 88.000000	 53.000000	 66.0377%Command exited with non-zero status 124
	Command being timed: "/usr/bin/timeout 915 /home/fabio/CODD-NEWDom/cmake-build-release-ilyin/misp5 /home/fabio/CODD-NEWDom/data/misp/san200_0.9_2.clq 128"
	User time (seconds): 908.30
	System time (seconds): 7.75
	Percent of CPU this job got: 99%
	Elapsed (wall clock) time (h:mm:ss or m:ss): 15:16.14
	Average shared text size (kbytes): 0
	Average unshared data size (kbytes): 0
	Average stack size (kbytes): 0
	Average total size (kbytes): 0
	Maximum resident set size (kbytes): 16232448
	Average resident set size (kbytes): 0
	Major (requiring I/O) page faults: 0
	Minor (reclaiming a frame) page faults: 4061551
	Voluntary context switches: 4
	Involuntary context switches: 3627
	Swaps: 0
	File system inputs: 0
	File system outputs: 56
	Socket messages sent: 0
	Socket messages received: 0
	Signals delivered: 0
	Page size (bytes): 4096
	Exit status: 124

