COMMAND: /usr/bin/time -v /usr/bin/timeout 915 /home/fabio/CODD-NEWDom/cmake-build-release-ilyin/misp5 /home/fabio/CODD-NEWDom/data/misp/san200_0.9_3.clq 128
TOP=200
B&B searching...
dual@root:200
B&B Nodes          Dual	 Primal	 Gap(%)
----------------------------------------------
update in RO 29.000000

CHECKER is 1 SUM:29
TIME:40.000000
P TIGHTEN: 0.040000 <P:29.000000, D:200.000000, INC:(147)[0 1 1 0 0 1 1 0 1 1 1 0 0 1 1 0 1 0 0 1 1 1 0 0 1 0 0 0 0 1 0 0 0 1 1 0 1 0 0 1 0 0 1 0 0 0 1 0 0 0 0 0 0 0 1 0 0 0 0 0 0 0 0 0 0 1 0 0 0 0 0 0 0 0 0 0 1 0 0 1 0 0 0 0 1 0 0 1 0 0 0 0 0 0 0 0 0 0 0 0 0 0 0 0 0 0 0 0 0 0 0 0 0 0 0 0 0 0 1 0 0 0 0 0 0 0 0 0 0 0 0 0 0 0 0 0 0 0 0 0 0 0 0 0 0 0 1 ]> 29.000000 29.000000 + 0.000000 #16619
update in RO 30.000000

CHECKER is 1 SUM:30
TIME:59.000000
P TIGHTEN: 0.060000 <P:30.000000, D:114.000000, INC:(174)[0 0 0 0 1 1 0 1 1 0 1 0 0 1 0 0 1 1 0 1 1 1 0 0 0 0 1 0 0 1 0 0 0 0 1 0 1 0 0 1 0 0 1 0 0 0 1 0 0 0 0 0 0 0 1 0 0 0 0 0 0 0 1 0 0 1 0 0 0 0 0 0 1 0 0 0 0 0 0 1 0 0 0 0 0 0 1 1 0 0 0 0 0 0 0 0 0 0 0 0 0 0 0 0 0 0 0 0 0 0 0 0 0 0 0 0 0 0 1 0 0 0 0 0 0 0 0 0 0 0 1 1 0 0 0 0 0 0 0 0 0 0 0 0 0 0 1 0 0 0 0 0 0 0 0 0 0 0 0 0 0 0 0 0 0 0 0 0 0 0 0 0 1 0 ]> 30.000000 30.000000 + 0.000000 #15686
update in RO 31.000000

CHECKER is 1 SUM:31
TIME:59.000000
P TIGHTEN: 0.060000 <P:31.000000, D:114.000000, INC:(174)[0 0 0 0 1 1 0 1 1 0 1 0 0 1 0 0 1 1 0 1 1 1 0 0 0 0 1 0 0 1 0 0 0 0 1 0 1 0 0 1 0 0 1 0 0 0 1 0 0 0 0 0 0 0 1 0 0 0 0 0 0 0 1 0 0 1 0 0 0 0 0 0 1 0 0 0 0 0 0 1 0 0 0 0 0 0 1 1 0 0 0 0 0 0 0 0 0 0 0 0 0 0 0 0 0 0 0 0 0 0 0 0 0 0 0 0 0 0 1 0 0 0 0 0 0 0 0 0 0 0 1 1 0 0 0 0 0 0 0 0 0 0 0 0 0 0 1 0 0 0 0 0 0 0 0 0 0 0 0 0 0 0 0 0 0 0 0 0 0 0 0 0 1 1 ]> 31.000000 31.000000 + 0.000000 #15686
update in RO 32.000000

CHECKER is 1 SUM:32
TIME:897.000000
P TIGHTEN: 0.898000 <P:32.000000, D:114.000000, INC:(174)[0 0 1 0 1 0 0 1 1 0 1 0 0 1 0 0 1 0 0 1 1 1 0 0 0 0 1 0 0 1 0 0 0 0 1 0 1 0 0 1 0 0 1 0 0 0 1 0 0 0 0 0 0 0 1 0 0 0 0 0 0 0 1 0 0 1 0 1 0 0 0 0 1 0 0 0 0 1 0 1 0 0 0 0 0 0 1 1 0 0 0 0 0 0 0 0 0 0 0 0 0 0 0 0 0 0 0 0 0 0 0 0 0 0 0 0 0 0 1 0 0 0 0 0 0 0 0 0 0 0 1 1 0 0 0 0 0 0 0 0 0 0 0 0 0 0 1 0 0 0 0 0 0 0 0 0 0 0 0 0 0 0 0 0 0 0 0 0 0 0 0 0 1 1 ]> 32.000000 32.000000 + 0.000000 #13280
update in RO 33.000000

CHECKER is 1 SUM:33
TIME:1519.000000
P TIGHTEN: 1.519000 <P:33.000000, D:113.000000, INC:(199)[0 0 0 0 1 0 0 1 0 0 1 0 0 1 0 0 1 1 0 1 1 1 0 0 0 0 1 0 0 1 0 1 0 0 1 0 1 0 0 1 0 0 0 1 0 0 1 0 0 0 0 0 0 0 1 0 0 1 0 0 0 0 0 0 0 1 0 0 0 0 0 0 1 0 0 0 0 1 0 0 0 0 0 0 0 0 1 0 0 0 0 0 0 0 0 0 0 0 0 0 0 0 0 0 0 0 0 0 0 0 0 0 0 0 0 0 0 0 1 0 0 0 0 0 0 0 0 0 0 0 0 0 0 0 0 1 0 0 0 0 0 0 0 0 0 0 0 0 0 1 0 0 0 0 0 0 0 0 0 1 0 1 0 0 0 0 0 0 0 0 0 0 1 0 0 0 0 0 0 0 0 0 1 0 0 0 0 0 0 0 0 0 0 1 1 0 0 0 1 ]> 33.000000 33.000000 + 0.000000 #12273
update in RO 34.000000

CHECKER is 1 SUM:34
TIME:4684.000000
P TIGHTEN: 4.685000 <P:34.000000, D:111.000000, INC:(195)[0 0 0 0 0 0 0 0 0 1 1 0 1 1 0 0 0 1 0 1 1 1 1 0 1 0 0 0 0 0 1 0 0 1 0 0 1 0 0 1 0 1 0 1 0 0 1 0 0 0 1 0 0 0 1 0 1 0 0 0 0 0 0 0 1 1 0 0 0 0 0 0 0 0 0 0 0 0 0 0 0 0 0 0 1 0 1 0 0 0 0 0 1 0 0 0 0 0 0 0 0 0 0 0 0 0 0 0 0 0 0 0 0 0 0 0 0 0 0 0 0 0 0 0 0 0 0 0 0 0 0 0 0 1 0 1 0 1 0 0 0 1 0 0 0 0 1 1 0 0 0 0 0 0 0 0 0 0 0 0 0 1 0 0 0 0 0 0 0 0 0 0 0 0 0 0 0 0 0 0 0 0 0 0 0 0 0 0 1 0 0 0 0 0 1 ]> 34.000000 34.000000 + 0.000000 #11913
B&B(  282)	 111.000000	 34.000000	      -	 time:5.0060s
B&B(  594)	 102.000000	 34.000000	      -	 time:10.0070s
update in RO 35.0000

CHECKER is 1 SUM:35
TIME:11663.000000
P TIGHTEN: 11.664000 <P:35.000000, D:101.000000, INC:(188)[0 0 0 1 0 0 0 0 0 0 1 0 1 0 0 1 0 1 0 1 1 1 1 0 0 0 0 0 0 1 1 1 0 0 0 1 0 1 0 0 0 0 0 0 1 1 1 0 0 0 0 0 1 0 1 0 0 0 1 0 0 0 0 0 0 0 0 0 0 0 0 0 0 0 1 0 0 0 0 0 1 0 0 0 0 0 0 0 0 0 0 0 0 0 0 0 0 0 0 0 0 1 0 0 0 0 0 0 0 0 0 0 0 1 0 1 0 0 1 0 0 0 0 1 0 0 0 0 0 1 0 0 0 0 0 1 0 0 0 0 0 0 0 0 0 0 0 1 0 1 0 0 0 0 1 0 0 0 0 0 0 0 0 0 1 0 0 0 0 0 0 0 0 0 1 0 0 0 0 0 0 0 0 0 0 0 0 1 ]> 35.000000 35.000000 + 0.000000 #12437
B&B(  915)	 100.000000	 35.000000	      -	 time:15.0260s
B&B( 1230)	 99.000000	 35.000000	      -	 time:20.0380s
B&B( 1560)	 98.000000	 35.000000	      -	 time:25.0490s
B&B( 1884)	 98.000000	 35.000000	      -	 time:30.0540s
B&B( 2195)	 97.000000	 35.000000	      -	 time:35.0660s
B&B( 2505)	 97.000000	 35.000000	      -	 time:40.0670s
B&B( 2833)	 96.000000	 35.000000	      -	 time:45.0820s
B&B( 3164)	 96.000000	 35.000000	      -	 time:50.0940s
B&B( 3497)	 95.000000	 35.000000	      -	 time:55.1000s
B&B( 3828)	 95.000000	 35.000000	      -	 time:60.1150s
B&B( 4167)	 94.000000	 35.000000	      -	 time:65.1270s
B&B( 4499)	 93.000000	 35.000000	      -	 time:70.1330s
B&B( 4841)	 93.000000	 35.000000	      -	 time:75.1370s
B&B( 5170)	 92.000000	 35.000000	      -	 time:80.1410s
B&B( 5499)	 92.000000	 35.000000	      -	 time:85.1520s
B&B( 5834)	 92.000000	 35.000000	      -	 time:90.1560s
B&B( 6171)	 92.000000	 35.000000	      -	 time:95.1740s
B&B( 6514)	 92.000000	 35.000000	      -	 time:100.1760s
B&B( 6846)	 91.000000	 35.000000	      -	 time:105.1800s
B&B( 7188)	 91.000000	 35.000000	      -	 time:110.1830s
B&B( 7520)	 91.000000	 35.000000	      -	 time:115.1940s
B&B( 7860)	 91.000000	 35.000000	      -	 time:120.1990s
B&B( 8202)	 91.000000	 35.000000	      -	 time:125.2080s
B&B( 8547)	 91.000000	 35.000000	      -	 time:130.2100s
B&B( 8887)	 91.000000	 35.000000	      -	 time:135.2150s
B&B( 9225)	 91.000000	 35.000000	      -	 time:140.2200s
B&B( 9566)	 90.000000	 35.000000	      -	 time:145.2380s
B&B( 9908)	 90.000000	 35.000000	      -	 time:150.2530s
B&B(10244)	 90.000000	 35.000000	      -	 time:155.2620s
B&B(10577)	 90.000000	 35.000000	      -	 time:160.2710s
B&B(10913)	 90.000000	 35.000000	      -	 time:165.2800s
B&B(11269)	 90.000000	 35.000000	      -	 time:170.2850s
B&B(11632)	 90.000000	 35.000000	      -	 time:175.2980s
B&B(12001)	 90.000000	 35.000000	      -	 time:180.3040s
B&B(12377)	 90.000000	 35.000000	      -	 time:185.3140s
B&B(12751)	 89.000000	 35.000000	      -	 time:190.3200s
B&B(13135)	 89.000000	 35.000000	      -	 time:195.3240s
B&B(13466)	 89.000000	 35.000000	      -	 time:200.3350s
B&B(13817)	 89.000000	 35.000000	      -	 time:205.3450s
B&B(14213)	 89.000000	 35.000000	      -	 time:210.3530s
B&B(14605)	 89.000000	 35.000000	      -	 time:215.3550s
B&B(14985)	 89.000000	 35.000000	      -	 time:220.3680s
B&B(15368)	 89.000000	 35.000000	      -	 time:225.3780s
B&B(15759)	 89.000000	 35.000000	      -	 time:230.3800s
B&B(16149)	 88.000000	 35.000000	      -	 time:235.3870s
B&B(16541)	 88.000000	 35.000000	      -	 time:240.3990s
B&B(16943)	 88.000000	 35.000000	      -	 time:245.4070s
B&B(17340)	 88.000000	 35.000000	      -	 time:250.4140s
B&B(17735)	 88.000000	 35.000000	      -	 time:255.4200s
update in RO 36.0000

CHECKER is 1 SUM:36
TIME:257586.000000
P TIGHTEN: 257.587000 <P:36.000000, D:88.000000, INC:(197)[1 0 0 0 0 0 0 0 0 1 0 0 0 0 0 0 0 1 0 0 1 0 0 0 1 0 0 0 0 0 1 0 0 1 1 1 0 1 0 1 0 0 0 0 0 1 1 0 0 0 1 0 0 0 1 0 1 0 1 0 0 0 0 0 0 1 0 0 0 1 0 0 0 0 0 1 1 0 0 0 1 0 0 0 0 0 0 1 0 0 1 1 0 0 0 0 1 0 0 0 0 0 0 0 0 0 0 0 0 1 0 0 0 0 0 0 0 0 1 0 0 0 0 0 0 0 0 1 0 0 0 0 0 0 0 1 0 1 0 0 0 0 0 0 1 0 0 0 0 0 0 0 0 0 0 0 0 0 0 0 0 0 0 0 0 0 0 0 0 0 0 0 0 0 1 0 1 0 0 0 0 0 0 0 1 0 0 0 0 0 0 0 0 0 0 0 1 ]> 36.000000 36.000000 + 0.000000 #6810
B&B(18142)	 88.000000	 36.000000	      -	 time:260.4310s
B&B(18549)	 88.000000	 36.000000	      -	 time:265.4400s
B&B(18954)	 88.000000	 36.000000	      -	 time:270.4420s
B&B(19362)	 88.000000	 36.000000	      -	 time:275.4530s
B&B(19764)	 88.000000	 36.000000	      -	 time:280.4610s
B&B(20159)	 88.000000	 36.000000	      -	 time:285.4670s
B&B(20553)	 88.000000	 36.000000	      -	 time:290.4760s
B&B(20944)	 88.000000	 36.000000	      -	 time:295.4880s
B&B(21347)	 87.000000	 36.000000	      -	 time:300.4970s
B&B(21745)	 87.000000	 36.000000	      -	 time:305.5000s
B&B(22153)	 87.000000	 36.000000	      -	 time:310.5110s
B&B(22539)	 87.000000	 36.000000	      -	 time:315.5120s
B&B(22945)	 87.000000	 36.000000	      -	 time:320.5160s
B&B(23361)	 87.000000	 36.000000	      -	 time:325.5280s
B&B(23774)	 87.000000	 36.000000	      -	 time:330.5380s
B&B(24190)	 87.000000	 36.000000	      -	 time:335.5440s
B&B(24589)	 87.000000	 36.000000	      -	 time:340.5550s
B&B(24994)	 87.000000	 36.000000	      -	 time:345.5610s
B&B(25398)	 87.000000	 36.000000	      -	 time:350.5680s
B&B(25795)	 87.000000	 36.000000	      -	 time:355.5730s
B&B(26190)	 87.000000	 36.000000	      -	 time:360.5830s
B&B(26589)	 87.000000	 36.000000	      -	 time:365.5890s
B&B(26992)	 87.000000	 36.000000	      -	 time:370.5900s
B&B(27395)	 87.000000	 36.000000	      -	 time:375.6010s
B&B(27803)	 86.000000	 36.000000	      -	 time:380.6150s
B&B(28220)	 86.000000	 36.000000	      -	 time:385.6220s
B&B(28625)	 86.000000	 36.000000	      -	 time:390.6310s
B&B(29012)	 86.000000	 36.000000	      -	 time:395.6380s
B&B(29421)	 86.000000	 36.000000	      -	 time:400.6400s
B&B(29832)	 86.000000	 36.000000	      -	 time:405.6420s
B&B(30245)	 86.000000	 36.000000	      -	 time:410.6480s
B&B(30659)	 86.000000	 36.000000	      -	 time:415.6600s
B&B(31076)	 86.000000	 36.000000	      -	 time:420.6710s
B&B(31489)	 86.000000	 36.000000	      -	 time:425.6800s
B&B(31895)	 86.000000	 36.000000	      -	 time:430.6890s
B&B(32306)	 86.000000	 36.000000	      -	 time:435.6970s
B&B(32712)	 86.000000	 36.000000	      -	 time:440.7020s
B&B(33120)	 86.000000	 36.000000	      -	 time:445.7060s
B&B(33525)	 86.000000	 36.000000	      -	 time:450.7150s
B&B(33935)	 86.000000	 36.000000	      -	 time:455.7260s
B&B(34352)	 86.000000	 36.000000	      -	 time:460.7310s
B&B(34766)	 86.000000	 36.000000	      -	 time:465.7450s
B&B(35166)	 86.000000	 36.000000	      -	 time:470.7520s
B&B(35586)	 85.000000	 36.000000	      -	 time:475.7620s
B&B(36007)	 85.000000	 36.000000	      -	 time:480.7750s
B&B(36416)	 85.000000	 36.000000	      -	 time:485.7850s
B&B(36812)	 85.000000	 36.000000	      -	 time:490.7870s
B&B(37232)	 85.000000	 36.000000	      -	 time:495.7980s
B&B(37630)	 85.000000	 36.000000	      -	 time:500.8070s
B&B(38060)	 85.000000	 36.000000	      -	 time:505.8090s
B&B(38481)	 85.000000	 36.000000	      -	 time:510.8230s
B&B(38890)	 85.000000	 36.000000	      -	 time:515.8250s
B&B(39303)	 85.000000	 36.000000	      -	 time:520.8260s
B&B(39721)	 85.000000	 36.000000	      -	 time:525.8390s
B&B(40141)	 85.000000	 36.000000	      -	 time:530.8410s
B&B(40561)	 85.000000	 36.000000	      -	 time:535.8510s
B&B(40982)	 85.000000	 36.000000	      -	 time:540.8620s
B&B(41373)	 85.000000	 36.000000	      -	 time:545.8700s
B&B(41787)	 85.000000	 36.000000	      -	 time:550.8750s
B&B(42202)	 85.000000	 36.000000	      -	 time:555.8860s
B&B(42617)	 85.000000	 36.000000	      -	 time:560.8960s
B&B(43045)	 85.000000	 36.000000	      -	 time:565.9070s
B&B(43447)	 85.000000	 36.000000	      -	 time:570.9090s
B&B(43856)	 85.000000	 36.000000	      -	 time:575.9210s
B&B(44262)	 85.000000	 36.000000	      -	 time:580.9330s
B&B(44704)	 84.000000	 36.000000	      -	 time:585.9440s
B&B(45101)	 84.000000	 36.000000	      -	 time:590.9560s
B&B(45509)	 84.000000	 36.000000	      -	 time:595.9630s
B&B(45928)	 84.000000	 36.000000	      -	 time:600.9670s
B&B(46350)	 84.000000	 36.000000	      -	 time:605.9800s
B&B(46777)	 84.000000	 36.000000	      -	 time:610.9820s
B&B(47197)	 84.000000	 36.000000	      -	 time:615.9860s
B&B(47627)	 84.000000	 36.000000	      -	 time:620.9900s
B&B(48060)	 84.000000	 36.000000	      -	 time:625.9990s
B&B(48481)	 84.000000	 36.000000	      -	 time:631.0040s
B&B(48893)	 84.000000	 36.000000	      -	 time:636.0090s
B&B(49303)	 84.000000	 36.000000	      -	 time:641.0130s
B&B(49736)	 84.000000	 36.000000	      -	 time:646.0200s
B&B(50173)	 84.000000	 36.000000	      -	 time:651.0270s
B&B(50603)	 84.000000	 36.000000	      -	 time:656.0330s
B&B(51031)	 84.000000	 36.000000	      -	 time:661.0460s
B&B(51468)	 84.000000	 36.000000	      -	 time:666.0500s
B&B(51873)	 84.000000	 36.000000	      -	 time:671.0520s
B&B(52273)	 84.000000	 36.000000	      -	 time:676.0550s
B&B(52695)	 84.000000	 36.000000	      -	 time:681.0680s
B&B(53124)	 84.000000	 36.000000	      -	 time:686.0740s
B&B(53539)	 84.000000	 36.000000	      -	 time:691.0790s
B&B(53969)	 84.000000	 36.000000	      -	 time:696.0830s
B&B(54388)	 84.000000	 36.000000	      -	 time:701.0920s
B&B(54804)	 84.000000	 36.000000	      -	 time:706.0940Command exited with non-zero status 124
	Command being timed: "/usr/bin/timeout 915 /home/fabio/CODD-NEWDom/cmake-build-release-ilyin/misp5 /home/fabio/CODD-NEWDom/data/misp/san200_0.9_3.clq 128"
	User time (seconds): 908.96
	System time (seconds): 6.98
	Percent of CPU this job got: 99%
	Elapsed (wall clock) time (h:mm:ss or m:ss): 15:16.04
	Average shared text size (kbytes): 0
	Average unshared data size (kbytes): 0
	Average stack size (kbytes): 0
	Average total size (kbytes): 0
	Maximum resident set size (kbytes): 14873088
	Average resident set size (kbytes): 0
	Major (requiring I/O) page faults: 0
	Minor (reclaiming a frame) page faults: 3721705
	Voluntary context switches: 4
	Involuntary context switches: 4162
	Swaps: 0
	File system inputs: 0
	File system outputs: 48
	Socket messages sent: 0
	Socket messages received: 0
	Signals delivered: 0
	Page size (bytes): 4096
	Exit status: 124

