COMMAND: /usr/bin/time -v /usr/bin/timeout 915 /home/fabio/CODD-NEWDom/cmake-build-release-ilyin/misp5 /home/fabio/CODD-NEWDom/data/misp/brock400_1.clq 128
TOP=400
B&B searching...
dual@root:400
B&B Nodes          Dual	 Primal	 Gap(%)
----------------------------------------------
update in RO 15.000000

CHECKER is 1 SUM:15
TIME:94.000000
P TIGHTEN: 0.094000 <P:15.000000, D:400.000000, INC:(211)[1 0 0 0 1 0 1 0 0 0 0 1 1 1 0 1 0 0 1 0 0 0 0 0 0 1 0 0 0 0 0 0 1 0 0 1 0 0 0 0 0 0 0 0 0 0 0 0 0 0 0 0 0 1 0 0 0 0 1 0 0 0 0 0 0 0 0 1 1 0 0 0 0 0 0 0 0 0 0 0 0 0 0 0 0 0 0 0 0 0 0 0 0 0 0 0 0 0 0 0 0 0 0 0 0 0 0 0 0 0 0 0 0 0 0 0 0 0 0 0 0 0 0 0 0 0 0 0 0 0 0 0 0 0 0 0 0 0 0 0 0 0 0 0 0 0 0 0 0 0 0 0 0 0 0 0 0 0 0 0 0 0 0 0 0 0 0 0 0 0 0 0 0 0 0 0 0 0 0 0 0 0 0 0 0 0 0 0 0 0 0 0 0 0 0 0 0 0 0 0 0 0 0 0 0 0 0 0 0 0 0 ]> 15.000000 15.000000 + 0.000000 #25867
update in RO 16.000000

CHECKER is 1 SUM:16
TIME:94.000000
P TIGHTEN: 0.094000 <P:16.000000, D:400.000000, INC:(211)[1 0 0 0 1 0 1 0 0 0 0 1 1 1 0 1 0 0 1 0 0 0 0 0 0 1 0 0 0 0 0 0 1 0 0 1 0 0 0 0 0 0 0 0 0 0 0 0 0 0 0 0 0 1 0 0 0 0 1 0 0 0 0 0 0 0 0 1 1 0 0 0 0 0 0 0 0 0 0 0 0 0 0 0 0 0 0 0 0 0 0 0 0 0 0 0 0 0 0 0 0 0 0 0 0 0 0 0 0 0 0 0 0 0 0 0 0 0 0 0 0 0 0 0 0 0 0 0 0 0 0 0 0 0 0 0 0 0 0 0 0 0 0 0 0 0 0 0 0 0 0 0 0 0 0 0 0 0 0 0 0 0 0 0 0 0 0 0 0 0 0 0 0 0 0 0 0 0 0 0 0 0 0 0 0 0 0 0 0 0 0 0 0 0 0 0 0 0 0 0 0 0 0 0 0 0 0 0 0 0 1 ]> 16.000000 16.000000 + 0.000000 #25867
update in RO 17.000000

CHECKER is 1 SUM:17
TIME:101.000000
P TIGHTEN: 0.101000 <P:17.000000, D:400.000000, INC:(280)[1 0 0 0 1 0 1 0 0 0 0 1 1 1 0 1 0 0 1 0 0 0 0 0 0 0 0 0 0 0 0 0 1 0 0 1 0 0 0 0 0 0 0 0 0 0 0 0 0 0 0 0 0 1 0 0 0 0 1 0 0 0 0 0 0 0 0 1 1 0 0 0 0 0 0 0 0 0 0 0 0 0 0 0 0 0 0 0 0 0 0 0 0 0 0 0 0 0 0 0 0 0 0 0 0 0 0 0 0 0 0 0 0 0 0 0 0 0 0 0 0 0 0 0 0 0 0 0 0 0 0 0 0 0 0 0 0 0 0 0 0 0 0 0 0 0 0 0 0 0 0 0 0 0 0 0 0 0 0 0 0 0 0 0 0 0 0 0 0 0 0 0 0 0 0 0 0 0 0 0 0 0 0 0 0 0 0 0 0 0 0 0 0 0 0 0 0 0 0 0 0 0 0 0 0 0 0 0 0 0 1 0 0 0 0 0 0 0 0 0 0 0 0 0 0 0 0 0 0 0 0 0 0 0 0 0 0 0 0 0 0 0 0 0 0 0 0 0 0 0 0 0 0 0 0 0 0 0 0 0 0 0 1 0 0 0 0 0 0 0 0 0 0 0 0 0 0 0 0 1 ]> 17.000000 17.000000 + 0.000000 #33786
update in RO 18.000000

CHECKER is 1 SUM:18
TIME:102.000000
P TIGHTEN: 0.102000 <P:18.000000, D:400.000000, INC:(297)[0 0 0 1 1 0 1 1 0 0 0 1 1 0 1 1 0 0 0 0 0 0 1 0 0 0 0 0 0 0 0 0 0 0 0 0 0 0 0 0 0 0 0 0 0 0 0 0 0 0 0 0 0 1 0 1 0 0 1 0 0 0 0 0 0 0 0 0 1 0 0 0 0 0 0 0 0 0 0 0 0 0 0 0 0 0 0 0 0 0 0 0 0 0 0 0 0 0 0 0 0 0 0 0 0 0 0 0 0 0 0 0 0 0 0 0 0 0 0 0 0 0 0 1 0 0 0 0 0 0 0 0 0 0 0 0 0 0 0 0 0 0 0 0 0 0 0 0 0 0 0 0 0 0 0 0 0 0 0 0 0 0 0 0 0 0 0 0 0 0 0 0 0 0 0 0 0 0 0 0 0 0 0 0 0 0 0 0 0 0 0 0 0 0 0 0 0 0 0 0 0 0 0 0 0 0 0 0 0 0 0 0 0 0 1 0 0 0 0 0 0 0 0 0 0 0 0 0 0 0 0 0 1 0 0 0 0 0 0 0 0 0 0 0 0 0 0 0 0 0 0 0 0 0 0 0 0 0 0 0 0 0 0 0 0 0 0 0 1 0 0 0 0 0 0 0 0 0 0 0 0 0 0 0 0 0 0 0 0 0 0 0 0 0 0 0 1 ]> 18.000000 18.000000 + 0.000000 #34870
update in RO 20.000000

CHECKER is 1 SUM:20
TIME:104.000000
P TIGHTEN: 0.104000 <P:20.000000, D:400.000000, INC:(349)[0 0 0 0 1 0 1 1 0 0 0 1 1 0 1 1 0 0 1 0 0 0 1 0 0 0 0 1 0 0 0 0 0 0 0 0 0 0 0 0 0 0 0 0 0 0 0 0 0 0 0 0 0 1 0 1 0 0 1 0 0 0 0 0 0 0 0 0 0 0 0 0 0 0 0 0 0 0 0 0 0 0 0 0 0 0 0 0 0 0 0 0 0 0 0 0 0 0 0 0 0 0 0 0 0 0 0 0 0 0 0 0 0 0 0 0 0 0 0 0 0 0 0 1 0 0 0 0 0 0 0 0 0 0 0 0 0 0 0 0 0 0 0 0 0 0 0 0 0 0 0 0 0 0 0 0 0 0 1 0 0 0 0 0 0 0 0 0 0 0 0 0 0 0 0 0 0 0 0 0 0 0 0 0 0 0 0 0 0 0 0 0 0 0 0 0 0 0 0 0 0 0 0 0 0 0 0 0 0 0 0 0 0 0 0 0 0 0 0 0 1 0 0 0 0 0 0 0 0 0 0 0 1 0 0 0 0 0 0 0 0 0 0 0 0 0 0 0 0 0 0 0 0 0 0 0 0 0 0 0 0 0 0 0 0 0 0 0 1 0 0 0 0 0 0 0 0 0 0 0 0 0 0 0 0 0 0 0 0 0 0 0 0 0 0 0 1 0 0 0 0 0 0 0 0 0 0 0 0 0 0 0 0 0 0 0 0 0 0 0 0 0 0 0 0 0 0 0 0 0 0 0 0 0 0 0 0 0 0 0 0 0 0 0 0 0 0 1 0 ]> 20.000000 20.000000 + 0.000000 #36418
update in RO 21.000000

CHECKER is 1 SUM:21
TIME:104.000000
P TIGHTEN: 0.104000 <P:21.000000, D:400.000000, INC:(349)[0 0 0 0 1 0 1 1 0 0 0 1 1 0 1 1 0 0 1 0 0 0 1 0 0 0 0 1 0 0 0 0 0 0 0 0 0 0 0 0 0 0 0 0 0 0 0 0 0 0 0 0 0 1 0 1 0 0 1 0 0 0 0 0 0 0 0 0 0 0 0 0 0 0 0 0 0 0 0 0 0 0 0 0 0 0 0 0 0 0 0 0 0 0 0 0 0 0 0 0 0 0 0 0 0 0 0 0 0 0 0 0 0 0 0 0 0 0 0 0 0 0 0 1 0 0 0 0 0 0 0 0 0 0 0 0 0 0 0 0 0 0 0 0 0 0 0 0 0 0 0 0 0 0 0 0 0 0 1 0 0 0 0 0 0 0 0 0 0 0 0 0 0 0 0 0 0 0 0 0 0 0 0 0 0 0 0 0 0 0 0 0 0 0 0 0 0 0 0 0 0 0 0 0 0 0 0 0 0 0 0 0 0 0 0 0 0 0 0 0 1 0 0 0 0 0 0 0 0 0 0 0 1 0 0 0 0 0 0 0 0 0 0 0 0 0 0 0 0 0 0 0 0 0 0 0 0 0 0 0 0 0 0 0 0 0 0 0 1 0 0 0 0 0 0 0 0 0 0 0 0 0 0 0 0 0 0 0 0 0 0 0 0 0 0 0 1 0 0 0 0 0 0 0 0 0 0 0 0 0 0 0 0 0 0 0 0 0 0 0 0 0 0 0 0 0 0 0 0 0 0 0 0 0 0 0 0 0 0 0 0 0 0 0 0 0 0 1 1 ]> 21.000000 21.000000 + 0.000000 #36418
update in RO 22.000000

CHECKER is 1 SUM:22
TIME:104.000000
P TIGHTEN: 0.104000 <P:22.000000, D:400.000000, INC:(392)[0 0 0 0 1 0 1 1 0 0 0 1 1 0 1 1 0 0 1 0 0 0 1 0 0 0 0 1 0 0 0 0 0 0 0 0 0 0 0 0 0 0 0 0 0 0 0 0 0 0 0 0 0 1 0 1 0 0 1 0 0 0 0 0 0 0 0 0 1 0 0 0 0 0 0 0 0 0 0 0 0 0 0 0 0 0 0 0 0 0 0 0 0 0 0 0 0 0 0 0 0 0 0 0 0 0 0 0 0 0 0 0 0 0 0 0 0 0 0 0 0 0 0 1 0 0 0 0 0 0 0 0 0 0 0 0 0 0 0 0 0 0 0 0 0 0 0 0 0 0 0 0 0 0 0 0 0 0 0 0 0 0 0 0 0 0 0 0 0 0 0 0 0 0 0 0 0 0 0 0 0 0 0 0 0 0 0 0 0 0 0 0 0 0 0 0 0 0 0 0 0 0 0 0 0 0 0 0 0 0 0 0 0 0 0 0 0 0 0 0 1 0 0 0 0 0 0 0 0 0 0 0 1 0 0 0 0 0 0 0 0 0 0 0 0 0 0 0 0 0 0 0 0 0 0 0 0 0 0 0 0 0 0 0 0 0 0 0 1 0 0 0 0 0 0 0 0 0 0 0 0 0 0 0 0 0 0 0 0 0 0 0 0 0 0 0 1 0 0 0 0 0 0 0 0 0 0 0 0 0 0 0 0 0 0 0 0 0 0 0 0 0 0 0 0 0 0 0 0 0 0 0 0 0 0 0 0 0 0 0 0 0 0 0 0 0 0 1 1 0 0 0 0 0 0 0 0 0 0 0 0 0 0 0 0 0 0 0 0 0 0 0 0 0 0 0 0 0 0 0 0 0 0 0 0 0 0 0 0 0 0 1 ]> 22.000000 22.000000 + 0.000000 #36460
update in RO 23.000000

CHECKER is 1 SUM:23
TIME:1665.000000
P TIGHTEN: 1.666000 <P:23.000000, D:145.000000, INC:(337)[0 0 0 1 0 0 0 0 0 0 1 1 1 0 0 1 0 0 0 0 1 0 0 0 0 0 0 0 0 0 0 0 0 0 0 0 0 0 1 1 0 0 0 0 0 0 0 1 0 0 0 0 0 1 0 0 0 0 0 0 0 0 0 0 0 0 0 0 0 0 0 0 0 0 0 0 0 0 0 0 0 0 0 0 0 0 0 0 0 0 0 0 0 0 0 0 0 0 0 0 1 0 0 0 0 0 0 0 0 0 0 0 0 0 0 0 1 0 0 0 0 0 0 1 0 1 0 0 0 0 0 0 0 0 0 0 0 0 0 0 0 0 0 0 0 0 0 0 0 0 1 0 0 0 0 0 0 0 0 0 1 0 0 0 0 0 0 0 0 0 0 0 0 0 0 0 0 0 0 0 0 0 0 0 0 0 0 0 0 0 0 0 0 0 0 0 0 0 0 0 0 0 0 0 0 0 0 0 0 1 0 0 0 0 0 0 1 0 0 0 0 0 0 0 0 0 0 0 0 0 0 0 1 0 0 0 0 0 0 0 0 0 0 0 0 0 0 0 1 0 0 0 0 0 0 0 0 0 0 0 0 0 0 0 0 0 0 0 0 0 0 0 0 0 0 0 0 0 0 0 0 0 0 0 0 0 0 0 1 0 0 0 0 0 0 0 0 0 0 0 0 0 0 0 0 0 0 0 0 0 0 0 0 0 0 0 0 0 0 0 0 0 0 0 0 0 0 0 0 1 0 0 0 0 0 0 1 ]> 23.000000 23.000000 + 0.000000 #21468
B&B(  103)	 140.000000	 23.000000	      -	 time:5.0510s
B&B(  211)	 138.000000	 23.000000	      -	 time:10.0700s
B&B(  321)	 133.000000	 23.000000	      -	 time:15.0990s
B&B(  436)	 130.000000	 23.000000	      -	 time:20.1420s
B&B(  547)	 127.000000	 23.000000	      -	 time:25.1560s
B&B(  667)	 122.000000	 23.000000	      -	 time:30.1980s
B&B(  787)	 120.000000	 23.000000	      -	 time:35.2160s
B&B(  913)	 116.000000	 23.000000	      -	 time:40.2460s
B&B( 1039)	 114.000000	 23.000000	      -	 time:45.2730s
B&B( 1169)	 112.000000	 23.000000	      -	 time:50.2920s
B&B( 1292)	 111.000000	 23.000000	      -	 time:55.3270s
B&B( 1413)	 110.000000	 23.000000	      -	 time:60.3570s
B&B( 1530)	 109.000000	 23.000000	      -	 time:65.3610s
B&B( 1649)	 108.000000	 23.000000	      -	 time:70.4070s
B&B( 1765)	 107.000000	 23.000000	      -	 time:75.4140s
B&B( 1885)	 106.000000	 23.000000	      -	 time:80.4270s
B&B( 2012)	 106.000000	 23.000000	      -	 time:85.4560s
B&B( 2131)	 105.000000	 23.000000	      -	 time:90.5020s
B&B( 2248)	 105.000000	 23.000000	      -	 time:95.5310s
B&B( 2356)	 105.000000	 23.000000	      -	 time:100.5590s
B&B( 2465)	 104.000000	 23.000000	      -	 time:105.6090s
B&B( 2579)	 104.000000	 23.000000	      -	 time:110.6270s
B&B( 2690)	 104.000000	 23.000000	      -	 time:115.6650s
B&B( 2808)	 104.000000	 23.000000	      -	 time:120.6730s
B&B( 2928)	 103.000000	 23.000000	      -	 time:125.7090s
B&B( 3046)	 103.000000	 23.000000	      -	 time:130.7480s
B&B( 3162)	 102.000000	 23.000000	      -	 time:135.7700s
B&B( 3283)	 102.000000	 23.000000	      -	 time:140.7890s
B&B( 3400)	 102.000000	 23.000000	      -	 time:145.7980s
update in RO 24.0000

CHECKER is 1 SUM:24
TIME:145887.000000
P TIGHTEN: 145.888000 <P:24.000000, D:102.000000, INC:(365)[0 0 0 0 0 0 0 0 0 0 0 1 0 0 0 0 0 0 0 0 0 0 0 0 0 0 0 0 0 0 0 0 0 0 0 0 0 0 0 0 1 0 0 0 1 0 0 0 0 0 0 1 0 0 0 1 1 1 0 0 0 0 0 0 0 0 0 0 0 0 0 1 0 0 0 1 0 0 1 0 0 0 0 0 0 0 0 0 0 1 0 0 0 0 0 0 0 0 0 0 0 0 0 0 0 0 0 0 0 0 1 0 0 0 0 0 0 0 0 0 0 0 0 0 0 0 0 0 0 0 0 0 0 0 0 0 0 0 0 0 0 0 0 0 0 0 0 0 0 0 0 0 0 0 0 0 0 0 0 0 0 0 0 0 0 0 0 1 0 0 0 0 0 0 0 0 0 0 0 0 0 0 0 0 0 0 0 0 0 0 0 0 0 0 0 0 0 0 0 0 0 0 0 0 0 0 0 0 0 0 0 0 0 0 0 0 0 0 0 0 0 0 0 0 0 0 0 0 0 0 0 0 0 0 0 0 0 0 0 0 0 0 0 0 0 0 0 0 0 0 0 0 0 0 0 0 0 1 0 0 0 0 0 0 0 0 0 0 0 0 0 0 0 0 0 0 1 0 0 0 0 0 0 0 1 0 1 0 0 0 0 0 0 0 0 0 1 0 0 0 0 0 0 0 1 0 0 0 0 0 0 0 0 0 0 0 0 0 0 0 0 0 0 0 0 0 0 0 0 0 0 0 0 0 0 0 0 0 0 0 0 0 0 0 1 0 0 1 0 0 1 0 0 0 0 0 0 0 0 0 0 0 0 1 1 ]> 24.000000 24.000000 + 0.000000 #20835
B&B( 3518)	 102.000000	 24.000000	      -	 time:150.8010s
B&B( 3637)	 102.000000	 24.000000	      -	 time:155.8170s
B&B( 3759)	 102.000000	 24.000000	      -	 time:160.8480s
B&B( 3877)	 102.000000	 24.000000	      -	 time:165.8650s
B&B( 3999)	 101.000000	 24.000000	      -	 time:170.9040s
B&B( 4122)	 101.000000	 24.000000	      -	 time:175.9430s
B&B( 4241)	 101.000000	 24.000000	      -	 time:180.9610s
B&B( 4361)	 101.000000	 24.000000	      -	 time:185.9620s
B&B( 4483)	 101.000000	 24.000000	      -	 time:190.9670s
B&B( 4610)	 100.000000	 24.000000	      -	 time:195.9710s
B&B( 4737)	 100.000000	 24.000000	      -	 time:201.0150s
B&B( 4856)	 100.000000	 24.000000	      -	 time:206.0250s
B&B( 4973)	 100.000000	 24.000000	      -	 time:211.0380s
B&B( 5097)	 100.000000	 24.000000	      -	 time:216.0690s
B&B( 5218)	 100.000000	 24.000000	      -	 time:221.1000s
B&B( 5339)	 100.000000	 24.000000	      -	 time:226.1280s
B&B( 5473)	 99.000000	 24.000000	      -	 time:231.1410s
B&B( 5605)	 100.000000	 24.000000	      -	 time:236.1500s
B&B( 5724)	 99.000000	 24.000000	      -	 time:241.1710s
B&B( 5844)	 99.000000	 24.000000	      -	 time:246.1840s
B&B( 5967)	 98.000000	 24.000000	      -	 time:251.2190s
B&B( 6097)	 98.000000	 24.000000	      -	 time:256.2570s
B&B( 6219)	 98.000000	 24.000000	      -	 time:261.2960s
B&B( 6349)	 98.000000	 24.000000	      -	 time:266.3280s
B&B( 6473)	 98.000000	 24.000000	      -	 time:271.3500s
B&B( 6599)	 98.000000	 24.000000	      -	 time:276.3680s
B&B( 6722)	 98.000000	 24.000000	      -	 time:281.4090s
B&B( 6849)	 98.000000	 24.000000	      -	 time:286.4310s
B&B( 6971)	 98.000000	 24.000000	      -	 time:291.4350s
B&B( 7093)	 98.000000	 24.000000	      -	 time:296.4700s
B&B( 7217)	 98.000000	 24.000000	      -	 time:301.5010s
B&B( 7342)	 98.000000	 24.000000	      -	 time:306.5130s
B&B( 7471)	 97.000000	 24.000000	      -	 time:311.5220s
B&B( 7600)	 97.000000	 24.000000	      -	 time:316.5240s
B&B( 7724)	 97.000000	 24.000000	      -	 time:321.5290s
B&B( 7848)	 97.000000	 24.000000	      -	 time:326.5500s
B&B( 7973)	 97.000000	 24.000000	      -	 time:331.5650s
B&B( 8103)	 97.000000	 24.000000	      -	 time:336.5740s
B&B( 8234)	 97.000000	 24.000000	      -	 time:341.6070s
B&B( 8374)	 97.000000	 24.000000	      -	 time:346.6450s
B&B( 8496)	 97.000000	 24.000000	      -	 time:351.6840s
B&B( 8625)	 96.000000	 24.000000	      -	 time:356.7170s
B&B( 8757)	 96.000000	 24.000000	      -	 time:361.7390s
B&B( 8888)	 96.000000	 24.000000	      -	 time:366.7740s
B&B( 9019)	 96.000000	 24.000000	      -	 time:371.7770s
B&B( 9146)	 96.000000	 24.000000	      -	 time:376.7900s
B&B( 9271)	 96.000000	 24.000000	      -	 time:381.8170s
B&B( 9399)	 96.000000	 24.000000	      -	 time:386.8330s
B&B( 9529)	 96.000000	 24.000000	      -	 time:391.8520s
B&B( 9669)	 96.000000	 24.000000	      -	 time:396.8890s
B&B( 9802)	 96.000000	 24.000000	      -	 time:401.9000s
B&B( 9929)	 96.000000	 24.000000	      -	 time:406.9050s
B&B(10053)	 96.000000	 24.000000	      -	 time:411.9090s
B&B(10183)	 95.000000	 24.000000	      -	 time:416.9430s
B&B(10316)	 95.000000	 24.000000	      -	 time:421.9660s
B&B(10452)	 95.000000	 24.000000	      -	 time:427.0040s
B&B(10583)	 95.000000	 24.000000	      -	 time:432.0240s
B&B(10705)	 95.000000	 24.000000	      -	 time:437.0260s
B&B(10835)	 95.000000	 24.000000	      -	 time:442.0300s
B&B(10967)	 95.000000	 24.000000	      -	 time:447.0450s
B&B(11101)	 95.000000	 24.000000	      -	 time:452.0760s
B&B(11231)	 95.000000	 24.000000	      -	 time:457.0820s
B&B(11360)	 95.000000	 24.000000	      -	 time:462.0930s
B&B(11493)	 95.000000	 24.000000	      -	 time:467.1060s
B&B(11621)	 95.000000	 24.000000	      -	 time:472.1130s
B&B(11754)	 94.000000	 24.000000	      -	 time:477.1190s
B&B(11887)	 94.000000	 24.000000	      -	 time:482.1300s
B&B(12022)	 94.000000	 24.000000	      -	 time:487.1460s
B&B(12153)	 94.000000	 24.000000	      -	 time:492.1930s
B&B(12276)	 94.000000	 24.000000	      -	 time:497.2320s
B&B(12402)	 94.000000	 24.000000	      -	 time:502.2340s
B&B(12537)	 94.000000	 24.000000	      -	 time:507.2420s
B&B(12672)	 94.000000	 24.000000	      -	 time:512.2760s
B&B(12801)	 94.000000	 24.000000	      -	 time:517.3150s
B&B(12927)	 93.000000	 24.000000	      -	 time:522.3310s
B&B(13060)	 93.000000	 24.000000	      -	 time:527.3670s
B&B(13193)	 93.000000	 24.000000	      -	 time:532.3880s
B&B(13328)	 93.000000	 24.000000	      -	 time:537.4210s
B&B(13458)	 93.000000	 24.000000	      -	 time:542.4450s
B&B(13600)	 93.000000	 24.000000	      -	 time:547.4620s
B&B(13733)	 93.000000	 24.000000	      -	 time:552.4650s
B&B(13874)	 93.000000	 24.000000	      -	 time:557.4750s
B&B(14004)	 93.000000	 24.000000	      -	 time:562.4880s
B&B(14138)	 93.000000	 24.000000	      -	 time:567.4940s
B&B(14271)	 93.000000	 24.000000	      -	 time:572.5150s
B&B(14404)	 93.000000	 24.000000	      -	 time:577.5250s
B&B(14542)	 93.000000	 24.000000	      -	 time:582.5590s
B&B(14673)	 93.000000	 24.000000	      -	 time:587.5830s
B&B(14813)	 92.000000	 24.000000	      -	 time:592.5960s
B&B(14955)	 92.000000	 24.000000	      -	 time:597.6280s
B&B(15093)	 92.000000	 24.000000	      -	 time:602.6630s
B&B(15225)	 92.000000	 24.000000	      -	 time:607.7020s
B&B(15363)	 92.000000	 24.000000	      -	 time:612.7240s
B&B(15492)	 92.000000	 24.000000	      -	 time:617.7420s
B&B(15633)	 92.000000	 24.000000	      -	 time:622.7560s
B&B(15758)	 92.000000	 24.000000	      -	 time:627.7780s
B&B(15884)	 92.000000	 24.000000	      -	 time:632.8050s
B&B(16009)	 92.000000	 24.000000	      -	 time:637.8350s
B&B(16137)	 92.000000	 24.000000	      -	 time:642.8530s
B&B(16260)	 92.000000	 24.000000	      -	 time:647.8770s
B&B(16391)	 92.000000	 24.000000	      -	 time:652.9090s
B&B(16522)	 92.000000	 24.000000	      -	 time:657.9170s
B&B(16651)	 92.000000	 24.000000	      -	 time:662.9260s
B&B(16786)	 92.000000	 24.000000	      -	 time:667.9390s
B&B(16915)	 92.000000	 24.000000	      -	 time:672.9440s
B&B(17046)	 92.000000	 24.000000	      -	 time:677.9550s
B&B(17181)	 92.000000	 24.000000	      -	 time:682.9640s
B&B(17320)	 91.000000	 24.000000	      -	 time:687.9700s
B&B(17462)	 91.000000	 24.000000	      -	 time:692.9780s
B&B(17594)	 91.000000	 24.000000	      -	 time:698.0070s
B&B(17729)	 91.000000	 24.000000	      -	 time:703.0210s
B&B(17873)	 91.000000	 24.000000	      -	 time:708.0510s
B&B(18012)	 91.000000	 24.000000	      -	 time:713.0650s
B&B(18144)	 91.000000	 24.000000	      -	 time:718.0720s
B&B(18268)	 91.000000	 24.000000	      -	 time:723.1170s
B&B(18390)	 91.000000	 24.000000	      -	 time:728.1410s
B&B(18509)	 91.000000	 24.000000	      -	 time:733.1510s
B&B(18637)	 91.000000	 24.000000	      -	 time:738.1790s
B&B(18762)	 91.000000	 24.000000	      -	 time:743.1980s
B&B(18886)	 91.000000	 24.000000	      -	 time:748.2070s
B&B(19016)	 91.000000	 24.000000	      -	 time:753.2310s
B&B(19154)	 91.000000	 24.000000	      -	 time:758.2550s
B&B(19290)	 91.000000	 24.000000	      -	 time:763.2710s
B&B(19427)	 90.000000	 24.000000	      -	 time:768.3010s
B&B(19574)	 90.000000	 24.000000	      -	 time:773.3310s
B&B(19709)	 90.000000	 24.000000	      -	 time:778.3360s
B&B(19846)	 90.000000	 24.000000	      -	 time:783.3670s
B&B(19987)	 90.000000	 24.000000	      -	 time:788.3720s
B&B(20123)	 90.000000	 24.000000	      -	 time:793.4040s
B&B(20263)	 90.000000	 24.000000	      -	 time:798.4090s
B&B(20398)	 90.000000	 24.000000	      -	 time:803.4420s
B&B(20536)	 90.000000	 24.000000	      -	 time:808.4480s
B&B(20678)	 90.000000	 24.000000	      -	 time:813.4810s
B&B(2081Command exited with non-zero status 124
	Command being timed: "/usr/bin/timeout 915 /home/fabio/CODD-NEWDom/cmake-build-release-ilyin/misp5 /home/fabio/CODD-NEWDom/data/misp/brock400_1.clq 128"
	User time (seconds): 912.38
	System time (seconds): 2.93
	Percent of CPU this job got: 99%
	Elapsed (wall clock) time (h:mm:ss or m:ss): 15:15.43
	Average shared text size (kbytes): 0
	Average unshared data size (kbytes): 0
	Average stack size (kbytes): 0
	Average total size (kbytes): 0
	Maximum resident set size (kbytes): 5494272
	Average resident set size (kbytes): 0
	Major (requiring I/O) page faults: 0
	Minor (reclaiming a frame) page faults: 1377509
	Voluntary context switches: 4
	Involuntary context switches: 4231
	Swaps: 0
	File system inputs: 0
	File system outputs: 56
	Socket messages sent: 0
	Socket messages received: 0
	Signals delivered: 0
	Page size (bytes): 4096
	Exit status: 124

