COMMAND: /usr/bin/time -v /usr/bin/timeout 915 /home/fabio/CODD-NEWDom/cmake-build-release-ilyin/misp5 /home/fabio/CODD-NEWDom/data/misp/sanr200_0.9.clq 64
TOP=200
B&B searching...
dual@root:200
B&B Nodes          Dual	 Primal	 Gap(%)
----------------------------------------------
update in RO 29.000000

CHECKER is 1 SUM:29
TIME:27.000000
P TIGHTEN: 0.028000 <P:29.000000, D:200.000000, INC:(171)[0 0 1 0 1 1 1 1 1 1 0 0 0 0 1 1 0 1 0 0 1 0 0 0 1 0 0 0 0 1 0 0 1 0 1 0 0 0 0 1 0 0 0 0 1 0 0 0 0 0 0 0 0 0 0 0 1 0 1 0 0 0 0 0 0 0 0 1 0 1 0 0 0 1 0 0 0 0 0 0 0 0 0 0 0 0 0 0 0 0 0 0 0 0 0 0 0 0 0 0 0 1 0 0 0 0 1 0 0 0 0 0 0 0 0 0 0 1 0 0 0 0 0 0 0 0 0 0 0 0 0 0 0 0 0 0 0 0 0 0 0 0 0 0 0 0 0 0 1 1 0 0 0 0 0 0 0 0 1 0 0 0 0 0 0 1 0 0 0 0 0 ]> 29.000000 29.000000 + 0.000000 #10196
update in RO 30.000000

CHECKER is 1 SUM:30
TIME:27.000000
P TIGHTEN: 0.028000 <P:30.000000, D:200.000000, INC:(171)[0 0 1 0 1 1 1 1 1 1 0 0 0 0 1 1 0 1 0 0 1 0 0 0 1 0 0 0 0 1 0 0 1 0 1 0 0 0 0 1 0 0 0 0 1 0 0 0 0 0 0 0 0 0 0 0 1 0 1 0 0 0 0 0 0 0 0 1 0 1 0 0 0 1 0 0 0 0 0 0 0 0 0 0 0 0 0 0 0 0 0 0 0 0 0 0 0 0 0 0 0 1 0 0 0 0 1 0 0 0 0 0 0 0 0 0 0 1 0 0 0 0 0 0 0 0 0 0 0 0 0 0 0 0 0 0 0 0 0 0 0 0 0 0 0 0 0 0 1 1 0 0 0 0 0 0 0 0 1 0 0 0 0 0 0 1 0 0 0 0 1 ]> 30.000000 30.000000 + 0.000000 #10196
update in RO 31.000000

CHECKER is 1 SUM:31
TIME:27.000000
P TIGHTEN: 0.028000 <P:31.000000, D:200.000000, INC:(188)[0 0 1 0 1 1 1 1 1 1 0 0 0 0 1 1 0 1 0 0 1 0 0 0 1 0 0 0 0 1 0 0 1 0 1 0 0 0 0 1 0 0 0 0 1 0 0 0 0 0 0 0 0 1 0 0 1 0 1 0 0 0 0 0 0 0 0 1 0 1 0 0 0 0 0 0 0 0 0 0 0 0 0 0 0 0 0 0 0 0 0 0 0 0 0 0 0 0 0 0 0 1 0 0 0 0 1 0 0 0 0 0 0 0 0 0 0 1 0 0 0 0 0 0 0 0 0 0 0 0 0 0 0 0 0 0 0 0 0 0 0 0 0 0 0 0 0 0 1 0 0 0 0 0 0 0 0 0 1 0 0 0 0 0 0 1 1 0 0 0 0 0 0 0 0 1 0 0 0 0 0 0 0 0 0 0 0 1 ]> 31.000000 31.000000 + 0.000000 #10357
update in RO 32.000000

CHECKER is 1 SUM:32
TIME:27.000000
P TIGHTEN: 0.028000 <P:32.000000, D:200.000000, INC:(199)[0 1 1 0 1 1 1 0 1 0 0 0 0 1 1 1 0 1 0 0 1 0 0 0 1 0 0 0 0 1 0 0 1 0 1 0 0 0 0 1 0 0 0 0 1 0 0 0 0 0 0 1 0 0 0 0 1 0 1 0 0 0 0 0 0 0 0 0 0 0 0 0 0 1 0 0 0 0 0 0 0 0 0 0 0 0 0 0 0 0 0 1 0 0 0 0 0 0 0 0 0 1 0 0 0 0 1 0 0 0 0 0 0 0 1 0 0 0 0 0 0 0 0 0 0 0 0 0 0 0 0 0 0 0 0 0 0 0 0 0 0 0 0 0 0 0 0 0 0 1 0 0 0 0 0 0 0 0 1 0 0 0 0 0 0 0 0 0 1 0 0 0 0 0 0 0 0 0 1 0 0 0 0 0 0 0 0 0 0 1 0 0 0 0 0 0 0 1 1 ]> 32.000000 32.000000 + 0.000000 #10368
update in RO 33.000000

CHECKER is 1 SUM:33
TIME:42.000000
P TIGHTEN: 0.043000 <P:33.000000, D:119.000000, INC:(171)[0 0 0 0 0 1 1 1 1 1 0 0 0 0 1 1 0 1 0 1 1 1 0 0 1 0 0 0 0 1 0 0 1 0 1 0 0 0 0 1 0 0 0 0 0 0 0 1 0 0 1 0 0 0 0 1 0 0 1 0 0 0 0 0 0 0 0 1 0 1 0 0 0 1 0 0 0 0 0 0 0 0 0 0 0 0 0 0 0 0 0 0 0 0 0 0 0 0 0 0 0 0 0 0 0 0 0 0 0 1 0 0 0 0 0 0 0 1 0 0 0 0 0 0 0 0 0 0 1 0 1 0 0 0 0 0 0 0 0 0 1 0 0 0 0 0 0 0 0 1 0 0 0 0 0 0 0 0 1 0 0 1 0 0 0 1 0 0 0 0 1 ]> 33.000000 33.000000 + 0.000000 #8500
update in RO 34.000000

CHECKER is 1 SUM:34
TIME:42.000000
P TIGHTEN: 0.043000 <P:34.000000, D:119.000000, INC:(186)[0 0 0 0 0 1 1 0 1 1 0 0 0 1 1 1 0 1 0 1 1 1 1 0 0 0 0 0 0 1 0 0 1 0 1 0 0 0 0 1 0 0 0 0 1 0 0 0 0 0 0 0 0 1 0 0 1 0 1 0 0 0 0 0 0 1 0 0 0 1 0 0 0 0 0 0 0 0 0 0 0 0 0 0 0 0 0 0 0 1 0 0 0 0 0 0 0 0 0 0 0 0 0 0 0 0 0 0 0 1 0 0 0 0 1 0 0 0 0 0 0 0 0 0 0 1 0 0 0 0 0 0 0 0 0 0 0 1 0 0 0 0 0 0 0 0 0 0 0 0 0 0 0 0 0 0 0 0 1 0 0 1 0 0 0 1 1 1 0 0 0 0 0 0 0 1 0 0 0 0 0 0 0 0 0 1 ]> 34.000000 34.000000 + 0.000000 #8545
update in RO 35.000000

CHECKER is 1 SUM:35
TIME:133.000000
P TIGHTEN: 0.134000 <P:35.000000, D:119.000000, INC:(193)[0 0 1 1 0 1 0 1 0 1 0 0 0 0 0 1 1 1 1 0 0 0 0 1 0 0 0 0 0 1 1 0 0 0 0 0 0 0 1 0 0 0 0 1 1 0 0 0 0 0 0 1 0 0 0 0 1 0 1 0 0 0 1 0 0 0 0 0 0 1 0 0 0 0 0 0 0 0 0 0 1 0 0 0 0 1 0 0 0 0 0 0 1 0 0 0 0 0 0 0 0 1 0 0 0 0 0 0 0 1 0 0 0 0 0 0 0 0 0 0 0 0 0 0 1 0 0 0 0 0 0 0 0 0 0 0 0 1 0 1 0 0 1 0 1 0 0 0 1 0 0 0 0 0 0 0 0 0 0 0 0 0 0 0 0 0 0 0 0 1 0 0 0 0 0 1 0 0 0 0 0 0 0 0 0 0 0 0 1 0 0 0 1 ]> 35.000000 35.000000 + 0.000000 #8973
update in RO 36.000000

CHECKER is 1 SUM:36
TIME:477.000000
P TIGHTEN: 0.477000 <P:36.000000, D:118.000000, INC:(193)[0 0 1 1 0 1 0 0 0 1 0 0 0 1 0 1 1 1 1 0 0 0 0 1 0 1 0 0 0 1 0 0 1 0 0 0 0 0 1 0 0 0 0 0 1 0 0 0 0 0 0 0 0 0 0 0 1 0 1 0 0 0 1 0 0 0 0 0 0 1 0 0 0 0 0 0 0 0 0 0 1 0 0 0 0 1 0 0 0 0 0 0 1 0 0 0 0 0 0 0 0 1 0 0 0 0 0 0 0 1 0 0 0 0 0 0 0 0 0 0 0 0 0 0 1 0 0 0 0 0 0 0 0 0 0 0 0 1 0 1 0 0 1 0 1 0 0 0 0 1 0 0 1 0 0 0 0 0 0 0 0 0 0 0 0 0 0 0 0 1 0 0 0 0 0 0 0 0 0 0 1 0 0 0 0 0 0 0 1 0 0 1 1 ]> 36.000000 36.000000 + 0.000000 #7905
B&B(  668)	 106.000000	 36.000000	      -	 time:5.0060s
update in RO 37.0000

CHECKER is 1 SUM:37
TIME:5586.000000
P TIGHTEN: 5.587000 <P:37.000000, D:105.000000, INC:(193)[0 0 0 0 0 1 1 0 1 1 0 0 0 0 1 1 0 1 0 0 1 1 1 0 0 0 0 0 0 1 0 0 1 0 1 0 0 0 0 1 0 0 0 0 0 0 0 1 0 0 1 0 0 0 0 1 0 0 1 0 0 0 0 0 0 1 0 0 0 1 0 0 0 1 0 0 0 0 0 0 0 0 0 0 0 0 0 0 0 1 0 0 0 0 0 0 0 0 0 0 0 0 0 0 0 0 0 0 0 1 0 0 0 0 0 0 0 1 0 0 0 0 0 0 0 1 0 0 0 0 1 0 0 0 0 0 0 0 0 0 1 0 0 0 0 0 0 0 0 1 0 0 0 0 0 0 0 1 1 0 0 1 0 0 0 1 0 1 0 0 1 0 0 0 0 0 0 0 0 0 0 0 0 0 0 1 0 0 1 0 0 0 1 ]> 37.000000 37.000000 + 0.000000 #5871
B&B( 1499)	 103.000000	 37.000000	      -	 time:10.0130s
update in RO 38.0000

CHECKER is 1 SUM:38
TIME:10337.000000
P TIGHTEN: 10.338000 <P:38.000000, D:103.000000, INC:(198)[0 0 0 0 0 0 1 0 0 0 0 0 0 1 1 0 0 1 0 1 0 0 0 0 1 1 0 0 0 1 0 0 1 0 1 1 0 0 0 1 0 0 0 0 1 0 0 0 0 0 0 0 0 1 0 0 1 0 1 0 0 0 1 0 0 0 1 0 0 1 0 1 0 0 0 0 0 0 0 0 0 0 0 0 0 0 0 0 0 0 0 1 1 1 0 0 0 1 0 0 0 1 0 0 0 0 1 0 0 1 0 0 0 0 0 0 0 0 1 0 0 0 1 0 0 0 0 0 0 0 0 0 0 0 0 0 0 0 0 1 0 0 1 0 0 0 0 0 0 0 0 0 1 0 0 0 0 0 0 0 0 0 0 1 0 0 1 0 0 1 0 0 0 0 1 0 0 0 0 0 0 0 0 0 0 0 0 0 0 0 0 1 0 0 0 0 0 1 ]> 38.000000 38.000000 + 0.000000 #8495
B&B( 2370)	 100.000000	 38.000000	      -	 time:15.0140s
B&B( 3228)	 98.000000	 38.000000	      -	 time:20.0170s
B&B( 4114)	 97.000000	 38.000000	      -	 time:25.0200s
B&B( 5018)	 97.000000	 38.000000	      -	 time:30.0220s
B&B( 5918)	 96.000000	 38.000000	      -	 time:35.0260s
B&B( 6835)	 95.000000	 38.000000	      -	 time:40.0290s
B&B( 7748)	 95.000000	 38.000000	      -	 time:45.0310s
B&B( 8676)	 94.000000	 38.000000	      -	 time:50.0370s
B&B( 9497)	 94.000000	 38.000000	      -	 time:55.0390s
B&B(10404)	 94.000000	 38.000000	      -	 time:60.0430s
B&B(11331)	 93.000000	 38.000000	      -	 time:65.0480s
B&B(12263)	 93.000000	 38.000000	      -	 time:70.0500s
B&B(13205)	 93.000000	 38.000000	      -	 time:75.0520s
B&B(14151)	 92.000000	 38.000000	      -	 time:80.0540s
B&B(15094)	 92.000000	 38.000000	      -	 time:85.0610s
B&B(15966)	 92.000000	 38.000000	      -	 time:90.0660s
B&B(16876)	 91.000000	 38.000000	      -	 time:95.0710s
B&B(17841)	 91.000000	 38.000000	      -	 time:100.0770s
B&B(18787)	 91.000000	 38.000000	      -	 time:105.0780s
B&B(19741)	 91.000000	 38.000000	      -	 time:110.0830s
B&B(20700)	 91.000000	 38.000000	      -	 time:115.0860s
B&B(21669)	 90.000000	 38.000000	      -	 time:120.0890s
B&B(22634)	 90.000000	 38.000000	      -	 time:125.0900s
B&B(23594)	 90.000000	 38.000000	      -	 time:130.1310s
B&B(24553)	 90.000000	 38.000000	      -	 time:135.1330s
B&B(25524)	 90.000000	 38.000000	      -	 time:140.1360s
B&B(26496)	 90.000000	 38.000000	      -	 time:145.1400s
B&B(27423)	 89.000000	 38.000000	      -	 time:150.1440s
B&B(28256)	 89.000000	 38.000000	      -	 time:155.1460s
B&B(29153)	 89.000000	 38.000000	      -	 time:160.1470s
B&B(30018)	 89.000000	 38.000000	      -	 time:165.1530s
B&B(30929)	 89.000000	 38.000000	      -	 time:170.1540s
B&B(31833)	 89.000000	 38.000000	      -	 time:175.1590s
B&B(32730)	 89.000000	 38.000000	      -	 time:180.1620s
B&B(33698)	 89.000000	 38.000000	      -	 time:185.1680s
B&B(34667)	 88.000000	 38.000000	      -	 time:190.1690s
B&B(35644)	 88.000000	 38.000000	      -	 time:195.1740s
B&B(36612)	 88.000000	 38.000000	      -	 time:200.1810s
B&B(37548)	 88.000000	 38.000000	      -	 time:205.1840s
B&B(38517)	 88.000000	 38.000000	      -	 time:210.1860s
B&B(39506)	 88.000000	 38.000000	      -	 time:215.1900s
B&B(40485)	 88.000000	 38.000000	      -	 time:220.1930s
B&B(41478)	 88.000000	 38.000000	      -	 time:225.1970s
B&B(42475)	 88.000000	 38.000000	      -	 time:230.1990s
B&B(43441)	 88.000000	 38.000000	      -	 time:235.2000s
B&B(44437)	 87.000000	 38.000000	      -	 time:240.2040s
B&B(45434)	 87.000000	 38.000000	      -	 time:245.2070s
B&B(46427)	 87.000000	 38.000000	      -	 time:250.2120s
B&B(47395)	 87.000000	 38.000000	      -	 time:255.2140s
B&B(48353)	 87.000000	 38.000000	      -	 time:260.2190s
B&B(49349)	 87.000000	 38.000000	      -	 time:265.2210s
B&B(50332)	 87.000000	 38.000000	      -	 time:270.2250s
B&B(51309)	 87.000000	 38.000000	      -	 time:275.2280s
B&B(52320)	 87.000000	 38.000000	      -	 time:280.2340s
B&B(53305)	 87.000000	 38.000000	      -	 time:285.2400s
B&B(54312)	 87.000000	 38.000000	      -	 time:290.2410s
B&B(55313)	 87.000000	 38.000000	      -	 time:295.2470s
B&B(56298)	 86.000000	 38.000000	      -	 time:300.2490s
B&B(57324)	 86.000000	 38.000000	      -	 time:305.2550s
B&B(58319)	 86.000000	 38.000000	      -	 time:310.2600s
B&B(59330)	 86.000000	 38.000000	      -	 time:315.2640s
B&B(60289)	 86.000000	 38.000000	      -	 time:320.2680s
B&B(61282)	 86.000000	 38.000000	      -	 time:325.2690s
B&B(62282)	 86.000000	 38.000000	      -	 time:330.2730s
B&B(63285)	 86.000000	 38.000000	      -	 time:335.2750s
B&B(64278)	 86.000000	 38.000000	      -	 time:340.2800s
B&B(65248)	 86.000000	 38.000000	      -	 time:345.2820s
B&B(66235)	 86.000000	 38.000000	      -	 time:350.2880s
B&B(67249)	 86.000000	 38.000000	      -	 time:355.2900s
B&B(68260)	 86.000000	 38.000000	      -	 time:360.2940s
B&B(69281)	 86.000000	 38.000000	      -	 time:365.2970s
B&B(70274)	 86.000000	 38.000000	      -	 time:370.2990s
B&B(71270)	 85.000000	 38.000000	      -	 time:375.3040s
B&B(72297)	 85.000000	 38.000000	      -	 time:380.3070s
B&B(73328)	 85.000000	 38.000000	      -	 time:385.3130s
B&B(74343)	 85.000000	 38.000000	      -	 time:390.3160s
B&B(75333)	 85.000000	 38.000000	      -	 time:395.3180s
B&B(76336)	 85.000000	 38.000000	      -	 time:400.3210s
B&B(77340)	 85.000000	 38.000000	      -	 time:405.3260s
B&B(78323)	 85.000000	 38.000000	      -	 time:410.3300s
B&B(79343)	 85.000000	 38.000000	      -	 time:415.3320s
B&B(80349)	 85.000000	 38.000000	      -	 time:420.3350s
B&B(81397)	 85.000000	 38.000000	      -	 time:425.3390s
B&B(82423)	 85.000000	 38.000000	      -	 time:430.3410s
B&B(83436)	 85.000000	 38.000000	      -	 time:435.3430s
B&B(84443)	 85.000000	 38.000000	      -	 time:440.3470s
B&B(85469)	 85.000000	 38.000000	      -	 time:445.3500s
B&B(86485)	 85.000000	 38.000000	      -	 time:450.3560s
B&B(87506)	 85.000000	 38.000000	      -	 time:455.3580s
B&B(88544)	 85.000000	 38.000000	      -	 time:460.3620s
B&B(89542)	 85.000000	 38.000000	      -	 time:465.3670s
B&B(90553)	 84.000000	 38.000000	      -	 time:470.3700s
B&B(91569)	 84.000000	 38.000000	      -	 time:475.3710s
B&B(92614)	 84.000000	 38.000000	      -	 time:480.3770s
B&B(93656)	 84.000000	 38.000000	      -	 time:485.3790s
B&B(94676)	 84.000000	 38.000000	      -	 time:490.3840s
B&B(95684)	 84.000000	 38.000000	      -	 time:495.3870s
B&B(96656)	 84.000000	 38.000000	      -	 time:500.3930s
B&B(97679)	 84.000000	 38.000000	      -	 time:505.3960s
B&B(98683)	 84.000000	 38.000000	      -	 time:510.4000s
B&B(99691)	 84.000000	 38.000000	      -	 time:515.4050s
B&B(100706)	 84.000000	 38.000000	      -	 time:520.4090s
B&B(101731)	 84.000000	 38.000000	      -	 time:525.4150s
B&B(102735)	 84.000000	 38.000000	      -	 time:530.4160s
B&B(103669)	 84.000000	 38.000000	      -	 time:535.4200s
B&B(104588)	 84.000000	 38.000000	      -	 time:540.4220s
B&B(105545)	 84.000000	 38.000000	      -	 time:545.4240s
B&B(106449)	 84.000000	 38.000000	      -	 time:550.4260s
B&B(107402)	 84.000000	 38.000000	      -	 time:555.4280s
B&B(108291)	 84.000000	 38.000000	      -	 time:560.4290s
B&B(109282)	 84.000000	 38.000000	      -	 time:565.4340s
B&B(110291)	 84.000000	 38.000000	      -	 time:570.4370s
B&B(111325)	 84.000000	 38.000000	      -	 time:575.4420s
B&B(112352)	 84.000000	 38.000000	      -	 time:580.4470s
B&B(113393)	 84.000000	 38.000000	      -	 time:585.4480s
B&B(114387)	 84.000000	 38.000000	      -	 time:590.4530s
B&B(115359)	 84.000000	 38.000000	      -	 time:595.4560s
B&B(116388)	 84.000000	 38.000000	      -	 time:600.4570s
B&B(117398)	 83.000000	 38.000000	      -	 time:605.4590s
B&B(118440)	 83.000000	 38.000000	      -	 time:610.4660s
B&B(119492)	 83.000000	 38.000000	      -	 time:615.4700s
B&B(120533)	 83.000000	 38.000000	      -	 time:620.4720s
B&B(121572)	 83.000000	 38.000000	      -	 time:625.4770s
B&B(122580)	 83.000000	 38.000000	      -	 time:630.4780s
B&B(123626)	 83.000000	 38.000000	      -	 time:635.4820s
B&B(124653)	 83.000000	 38.000000	      -	 time:640.4860s
B&B(125678)	 83.000000	 38.000000	      -	 time:645.4890s
B&B(126625)	 83.000000	 38.000000	      -	 time:650.4910s
B&B(127581)	 83.000000	 38.000000	      -	 time:655.4970s
B&B(128564)	 83.000000	 38.000000	      -	 time:660.5030s
B&B(129570)	 83.000000	 38.000000	      -	 time:665.5050s
B&B(130584)	 83.000000	 38.000000	      -	 time:670.5080s
B&B(131581)	 83.000000	 38.000000	      -	 time:675.5100s
B&B(132587)	 83.000000	 38.000000	      -	 time:680.5110s
B&B(133599)	 83.000000	 38.000000	      -	 time:685.5150s
B&B(134617)	 83.000000	 38.000000	      -	 time:690.5200s
B&B(135605)	 83.000000	 38.000000	      -	 time:695.5250s
B&B(136618)	 83.000000	 38.000000	      -	 time:700.5280s
B&B(137597)	 83.000000	 38.000000	      -	 time:705.5300s
B&B(138620)	 83.000000	 38.000000	      -	 time:710.5330s
B&B(139636)	 83.000000	 38.000000	      -	 time:715.5360s
B&B(140658)	 83.000000	 38.000000	      -	 time:720.5420s
B&B(141669)	 83.000000	 38.000000	      -	 time:725.5450s
B&B(142670)	 83.000000	 38.000000	      -	 time:730.5490s
B&B(143703)	 83.000000	 38.000000	      -	 time:735.5550s
B&B(144746)	 83.000000	 38.000000	      -	 time:740.5600s
B&B(145788)	 83.000000	 38.000000	      -	 time:745.5640s
B&B(146857)	 83.000000	 38.000000	      -	 time:750.5660s
B&B(147917)	 83.000000	 38.000000	      -	 time:755.5690s
B&B(148950)	 83.000000	 38.000000	      -	 time:760.5700s
B&B(149976)	 83.000000	 38.000000	      -	 time:765.5750s
B&B(151014)	 83.000000	 38.000000	      -	 time:770.5780s
B&B(152050)	 83.000000	 38.000000	      -	 time:775.5830s
B&B(153095)	 82.000000	 38.000000	      -	 time:780.5840s
B&B(154156)	 82.000000	 38.000000	      -	 time:785.5880s
B&B(155215)	 82.000000	 38.000000	      -	 time:790.5930s
B&B(156181)	 82.000000	 38.000000	      -	 time:795.5940s
B&B(157105)	 82.000000	 38.000000	      -	 time:800.5990s
B&B(158085)	 82.000000	 38.000000	      -	 time:805.6050s
B&B(159030)	 82.000000	 38.000000	      -	 time:810.6100s
B&B(159998)	 82.000000	 38.000000	      -	 time:815.6150s
B&B(160935)	 82.000000	 38.000000	      -	 time:820.6190s
B&B(161921)	 82.000000	 38.000000	      -	 time:825.6210s
update in RO 39.0000

CHECKER is 1 SUM:39
TIME:826078.000000
P TIGHTEN: 826.078000 <P:39.000000, D:82.000000, INC:(198)[0 0 0 0 0 1 0 0 0 0 0 0 0 0 1 0 0 1 0 0 0 0 1 0 0 0 0 0 0 0 0 0 0 0 1 0 1 0 0 1 0 0 0 0 1 0 1 0 0 0 0 1 0 0 0 0 1 0 1 0 0 0 1 0 1 1 0 0 1 1 1 0 0 1 0 0 0 0 0 0 0 1 0 0 0 0 0 0 0 1 0 0 1 1 0 0 0 1 0 0 0 1 0 0 0 0 1 0 0 1 1 0 0 0 0 0 0 0 0 1 0 1 0 1 0 1 0 0 0 0 0 0 0 0 0 1 0 0 0 0 0 0 1 0 0 0 0 0 0 1 0 0 0 0 0 0 0 0 1 0 0 0 0 1 0 0 0 0 0 0 0 1 0 0 0 0 0 0 0 0 0 0 0 0 0 0 0 0 0 0 0 0 0 0 0 0 0 1 ]> 39.000000 39.000000 + 0.000000 #3862
B&B(162960)	 82.000000	 39.000000	      -	 time:830.6270s
B&B(164009)	 82.000000	 39.000000	      -	 time:835.6320s
B&B(165020)	 82.000000	 39.000000	      -	 time:840.6340s
B&B(166063)	 82.000000	 39.000000	      -	 time:845.6370s
B&B(167092)	 82.000000	 39.000000	      -	 time:850.6390s
B&B(168125)	 82.000000	 39.000000	      -	 time:855.6400s
B&B(169186)	 82.000000	 39.000000	      -	 time:860.6410s
B&B(170269)	 82.000000	 39.000000	      -	 time:865.6440s
B&B(171317)	 82.000000	 39.000000	      -	 time:870.6460s
B&B(172376)	 82.000000	 39.000000	      -	 time:875.6510s
B&B(173427)	 82.000000	 39.000000	      -	 time:880.6550s
B&B(174485)	 82.000000	 39.000000	      -	 time:885.6590s
B&B(175577)	 82.000000	 39.000000	      -	 time:890.6600s
B&B(176630)	 82.000000	 39.000000	      -	 time:895.6650s
B&B(177698)	 82.000000	 39.000000	      -	 time:900.6700s
B&B(178760)	 82.000000	 39.000000	      -	 time:905.6740s
B&B(179824)	 82.000000	 39.000000	      -	 tiCommand exited with non-zero status 124
	Command being timed: "/usr/bin/timeout 915 /home/fabio/CODD-NEWDom/cmake-build-release-ilyin/misp5 /home/fabio/CODD-NEWDom/data/misp/sanr200_0.9.clq 64"
	User time (seconds): 908.19
	System time (seconds): 7.98
	Percent of CPU this job got: 99%
	Elapsed (wall clock) time (h:mm:ss or m:ss): 15:16.26
	Average shared text size (kbytes): 0
	Average unshared data size (kbytes): 0
	Average stack size (kbytes): 0
	Average total size (kbytes): 0
	Maximum resident set size (kbytes): 18149376
	Average resident set size (kbytes): 0
	Major (requiring I/O) page faults: 0
	Minor (reclaiming a frame) page faults: 4540995
	Voluntary context switches: 4
	Involuntary context switches: 3661
	Swaps: 0
	File system inputs: 0
	File system outputs: 56
	Socket messages sent: 0
	Socket messages received: 0
	Signals delivered: 0
	Page size (bytes): 4096
	Exit status: 124

