COMMAND: /usr/bin/time -v /usr/bin/timeout 915 /home/fabio/CODD-NEWDom/cmake-build-release-ilyin/misp5 /home/fabio/CODD-NEWDom/data/misp/brock800_4.clq 128
TOP=800
B&B searching...
dual@root:800
B&B Nodes          Dual	 Primal	 Gap(%)
----------------------------------------------
update in RO 13.000000

CHECKER is 1 SUM:13
TIME:227.000000
P TIGHTEN: 0.228000 <P:13.000000, D:800.000000, INC:(161)[1 1 0 0 1 0 0 0 0 0 0 0 0 0 1 0 0 1 0 0 1 0 0 0 0 0 0 1 0 0 0 0 0 0 0 0 0 0 1 0 0 1 0 0 0 0 0 0 0 0 0 0 0 0 0 0 0 0 0 0 0 0 0 0 0 0 0 0 0 0 0 0 0 0 0 0 0 0 0 0 0 0 0 0 0 1 0 0 0 0 0 0 0 0 0 0 0 0 0 0 0 0 0 0 0 0 0 0 0 1 0 0 0 0 0 0 0 0 0 0 0 0 0 0 0 0 0 0 0 0 0 0 0 0 0 0 0 0 0 0 0 0 0 0 0 0 0 1 0 0 0 0 0 0 0 0 0 0 0 1 0 ]> 13.000000 13.000000 + 0.000000 #19448
update in RO 14.000000

CHECKER is 1 SUM:14
TIME:227.000000
P TIGHTEN: 0.228000 <P:14.000000, D:800.000000, INC:(161)[1 1 0 0 1 0 0 0 0 0 0 0 0 0 1 0 0 1 0 0 1 0 0 0 0 0 0 1 0 0 0 0 0 0 0 0 0 0 1 0 0 1 0 0 0 0 0 0 0 0 0 0 0 0 0 0 0 0 0 0 0 0 0 0 0 0 0 0 0 0 0 0 0 0 0 0 0 0 0 0 0 0 0 0 0 1 0 0 0 0 0 0 0 0 0 0 0 0 0 0 0 0 0 0 0 0 0 0 0 1 0 0 0 0 0 0 0 0 0 0 0 0 0 0 0 0 0 0 0 0 0 0 0 0 0 0 0 0 0 0 0 0 0 0 0 0 0 1 0 0 0 0 0 0 0 0 0 0 0 1 1 ]> 14.000000 14.000000 + 0.000000 #19448
update in RO 15.000000

CHECKER is 1 SUM:15
TIME:281.000000
P TIGHTEN: 0.281000 <P:15.000000, D:800.000000, INC:(533)[0 1 0 0 1 0 0 0 0 1 0 0 1 0 1 0 0 1 1 0 0 0 0 0 0 0 0 0 0 0 0 0 0 0 0 1 0 0 0 0 0 0 0 0 0 0 0 0 0 0 0 0 0 0 0 0 1 1 0 0 0 0 0 0 0 0 0 0 0 0 0 0 0 0 0 0 0 0 0 0 0 0 0 0 0 1 0 0 0 0 0 0 0 0 0 0 0 0 0 0 0 0 0 0 0 0 0 0 0 0 0 0 0 0 0 0 0 0 0 0 0 0 0 0 0 0 0 0 0 0 0 0 0 0 0 0 0 0 0 0 0 0 0 0 0 0 0 0 0 0 0 0 0 0 0 0 0 0 0 1 0 0 0 0 0 0 0 0 0 0 0 0 0 0 0 0 0 0 0 0 0 0 0 0 0 0 0 0 0 0 0 0 0 0 0 0 0 0 0 0 0 0 0 0 0 0 0 0 0 0 0 0 0 0 0 0 0 0 0 0 0 0 0 0 0 0 0 0 0 0 0 0 0 0 0 0 0 0 0 0 0 0 0 0 0 0 0 0 0 0 0 0 0 0 0 0 0 0 0 0 0 0 0 0 0 0 0 0 0 0 0 0 0 0 0 0 0 0 0 0 0 0 0 0 0 0 0 0 0 0 0 0 0 0 0 0 0 0 0 0 0 0 0 0 0 0 0 0 0 0 0 0 0 0 0 0 0 0 0 0 0 0 0 0 0 0 0 0 0 0 0 0 0 0 0 0 0 0 0 0 0 0 0 0 0 0 0 0 0 1 0 0 0 0 0 0 0 0 0 0 0 0 0 0 0 0 0 0 0 0 0 0 0 0 0 0 0 0 0 0 0 0 0 0 0 0 0 0 0 0 0 0 0 0 0 0 0 0 0 0 0 0 0 0 0 0 0 0 0 0 0 0 0 0 0 0 0 0 0 0 0 0 0 0 0 0 0 0 0 0 0 0 0 0 0 0 0 0 0 0 0 0 0 0 0 0 0 0 0 0 0 0 0 0 0 0 0 0 0 0 0 0 0 0 0 0 0 0 0 0 0 0 0 0 0 0 0 0 0 0 0 0 0 0 0 0 0 0 0 0 0 0 0 0 0 0 0 0 0 0 0 0 0 1 0 0 0 0 0 0 0 0 0 0 0 0 0 0 0 0 0 0 0 0 0 0 0 0 0 0 0 0 1 ]> 15.000000 15.000000 + 0.000000 #65790
update in RO 16.000000

CHECKER is 1 SUM:16
TIME:284.000000
P TIGHTEN: 0.285000 <P:16.000000, D:800.000000, INC:(557)[0 1 0 0 1 0 0 0 0 1 0 0 1 0 1 0 0 1 1 0 0 0 0 0 0 0 0 0 0 0 0 0 0 0 0 1 0 0 0 0 0 0 0 0 0 0 0 0 0 0 0 0 0 0 0 0 1 1 0 0 0 0 0 0 0 0 0 0 0 0 0 0 0 0 0 0 0 0 0 0 0 0 0 0 0 1 0 0 0 0 0 0 0 0 0 0 0 0 0 0 0 0 0 0 0 0 0 0 0 0 0 0 0 0 0 0 0 0 0 0 0 0 0 0 0 0 0 0 0 0 0 0 0 0 0 0 0 0 0 0 0 0 0 0 0 0 0 0 0 0 0 0 0 0 0 0 0 0 0 1 0 0 0 0 0 0 0 0 0 0 0 0 0 0 0 0 0 0 0 0 0 0 0 0 0 0 0 0 0 0 0 0 0 0 0 0 0 0 0 0 0 0 0 0 0 0 0 0 0 0 0 0 0 0 0 0 0 0 0 0 0 0 0 0 0 0 0 0 0 0 0 0 0 0 0 0 0 0 0 0 0 0 0 0 0 0 0 0 0 0 0 0 0 0 0 0 0 0 0 0 0 0 0 0 0 0 0 0 0 0 0 0 0 0 0 0 0 0 0 0 0 0 0 0 0 0 0 0 0 0 0 0 0 0 0 0 0 0 0 0 0 0 0 0 0 0 0 0 0 0 0 0 0 0 0 0 0 0 0 0 0 0 0 0 0 0 0 0 0 0 0 0 0 0 0 0 0 0 0 0 0 0 0 0 0 0 0 0 0 1 0 0 0 0 0 0 0 0 0 0 0 0 0 0 0 0 0 0 0 0 0 0 0 0 0 0 0 0 0 0 0 0 0 0 1 0 0 0 0 0 0 0 0 0 0 0 0 0 0 0 0 0 0 0 0 0 0 0 0 0 0 0 0 0 0 0 0 0 0 0 0 0 0 0 0 0 0 0 0 0 0 0 0 0 0 0 0 0 0 0 0 0 0 0 0 0 0 0 0 0 0 0 0 0 0 0 0 0 0 0 0 0 0 0 0 0 0 0 0 0 0 0 0 0 0 0 0 0 0 0 0 0 0 0 0 0 0 0 0 0 0 0 0 0 0 0 0 0 0 0 0 0 0 1 0 0 0 0 0 0 0 0 0 0 0 0 0 0 0 0 0 0 0 0 0 0 0 0 0 0 0 0 0 0 0 0 0 0 0 0 0 0 0 0 0 0 0 0 0 0 0 0 0 0 0 0 1 ]> 16.000000 16.000000 + 0.000000 #67463
update in RO 17.000000

CHECKER is 1 SUM:17
TIME:287.000000
P TIGHTEN: 0.288000 <P:17.000000, D:800.000000, INC:(741)[0 1 0 0 1 0 0 0 0 1 0 0 0 0 1 0 0 1 1 0 0 0 0 0 0 0 0 0 0 0 0 0 0 0 1 1 0 0 0 0 0 0 0 0 0 0 0 0 0 0 0 0 1 0 0 0 0 0 0 0 0 0 0 0 0 0 0 0 0 0 0 0 0 0 0 0 0 0 0 0 0 0 0 0 0 0 0 0 0 0 0 1 0 0 0 0 0 0 0 0 0 0 0 0 0 0 0 0 0 0 0 0 0 0 0 0 0 0 0 0 0 0 0 0 0 0 0 0 0 0 0 0 0 0 1 0 0 0 0 0 0 0 0 0 0 0 0 0 0 0 0 0 0 0 0 0 0 0 0 0 0 0 0 0 0 0 0 0 0 0 0 0 0 0 0 0 0 0 0 0 0 0 0 0 0 0 0 1 0 0 0 0 0 0 0 0 0 0 0 0 0 0 0 0 0 0 0 0 0 0 0 0 0 0 0 0 0 0 0 0 0 0 0 0 0 0 0 0 0 0 0 0 0 0 0 0 0 0 0 0 0 0 0 0 0 0 0 0 0 0 0 0 0 0 0 0 0 0 0 0 0 0 0 0 0 0 0 0 0 0 0 0 0 0 0 0 0 0 0 0 0 0 0 0 0 0 0 0 0 0 0 0 0 0 0 0 0 0 0 0 0 0 0 0 0 0 0 0 0 0 0 0 0 0 0 0 0 0 0 0 0 0 0 0 0 0 0 0 0 0 0 0 0 0 0 0 0 0 0 0 0 0 0 0 0 0 0 0 0 0 0 0 0 0 0 0 0 0 0 0 0 0 0 0 0 0 0 0 0 0 0 0 0 0 0 0 0 0 0 0 0 0 0 0 0 0 0 0 0 0 0 0 0 0 0 0 0 0 0 0 0 0 0 0 0 0 0 0 0 0 0 0 0 0 0 0 0 0 0 0 0 0 0 0 0 0 0 0 0 0 0 0 0 0 0 0 0 0 0 0 0 0 0 0 0 0 0 0 0 0 0 0 0 0 0 0 0 0 0 0 0 0 0 0 0 0 0 0 0 0 0 0 0 0 0 0 0 0 0 0 0 0 0 0 0 0 0 0 0 0 0 0 0 0 0 0 0 0 0 0 1 0 0 0 0 0 0 0 0 0 0 0 0 0 0 0 0 0 0 0 0 0 0 0 0 0 0 0 0 0 0 0 0 0 0 0 0 0 0 0 0 0 0 0 0 0 0 0 0 0 0 0 0 0 0 0 0 0 0 0 0 0 0 0 0 0 0 0 0 0 0 0 0 0 0 0 0 0 0 0 0 0 0 0 0 0 0 0 0 0 1 0 0 0 0 0 0 0 0 0 0 0 0 0 0 0 0 0 0 0 0 0 0 0 0 0 0 0 0 0 0 0 0 0 0 0 0 0 0 0 0 0 0 0 0 0 0 0 0 0 0 0 0 0 0 0 0 0 0 0 0 0 0 0 0 0 0 0 0 0 0 0 0 0 0 0 1 0 0 0 0 0 0 0 0 0 0 0 0 0 0 0 0 0 0 0 0 0 0 0 0 0 0 0 0 0 0 0 0 0 0 1 0 0 0 0 0 0 0 0 0 0 0 0 0 0 0 0 0 0 0 0 0 0 0 0 0 0 0 0 0 0 0 0 0 0 0 0 0 0 1 ]> 17.000000 17.000000 + 0.000000 #68887
update in RO 18.000000

CHECKER is 1 SUM:18
TIME:2245.000000
P TIGHTEN: 2.246000 <P:18.000000, D:221.000000, INC:(678)[0 0 0 0 0 0 0 0 0 1 1 0 1 0 0 0 0 0 0 0 0 0 0 1 0 0 0 0 0 0 0 0 0 0 0 0 0 0 0 0 0 0 0 0 0 1 0 0 0 0 0 0 0 0 0 0 0 1 1 0 0 0 0 0 1 0 0 0 0 0 0 0 0 0 0 0 0 0 0 0 0 0 0 0 0 0 0 0 0 0 0 0 0 0 0 0 0 0 0 0 0 0 0 0 0 0 0 0 0 0 0 0 0 0 0 0 0 0 0 0 0 0 0 0 0 0 0 0 0 0 0 0 0 0 0 0 0 0 0 0 0 0 0 0 0 0 0 0 0 0 0 0 0 0 0 0 0 0 0 0 0 0 0 0 1 0 0 0 1 0 0 0 0 0 0 0 0 0 0 0 0 0 0 0 0 0 0 0 0 0 0 0 0 0 0 0 0 0 0 0 0 1 0 0 0 0 0 0 0 0 0 0 0 0 0 0 0 0 0 0 0 0 0 0 0 0 0 0 0 0 0 0 0 0 0 0 0 0 0 0 0 0 0 0 0 0 0 0 0 0 0 0 0 0 0 0 0 0 0 0 0 0 0 0 0 0 0 0 0 0 0 0 0 0 0 0 0 0 0 0 0 0 0 0 0 0 0 0 0 0 1 0 0 0 0 0 0 0 0 0 0 0 0 0 0 0 0 0 0 0 0 0 0 0 0 0 0 0 0 0 0 0 0 0 0 0 0 0 0 0 0 0 0 0 0 0 0 0 0 0 0 0 0 0 0 0 0 1 0 0 0 0 0 0 0 0 0 0 1 0 0 0 0 0 0 0 0 0 0 0 0 0 0 0 0 0 0 0 0 0 0 0 0 0 0 0 0 0 0 0 0 0 0 0 0 0 0 0 0 0 0 0 0 0 0 0 0 0 0 0 0 0 0 0 0 0 0 0 0 0 0 0 0 0 0 0 0 0 0 0 0 0 0 0 0 0 0 0 0 0 0 0 0 0 0 0 0 0 0 0 0 0 0 0 0 0 0 0 0 0 0 0 0 0 0 0 0 0 0 0 0 0 0 0 0 0 0 0 0 0 0 0 0 0 0 0 0 0 0 0 0 0 0 0 0 0 0 0 0 0 0 0 0 0 0 0 0 0 0 0 0 0 0 0 0 0 0 0 0 0 0 0 0 0 0 0 0 0 0 0 0 0 0 0 0 0 0 0 0 0 0 0 0 0 0 0 0 0 0 0 0 0 0 0 0 0 0 0 0 0 0 0 0 0 0 0 0 0 0 0 0 0 0 0 0 0 0 0 0 0 0 0 0 0 1 0 0 0 0 0 0 0 0 0 0 0 0 0 0 0 0 0 0 0 0 0 0 0 0 0 0 0 0 0 0 0 0 0 0 0 0 0 0 0 0 0 0 0 0 0 0 0 0 0 0 1 0 1 0 0 0 0 0 0 0 0 0 0 0 0 0 0 0 0 0 0 0 0 0 0 0 0 0 0 0 0 0 0 0 0 0 0 0 0 0 0 0 1 ]> 18.000000 18.000000 + 0.000000 #51841
B&B(   39)	 221.000000	 18.000000	      -	 time:5.0540s
B&B(   79)	 220.000000	 18.000000	      -	 time:10.0860s
B&B(  120)	 218.000000	 18.000000	      -	 time:15.1550s
B&B(  162)	 215.000000	 18.000000	      -	 time:20.2020s
B&B(  203)	 214.000000	 18.000000	      -	 time:25.2450s
B&B(  246)	 211.000000	 18.000000	      -	 time:30.3590s
B&B(  288)	 211.000000	 18.000000	      -	 time:35.4490s
B&B(  331)	 208.000000	 18.000000	      -	 time:40.5200s
B&B(  374)	 208.000000	 18.000000	      -	 time:45.5980s
B&B(  416)	 206.000000	 18.000000	      -	 time:50.6450s
B&B(  460)	 205.000000	 18.000000	      -	 time:55.7120s
B&B(  504)	 202.000000	 18.000000	      -	 time:60.7910s
B&B(  548)	 202.000000	 18.000000	      -	 time:65.8810s
B&B(  594)	 200.000000	 18.000000	      -	 time:70.9820s
B&B(  638)	 199.000000	 18.000000	      -	 time:76.0020s
B&B(  683)	 198.000000	 18.000000	      -	 time:81.0650s
B&B(  727)	 197.000000	 18.000000	      -	 time:86.1240s
B&B(  772)	 196.000000	 18.000000	      -	 time:91.1810s
B&B(  818)	 193.000000	 18.000000	      -	 time:96.2560s
B&B(  864)	 193.000000	 18.000000	      -	 time:101.3590s
B&B(  911)	 191.000000	 18.000000	      -	 time:106.3980s
B&B(  957)	 190.000000	 18.000000	      -	 time:111.4780s
B&B( 1004)	 189.000000	 18.000000	      -	 time:116.4930s
B&B( 1052)	 187.000000	 18.000000	      -	 time:121.5770s
B&B( 1099)	 187.000000	 18.000000	      -	 time:126.6750s
B&B( 1147)	 185.000000	 18.000000	      -	 time:131.7470s
B&B( 1196)	 185.000000	 18.000000	      -	 time:136.8150s
B&B( 1244)	 182.000000	 18.000000	      -	 time:141.8210s
update in RO 19.0000

CHECKER is 1 SUM:19
TIME:144363.000000
P TIGHTEN: 144.363000 <P:19.000000, D:181.000000, INC:(746)[0 0 0 0 0 0 0 0 0 0 0 0 0 0 0 0 0 0 0 0 0 0 0 0 0 0 0 0 0 0 0 0 0 0 0 0 0 0 0 0 0 0 0 0 0 0 0 0 0 0 0 0 0 0 0 0 0 0 0 0 0 0 0 0 0 0 0 0 0 0 0 0 0 0 0 0 0 0 0 0 0 0 0 0 0 0 0 0 0 0 0 0 0 0 0 0 0 0 0 0 0 0 0 0 0 0 0 0 0 0 0 0 0 0 0 0 0 0 0 0 0 0 0 0 0 0 0 0 0 0 0 0 0 0 0 0 0 0 0 0 0 0 0 0 0 0 0 0 0 0 0 0 0 0 0 0 1 0 1 0 0 0 0 1 0 1 0 0 1 0 1 0 0 0 0 0 0 0 0 1 0 0 0 0 0 0 0 0 0 0 0 0 1 0 0 0 0 0 0 0 0 1 0 0 0 0 0 0 0 1 0 0 0 0 0 0 0 0 0 0 0 0 0 0 0 0 0 0 0 0 0 0 0 0 0 0 0 0 0 0 0 0 0 0 0 0 0 0 0 0 0 0 0 0 0 0 0 0 0 0 0 0 0 0 0 0 0 0 0 0 0 0 0 0 0 0 0 0 0 0 0 0 0 0 0 0 0 0 0 0 0 0 0 0 0 0 0 0 0 0 0 0 0 0 0 0 0 0 0 0 0 0 0 0 0 0 0 0 0 0 0 0 0 0 0 0 0 0 0 0 0 0 0 0 0 0 0 0 0 0 0 0 0 0 0 0 0 0 0 0 0 0 0 0 0 0 0 0 0 0 0 0 0 0 0 0 0 0 0 0 0 0 0 0 0 0 0 0 0 0 0 0 0 0 0 0 0 0 0 0 0 0 0 0 0 0 0 0 0 0 0 0 0 0 0 0 0 0 0 0 0 0 0 0 0 0 0 0 0 0 0 0 0 0 0 0 0 0 0 0 0 0 0 0 0 0 0 0 0 0 0 0 0 0 0 0 0 0 0 0 0 0 0 0 0 0 0 0 0 0 0 0 0 0 0 0 0 0 0 0 0 0 0 0 0 0 0 0 0 0 0 0 0 0 0 0 1 0 0 0 0 0 0 0 0 0 0 0 1 0 0 0 0 0 0 0 0 0 0 0 0 0 0 0 0 0 0 0 0 0 0 0 0 0 0 0 0 0 0 0 0 0 0 0 0 0 0 0 1 0 0 0 0 0 0 0 0 0 0 0 0 0 0 0 0 0 0 0 0 0 0 0 0 0 0 0 0 0 0 0 0 0 0 0 0 0 0 0 0 0 0 0 0 0 0 0 0 0 0 0 0 0 0 1 0 0 0 0 0 0 0 0 0 0 0 0 0 0 0 0 0 0 0 0 0 0 0 0 0 0 0 0 0 0 0 0 0 0 0 0 0 0 0 0 0 0 0 0 0 0 0 0 0 0 0 0 1 0 0 0 0 1 0 0 0 0 0 0 0 0 0 0 0 0 0 0 0 0 0 0 0 0 0 0 0 0 0 0 1 0 0 0 0 0 0 0 0 0 0 0 0 0 0 0 0 0 0 0 0 0 0 0 0 0 0 0 0 0 0 0 0 0 0 0 0 0 0 0 0 0 0 0 0 0 0 0 0 0 0 0 0 0 0 0 0 1 0 0 0 0 0 0 0 0 0 1 ]> 19.000000 19.000000 + 0.000000 #39028
B&B( 1292)	 181.000000	 19.000000	      -	 time:146.9100s
B&B( 1342)	 180.000000	 19.000000	      -	 time:151.9660s
B&B( 1392)	 179.000000	 19.000000	      -	 time:157.0350s
B&B( 1442)	 177.000000	 19.000000	      -	 time:162.0610s
B&B( 1492)	 176.000000	 19.000000	      -	 time:167.0770s
B&B( 1543)	 175.000000	 19.000000	      -	 time:172.1370s
B&B( 1595)	 172.000000	 19.000000	      -	 time:177.1490s
B&B( 1646)	 172.000000	 19.000000	      -	 time:182.1890s
B&B( 1698)	 169.000000	 19.000000	      -	 time:187.2350s
B&B( 1751)	 169.000000	 19.000000	      -	 time:192.2550s
B&B( 1805)	 167.000000	 19.000000	      -	 time:197.3250s
B&B( 1858)	 167.000000	 19.000000	      -	 time:202.3280s
B&B( 1913)	 163.000000	 19.000000	      -	 time:207.3890s
B&B( 1968)	 163.000000	 19.000000	      -	 time:212.4600s
B&B( 2025)	 161.000000	 19.000000	      -	 time:217.5570s
B&B( 2080)	 159.000000	 19.000000	      -	 time:222.6470s
B&B( 2135)	 157.000000	 19.000000	      -	 time:227.6570s
B&B( 2192)	 155.000000	 19.000000	      -	 time:232.7230s
B&B( 2249)	 155.000000	 19.000000	      -	 time:237.7350s
B&B( 2306)	 152.000000	 19.000000	      -	 time:242.7910s
B&B( 2366)	 152.000000	 19.000000	      -	 time:247.8450s
B&B( 2424)	 149.000000	 19.000000	      -	 time:252.9030s
B&B( 2485)	 149.000000	 19.000000	      -	 time:257.9950s
B&B( 2535)	 148.000000	 19.000000	      -	 time:263.0050s
B&B( 2583)	 147.000000	 19.000000	      -	 time:268.0270s
B&B( 2640)	 147.000000	 19.000000	      -	 time:273.1340s
B&B( 2683)	 147.000000	 19.000000	      -	 time:278.1480s
B&B( 2726)	 147.000000	 19.000000	      -	 time:283.1740s
B&B( 2771)	 147.000000	 19.000000	      -	 time:288.1960s
B&B( 2816)	 146.000000	 19.000000	      -	 time:293.2940s
B&B( 2861)	 146.000000	 19.000000	      -	 time:298.3950s
B&B( 2913)	 146.000000	 19.000000	      -	 time:303.4020s
B&B( 2956)	 146.000000	 19.000000	      -	 time:308.4810s
B&B( 3002)	 145.000000	 19.000000	      -	 time:313.5460s
B&B( 3049)	 145.000000	 19.000000	      -	 time:318.5890s
B&B( 3094)	 145.000000	 19.000000	      -	 time:323.6450s
B&B( 3138)	 145.000000	 19.000000	      -	 time:328.7350s
B&B( 3183)	 145.000000	 19.000000	      -	 time:333.7950s
B&B( 3230)	 144.000000	 19.000000	      -	 time:338.8430s
B&B( 3274)	 144.000000	 19.000000	      -	 time:343.8660s
B&B( 3318)	 144.000000	 19.000000	      -	 time:348.9330s
B&B( 3362)	 144.000000	 19.000000	      -	 time:353.9810s
B&B( 3406)	 144.000000	 19.000000	      -	 time:359.0080s
B&B( 3456)	 143.000000	 19.000000	      -	 time:364.1070s
B&B( 3500)	 143.000000	 19.000000	      -	 time:369.1320s
B&B( 3545)	 143.000000	 19.000000	      -	 time:374.1570s
B&B( 3597)	 143.000000	 19.000000	      -	 time:379.1920s
B&B( 3641)	 143.000000	 19.000000	      -	 time:384.3040s
B&B( 3685)	 143.000000	 19.000000	      -	 time:389.3320s
B&B( 3729)	 143.000000	 19.000000	      -	 time:394.3860s
B&B( 3773)	 143.000000	 19.000000	      -	 time:399.4300s
B&B( 3818)	 142.000000	 19.000000	      -	 time:404.4480s
B&B( 3863)	 142.000000	 19.000000	      -	 time:409.4620s
B&B( 3915)	 142.000000	 19.000000	      -	 time:414.4710s
B&B( 3968)	 142.000000	 19.000000	      -	 time:419.5670s
B&B( 4013)	 142.000000	 19.000000	      -	 time:424.6090s
B&B( 4058)	 142.000000	 19.000000	      -	 time:429.6980s
B&B( 4103)	 142.000000	 19.000000	      -	 time:434.7250s
B&B( 4150)	 142.000000	 19.000000	      -	 time:439.8210s
B&B( 4195)	 142.000000	 19.000000	      -	 time:444.9340s
B&B( 4239)	 142.000000	 19.000000	      -	 time:450.0180s
B&B( 4287)	 141.000000	 19.000000	      -	 time:455.0520s
B&B( 4333)	 141.000000	 19.000000	      -	 time:460.0710s
B&B( 4377)	 141.000000	 19.000000	      -	 time:465.1240s
B&B( 4422)	 141.000000	 19.000000	      -	 time:470.1450s
B&B( 4466)	 141.000000	 19.000000	      -	 time:475.2400s
B&B( 4511)	 141.000000	 19.000000	      -	 time:480.2750s
B&B( 4555)	 141.000000	 19.000000	      -	 time:485.3050s
B&B( 4598)	 141.000000	 19.000000	      -	 time:490.3680s
B&B( 4643)	 140.000000	 19.000000	      -	 time:495.4280s
B&B( 4690)	 140.000000	 19.000000	      -	 time:500.4400s
B&B( 4735)	 140.000000	 19.000000	      -	 time:505.4890s
B&B( 4780)	 140.000000	 19.000000	      -	 time:510.5450s
B&B( 4825)	 141.000000	 19.000000	      -	 time:515.5720s
update in RO 20.0000

CHECKER is 1 SUM:20
TIME:518722.000000
P TIGHTEN: 518.722000 <P:20.000000, D:141.000000, INC:(720)[0 0 0 0 0 0 0 0 0 0 0 0 0 0 0 0 0 0 0 0 0 0 0 0 0 0 0 0 0 0 1 0 0 0 0 0 0 0 0 0 0 0 0 0 0 0 0 0 0 0 0 0 0 0 0 0 0 0 0 0 0 0 0 0 0 0 0 0 0 0 0 0 0 0 0 0 0 0 0 0 0 0 0 0 0 0 0 1 0 1 0 0 0 0 0 0 0 0 1 0 0 0 0 0 0 1 0 0 0 0 0 0 0 1 0 0 0 0 0 0 0 0 0 0 0 0 0 0 0 0 0 0 0 0 1 0 0 0 0 0 0 0 0 0 0 1 0 0 0 0 0 0 0 0 0 0 0 0 0 0 0 0 0 0 0 0 0 0 0 0 0 0 0 0 0 0 0 0 0 0 0 0 0 0 0 0 0 0 0 0 0 0 0 0 0 0 0 0 0 0 0 0 0 0 0 0 0 0 0 0 0 0 0 0 0 0 0 0 0 0 0 0 0 0 0 0 0 1 0 0 0 0 0 0 0 0 0 0 0 0 0 0 0 0 0 0 0 0 1 0 0 0 0 0 0 0 0 0 0 0 0 0 0 0 0 0 0 0 0 0 0 0 0 0 0 0 0 0 0 0 0 0 0 0 1 0 0 0 0 0 0 0 0 0 0 0 0 0 0 0 0 0 0 0 0 0 0 0 0 0 0 0 0 0 0 0 0 0 0 0 1 0 0 0 0 0 0 0 0 0 0 0 0 0 0 0 0 0 0 0 0 0 0 0 0 0 0 0 0 0 0 0 0 0 0 0 0 0 0 0 0 0 0 0 0 0 0 0 0 0 0 0 0 0 0 0 0 0 0 0 0 0 1 0 0 0 0 0 1 0 0 0 0 0 0 0 0 0 0 0 0 0 0 0 0 0 0 0 0 0 0 0 0 0 0 0 0 0 0 0 0 0 0 0 0 0 0 0 0 0 0 0 0 0 0 0 0 0 0 0 0 0 0 0 0 0 0 0 0 0 0 0 0 0 0 0 0 0 0 0 0 0 0 0 0 0 0 0 0 0 0 0 0 0 0 0 0 0 0 0 0 0 0 0 0 0 0 0 0 0 0 0 0 0 0 0 0 0 0 0 0 0 0 0 0 0 0 0 0 0 0 0 0 0 0 0 0 0 0 0 0 0 0 0 0 0 0 0 0 0 0 0 0 0 0 0 0 0 0 0 0 0 0 0 0 0 0 0 0 0 0 0 0 0 0 0 0 0 0 0 0 1 0 0 0 0 0 0 0 0 0 0 0 0 0 0 0 0 0 1 0 0 0 0 0 0 0 0 0 0 0 1 0 0 1 0 0 0 0 0 0 0 0 0 0 0 0 0 0 0 0 0 0 0 0 0 0 0 0 0 0 0 0 0 0 0 0 0 0 0 0 0 0 0 0 0 0 0 0 0 0 0 0 0 0 0 0 0 0 0 0 0 0 0 0 0 0 0 0 0 0 0 0 0 0 0 0 0 0 0 0 0 0 1 0 0 0 0 0 0 0 0 0 0 0 0 0 0 0 0 0 0 0 0 0 0 0 0 0 0 0 0 0 0 0 0 0 0 0 0 0 0 0 0 0 0 0 0 0 1 ]> 20.000000 20.000000 + 0.000000 #40796
B&B( 4872)	 140.000000	 20.000000	      -	 time:520.6340s
B&B( 4918)	 140.000000	 20.000000	      -	 time:525.6650s
B&B( 4964)	 140.000000	 20.000000	      -	 time:530.7670s
B&B( 5008)	 140.000000	 20.000000	      -	 time:535.7730s
B&B( 5053)	 140.000000	 20.000000	      -	 time:540.8870s
B&B( 5099)	 140.000000	 20.000000	      -	 time:545.9470s
B&B( 5142)	 140.000000	 20.000000	      -	 time:550.9540s
B&B( 5187)	 140.000000	 20.000000	      -	 time:555.9670s
B&B( 5238)	 140.000000	 20.000000	      -	 time:56Command exited with non-zero status 124
	Command being timed: "/usr/bin/timeout 915 /home/fabio/CODD-NEWDom/cmake-build-release-ilyin/misp5 /home/fabio/CODD-NEWDom/data/misp/brock800_4.clq 128"
	User time (seconds): 913.52
	System time (seconds): 1.60
	Percent of CPU this job got: 99%
	Elapsed (wall clock) time (h:mm:ss or m:ss): 15:15.24
	Average shared text size (kbytes): 0
	Average unshared data size (kbytes): 0
	Average stack size (kbytes): 0
	Average total size (kbytes): 0
	Maximum resident set size (kbytes): 3105780
	Average resident set size (kbytes): 0
	Major (requiring I/O) page faults: 0
	Minor (reclaiming a frame) page faults: 782912
	Voluntary context switches: 4
	Involuntary context switches: 3957
	Swaps: 0
	File system inputs: 0
	File system outputs: 56
	Socket messages sent: 0
	Socket messages received: 0
	Signals delivered: 0
	Page size (bytes): 4096
	Exit status: 124

