COMMAND: /usr/bin/time -v /usr/bin/timeout 915 /home/fabio/CODD-NEWDom/cmake-build-release-ilyin/misp5 /home/fabio/CODD-NEWDom/data/misp/brock200_1.clq 256
TOP=200
B&B searching...
dual@root:200
B&B Nodes          Dual	 Primal	 Gap(%)
----------------------------------------------
update in RO 13.000000

CHECKER is 1 SUM:13
TIME:59.000000
P TIGHTEN: 0.059000 <P:13.000000, D:200.000000, INC:(98)[1 0 0 0 0 1 1 1 0 0 1 0 1 0 0 0 0 0 0 0 0 0 0 1 0 0 1 1 0 0 0 0 0 0 0 0 0 0 0 0 0 0 0 0 0 0 0 0 0 0 0 0 0 0 1 0 0 0 0 0 0 0 0 0 0 1 0 0 0 0 0 0 0 0 0 0 0 0 0 0 1 0 0 0 0 0 0 0 0 0 0 0 0 0 0 0 0 1 ]> 13.000000 13.000000 + 0.000000 #22631
update in RO 14.000000

CHECKER is 1 SUM:14
TIME:59.000000
P TIGHTEN: 0.060000 <P:14.000000, D:200.000000, INC:(103)[1 0 0 0 1 0 0 1 0 1 1 0 1 1 0 0 0 0 0 0 0 0 0 0 0 0 0 0 0 0 0 1 0 0 0 0 0 0 0 1 0 0 0 0 0 0 0 1 0 0 0 0 0 0 0 0 0 0 0 0 0 1 0 0 0 0 0 0 0 0 0 0 0 0 1 0 0 0 1 0 0 0 0 0 0 0 0 0 0 0 0 0 0 0 0 0 0 0 0 0 0 0 1 ]> 14.000000 14.000000 + 0.000000 #23761
update in RO 15.000000

CHECKER is 1 SUM:15
TIME:60.000000
P TIGHTEN: 0.060000 <P:15.000000, D:200.000000, INC:(108)[0 0 0 1 0 1 0 1 0 0 0 0 1 0 1 1 0 0 0 1 0 0 0 0 0 0 1 0 0 0 0 0 0 0 0 0 0 0 0 0 0 0 0 0 1 0 0 0 0 1 0 0 0 0 0 0 0 0 0 0 0 0 0 0 0 0 0 0 1 1 0 0 1 0 0 0 0 0 0 0 0 0 0 0 0 0 0 0 0 0 1 0 0 0 0 0 0 0 0 0 0 0 0 0 0 0 0 1 ]> 15.000000 15.000000 + 0.000000 #24982
update in RO 16.000000

CHECKER is 1 SUM:16
TIME:61.000000
P TIGHTEN: 0.062000 <P:16.000000, D:200.000000, INC:(125)[0 0 0 1 0 1 0 1 0 0 0 0 1 0 1 1 0 0 0 1 0 0 0 0 0 0 1 0 0 0 0 0 0 0 0 0 0 0 0 0 0 0 0 0 1 0 0 0 0 1 0 0 1 0 0 0 0 0 0 0 0 0 0 0 0 0 0 0 1 1 0 0 1 0 0 0 0 0 0 0 0 0 0 0 0 0 0 0 0 0 0 0 0 0 0 0 0 0 0 0 0 0 0 0 0 0 0 1 0 0 0 0 0 0 0 0 0 0 0 0 0 0 0 0 1 ]> 16.000000 16.000000 + 0.000000 #28059
update in RO 17.000000

CHECKER is 1 SUM:17
TIME:63.000000
P TIGHTEN: 0.063000 <P:17.000000, D:200.000000, INC:(155)[1 0 0 0 0 0 0 1 0 1 1 0 1 0 0 1 0 0 0 0 0 0 0 1 0 0 1 1 0 0 0 0 0 0 0 0 0 0 0 0 0 0 0 0 0 0 0 1 0 0 0 0 0 0 0 0 0 0 0 0 0 0 0 0 0 0 0 0 0 0 0 0 0 0 1 0 0 0 1 0 1 0 0 0 0 0 0 0 0 0 0 0 0 0 0 0 0 0 0 0 0 0 1 0 1 0 0 1 0 0 0 0 0 0 0 0 0 0 0 0 0 0 0 0 0 0 0 0 0 0 0 0 0 0 0 0 0 0 0 0 0 0 0 0 0 0 0 0 0 0 0 0 0 0 1 ]> 17.000000 17.000000 + 0.000000 #30127
update in RO 18.000000

CHECKER is 1 SUM:18
TIME:63.000000
P TIGHTEN: 0.063000 <P:18.000000, D:200.000000, INC:(175)[0 1 1 1 0 0 0 0 0 0 0 0 1 0 1 0 0 0 1 1 0 0 0 0 0 0 1 0 0 0 0 0 1 0 0 0 0 0 0 0 0 0 0 0 0 0 0 0 0 0 0 0 1 0 0 0 0 0 1 1 0 0 0 0 0 0 0 0 0 0 0 0 0 0 0 0 0 0 1 0 0 0 0 0 0 0 0 0 0 0 0 1 0 0 0 0 0 0 0 0 0 0 0 0 0 0 0 0 0 0 0 0 0 0 0 0 0 0 0 0 1 0 0 0 0 1 0 0 1 0 0 0 0 0 0 0 0 0 0 0 0 0 0 0 0 0 0 0 0 0 0 0 0 0 0 0 0 0 0 0 0 0 0 0 0 0 0 0 0 0 0 0 0 0 1 ]> 18.000000 18.000000 + 0.000000 #30191
update in RO 19.000000

CHECKER is 1 SUM:19
TIME:332.000000
P TIGHTEN: 0.332000 <P:19.000000, D:64.000000, INC:(199)[0 0 0 1 0 1 0 1 0 0 0 0 0 0 1 0 0 0 1 1 0 0 0 0 0 0 1 0 0 0 0 0 0 0 0 0 0 0 0 0 0 1 0 0 0 0 0 0 0 0 0 0 1 0 0 0 0 0 0 0 0 0 0 0 0 0 0 0 0 1 0 0 1 0 0 0 0 0 0 0 0 0 1 0 0 0 0 0 0 0 0 0 0 0 0 0 0 0 0 0 0 0 0 0 0 0 0 0 0 0 0 0 0 0 0 0 0 0 0 0 0 0 0 0 1 0 0 0 0 0 0 0 0 0 0 0 0 0 0 0 0 0 0 0 0 0 0 0 1 0 0 0 0 0 0 0 0 0 0 0 0 0 1 0 0 0 0 0 0 0 0 1 0 0 1 0 0 0 0 0 0 0 0 0 0 1 0 0 0 0 0 0 0 0 0 0 0 0 1 ]> 19.000000 19.000000 + 0.000000 #21349
update in RO 20.000000

CHECKER is 1 SUM:20
TIME:541.000000
P TIGHTEN: 0.542000 <P:20.000000, D:64.000000, INC:(190)[0 0 0 1 1 0 0 1 0 0 0 0 1 0 1 1 0 0 0 1 0 0 0 0 0 0 0 0 0 0 0 0 0 0 0 0 0 0 0 0 0 0 0 0 0 0 0 0 0 1 0 0 0 0 0 0 0 0 0 0 0 0 0 0 0 0 0 0 1 0 0 0 0 0 0 0 0 0 1 0 0 0 0 0 0 0 0 0 0 0 0 0 0 0 0 0 0 0 0 0 0 0 0 0 0 0 0 0 0 0 0 0 0 0 0 1 0 0 0 0 0 0 0 0 0 0 0 0 0 0 0 0 0 0 0 0 0 0 0 0 0 0 1 0 0 0 0 0 0 0 0 1 0 0 1 0 0 0 1 0 0 0 0 1 1 0 0 0 0 0 0 0 0 0 1 0 0 0 0 0 0 0 0 0 0 0 0 0 1 1 ]> 20.000000 20.000000 + 0.000000 #16949
B&B(  176)	 61.000000	 20.000000	      -	 time:5.0080s
B&B(  426)	 58.000000	 20.000000	      -	 time:10.0110s
B&B(  738)	 54.000000	 20.000000	      -	 time:15.0230s
B&B( 1198)	 51.000000	 20.000000	      -	 time:20.0310s
B&B( 1601)	 49.000000	 20.000000	      -	 time:25.0360s
B&B( 2194)	 48.000000	 20.000000	      -	 time:30.0610s
B&B( 2718)	 47.000000	 20.000000	      -	 time:35.0760s
B&B( 3137)	 46.000000	 20.000000	      -	 time:40.0940s
B&B( 3802)	 46.000000	 20.000000	      -	 time:45.0990s
B&B( 4428)	 45.000000	 20.000000	      -	 time:50.1220s
B&B( 5119)	 45.000000	 20.000000	      -	 time:55.1240s
B&B( 5771)	 44.000000	 20.000000	      -	 time:60.1260s
B&B( 6566)	 44.000000	 20.000000	      -	 time:65.1270s
B&B( 7410)	 43.000000	 20.000000	      -	 time:70.1390s
B&B( 8230)	 43.000000	 20.000000	      -	 time:75.1400s
B&B( 9095)	 42.000000	 20.000000	      -	 time:80.1520s
B&B(10077)	 42.000000	 20.000000	      -	 time:85.1600s
B&B(10968)	 41.000000	 20.000000	      -	 time:90.1800s
B&B(12176)	 41.000000	 20.000000	      -	 time:95.1830s
B&B(13412)	 40.000000	 20.000000	 100.0000%	 time:100.1860s
B&B(14626)	 40.000000	 20.000000	 100.0000%	 time:105.1950s
B&B(16082)	 39.000000	 20.000000	 95.0000%	 time:110.1990s
B&B(17592)	 39.000000	 20.000000	 95.0000%	 time:115.2040s
B&B(19149)	 39.000000	 20.000000	 95.0000%	 time:120.2070s
B&B(20746)	 38.000000	 20.000000	 90.0000%	 time:125.2080s
B&B(22855)	 38.000000	 20.000000	 90.0000%	 time:130.2100s
B&B(24617)	 38.000000	 20.000000	 90.0000%	 time:135.2230s
B&B(26829)	 37.000000	 20.000000	 85.0000%	 time:140.2300s
B&B(28873)	 37.000000	 20.000000	 85.0000%	 time:145.2410s
B&B(30986)	 37.000000	 20.000000	 85.0000%	 time:150.2440s
update in RX 21.0000 151.7210 <P:20.0000, D:36.0000, INC:(190)[0 0 0 1 1 0 0 1 0 0 0 0 1 0 1 1 0 0 0 1 0 0 0 0 0 0 0 0 0 0 0 0 0 0 0 0 0 0 0 0 0 0 0 0 0 0 0 0 0 1 0 0 0 0 0 0 0 0 0 0 0 0 0 0 0 0 0 0 1 0 0 0 0 0 0 0 0 0 1 0 0 0 0 0 0 0 0 0 0 0 0 0 0 0 0 0 0 0 0 0 0 0 0 0 0 0 0 0 0 0 0 0 0 0 0 1 0 0 0 0 0 0 0 0 0 0 0 0 0 0 0 0 0 0 0 0 0 0 0 0 0 0 1 0 0 0 0 0 0 0 0 1 0 0 1 0 0 0 1 0 0 0 0 1 1 0 0 0 0 0 0 0 0 0 1 0 0 0 0 0 0 0 0 0 0 0 0 0 1 1 ]>

CHECKER is 1 SUM:21
TIME:151720.000000
D TIGHTEN: 151.721000 <P:21.000000, D:36.000000, INC:(199)[0 0 0 1 0 0 0 0 0 0 0 0 0 0 0 0 0 0 0 0 0 0 0 0 0 1 0 0 0 0 0 1 0 0 0 0 0 0 0 0 1 0 0 0 0 1 0 1 0 0 0 0 0 0 0 0 0 0 0 0 0 0 0 0 0 0 0 0 0 0 0 0 0 0 0 0 0 0 0 0 0 0 1 0 0 0 0 0 0 0 0 0 0 0 0 0 0 0 0 1 0 0 1 1 0 0 1 0 0 0 0 0 0 0 0 0 0 0 0 1 0 1 0 0 0 0 0 0 0 0 0 1 0 0 0 0 1 1 0 0 0 0 0 1 0 0 0 0 0 0 0 0 0 0 0 0 0 0 0 0 0 0 0 0 0 0 0 0 0 0 0 0 0 0 1 0 0 0 0 1 0 0 0 0 0 0 0 0 0 0 1 0 0 0 0 0 0 0 1 ]>
B&B(33993)	 36.000000	 21.000000	 71.4286%	 time:155.2630s
B&B(37734)	 36.000000	 21.000000	 71.4286%	 time:160.2680s
B&B(40952)	 35.000000	 21.000000	 66.6667%	 time:165.2710s
B&B(44884)	 35.000000	 21.000000	 66.6667%	 time:170.2880s
B&B(48879)	 35.000000	 21.000000	 66.6667%	 time:175.2890s
B&B(52119)	 35.000000	 21.000000	 66.6667%	 time:180.3040s
B&B(55643)	 34.000000	 21.000000	 61.9048%	 time:185.3060s
B&B(59879)	 34.000000	 21.000000	 61.9048%	 time:190.3080s
B&B(64562)	 34.000000	 21.000000	 61.9048%	 time:195.3200s
B&B(69228)	 34.000000	 21.000000	 61.9048%	 time:200.3250s
B&B(74753)	 33.000000	 21.000000	 57.1429%	 time:205.3490s
B&B(80582)	 33.000000	 21.000000	 57.1429%	 time:210.3530s
B&B(87105)	 33.000000	 21.000000	 57.1429%	 time:215.3560s
B&B(93085)	 32.000000	 21.000000	 52.3810%	 time:220.3580s
B&B(100547)	 32.000000	 21.000000	 52.3810%	 time:225.3590s
B&B(107030)	 32.000000	 21.000000	 52.3810%	 time:230.3630s
B&B(114370)	 32.000000	 21.000000	 52.3810%	 time:235.3640s
B&B(123039)	 31.000000	 21.000000	 47.6190%	 time:240.3750s
B&B(131306)	 31.000000	 21.000000	 47.6190%	 time:245.3900s
B&B(140177)	 31.000000	 21.000000	 47.6190%	 time:250.3920s
B&B(149336)	 31.000000	 21.000000	 47.6190%	 time:255.3930s
B&B(159589)	 30.000000	 21.000000	 42.8571%	 time:260.3950s
B&B(171858)	 30.000000	 21.000000	 42.8571%	 time:265.3970s
B&B(181673)	 30.000000	 21.000000	 42.8571%	 time:270.4000s
B&B(191429)	 30.000000	 21.000000	 42.8571%	 time:275.4020s
B&B(203110)	 29.000000	 21.000000	 38.0952%	 time:280.4050s
B&B(216500)	 29.000000	 21.000000	 38.0952%	 time:285.4060s
B&B(230396)	 29.000000	 21.000000	 38.0952%	 time:290.4070s
B&B(242487)	 29.000000	 21.000000	 38.0952%	 time:295.4080s
B&B(254354)	 29.000000	 21.000000	 38.0952%	 time:300.4100s
B&B(267434)	 28.000000	 21.000000	 33.3333%	 time:305.4110s
B&B(283101)	 28.000000	 21.000000	 33.3333%	 time:310.4120s
B&B(300698)	 28.000000	 21.000000	 33.3333%	 time:315.4160s
B&B(317004)	 28.000000	 21.000000	 33.3333%	 time:320.4170s
B&B(331142)	 28.000000	 21.000000	 33.3333%	 time:325.4190s
B&B(346470)	 28.000000	 21.000000	 33.3333%	 time:330.4280s
B&B(364143)	 27.000000	 21.000000	 28.5714%	 time:335.4290s
B&B(384161)	 27.000000	 21.000000	 28.5714%	 time:340.4300s
B&B(405290)	 27.000000	 21.000000	 28.5714%	 time:345.4310s
B&B(425179)	 27.000000	 21.000000	 28.5714%	 time:350.4320s
B&B(444864)	 27.000000	 21.000000	 28.5714%	 time:355.4350s
B&B(461258)	 27.000000	 21.000000	 28.5714%	 time:360.4360s
B&B(483424)	 26.000000	 21.000000	 23.8095%	 time:365.4370s
B&B(508929)	 26.000000	 21.000000	 23.8095%	 time:370.4380s
B&B(533267)	 26.000000	 21.000000	 23.8095%	 time:375.4400s
B&B(557833)	 26.000000	 21.000000	 23.8095%	 time:380.4410s
B&B(587120)	 26.000000	 21.000000	 23.8095%	 time:385.4420s
B&B(610852)	 26.000000	 21.000000	 23.8095%	 time:390.4430s
B&B(642825)	 25.000000	 21.000000	 19.0476%	 time:395.4440s
B&B(674500)	 25.000000	 21.000000	 19.0476%	 time:400.4470s
B&B(704847)	 25.000000	 21.000000	 19.0476%	 time:405.4480s
B&B(736601)	 25.000000	 21.000000	 19.0476%	 time:410.4490s
B&B(770531)	 25.000000	 21.000000	 19.0476%	 time:415.4500s
B&B(802410)	 25.000000	 21.000000	 19.0476%	 time:420.4510s
B&B(840365)	 24.000000	 21.000000	 14.2857%	 time:425.4520s
B&B(880777)	 24.000000	 21.000000	 14.2857%	 time:430.4530s
B&B(920679)	 24.000000	 21.000000	 14.2857%	 time:435.4540s
B&B(960498)	 24.000000	 21.000000	 14.2857%	 time:440.4550s
B&B(1000262)	 24.000000	 21.000000	 14.2857%	 time:445.4570s
B&B(1042149)	 24.000000	 21.000000	 14.2857%	 time:450.4580s
B&B(1079884)	 24.000000	 21.000000	 14.2857%	 time:455.4590s
B&B(1130874)	 23.000000	 21.000000	 9.5238%	 time:460.4620s
B&B(1180851)	 23.000000	 21.000000	 9.5238%	 time:465.4630s
B&B(1232742)	 23.000000	 21.000000	 9.5238%	 time:470.4640s
B&B(1281354)	 23.000000	 21.000000	 9.5238%	 time:475.4660s
B&B(1331966)	 23.000000	 21.000000	 9.5238%	 time:480.4670s
B&B(1381951)	 23.000000	 21.000000	 9.5238%	 time:485.4680s
B&B(1428710)	 23.000000	 21.000000	 9.5238%	 time:490.4690s
B&B(1483954)	 22.000000	 21.000000	 4.7619%	 time:495.4700s
B&B(1543559)	 22.000000	 21.000000	 4.7619%	 time:500.4710s
B&B(1603301)	 22.000000	 21.000000	 4.7619%	 time:505.4720s
B&B(1664075)	 22.000000	 21.000000	 4.7619%	 time:510.4740s
B&B(1725160)	 22.000000	 21.000000	 4.7619%	 time:515.4760s
B&B(1784110)	 22.000000	 21.000000	 4.7619%	 time:520.4780s
B&B(1843719)	 22.000000	 21.000000	 4.7619%	 time:525.4790s
B&B(1901836)	 22.000000	 21.000000	 4.7619%	 time:530.4800s
B&B(1957325)	 22.000000	 21.000000	 4.7619%	 time:535.4810s
Done(256):21.0000000000000000	 #nodes:1979989/2326907	 P/D:0/0	 Time:151.7199999999999989/537.5140000000000100s	 LIM?:0	 Seen:0
	Command being timed: "/usr/bin/timeout 915 /home/fabio/CODD-NEWDom/cmake-build-release-ilyin/misp5 /home/fabio/CODD-NEWDom/data/misp/brock200_1.clq 256"
	User time (seconds): 536.70
	System time (seconds): 0.90
	Percent of CPU this job got: 99%
	Elapsed (wall clock) time (h:mm:ss or m:ss): 8:57.65
	Average shared text size (kbytes): 0
	Average unshared data size (kbytes): 0
	Average stack size (kbytes): 0
	Average total size (kbytes): 0
	Maximum resident set size (kbytes): 1737216
	Average resident set size (kbytes): 0
	Major (requiring I/O) page faults: 0
	Minor (reclaiming a frame) page faults: 435387
	Voluntary context switches: 3
	Involuntary context switches: 2008
	Swaps: 0
	File system inputs: 0
	File system outputs: 40
	Socket messages sent: 0
	Socket messages received: 0
	Signals delivered: 0
	Page size (bytes): 4096
	Exit status: 0

