COMMAND: /usr/bin/time -v /usr/bin/timeout 915 /home/fabio/CODD-NEWDom/cmake-build-release-ilyin/misp5 /home/fabio/CODD-NEWDom/data/misp/p_hat1000-1.clq 128
TOP=1000
B&B searching...
dual@root:1000
B&B Nodes          Dual	 Primal	 Gap(%)
----------------------------------------------
update in RO 5.000000

CHECKER is 1 SUM:5
TIME:257.000000
P TIGHTEN: 0.258000 <P:5.000000, D:1000.000000, INC:(58)[0 0 0 0 0 0 0 0 1 0 1 0 0 0 0 0 0 0 0 0 0 0 0 0 1 0 0 0 0 0 0 0 0 0 0 0 0 0 0 0 0 0 0 0 0 0 0 1 0 0 0 0 0 0 0 0 0 1 ]> 5.000000 5.000000 + 0.000000 #5064
update in RO 6.000000

CHECKER is 1 SUM:6
TIME:260.000000
P TIGHTEN: 0.261000 <P:6.000000, D:1000.000000, INC:(103)[1 0 1 0 0 0 0 0 0 0 0 0 0 0 0 0 0 0 0 0 0 0 0 0 0 0 0 0 1 0 0 0 0 0 0 0 0 1 0 0 0 0 0 0 0 0 0 0 0 0 0 0 0 0 0 0 0 0 0 0 0 0 0 0 0 0 0 0 0 0 0 0 0 0 0 0 0 0 0 0 0 0 0 0 0 0 0 0 0 0 0 0 0 0 0 0 1 0 0 0 0 0 1 ]> 6.000000 6.000000 + 0.000000 #10817
update in RO 7.000000

CHECKER is 1 SUM:7
TIME:266.000000
P TIGHTEN: 0.266000 <P:7.000000, D:1000.000000, INC:(164)[0 0 0 0 0 0 0 0 1 0 1 0 0 0 0 0 0 0 0 0 0 0 0 0 0 0 0 0 1 0 0 0 0 0 0 0 1 0 0 0 0 0 0 0 0 0 0 0 0 0 0 0 0 0 0 0 0 0 0 0 0 0 0 0 0 0 0 0 0 0 0 0 0 0 0 0 0 0 0 0 0 0 0 0 0 0 0 0 0 0 0 0 0 0 0 0 1 0 0 0 0 0 0 0 0 0 0 0 0 0 0 0 0 0 0 1 0 0 0 0 0 0 0 0 0 0 0 0 0 0 0 0 0 0 0 0 0 0 0 0 0 0 0 0 0 0 0 0 0 0 0 0 0 0 0 0 0 0 0 0 0 0 0 1 ]> 7.000000 7.000000 + 0.000000 #18450
update in RO 8.000000

CHECKER is 1 SUM:8
TIME:282.000000
P TIGHTEN: 0.283000 <P:8.000000, D:1000.000000, INC:(311)[0 0 0 0 0 0 0 0 0 0 0 1 0 0 0 0 0 0 0 0 0 0 0 0 0 0 1 0 1 0 0 0 0 0 1 0 0 0 0 0 0 0 0 0 0 0 0 0 0 0 0 0 0 0 0 0 0 0 0 0 0 0 0 0 0 0 0 0 0 0 0 0 0 0 0 0 0 1 0 0 0 0 0 0 0 0 0 0 0 0 0 1 0 0 0 0 0 0 0 0 0 0 0 0 0 0 0 0 0 0 0 0 0 0 0 0 0 0 0 0 0 0 0 0 0 0 0 0 0 0 0 0 0 0 0 0 0 0 0 0 0 0 0 0 0 0 0 0 0 0 0 0 0 0 0 0 0 0 0 0 0 0 0 0 0 0 0 0 0 0 1 0 0 0 0 0 0 0 0 0 0 0 0 0 0 0 0 0 0 0 0 0 0 0 0 0 0 0 0 0 0 0 0 0 0 0 0 0 0 0 0 0 0 0 0 0 0 0 0 0 0 0 0 0 0 0 0 0 0 0 0 0 0 0 0 0 0 0 0 0 0 0 0 0 0 0 0 0 0 0 0 0 0 0 0 0 0 0 0 0 0 0 0 0 0 0 0 0 0 0 0 0 0 0 0 0 0 0 0 0 0 0 0 0 0 0 0 0 0 0 0 0 0 0 0 0 0 0 0 0 0 0 0 0 0 0 0 0 0 0 1 ]> 8.000000 8.000000 + 0.000000 #35845
update in RO 9.000000

CHECKER is 1 SUM:9
TIME:291.000000
P TIGHTEN: 0.292000 <P:9.000000, D:1000.000000, INC:(394)[0 0 0 0 0 0 0 0 1 0 1 0 0 0 0 0 0 0 0 0 0 0 0 0 0 0 0 0 0 0 0 0 0 0 0 0 1 0 0 0 0 0 0 0 0 0 0 1 0 0 0 0 0 0 0 0 0 0 0 0 0 0 0 0 0 0 0 0 0 0 0 0 0 0 0 0 0 0 0 0 0 0 0 0 0 0 0 0 0 0 0 0 0 0 0 0 0 0 0 0 0 0 0 0 0 0 0 0 0 0 0 0 0 0 0 0 0 0 0 0 0 0 0 0 0 0 0 0 0 0 0 0 0 0 0 0 0 0 0 0 0 0 0 0 0 0 0 0 0 0 0 0 0 0 0 0 0 0 0 0 0 0 0 1 0 0 0 0 0 0 0 0 0 0 0 0 0 0 0 0 0 0 0 0 0 0 0 0 0 0 0 0 0 0 0 0 0 0 0 0 0 0 0 0 0 0 0 0 0 0 0 0 0 0 0 0 0 0 0 0 0 0 0 0 0 0 0 0 0 0 0 0 0 0 0 0 0 0 0 0 0 0 0 0 0 0 0 0 0 0 0 0 0 0 0 0 0 0 0 0 0 0 0 0 0 0 0 0 0 0 0 0 0 1 0 0 0 0 0 0 0 0 0 0 0 0 0 0 0 0 0 0 0 0 0 0 0 0 0 0 0 0 0 0 0 0 0 0 0 0 0 0 0 0 0 0 0 0 0 0 0 0 0 0 0 0 0 0 1 0 0 0 0 0 0 0 0 0 0 0 0 0 0 0 0 0 0 0 0 0 0 0 0 0 0 0 0 0 0 0 0 0 0 0 0 0 0 0 0 0 0 0 0 0 0 0 1 0 0 0 0 0 0 0 0 0 0 0 0 0 0 0 0 1 ]> 9.000000 9.000000 + 0.000000 #43027
update in RO 10.000000

CHECKER is 1 SUM:10
TIME:2652.000000
P TIGHTEN: 2.653000 <P:10.000000, D:84.000000, INC:(857)[0 0 0 0 0 0 0 0 0 0 0 0 0 0 0 0 0 1 0 0 0 0 0 0 0 0 1 0 0 0 0 0 0 0 0 0 0 0 0 0 0 0 1 0 0 0 0 0 0 0 0 0 0 0 0 0 0 0 0 0 0 0 0 0 0 0 0 0 0 0 0 0 0 0 0 0 0 0 0 0 0 0 0 0 0 0 0 0 0 0 0 0 0 0 0 0 0 0 0 0 0 0 0 0 0 0 0 0 0 0 0 0 0 0 0 0 0 0 0 0 0 0 0 0 0 0 0 0 0 0 0 0 0 0 0 0 0 0 0 0 1 0 0 0 0 0 0 0 0 0 0 0 0 0 0 0 0 0 0 0 0 0 0 0 0 0 0 0 0 0 0 0 0 0 0 0 0 0 0 0 0 0 0 0 0 0 0 0 0 0 0 0 0 0 0 0 0 0 0 0 0 0 0 0 0 0 0 0 0 0 0 0 0 0 0 0 0 0 0 0 0 0 0 0 0 0 1 1 0 0 0 0 0 0 0 0 0 0 0 0 0 0 0 0 0 0 0 0 0 0 0 0 0 0 0 0 0 0 0 0 0 0 0 0 0 0 0 0 0 0 0 0 0 0 0 0 0 0 0 0 0 0 0 0 0 0 0 0 0 0 0 0 0 0 0 0 0 0 0 0 0 0 0 0 0 0 0 0 0 0 0 0 0 0 0 0 0 0 0 0 0 0 0 0 0 0 0 0 0 0 0 0 0 0 0 0 0 0 0 0 0 0 0 0 0 0 0 0 0 0 1 0 0 0 0 0 0 0 0 0 0 0 0 0 0 0 0 0 0 0 0 0 0 0 0 0 0 0 0 0 0 0 0 0 0 0 0 0 0 0 0 0 0 0 0 0 0 0 0 0 0 0 0 0 0 0 0 0 0 0 0 0 0 0 0 0 0 0 0 0 0 0 0 0 0 0 0 0 0 0 0 0 0 0 0 0 0 0 0 0 0 0 0 0 0 0 0 0 0 0 0 0 0 0 0 0 0 0 0 0 0 0 0 0 0 0 0 0 0 0 0 0 0 0 0 0 0 0 0 0 0 0 0 0 0 0 0 0 0 0 0 0 0 0 0 0 0 0 0 0 0 0 0 0 0 0 0 0 0 0 0 0 0 0 0 0 0 0 0 0 0 0 0 0 0 0 0 0 0 0 0 0 0 0 0 0 0 1 0 0 0 0 0 0 0 0 0 0 0 0 0 0 0 0 0 0 0 0 0 0 0 0 0 0 0 0 0 0 1 0 0 0 0 0 0 0 0 0 0 0 0 0 0 0 0 0 0 0 0 0 0 0 0 0 0 0 0 0 0 0 0 0 0 0 0 0 0 0 0 0 0 0 0 0 0 0 0 0 0 0 0 0 0 0 0 0 0 0 0 0 0 0 0 0 0 0 0 0 0 0 0 0 0 0 0 0 0 0 0 0 0 0 0 0 0 0 0 0 0 0 0 0 0 0 0 0 0 0 0 0 0 0 0 0 0 0 0 0 0 0 0 0 0 0 0 0 0 0 0 0 0 0 0 0 0 0 0 0 0 0 0 0 0 0 0 0 0 0 0 0 0 0 0 0 0 0 0 0 0 0 0 0 0 0 0 0 0 0 0 0 0 0 0 0 0 0 0 0 0 0 0 0 0 0 0 0 0 0 0 0 0 0 0 0 0 0 0 0 0 0 0 0 0 0 0 0 0 0 0 0 0 0 0 0 0 0 0 0 0 0 0 0 0 0 0 0 0 0 0 0 0 0 0 0 0 0 0 0 0 0 0 0 0 0 0 0 0 0 0 0 0 0 0 0 0 0 0 0 0 0 0 0 0 0 0 0 0 0 0 0 0 0 0 0 0 0 0 0 0 0 0 0 0 0 0 0 0 0 0 0 0 0 0 0 0 0 1 ]> 10.000000 10.000000 + 0.000000 #54920
B&B(   43)	 83.000000	 10.000000	      -	 time:5.0090s
B&B(   93)	 82.000000	 10.000000	      -	 time:10.0890s
B&B(  149)	 78.000000	 10.000000	      -	 time:15.0930s
B&B(  210)	 76.000000	 10.000000	      -	 time:20.1730s
B&B(  267)	 73.000000	 10.000000	      -	 time:25.2950s
B&B(  338)	 72.000000	 10.000000	      -	 time:30.3620s
B&B(  442)	 69.000000	 10.000000	      -	 time:35.3790s
B&B(  551)	 65.000000	 10.000000	      -	 time:40.3900s
B&B(  665)	 62.000000	 10.000000	      -	 time:45.4950s
B&B(  813)	 58.000000	 10.000000	      -	 time:50.5970s
B&B(  956)	 55.000000	 10.000000	      -	 time:55.6240s
B&B( 1191)	 49.000000	 10.000000	      -	 time:60.7160s
B&B( 1526)	 43.000000	 10.000000	      -	 time:65.7270s
B&B( 2179)	 34.000000	 10.000000	      -	 time:70.7320s
B&B( 2502)	 32.000000	 10.000000	      -	 time:75.7410s
B&B( 2945)	 31.000000	 10.000000	      -	 time:80.7670s
B&B( 3298)	 30.000000	 10.000000	      -	 time:85.7710s
B&B( 3681)	 30.000000	 10.000000	      -	 time:90.8070s
B&B( 4071)	 29.000000	 10.000000	      -	 time:95.8340s
B&B( 4524)	 28.000000	 10.000000	      -	 time:100.8440s
B&B( 5068)	 28.000000	 10.000000	      -	 time:105.8750s
B&B( 5623)	 27.000000	 10.000000	      -	 time:110.8860s
B&B( 6133)	 27.000000	 10.000000	      -	 time:115.8880s
B&B( 6881)	 26.000000	 10.000000	      -	 time:120.9090s
B&B( 7523)	 26.000000	 10.000000	      -	 time:125.9360s
B&B( 8266)	 26.000000	 10.000000	      -	 time:130.9370s
B&B( 9064)	 25.000000	 10.000000	      -	 time:135.9470s
B&B( 9706)	 25.000000	 10.000000	      -	 time:140.9600s
B&B(10351)	 25.000000	 10.000000	      -	 time:145.9810s
B&B(11133)	 25.000000	 10.000000	      -	 time:150.9890s
B&B(12104)	 24.000000	 10.000000	      -	 time:155.9940s
B&B(12947)	 24.000000	 10.000000	      -	 time:160.9970s
B&B(14013)	 23.000000	 10.000000	      -	 time:166.0010s
B&B(15195)	 23.000000	 10.000000	      -	 time:171.0260s
B&B(16162)	 23.000000	 10.000000	      -	 time:176.0350s
B&B(17142)	 23.000000	 10.000000	      -	 time:181.0760s
B&B(18649)	 22.000000	 10.000000	      -	 time:186.1120s
B&B(19771)	 22.000000	 10.000000	      -	 time:191.1150s
B&B(20951)	 22.000000	 10.000000	      -	 time:196.1720s
B&B(22922)	 21.000000	 10.000000	      -	 time:201.2530s
B&B(24062)	 21.000000	 10.000000	      -	 time:206.2660s
B&B(25352)	 21.000000	 10.000000	      -	 time:211.2680s
B&B(26710)	 21.000000	 10.000000	      -	 time:216.3400s
B&B(29039)	 20.000000	 10.000000	 100.0000%	 time:221.3470s
B&B(30624)	 20.000000	 10.000000	 100.0000%	 time:226.4050s
B&B(32025)	 20.000000	 10.000000	 100.0000%	 time:231.4140s
B&B(34125)	 19.000000	 10.000000	 90.0000%	 time:236.4170s
B&B(36941)	 19.000000	 10.000000	 90.0000%	 time:241.5190s
B&B(38356)	 19.000000	 10.000000	 90.0000%	 time:246.5220s
B&B(40211)	 19.000000	 10.000000	 90.0000%	 time:251.5280s
B&B(43436)	 18.000000	 10.000000	 80.0000%	 time:256.5660s
B&B(46488)	 18.000000	 10.000000	 80.0000%	 time:261.6160s
B&B(48427)	 18.000000	 10.000000	 80.0000%	 time:266.6760s
B&B(50888)	 18.000000	 10.000000	 80.0000%	 time:271.7800s
B&B(54757)	 17.000000	 10.000000	 70.0000%	 time:276.8000s
B&B(58605)	 17.000000	 10.000000	 70.0000%	 time:281.8010s
B&B(61489)	 16.000000	 10.000000	 60.0000%	 time:286.8030s
B&B(67885)	 16.000000	 10.000000	 60.0000%	 time:291.8100s
B&B(70960)	 16.000000	 10.000000	 60.0000%	 time:296.8810s
B&B(74984)	 15.000000	 10.000000	 50.0000%	 time:301.8840s
B&B(82916)	 15.000000	 10.000000	 50.0000%	 time:306.9360s
B&B(87708)	 15.000000	 10.000000	 50.0000%	 time:311.9460s
B&B(94874)	 14.000000	 10.000000	 40.0000%	 time:316.9470s
B&B(106185)	 14.000000	 10.000000	 40.0000%	 time:321.9480s
B&B(118062)	 13.000000	 10.000000	 30.0000%	 time:326.9490s
B&B(133862)	 12.000000	 10.000000	 20.0000%	 time:331.9530s
B&B(156518)	 12.000000	 10.000000	 20.0000%	 time:336.9550s
B&B(176441)	 11.000000	 10.000000	 10.0000%	 time:341.9560s
B&B(196991)	 11.000000	 10.000000	 10.0000%	 time:346.9570s
Done(128):10.0000000000000000	 #nodes:200883/201175	 P/D:0/0	 Time:2.6520000000000001/347.8120000000000118s	 LIM?:0	 Seen:0
	Command being timed: "/usr/bin/timeout 915 /home/fabio/CODD-NEWDom/cmake-build-release-ilyin/misp5 /home/fabio/CODD-NEWDom/data/misp/p_hat1000-1.clq 128"
	User time (seconds): 347.32
	System time (seconds): 0.57
	Percent of CPU this job got: 99%
	Elapsed (wall clock) time (h:mm:ss or m:ss): 5:47.93
	Average shared text size (kbytes): 0
	Average unshared data size (kbytes): 0
	Average stack size (kbytes): 0
	Average total size (kbytes): 0
	Maximum resident set size (kbytes): 1236480
	Average resident set size (kbytes): 0
	Major (requiring I/O) page faults: 0
	Minor (reclaiming a frame) page faults: 310351
	Voluntary context switches: 3
	Involuntary context switches: 1470
	Swaps: 0
	File system inputs: 0
	File system outputs: 32
	Socket messages sent: 0
	Socket messages received: 0
	Signals delivered: 0
	Page size (bytes): 4096
	Exit status: 0

