COMMAND: /usr/bin/time -v /usr/bin/timeout 915 /home/fabio/CODD-NEWDom/cmake-build-release-ilyin/misp5 /home/fabio/CODD-NEWDom/data/misp/brock400_1.clq 256
TOP=400
B&B searching...
dual@root:400
B&B Nodes          Dual	 Primal	 Gap(%)
----------------------------------------------
update in RO 15.000000

CHECKER is 1 SUM:15
TIME:169.000000
P TIGHTEN: 0.169000 <P:15.000000, D:400.000000, INC:(152)[1 0 0 0 1 0 1 0 0 0 0 1 1 1 0 1 0 0 1 0 0 0 0 0 0 1 0 0 0 0 0 0 1 0 0 1 0 0 0 0 0 0 0 0 0 0 0 0 0 0 0 0 0 0 0 0 0 0 1 0 0 0 0 0 0 0 0 0 0 0 0 0 0 0 0 0 0 0 0 0 0 0 0 0 0 0 0 1 0 0 0 0 0 0 0 0 0 0 0 0 0 0 0 0 0 0 0 0 0 0 0 0 0 0 0 0 0 0 0 0 0 0 0 0 0 0 0 0 0 0 0 0 0 0 0 0 0 1 0 0 0 0 0 0 0 0 0 0 0 0 0 1 ]> 15.000000 15.000000 + 0.000000 #36315
update in RO 16.000000

CHECKER is 1 SUM:16
TIME:179.000000
P TIGHTEN: 0.180000 <P:16.000000, D:400.000000, INC:(211)[1 0 0 0 1 0 1 0 0 0 0 1 1 1 0 1 0 0 1 0 0 0 0 0 0 1 0 0 0 0 0 0 1 0 0 1 0 0 0 0 0 0 0 0 0 0 0 0 0 0 0 0 0 1 0 0 0 0 1 0 0 0 0 0 0 0 0 1 1 0 0 0 0 0 0 0 0 0 0 0 0 0 0 0 0 0 0 0 0 0 0 0 0 0 0 0 0 0 0 0 0 0 0 0 0 0 0 0 0 0 0 0 0 0 0 0 0 0 0 0 0 0 0 0 0 0 0 0 0 0 0 0 0 0 0 0 0 0 0 0 0 0 0 0 0 0 0 0 0 0 0 0 0 0 0 0 0 0 0 0 0 0 0 0 0 0 0 0 0 0 0 0 0 0 0 0 0 0 0 0 0 0 0 0 0 0 0 0 0 0 0 0 0 0 0 0 0 0 0 0 0 0 0 0 0 0 0 0 0 0 1 ]> 16.000000 16.000000 + 0.000000 #51098
update in RO 17.000000

CHECKER is 1 SUM:17
TIME:183.000000
P TIGHTEN: 0.184000 <P:17.000000, D:400.000000, INC:(233)[1 0 0 0 0 0 1 0 0 0 0 1 1 0 1 1 0 0 1 0 1 0 0 0 0 0 0 0 0 0 0 0 1 0 0 0 0 0 0 0 0 0 0 0 0 0 0 0 0 0 0 0 1 1 0 0 0 0 1 0 0 0 0 0 0 0 0 0 0 0 0 0 0 0 0 0 0 0 0 0 0 0 0 0 0 0 0 0 0 0 0 1 0 0 0 0 0 0 0 0 0 0 0 0 0 0 0 0 0 0 0 0 0 0 0 0 0 0 0 0 0 0 0 0 0 1 0 0 0 0 0 0 0 0 0 0 0 0 0 0 0 0 0 0 0 0 0 0 0 0 0 0 0 0 0 0 0 0 0 0 0 0 1 0 1 0 0 0 0 0 0 0 0 0 0 0 0 0 0 0 0 0 0 0 0 0 0 0 0 0 0 0 0 0 0 0 0 0 0 0 0 0 0 0 0 0 0 0 0 0 0 0 0 0 0 0 0 0 0 0 0 0 0 0 0 0 0 0 0 0 0 0 1 ]> 17.000000 17.000000 + 0.000000 #55795
update in RO 18.000000

CHECKER is 1 SUM:18
TIME:192.000000
P TIGHTEN: 0.193000 <P:18.000000, D:400.000000, INC:(283)[0 0 0 0 1 0 1 1 0 0 0 1 1 0 1 1 0 0 1 0 0 0 1 0 0 0 0 1 0 0 0 0 1 0 0 0 0 0 0 0 0 0 0 0 0 0 0 0 0 0 0 0 0 0 0 0 0 0 0 0 0 0 0 0 0 0 0 0 1 0 0 0 0 0 0 0 0 0 0 0 0 0 0 0 0 0 0 1 0 0 0 0 0 0 0 0 0 0 0 0 0 0 0 0 0 0 0 0 0 0 0 0 0 0 0 0 0 0 0 0 0 0 0 0 0 0 0 0 0 0 0 0 0 0 0 0 0 0 0 0 0 0 0 0 0 0 0 0 0 0 0 0 0 0 0 0 0 0 0 0 0 0 0 0 0 0 0 0 0 0 0 0 0 0 0 0 0 0 0 0 0 0 0 0 0 0 0 0 0 1 0 0 0 0 0 0 0 0 0 0 0 0 0 0 0 0 0 0 0 0 0 0 0 0 0 0 0 0 0 0 0 0 0 0 0 0 0 0 0 0 0 0 0 0 0 0 0 0 0 0 0 0 0 0 0 0 0 1 0 0 0 0 0 0 0 0 0 0 0 0 0 0 1 0 0 0 0 0 0 0 0 0 0 0 0 0 0 0 0 1 0 0 1 ]> 18.000000 18.000000 + 0.000000 #65539
update in RO 19.000000

CHECKER is 1 SUM:19
TIME:194.000000
P TIGHTEN: 0.194000 <P:19.000000, D:400.000000, INC:(297)[0 0 0 1 1 0 1 1 0 0 0 1 1 0 1 1 0 0 0 0 0 0 1 0 0 0 0 0 0 0 0 0 0 0 0 0 0 0 0 0 0 0 0 0 0 0 0 0 0 0 0 0 0 1 0 1 0 0 1 0 0 0 0 0 0 0 0 0 0 0 0 0 0 0 0 0 0 0 0 0 0 0 0 0 0 0 0 0 0 0 0 0 0 0 0 0 0 1 0 0 0 0 0 0 0 0 0 0 0 0 0 0 0 0 0 0 0 0 0 0 0 0 0 0 0 0 0 0 0 0 0 0 0 0 0 0 0 1 0 0 0 0 0 0 0 0 0 0 0 0 0 0 0 0 0 0 0 0 1 0 0 0 0 0 0 0 0 0 0 0 0 0 0 0 0 0 0 0 0 0 0 0 0 0 0 0 0 0 0 0 0 0 0 0 0 0 0 0 0 0 0 0 0 0 0 0 0 0 0 0 0 0 0 0 0 0 0 0 0 0 1 0 0 0 0 0 0 0 0 0 0 0 1 0 0 0 0 0 0 0 0 0 0 0 0 0 0 0 0 0 1 0 0 0 0 0 0 0 0 0 0 0 0 0 0 0 0 0 0 0 0 0 0 0 0 0 0 0 0 0 0 0 0 0 0 0 0 0 0 0 0 0 0 0 0 0 1 ]> 19.000000 19.000000 + 0.000000 #66685
update in RO 20.000000

CHECKER is 1 SUM:20
TIME:195.000000
P TIGHTEN: 0.196000 <P:20.000000, D:400.000000, INC:(349)[0 0 0 0 1 0 1 1 0 0 0 1 1 0 1 1 0 0 1 0 0 0 1 0 0 0 0 1 0 0 0 0 0 0 0 0 0 0 0 0 0 0 0 0 0 0 0 0 0 0 0 0 0 1 0 1 0 0 1 0 0 0 0 0 0 0 0 0 0 0 0 0 0 0 0 0 0 0 0 0 0 0 0 0 0 0 0 0 0 0 0 0 0 0 0 0 0 0 0 0 0 0 0 0 0 0 0 0 0 0 0 0 0 0 0 0 0 0 0 0 0 0 0 1 0 0 0 0 0 0 0 0 0 0 0 0 0 0 0 0 0 0 0 0 0 0 0 0 0 0 0 0 0 0 0 0 0 0 1 0 0 0 0 0 0 0 0 0 0 0 0 0 0 0 0 0 0 0 0 0 0 0 0 0 0 0 0 0 0 0 0 0 0 0 0 0 0 0 0 0 0 0 0 0 0 0 0 0 0 0 0 0 0 0 0 0 0 0 0 0 1 0 0 0 0 0 0 0 0 0 0 0 1 0 0 0 0 0 0 0 0 0 0 0 0 0 0 0 0 0 0 0 0 0 0 0 0 0 0 0 0 0 0 0 0 0 0 0 1 0 0 0 0 0 0 0 0 0 0 0 0 0 0 0 0 0 0 0 0 0 0 0 0 0 0 0 1 0 0 0 0 0 0 0 0 0 0 0 0 0 0 0 0 0 0 0 0 0 0 0 0 0 0 0 0 0 0 0 0 0 0 0 0 0 0 0 0 0 0 0 0 0 0 0 0 0 0 1 0 ]> 20.000000 20.000000 + 0.000000 #67918
update in RO 21.000000

CHECKER is 1 SUM:21
TIME:195.000000
P TIGHTEN: 0.196000 <P:21.000000, D:400.000000, INC:(349)[0 0 0 0 1 0 1 1 0 0 0 1 1 0 1 1 0 0 1 0 0 0 1 0 0 0 0 1 0 0 0 0 0 0 0 0 0 0 0 0 0 0 0 0 0 0 0 0 0 0 0 0 0 1 0 1 0 0 1 0 0 0 0 0 0 0 0 0 0 0 0 0 0 0 0 0 0 0 0 0 0 0 0 0 0 0 0 0 0 0 0 0 0 0 0 0 0 0 0 0 0 0 0 0 0 0 0 0 0 0 0 0 0 0 0 0 0 0 0 0 0 0 0 1 0 0 0 0 0 0 0 0 0 0 0 0 0 0 0 0 0 0 0 0 0 0 0 0 0 0 0 0 0 0 0 0 0 0 1 0 0 0 0 0 0 0 0 0 0 0 0 0 0 0 0 0 0 0 0 0 0 0 0 0 0 0 0 0 0 0 0 0 0 0 0 0 0 0 0 0 0 0 0 0 0 0 0 0 0 0 0 0 0 0 0 0 0 0 0 0 1 0 0 0 0 0 0 0 0 0 0 0 1 0 0 0 0 0 0 0 0 0 0 0 0 0 0 0 0 0 0 0 0 0 0 0 0 0 0 0 0 0 0 0 0 0 0 0 1 0 0 0 0 0 0 0 0 0 0 0 0 0 0 0 0 0 0 0 0 0 0 0 0 0 0 0 1 0 0 0 0 0 0 0 0 0 0 0 0 0 0 0 0 0 0 0 0 0 0 0 0 0 0 0 0 0 0 0 0 0 0 0 0 0 0 0 0 0 0 0 0 0 0 0 0 0 0 1 1 ]> 21.000000 21.000000 + 0.000000 #67918
update in RO 22.000000

CHECKER is 1 SUM:22
TIME:195.000000
P TIGHTEN: 0.196000 <P:22.000000, D:400.000000, INC:(392)[0 0 0 0 1 0 1 1 0 0 0 1 1 0 1 1 0 0 1 0 0 0 1 0 0 0 0 1 0 0 0 0 0 0 0 0 0 0 0 0 0 0 0 0 0 0 0 0 0 0 0 0 0 1 0 1 0 0 1 0 0 0 0 0 0 0 0 0 1 0 0 0 0 0 0 0 0 0 0 0 0 0 0 0 0 0 0 0 0 0 0 0 0 0 0 0 0 0 0 0 0 0 0 0 0 0 0 0 0 0 0 0 0 0 0 0 0 0 0 0 0 0 0 1 0 0 0 0 0 0 0 0 0 0 0 0 0 0 0 0 0 0 0 0 0 0 0 0 0 0 0 0 0 0 0 0 0 0 0 0 0 0 0 0 0 0 0 0 0 0 0 0 0 0 0 0 0 0 0 0 0 0 0 0 0 0 0 0 0 0 0 0 0 0 0 0 0 0 0 0 0 0 0 0 0 0 0 0 0 0 0 0 0 0 0 0 0 0 0 0 1 0 0 0 0 0 0 0 0 0 0 0 1 0 0 0 0 0 0 0 0 0 0 0 0 0 0 0 0 0 0 0 0 0 0 0 0 0 0 0 0 0 0 0 0 0 0 0 1 0 0 0 0 0 0 0 0 0 0 0 0 0 0 0 0 0 0 0 0 0 0 0 0 0 0 0 1 0 0 0 0 0 0 0 0 0 0 0 0 0 0 0 0 0 0 0 0 0 0 0 0 0 0 0 0 0 0 0 0 0 0 0 0 0 0 0 0 0 0 0 0 0 0 0 0 0 0 1 1 0 0 0 0 0 0 0 0 0 0 0 0 0 0 0 0 0 0 0 0 0 0 0 0 0 0 0 0 0 0 0 0 0 0 0 0 0 0 0 0 0 0 1 ]> 22.000000 22.000000 + 0.000000 #67960
B&B(   49)	 130.000000	 22.000000	      -	 time:5.0300s
update in RO 23.0000

CHECKER is 1 SUM:23
TIME:5816.000000
P TIGHTEN: 5.817000 <P:23.000000, D:130.000000, INC:(382)[1 0 1 0 0 0 1 0 0 0 0 1 0 0 0 0 0 0 0 0 0 0 0 0 0 0 0 0 0 0 0 0 0 1 0 0 1 0 0 0 0 0 0 0 0 1 0 0 0 0 1 0 0 0 1 0 0 0 0 0 0 0 0 0 0 1 0 0 0 0 0 0 0 0 0 0 0 0 1 0 0 0 0 0 0 0 0 0 0 0 0 0 0 0 0 0 0 0 0 0 0 0 0 0 0 0 0 0 0 0 0 0 0 0 0 0 0 0 0 0 1 0 0 0 0 0 0 0 0 0 0 0 0 0 0 0 0 0 0 0 0 0 0 0 0 0 0 0 0 0 0 0 0 0 0 0 0 0 0 0 0 0 0 0 0 0 0 0 0 0 0 0 0 0 0 0 0 0 0 0 0 0 0 0 0 0 0 0 0 0 0 0 0 0 0 0 0 0 0 0 0 0 0 0 0 0 0 0 0 0 0 0 0 0 0 0 0 0 0 0 0 1 0 0 0 0 0 0 0 0 0 1 1 0 0 0 0 0 0 0 0 0 0 0 0 0 0 0 0 0 0 0 0 0 0 0 0 0 0 0 1 0 0 0 0 0 0 0 0 0 0 0 0 0 0 0 0 0 0 0 0 0 0 0 0 0 0 0 0 0 0 0 0 0 0 1 0 0 0 0 0 0 0 0 0 0 0 1 0 0 0 0 0 0 0 0 0 0 0 0 0 0 0 0 0 0 0 0 0 1 0 0 0 0 0 0 0 0 0 0 0 0 0 0 0 0 0 0 0 0 0 0 0 0 0 0 0 0 0 0 0 0 0 0 1 0 0 0 0 0 0 0 0 0 1 0 0 0 0 1 0 1 ]> 23.000000 23.000000 + 0.000000 #44035
B&B(   99)	 129.000000	 23.000000	      -	 time:10.0370s
B&B(  148)	 129.000000	 23.000000	      -	 time:15.0630s
B&B(  197)	 126.000000	 23.000000	      -	 time:20.1580s
B&B(  250)	 125.000000	 23.000000	      -	 time:25.2410s
B&B(  301)	 125.000000	 23.000000	      -	 time:30.2440s
B&B(  355)	 124.000000	 23.000000	      -	 time:35.2910s
B&B(  408)	 122.000000	 23.000000	      -	 time:40.3530s
B&B(  461)	 122.000000	 23.000000	      -	 time:45.4130s
B&B(  516)	 122.000000	 23.000000	      -	 time:50.4470s
B&B(  570)	 119.000000	 23.000000	      -	 time:55.5170s
B&B(  627)	 119.000000	 23.000000	      -	 time:60.6050s
B&B(  683)	 118.000000	 23.000000	      -	 time:65.6580s
B&B(  737)	 117.000000	 23.000000	      -	 time:70.7430s
B&B(  794)	 115.000000	 23.000000	      -	 time:75.8080s
B&B(  850)	 115.000000	 23.000000	      -	 time:80.8490s
B&B(  907)	 114.000000	 23.000000	      -	 time:85.9320s
B&B(  966)	 113.000000	 23.000000	      -	 time:91.0100s
B&B( 1025)	 111.000000	 23.000000	      -	 time:96.0310s
B&B( 1083)	 111.000000	 23.000000	      -	 time:101.0370s
B&B( 1145)	 111.000000	 23.000000	      -	 time:106.0890s
B&B( 1203)	 110.000000	 23.000000	      -	 time:111.1320s
B&B( 1265)	 109.000000	 23.000000	      -	 time:116.1920s
B&B( 1327)	 107.000000	 23.000000	      -	 time:121.2050s
B&B( 1386)	 106.000000	 23.000000	      -	 time:126.2690s
B&B( 1447)	 106.000000	 23.000000	      -	 time:131.2970s
B&B( 1511)	 106.000000	 23.000000	      -	 time:136.3120s
B&B( 1576)	 105.000000	 23.000000	      -	 time:141.3740s
B&B( 1640)	 103.000000	 23.000000	      -	 time:146.4180s
B&B( 1704)	 102.000000	 23.000000	      -	 time:151.4930s
B&B( 1757)	 102.000000	 23.000000	      -	 time:156.5490s
B&B( 1819)	 102.000000	 23.000000	      -	 time:161.6200s
B&B( 1885)	 102.000000	 23.000000	      -	 time:166.6260s
B&B( 1944)	 101.000000	 23.000000	      -	 time:171.7070s
B&B( 2000)	 101.000000	 23.000000	      -	 time:176.7400s
B&B( 2061)	 100.000000	 23.000000	      -	 time:181.8090s
B&B( 2128)	 100.000000	 23.000000	      -	 time:186.8490s
B&B( 2189)	 100.000000	 23.000000	      -	 time:191.8640s
B&B( 2246)	 100.000000	 23.000000	      -	 time:196.9360s
B&B( 2303)	 100.000000	 23.000000	      -	 time:202.0160s
B&B( 2362)	 100.000000	 23.000000	      -	 time:207.0650s
B&B( 2417)	 100.000000	 23.000000	      -	 time:212.1200s
B&B( 2476)	 99.000000	 23.000000	      -	 time:217.1480s
B&B( 2532)	 99.000000	 23.000000	      -	 time:222.2250s
B&B( 2586)	 99.000000	 23.000000	      -	 time:227.3060s
B&B( 2642)	 99.000000	 23.000000	      -	 time:232.3320s
B&B( 2700)	 99.000000	 23.000000	      -	 time:237.3510s
B&B( 2759)	 98.000000	 23.000000	      -	 time:242.3550s
B&B( 2817)	 98.000000	 23.000000	      -	 time:247.4230s
B&B( 2871)	 98.000000	 23.000000	      -	 time:252.4880s
B&B( 2929)	 98.000000	 23.000000	      -	 time:257.5030s
B&B( 2984)	 98.000000	 23.000000	      -	 time:262.5840s
B&B( 3042)	 97.000000	 23.000000	      -	 time:267.6250s
B&B( 3097)	 97.000000	 23.000000	      -	 time:272.6390s
B&B( 3153)	 97.000000	 23.000000	      -	 time:277.6620s
B&B( 3208)	 97.000000	 23.000000	      -	 time:282.7530s
B&B( 3261)	 97.000000	 23.000000	      -	 time:287.7670s
B&B( 3318)	 97.000000	 23.000000	      -	 time:292.7810s
B&B( 3375)	 96.000000	 23.000000	      -	 time:297.8650s
B&B( 3432)	 96.000000	 23.000000	      -	 time:302.9330s
B&B( 3492)	 96.000000	 23.000000	      -	 time:307.9920s
B&B( 3552)	 96.000000	 23.000000	      -	 time:313.0760s
B&B( 3608)	 96.000000	 23.000000	      -	 time:318.0790s
B&B( 3666)	 96.000000	 23.000000	      -	 time:323.1120s
B&B( 3723)	 96.000000	 23.000000	      -	 time:328.1880s
B&B( 3782)	 96.000000	 23.000000	      -	 time:333.1990s
B&B( 3836)	 96.000000	 23.000000	      -	 time:338.2780s
B&B( 3893)	 95.000000	 23.000000	      -	 time:343.3430s
B&B( 3949)	 95.000000	 23.000000	      -	 time:348.3570s
B&B( 4016)	 95.000000	 23.000000	      -	 time:353.3880s
B&B( 4086)	 95.000000	 23.000000	      -	 time:358.4690s
B&B( 4142)	 95.000000	 23.000000	      -	 time:363.5000s
B&B( 4198)	 95.000000	 23.000000	      -	 time:368.5010s
B&B( 4255)	 95.000000	 23.000000	      -	 time:373.5090s
B&B( 4313)	 95.000000	 23.000000	      -	 time:378.5170s
B&B( 4368)	 95.000000	 23.000000	      -	 time:383.5330s
B&B( 4424)	 95.000000	 23.000000	      -	 time:388.5780s
B&B( 4478)	 95.000000	 23.000000	      -	 time:393.6630s
B&B( 4535)	 95.000000	 23.000000	      -	 time:398.6860s
B&B( 4593)	 94.000000	 23.000000	      -	 time:403.7140s
B&B( 4651)	 94.000000	 23.000000	      -	 time:408.7320s
B&B( 4704)	 94.000000	 23.000000	      -	 time:413.7410s
B&B( 4761)	 94.000000	 23.000000	      -	 time:418.7820s
B&B( 4826)	 94.000000	 23.000000	      -	 time:423.8270s
B&B( 4881)	 94.000000	 23.000000	      -	 time:428.8440s
B&B( 4937)	 94.000000	 23.000000	      -	 time:433.8830s
B&B( 4996)	 94.000000	 23.000000	      -	 time:438.9540s
B&B( 5058)	 94.000000	 23.000000	      -	 time:444.0330s
B&B( 5116)	 94.000000	 23.000000	      -	 time:449.1090s
B&B( 5172)	 94.000000	 23.000000	      -	 time:454.1280s
B&B( 5233)	 94.000000	 23.000000	      -	 time:459.1860s
B&B( 5288)	 94.000000	 23.000000	      -	 time:464.2650s
B&B( 5345)	 94.000000	 23.000000	      -	 time:469.3060s
B&B( 5402)	 94.000000	 23.000000	      -	 time:474.3970s
B&B( 5459)	 94.000000	 23.000000	      -	 time:479.4400s
B&B( 5513)	 94.000000	 23.000000	      -	 time:484.4470s
B&B( 5572)	 94.000000	 23.000000	      -	 time:489.4550s
B&B( 5630)	 93.000000	 23.000000	      -	 time:494.5110s
B&B( 5690)	 93.000000	 23.000000	      -	 time:499.5420s
B&B( 5754)	 93.000000	 23.000000	      -	 time:504.5890s
B&B( 5811)	 93.000000	 23.000000	      -	 time:509.6580s
B&B( 5870)	 93.000000	 23.000000	      -	 time:514.7340s
B&B( 5929)	 93.000000	 23.000000	      -	 time:519.7410s
B&B( 5989)	 93.000000	 23.000000	      -	 time:524.8090s
B&B( 6047)	 93.000000	 23.000000	      -	 time:529.8310s
B&B( 6105)	 93.000000	 23.000000	      -	 time:534.8410s
B&B( 6164)	 93.000000	 23.000000	      -	 time:539.9140s
B&B( 6226)	 93.000000	 23.000000	      -	 time:544.9480s
B&B( 6284)	 93.000000	 23.000000	      -	 time:549.9820s
B&B( 6345)	 93.000000	 23.000000	      -	 time:555.0020s
B&B( 6405)	 93.000000	 23.000000	      -	 time:560.0460s
B&B( 6464)	 93.000000	 23.000000	      -	 time:565.1170s
B&B( 6520)	 93.000000	 23.000000	      -	 time:570.1550s
B&B( 6577)	 93.000000	 23.000000	      -	 time:575.2170s
B&B( 6632)	 93.000000	 23.000000	      -	 time:580.2350s
B&B( 6691)	 93.000000	 23.000000	      -	 time:585.2870s
B&B( 6751)	 92.000000	 23.000000	      -	 time:590.3910s
B&B( 6814)	 92.000000	 23.000000	      -	 time:595.4360s
B&B( 6885)	 92.000000	 23.000000	      -	 time:600.5000s
B&B( 6955)	 92.000000	 23.000000	      -	 time:605.5100s
B&B( 7016)	 92.000000	 23.000000	      -	 time:610.5540s
B&B( 7078)	 92.000000	 23.000000	      -	 time:615.5720s
B&B( 7138)	 92.000000	 23.000000	      -	 time:620.6200s
B&B( 7197)	 92.000000	 23.000000	      -	 time:625.6280s
B&B( 7258)	 92.000000	 23.000000	      -	 time:630.6450s
B&B( 7315)	 92.000000	 23.000000	      -	 time:635.7230s
B&B( 7375)	 92.000000	 23.000000	      -	 time:640.8030s
B&B( 7434)	 92.000000	 23.000000	      -	 time:645.8470s
B&B( 7493)	 92.000000	 23.000000	      -	 time:650.8750s
B&B( 7551)	 92.000000	 23.000000	      -	 time:655.9420s
B&B( 7610)	 92.000000	 23.000000	      -	 time:661.0100s
B&B( 7671)	 92.000000	 23.000000	      -	 time:666.0360s
B&B( 7732)	 92.000000	 23.000000	      -	 time:671.1230s
B&B( 7792)	 91.000000	 23.000000	      -	 time:676.2020s
B&B( 7848)	 91.000000	 23.000000	      -	 time:681.2790s
B&B( 7907)	 91.000000	 23.000000	      -	 time:686.3060s
B&B( 7963)	 91.000000	 23.000000	      -	 time:691.3630s
B&B( 8030)	 91.000000	 23.000000	      -	 time:696.3820s
B&B( 8092)	 91.000000	 23.000000	      -	 time:701.4220s
B&B( 8155)	 91.000000	 23.000000	      -	 time:706.4390s
B&B( 8212)	 91.000000	 23.000000	      -	 time:711.4660s
B&B( 8274)	 91.000000	 23.000000	      -	 time:716.4930s
B&B( 8333)	 91.000000	 23.000000	      -	 time:721.5350s
B&B( 8390)	 91.000000	 23.000000	      -	 time:726.5550s
B&B( 8445)	 91.000000	 23.000000	      -	 time:731.6220s
B&B( 8503)	 91.000000	 23.000000	      -	 time:736.6400s
B&B( 8560)	 91.000000	 23.000000	      -	 time:741.6610s
B&B( 8621)	 91.000000	 23.000000	      -	 time:746.7240s
B&B( 8678)	 91.000000	 23.000000	      -	 time:751.7670s
B&B( 8738)	 91.000000	 23.000000	      -	 time:756.8460s
B&B( 8799)	 91.000000	 23.000000	      -	 time:761.9250s
B&B( 8858)	 91.000000	 23.000000	      -	 time:766.9550s
B&B( 8918)	 91.000000	 23.000000	      -	 time:772.0240s
B&B( 8976)	 91.000000	 23.000000	      -	 time:777.0790s
B&B( 9033)	 91.000000	 23.000000	      -	 time:782.1180s
B&B( 9093)	 91.000000	 23.000000	      -	 time:787.1380s
B&B( 9154)	 91.000000	 23.000000	      -	 time:792.2050s
B&B( 9215)	 91.000000	 23.000000	      -	 time:797.2630s
B&B( 9276)	 90.000000	 23.000000	      -	 time:802.2870s
B&B( 9340)	 90.000000	 23.000000	      -	 time:807.3330s
B&B( 9399)	 90.000000	 23.000000	      -	 time:812.3680s
B&B( 9455)	 90.000000	 23.000000	      -	 time:817.3730s
B&B( 9514)	 90.000000	 23.000000	      -	 time:822.3840s
B&B( 9572)	 90.000000	 23.000000	      -	 time:827.4650s
B&B( 9632)	 90.000000	 23.000000	      -	 time:832.5340s
B&B( 9692)	 90.000000	 23.000000	      -	 time:837.5980s
B&B( 9752)	 90.000000	 23.000000	      -	 time:842.6500s
B&B( 9809)	 90.0Command exited with non-zero status 124
	Command being timed: "/usr/bin/timeout 915 /home/fabio/CODD-NEWDom/cmake-build-release-ilyin/misp5 /home/fabio/CODD-NEWDom/data/misp/brock400_1.clq 256"
	User time (seconds): 912.69
	System time (seconds): 2.60
	Percent of CPU this job got: 99%
	Elapsed (wall clock) time (h:mm:ss or m:ss): 15:15.39
	Average shared text size (kbytes): 0
	Average unshared data size (kbytes): 0
	Average stack size (kbytes): 0
	Average total size (kbytes): 0
	Maximum resident set size (kbytes): 5170176
	Average resident set size (kbytes): 0
	Major (requiring I/O) page faults: 0
	Minor (reclaiming a frame) page faults: 1294762
	Voluntary context switches: 4
	Involuntary context switches: 3609
	Swaps: 0
	File system inputs: 0
	File system outputs: 56
	Socket messages sent: 0
	Socket messages received: 0
	Signals delivered: 0
	Page size (bytes): 4096
	Exit status: 124

