COMMAND: /usr/bin/time -v /usr/bin/timeout 915 /home/fabio/CODD-NEWDom/cmake-build-release-ilyin/misp5 /home/fabio/CODD-NEWDom/data/misp/brock400_2.clq 256
TOP=400
B&B searching...
dual@root:400
B&B Nodes          Dual	 Primal	 Gap(%)
----------------------------------------------
update in RO 14.000000

CHECKER is 1 SUM:14
TIME:166.000000
P TIGHTEN: 0.166000 <P:14.000000, D:400.000000, INC:(158)[0 0 1 0 0 0 1 0 0 1 1 0 0 1 0 1 0 0 1 0 1 0 0 0 0 0 0 0 0 0 0 1 0 1 0 0 0 0 0 0 0 0 0 0 0 0 1 0 0 0 0 0 0 0 0 0 0 1 0 0 0 0 0 0 0 0 0 0 0 0 0 0 1 0 0 0 0 0 0 0 0 0 0 0 0 0 0 0 0 0 0 0 0 0 0 0 0 0 0 0 0 0 0 0 0 0 0 0 0 0 0 0 0 0 0 0 0 0 0 0 1 0 0 0 0 0 0 0 0 0 0 0 0 0 0 0 0 0 0 0 0 0 0 0 0 0 0 0 0 0 0 0 0 0 0 0 0 0 ]> 14.000000 14.000000 + 0.000000 #37742
update in RO 15.000000

CHECKER is 1 SUM:15
TIME:166.000000
P TIGHTEN: 0.166000 <P:15.000000, D:400.000000, INC:(158)[0 0 1 0 0 0 1 0 0 1 1 0 0 1 0 1 0 0 1 0 1 0 0 0 0 0 0 0 0 0 0 1 0 1 0 0 0 0 0 0 0 0 0 0 0 0 1 0 0 0 0 0 0 0 0 0 0 1 0 0 0 0 0 0 0 0 0 0 0 0 0 0 1 0 0 0 0 0 0 0 0 0 0 0 0 0 0 0 0 0 0 0 0 0 0 0 0 0 0 0 0 0 0 0 0 0 0 0 0 0 0 0 0 0 0 0 0 0 0 0 1 0 0 0 0 0 0 0 0 0 0 0 0 0 0 0 0 0 0 0 0 0 0 0 0 0 0 0 0 0 0 0 0 0 0 0 0 1 ]> 15.000000 15.000000 + 0.000000 #37742
update in RO 16.000000

CHECKER is 1 SUM:16
TIME:167.000000
P TIGHTEN: 0.168000 <P:16.000000, D:400.000000, INC:(166)[1 0 1 0 0 0 1 0 0 1 1 0 0 1 0 0 0 0 1 0 1 0 0 0 0 0 0 0 0 0 1 1 0 1 0 0 0 0 0 0 0 0 0 0 0 0 0 0 0 0 0 0 0 0 0 0 1 0 0 0 0 0 1 0 0 0 0 0 0 0 0 0 0 0 0 0 0 0 0 0 0 0 0 0 0 0 0 0 0 0 0 0 0 0 0 0 0 0 0 0 0 0 0 0 0 0 0 0 0 0 0 0 0 0 0 0 0 0 0 0 0 0 0 0 0 0 0 0 0 0 0 0 0 0 0 1 0 0 0 0 0 0 0 0 0 0 0 0 0 0 0 0 0 0 0 0 0 1 0 0 0 0 0 0 0 1 ]> 16.000000 16.000000 + 0.000000 #39750
update in RO 17.000000

CHECKER is 1 SUM:17
TIME:171.000000
P TIGHTEN: 0.172000 <P:17.000000, D:400.000000, INC:(187)[1 0 1 0 0 0 1 0 0 1 1 0 0 1 0 0 0 0 1 0 1 0 0 0 0 0 0 0 0 0 1 1 0 1 0 0 0 0 0 0 0 0 0 0 0 0 0 0 0 0 0 0 0 0 0 0 1 0 0 0 0 0 1 0 0 0 0 0 0 0 0 0 0 0 0 0 0 0 0 0 0 0 0 0 0 0 0 1 0 0 0 0 0 0 0 0 0 0 0 0 0 0 0 0 0 0 0 0 0 0 0 0 0 0 0 0 0 0 0 0 0 0 0 0 0 0 0 0 0 0 0 0 0 0 0 1 0 0 0 0 0 0 0 0 0 0 0 0 0 0 0 0 0 0 0 0 0 0 0 0 0 0 0 0 0 1 0 0 0 0 0 0 0 0 0 0 0 0 0 0 0 0 0 0 0 0 1 ]> 17.000000 17.000000 + 0.000000 #44743
update in RO 18.000000

CHECKER is 1 SUM:18
TIME:172.000000
P TIGHTEN: 0.173000 <P:18.000000, D:400.000000, INC:(193)[1 0 1 0 0 0 1 0 0 1 1 0 0 1 0 0 0 0 1 0 1 0 0 0 0 0 0 0 0 0 1 1 0 1 0 0 0 0 0 0 0 0 0 0 0 0 0 0 0 0 0 0 0 0 0 0 1 0 0 0 0 0 1 0 0 0 0 0 0 0 0 0 0 0 0 0 0 0 0 0 0 0 0 0 0 0 0 1 0 0 0 0 0 0 0 0 0 0 0 0 0 0 0 0 0 0 0 0 0 0 0 0 0 0 0 0 0 0 0 0 0 0 0 1 0 0 0 0 0 0 0 0 0 0 0 1 0 0 0 0 0 0 0 0 0 0 0 0 0 0 0 0 0 0 0 0 0 0 0 0 0 0 0 0 0 0 0 0 0 0 0 0 0 0 0 0 0 0 0 0 0 0 0 0 0 0 1 0 0 0 0 0 1 ]> 18.000000 18.000000 + 0.000000 #45911
update in RO 19.000000

CHECKER is 1 SUM:19
TIME:179.000000
P TIGHTEN: 0.179000 <P:19.000000, D:400.000000, INC:(295)[1 0 1 0 0 0 1 0 0 1 1 0 0 1 0 0 0 0 1 0 1 0 0 0 0 0 0 0 0 0 1 1 0 1 0 0 0 0 0 0 0 0 0 0 0 0 0 0 0 0 0 0 0 0 0 0 1 0 0 0 0 0 1 0 0 0 0 0 0 0 0 0 0 0 0 0 0 0 0 0 0 0 0 0 0 0 0 0 0 0 0 0 0 0 0 0 0 0 0 0 0 0 0 0 0 0 0 0 0 0 0 0 0 0 0 0 0 0 0 0 0 0 0 1 0 0 0 0 0 0 0 0 0 0 0 1 0 0 0 0 0 0 0 0 0 0 0 0 0 0 0 0 0 0 0 0 0 0 0 0 0 0 0 0 0 0 0 0 0 0 0 0 0 0 0 0 0 0 0 0 0 0 0 0 0 0 1 0 0 0 0 0 1 0 0 0 0 0 0 0 0 0 0 0 0 0 0 0 0 0 0 0 0 0 0 0 0 0 0 0 0 0 0 0 0 0 0 0 0 0 0 0 0 0 0 0 0 0 0 0 0 0 0 0 0 0 0 0 0 0 0 0 0 0 0 0 0 0 0 0 0 0 0 0 0 0 0 0 0 0 0 0 0 0 0 0 0 0 0 0 0 0 0 0 1 0 0 0 0 0 0 0 0 0 1 ]> 19.000000 19.000000 + 0.000000 #53413
update in RO 20.000000

CHECKER is 1 SUM:20
TIME:179.000000
P TIGHTEN: 0.180000 <P:20.000000, D:400.000000, INC:(350)[1 0 1 0 0 0 1 0 0 1 1 0 0 1 1 1 0 0 1 0 0 0 0 0 0 0 0 0 0 0 0 0 0 0 0 0 0 0 0 0 1 0 0 0 0 0 1 0 0 0 0 0 0 0 0 0 1 0 0 0 0 0 0 0 0 0 0 0 0 0 0 0 0 0 0 0 0 0 0 0 0 1 0 0 0 0 0 0 0 0 0 0 0 0 0 0 0 0 1 0 0 0 0 0 0 0 0 0 0 0 0 0 0 0 0 0 0 0 0 0 0 0 0 0 0 0 0 0 0 0 0 0 0 0 0 0 0 0 0 0 0 0 0 0 0 0 0 0 1 0 0 0 0 0 0 0 0 0 0 0 0 0 0 0 0 0 0 0 0 0 0 0 0 0 0 0 0 0 0 0 1 1 0 0 0 0 0 0 0 0 0 0 0 0 0 0 0 0 0 0 0 0 0 0 0 0 0 0 0 0 0 0 0 0 0 0 0 0 0 0 0 0 0 0 0 0 0 0 0 0 0 0 0 0 0 0 0 0 0 0 0 0 0 0 0 0 0 0 0 0 0 0 0 0 0 0 0 0 0 0 0 0 0 0 0 0 0 0 0 0 0 0 0 0 0 0 0 0 1 0 0 0 0 0 0 0 0 0 0 0 0 0 0 0 0 0 0 0 0 0 0 0 0 0 0 0 0 0 0 0 0 0 0 0 0 0 0 0 0 0 0 0 1 0 0 0 0 0 0 0 0 0 0 0 0 0 0 0 0 0 0 0 0 0 0 0 0 0 0 1 ]> 20.000000 20.000000 + 0.000000 #54116
update in RO 21.000000

CHECKER is 1 SUM:21
TIME:180.000000
P TIGHTEN: 0.180000 <P:21.000000, D:400.000000, INC:(382)[1 0 1 0 0 0 1 0 0 1 1 0 0 1 1 1 0 0 1 0 0 0 0 0 0 0 0 0 0 0 0 1 0 0 0 0 0 0 0 0 0 0 0 0 0 0 1 0 0 0 0 0 0 0 0 0 1 0 0 0 0 0 0 0 0 0 0 0 0 0 0 0 0 0 0 0 0 0 0 0 0 1 0 0 0 0 0 0 0 0 0 0 0 0 0 0 0 0 1 0 0 0 0 0 0 0 0 0 0 0 0 0 0 0 0 0 0 0 0 0 0 0 0 0 0 0 0 0 0 0 0 0 0 0 0 0 0 0 0 0 0 0 0 0 0 0 0 0 0 0 0 0 0 0 0 0 0 0 0 0 0 0 0 0 0 0 0 0 0 0 0 0 0 0 0 0 0 0 0 0 1 1 0 0 0 0 0 0 0 0 0 1 0 0 0 0 0 0 0 0 0 0 0 0 0 0 0 0 0 0 0 0 0 0 0 0 0 0 0 0 0 0 0 0 0 0 0 0 0 0 0 0 0 0 0 0 0 0 0 0 0 0 0 0 0 0 0 0 0 0 0 0 0 0 0 0 0 0 0 0 0 0 0 0 0 0 0 0 0 0 0 0 0 0 0 0 0 0 0 0 0 0 0 0 0 0 0 0 0 0 0 0 0 0 0 0 0 0 1 0 0 0 0 0 0 0 0 0 0 0 0 0 0 0 0 0 0 0 0 0 0 0 1 0 0 0 0 0 0 0 0 0 0 0 0 0 0 0 0 0 0 0 0 0 0 0 0 0 0 1 0 0 0 0 0 0 0 0 0 0 0 0 0 0 0 0 0 0 0 0 0 0 0 0 0 0 0 0 0 0 0 1 ]> 21.000000 21.000000 + 0.000000 #54153
update in RO 22.000000

CHECKER is 1 SUM:22
TIME:828.000000
P TIGHTEN: 0.829000 <P:22.000000, D:129.000000, INC:(384)[0 0 0 0 0 0 0 1 1 0 0 0 1 0 1 0 0 0 0 0 0 0 0 0 0 0 0 0 0 0 0 0 0 0 0 1 0 0 0 0 1 0 0 0 0 0 0 0 1 0 1 0 0 0 1 0 1 0 0 0 0 0 0 0 0 0 0 0 0 0 0 0 0 0 0 0 0 0 0 0 0 0 0 0 0 0 0 1 0 0 1 0 0 0 0 0 0 0 0 0 0 0 0 0 0 0 1 0 0 0 0 0 0 0 0 0 0 0 0 0 0 0 0 0 1 0 0 0 0 0 0 0 0 0 0 0 0 0 0 0 0 0 0 0 0 0 0 0 0 0 0 0 0 0 0 0 0 0 0 0 0 0 0 0 0 0 0 0 0 0 0 0 0 0 0 0 0 0 0 0 0 0 0 0 0 0 0 0 0 0 0 0 0 0 0 0 0 1 0 0 0 0 0 0 0 0 0 0 0 0 0 0 0 0 0 0 0 0 0 0 0 0 0 0 0 0 0 0 0 0 1 0 0 0 0 0 0 0 0 0 0 0 0 0 0 0 0 0 0 0 0 0 0 0 0 0 0 0 0 0 0 0 0 0 0 0 0 0 0 1 0 0 0 0 0 0 0 0 0 0 0 0 0 0 0 0 0 0 0 0 0 0 0 0 0 0 0 0 0 0 0 0 0 0 0 0 0 0 0 1 0 0 0 0 0 0 0 0 0 0 0 0 0 0 0 0 0 0 0 0 0 0 0 0 0 0 0 0 0 1 0 0 0 0 0 1 0 0 0 1 0 0 0 0 0 0 0 0 0 0 0 0 0 0 0 0 0 0 0 0 0 0 0 0 0 0 0 0 0 0 0 0 0 1 ]> 22.000000 22.000000 + 0.000000 #46512
B&B(   51)	 129.000000	 22.000000	      -	 time:5.0520s
update in RO 23.0000

CHECKER is 1 SUM:23
TIME:5351.000000
P TIGHTEN: 5.352000 <P:23.000000, D:129.000000, INC:(391)[0 0 1 0 0 0 1 0 0 0 0 0 0 0 1 0 0 1 0 0 0 1 0 0 0 0 0 0 0 1 1 0 0 0 0 0 0 0 0 1 0 0 0 1 0 0 0 0 0 0 0 0 0 0 0 1 1 0 0 0 0 0 0 0 0 0 0 0 0 0 0 0 0 0 0 0 1 0 0 0 0 0 0 0 0 0 0 0 0 0 0 0 0 0 0 0 0 0 1 0 0 0 0 0 0 0 0 0 0 0 0 0 0 0 0 0 0 0 0 0 0 0 0 0 0 0 0 0 0 0 0 0 0 0 0 0 0 0 0 0 0 0 0 0 0 0 0 0 0 0 0 1 0 0 0 0 0 0 0 0 0 0 0 0 0 0 0 1 0 0 0 0 0 0 0 0 0 0 0 0 0 0 0 0 1 0 0 0 0 0 0 0 0 0 0 0 0 0 0 0 0 0 0 0 1 0 1 0 0 0 0 0 0 0 0 0 0 0 1 0 0 0 0 0 0 0 0 0 0 0 1 0 0 0 0 0 0 0 0 0 0 0 0 0 0 0 0 0 0 0 0 0 0 0 0 0 0 0 0 0 0 0 0 0 0 0 1 0 0 0 0 0 0 0 0 0 0 0 0 0 0 0 0 0 0 0 0 0 0 0 0 0 0 0 0 0 0 0 0 0 0 0 0 0 0 0 0 0 0 1 0 0 0 0 0 0 0 0 0 0 0 0 0 0 0 0 0 0 0 0 0 0 0 0 0 0 0 0 0 0 0 0 1 0 0 0 0 0 0 0 0 0 0 0 0 0 0 0 0 0 0 0 0 0 0 0 0 0 0 0 0 0 0 0 0 0 0 0 0 0 0 0 0 0 0 0 0 0 0 0 0 ]> 23.000000 23.000000 + 0.000000 #47828
update in RO 24.000000

CHECKER is 1 SUM:24
TIME:5351.000000
P TIGHTEN: 5.352000 <P:24.000000, D:129.000000, INC:(391)[0 0 1 0 0 0 1 0 0 0 0 0 0 0 1 0 0 1 0 0 0 1 0 0 0 0 0 0 0 1 1 0 0 0 0 0 0 0 0 1 0 0 0 1 0 0 0 0 0 0 0 0 0 0 0 1 1 0 0 0 0 0 0 0 0 0 0 0 0 0 0 0 0 0 0 0 1 0 0 0 0 0 0 0 0 0 0 0 0 0 0 0 0 0 0 0 0 0 1 0 0 0 0 0 0 0 0 0 0 0 0 0 0 0 0 0 0 0 0 0 0 0 0 0 0 0 0 0 0 0 0 0 0 0 0 0 0 0 0 0 0 0 0 0 0 0 0 0 0 0 0 1 0 0 0 0 0 0 0 0 0 0 0 0 0 0 0 1 0 0 0 0 0 0 0 0 0 0 0 0 0 0 0 0 1 0 0 0 0 0 0 0 0 0 0 0 0 0 0 0 0 0 0 0 1 0 1 0 0 0 0 0 0 0 0 0 0 0 1 0 0 0 0 0 0 0 0 0 0 0 1 0 0 0 0 0 0 0 0 0 0 0 0 0 0 0 0 0 0 0 0 0 0 0 0 0 0 0 0 0 0 0 0 0 0 0 1 0 0 0 0 0 0 0 0 0 0 0 0 0 0 0 0 0 0 0 0 0 0 0 0 0 0 0 0 0 0 0 0 0 0 0 0 0 0 0 0 0 0 1 0 0 0 0 0 0 0 0 0 0 0 0 0 0 0 0 0 0 0 0 0 0 0 0 0 0 0 0 0 0 0 0 1 0 0 0 0 0 0 0 0 0 0 0 0 0 0 0 0 0 0 0 0 0 0 0 0 0 0 0 0 0 0 0 0 0 0 0 0 0 0 0 0 0 0 0 0 0 0 0 1 ]> 24.000000 24.000000 + 0.000000 #47828
B&B(  103)	 129.000000	 24.000000	      -	 time:10.1220s
B&B(  154)	 128.000000	 24.000000	      -	 time:15.1320s
B&B(  204)	 125.000000	 24.000000	      -	 time:20.1390s
B&B(  256)	 125.000000	 24.000000	      -	 time:25.1430s
B&B(  311)	 125.000000	 24.000000	      -	 time:30.1610s
B&B(  364)	 124.000000	 24.000000	      -	 time:35.2480s
B&B(  418)	 121.000000	 24.000000	      -	 time:40.3200s
B&B(  472)	 121.000000	 24.000000	      -	 time:45.4130s
B&B(  529)	 120.000000	 24.000000	      -	 time:50.5200s
B&B(  585)	 120.000000	 24.000000	      -	 time:55.5540s
B&B(  640)	 118.000000	 24.000000	      -	 time:60.5700s
B&B(  695)	 118.000000	 24.000000	      -	 time:65.5830s
B&B(  748)	 117.000000	 24.000000	      -	 time:70.5840s
B&B(  803)	 117.000000	 24.000000	      -	 time:75.6140s
B&B(  861)	 117.000000	 24.000000	      -	 time:80.6490s
B&B(  920)	 115.000000	 24.000000	      -	 time:85.6840s
B&B(  976)	 114.000000	 24.000000	      -	 time:90.7370s
B&B( 1035)	 114.000000	 24.000000	      -	 time:95.7740s
B&B( 1093)	 113.000000	 24.000000	      -	 time:100.7790s
B&B( 1154)	 112.000000	 24.000000	      -	 time:105.8150s
B&B( 1213)	 111.000000	 24.000000	      -	 time:110.8880s
B&B( 1275)	 111.000000	 24.000000	      -	 time:115.9700s
B&B( 1332)	 110.000000	 24.000000	      -	 time:121.0030s
B&B( 1393)	 108.000000	 24.000000	      -	 time:126.0180s
B&B( 1454)	 106.000000	 24.000000	      -	 time:131.0510s
B&B( 1515)	 106.000000	 24.000000	      -	 time:136.1170s
B&B( 1580)	 106.000000	 24.000000	      -	 time:141.1660s
B&B( 1643)	 105.000000	 24.000000	      -	 time:146.2250s
B&B( 1708)	 103.000000	 24.000000	      -	 time:151.2990s
B&B( 1771)	 103.000000	 24.000000	      -	 time:156.3590s
B&B( 1839)	 102.000000	 24.000000	      -	 time:161.4340s
B&B( 1903)	 102.000000	 24.000000	      -	 time:166.4850s
B&B( 1968)	 100.000000	 24.000000	      -	 time:171.5170s
B&B( 2034)	 100.000000	 24.000000	      -	 time:176.5750s
B&B( 2100)	 99.000000	 24.000000	      -	 time:181.6350s
B&B( 2168)	 99.000000	 24.000000	      -	 time:186.6740s
B&B( 2232)	 98.000000	 24.000000	      -	 time:191.7080s
B&B( 2291)	 98.000000	 24.000000	      -	 time:196.7210s
B&B( 2348)	 98.000000	 24.000000	      -	 time:201.7370s
B&B( 2402)	 98.000000	 24.000000	      -	 time:206.7430s
B&B( 2464)	 97.000000	 24.000000	      -	 time:211.7960s
B&B( 2519)	 97.000000	 24.000000	      -	 time:216.8050s
B&B( 2576)	 97.000000	 24.000000	      -	 time:221.8520s
B&B( 2633)	 97.000000	 24.000000	      -	 time:226.8560s
B&B( 2693)	 97.000000	 24.000000	      -	 time:231.9370s
B&B( 2754)	 97.000000	 24.000000	      -	 time:237.0140s
B&B( 2814)	 97.000000	 24.000000	      -	 time:242.0920s
B&B( 2874)	 97.000000	 24.000000	      -	 time:247.1430s
B&B( 2929)	 97.000000	 24.000000	      -	 time:252.1880s
B&B( 2987)	 97.000000	 24.000000	      -	 time:257.2750s
B&B( 3043)	 97.000000	 24.000000	      -	 time:262.3140s
B&B( 3098)	 97.000000	 24.000000	      -	 time:267.3410s
B&B( 3157)	 97.000000	 24.000000	      -	 time:272.3630s
B&B( 3223)	 96.000000	 24.000000	      -	 time:277.3800s
B&B( 3296)	 96.000000	 24.000000	      -	 time:282.3970s
B&B( 3366)	 96.000000	 24.000000	      -	 time:287.4450s
B&B( 3421)	 96.000000	 24.000000	      -	 time:292.5080s
B&B( 3479)	 96.000000	 24.000000	      -	 time:297.5570s
B&B( 3534)	 96.000000	 24.000000	      -	 time:302.5590s
B&B( 3593)	 96.000000	 24.000000	      -	 time:307.6420s
B&B( 3655)	 95.000000	 24.000000	      -	 time:312.6860s
B&B( 3722)	 95.000000	 24.000000	      -	 time:317.7330s
B&B( 3779)	 95.000000	 24.000000	      -	 time:322.8030s
B&B( 3838)	 95.000000	 24.000000	      -	 time:327.8610s
B&B( 3902)	 94.000000	 24.000000	      -	 time:332.8850s
B&B( 3957)	 94.000000	 24.000000	      -	 time:337.9430s
B&B( 4016)	 94.000000	 24.000000	      -	 time:343.0100s
B&B( 4074)	 94.000000	 24.000000	      -	 time:348.0660s
B&B( 4133)	 94.000000	 24.000000	      -	 time:353.0950s
B&B( 4193)	 94.000000	 24.000000	      -	 time:358.1270s
B&B( 4255)	 94.000000	 24.000000	      -	 time:363.1970s
B&B( 4314)	 94.000000	 24.000000	      -	 time:368.2630s
B&B( 4375)	 94.000000	 24.000000	      -	 time:373.3120s
B&B( 4436)	 94.000000	 24.000000	      -	 time:378.3410s
B&B( 4493)	 94.000000	 24.000000	      -	 time:383.3710s
B&B( 4557)	 93.000000	 24.000000	      -	 time:388.4040s
B&B( 4618)	 93.000000	 24.000000	      -	 time:393.4590s
B&B( 4677)	 93.000000	 24.000000	      -	 time:398.5060s
B&B( 4735)	 93.000000	 24.000000	      -	 time:403.5520s
B&B( 4795)	 93.000000	 24.000000	      -	 time:408.5650s
B&B( 4855)	 93.000000	 24.000000	      -	 time:413.6040s
B&B( 4912)	 93.000000	 24.000000	      -	 time:418.6180s
B&B( 4973)	 93.000000	 24.000000	      -	 time:423.6290s
B&B( 5031)	 93.000000	 24.000000	      -	 time:428.6640s
B&B( 5088)	 93.000000	 24.000000	      -	 time:433.6710s
B&B( 5147)	 93.000000	 24.000000	      -	 time:438.7400s
B&B( 5205)	 93.000000	 24.000000	      -	 time:443.7860s
B&B( 5269)	 93.000000	 24.000000	      -	 time:448.8780s
B&B( 5329)	 93.000000	 24.000000	      -	 time:453.9310s
B&B( 5388)	 93.000000	 24.000000	      -	 time:459.0060s
B&B( 5449)	 93.000000	 24.000000	      -	 time:464.0090s
B&B( 5512)	 93.000000	 24.000000	      -	 time:469.0560s
B&B( 5569)	 93.000000	 24.000000	      -	 time:474.1040s
B&B( 5630)	 92.000000	 24.000000	      -	 time:479.1180s
B&B( 5689)	 92.000000	 24.000000	      -	 time:484.1460s
B&B( 5753)	 92.000000	 24.000000	      -	 time:489.2200s
B&B( 5816)	 92.000000	 24.000000	      -	 time:494.2670s
B&B( 5870)	 92.000000	 24.000000	      -	 time:499.3250s
B&B( 5930)	 92.000000	 24.000000	      -	 time:504.3970s
B&B( 5987)	 92.000000	 24.000000	      -	 time:509.4370s
B&B( 6044)	 92.000000	 24.000000	      -	 time:514.4540s
B&B( 6099)	 92.000000	 24.000000	      -	 time:519.5040s
B&B( 6158)	 92.000000	 24.000000	      -	 time:524.5110s
B&B( 6216)	 92.000000	 24.000000	      -	 time:529.5700s
B&B( 6273)	 92.000000	 24.000000	      -	 time:534.6290s
B&B( 6331)	 92.000000	 24.000000	      -	 time:539.6660s
B&B( 6388)	 92.000000	 24.000000	      -	 time:544.6860s
B&B( 6447)	 92.000000	 24.000000	      -	 time:549.7220s
B&B( 6503)	 92.000000	 24.000000	      -	 time:554.7770s
B&B( 6563)	 92.000000	 24.000000	      -	 time:559.8280s
B&B( 6623)	 92.000000	 24.000000	      -	 time:564.8910s
B&B( 6683)	 92.000000	 24.000000	      -	 time:569.9020s
B&B( 6746)	 92.000000	 24.000000	      -	 time:574.9090s
B&B( 6807)	 92.000000	 24.000000	      -	 time:579.9790s
B&B( 6868)	 92.000000	 24.000000	      -	 time:585.0300s
B&B( 6929)	 92.000000	 24.000000	      -	 time:590.0750s
B&B( 6992)	 92.000000	 24.000000	      -	 time:595.0970s
B&B( 7049)	 92.000000	 24.000000	      -	 time:600.1240s
B&B( 7110)	 92.000000	 24.000000	      -	 time:605.1330s
B&B( 7175)	 92.000000	 24.000000	      -	 time:610.2100s
B&B( 7233)	 92.000000	 24.000000	      -	 time:615.2950s
B&B( 7293)	 92.000000	 24.000000	      -	 time:620.3200s
B&B( 7357)	 92.000000	 24.000000	      -	 time:625.3250s
B&B( 7429)	 92.000000	 24.000000	      -	 time:630.3330s
B&B( 7501)	 91.000000	 24.000000	      -	 time:635.3400s
B&B( 7561)	 91.000000	 24.000000	      -	 time:640.4100s
B&B( 7623)	 91.000000	 24.000000	      -	 time:645.4580s
B&B( 7680)	 91.000000	 24.000000	      -	 time:650.4790s
B&B( 7741)	 91.000000	 24.000000	      -	 time:655.5060s
B&B( 7805)	 91.000000	 24.000000	      -	 time:660.5510s
B&B( 7864)	 91.000000	 24.000000	      -	 time:665.5690s
B&B( 7925)	 91.000000	 24.000000	      -	 time:670.5910s
B&B( 7985)	 91.000000	 24.000000	      -	 time:675.6620s
B&B( 8050)	 91.000000	 24.000000	      -	 time:680.6950s
B&B( 8108)	 91.000000	 24.000000	      -	 time:685.7040s
B&B( 8171)	 91.000000	 24.000000	      -	 time:690.7660s
B&B( 8227)	 91.000000	 24.000000	      -	 time:695.7730s
B&B( 8286)	 91.000000	 24.000000	      -	 time:700.7840s
B&B( 8351)	 91.000000	 24.000000	      -	 time:705.8530s
B&B( 8408)	 91.000000	 24.000000	      -	 time:710.8860s
B&B( 8464)	 91.000000	 24.000000	      -	 time:715.9640s
B&B( 8522)	 91.000000	 24.000000	      -	 time:720.9930s
B&B( 8581)	 91.000000	 24.000000	      -	 time:726.0210s
B&B( 8638)	 91.000000	 24.000000	      -	 time:731.1070s
B&B( 8700)	 91.000000	 24.000000	      -	 time:736.1780s
B&B( 8760)	 91.000000	 24.000000	      -	 time:741.1840s
B&B( 8824)	 91.000000	 24.0000Command exited with non-zero status 124
	Command being timed: "/usr/bin/timeout 915 /home/fabio/CODD-NEWDom/cmake-build-release-ilyin/misp5 /home/fabio/CODD-NEWDom/data/misp/brock400_2.clq 256"
	User time (seconds): 912.75
	System time (seconds): 2.55
	Percent of CPU this job got: 99%
	Elapsed (wall clock) time (h:mm:ss or m:ss): 15:15.40
	Average shared text size (kbytes): 0
	Average unshared data size (kbytes): 0
	Average stack size (kbytes): 0
	Average total size (kbytes): 0
	Maximum resident set size (kbytes): 5180928
	Average resident set size (kbytes): 0
	Major (requiring I/O) page faults: 0
	Minor (reclaiming a frame) page faults: 1297043
	Voluntary context switches: 4
	Involuntary context switches: 3294
	Swaps: 0
	File system inputs: 0
	File system outputs: 56
	Socket messages sent: 0
	Socket messages received: 0
	Signals delivered: 0
	Page size (bytes): 4096
	Exit status: 124

