COMMAND: /usr/bin/time -v /usr/bin/timeout 915 /home/fabio/CODD-NEWDom/cmake-build-release-ilyin/misp5 /home/fabio/CODD-NEWDom/data/misp/sanr400_0.7.clq 128
TOP=400
B&B searching...
dual@root:400
B&B Nodes          Dual	 Primal	 Gap(%)
----------------------------------------------
update in RO 15.000000

CHECKER is 1 SUM:15
TIME:82.000000
P TIGHTEN: 0.083000 <P:15.000000, D:400.000000, INC:(165)[0 1 0 1 0 1 1 0 0 0 0 0 0 1 1 0 0 0 0 0 0 0 0 0 0 0 0 0 0 1 0 0 0 1 0 0 0 1 0 0 0 0 0 0 0 0 0 0 0 0 0 0 0 0 0 0 0 1 0 0 0 0 0 0 0 0 0 0 0 0 0 0 0 0 0 0 0 0 0 0 0 0 0 0 0 0 0 0 0 0 0 0 0 0 0 0 1 0 0 0 0 0 0 0 0 0 0 0 0 0 0 0 0 0 0 0 0 0 0 0 0 0 0 0 0 0 0 0 0 1 0 0 0 0 0 0 0 0 0 0 1 0 0 0 0 0 0 0 0 0 0 0 0 0 0 0 0 0 0 0 1 0 0 0 1 ]> 15.000000 15.000000 + 0.000000 #20124
update in RO 16.000000

CHECKER is 1 SUM:16
TIME:86.000000
P TIGHTEN: 0.086000 <P:16.000000, D:400.000000, INC:(243)[0 1 0 1 0 1 1 0 0 0 1 0 0 0 1 0 0 0 0 0 0 0 0 0 0 0 0 0 0 1 0 0 0 1 0 0 0 1 0 0 0 0 0 0 0 0 0 0 0 0 0 0 0 0 0 0 0 1 0 0 0 0 0 0 0 0 0 0 0 0 0 0 0 0 0 0 0 0 0 0 0 0 0 0 0 0 0 0 0 0 0 0 0 0 0 0 1 0 0 0 0 0 0 0 0 0 0 0 0 0 0 0 0 0 0 1 0 0 0 0 0 1 0 0 0 0 0 0 0 1 0 0 0 0 0 0 0 0 0 0 0 0 0 0 0 0 0 1 0 0 0 0 0 0 0 0 0 0 0 0 0 0 0 0 0 0 0 0 0 0 0 0 0 0 0 0 0 0 0 0 0 0 0 0 0 0 0 0 0 0 0 0 0 0 0 0 0 0 0 0 0 0 0 0 0 0 0 0 0 0 0 0 0 0 0 0 0 0 0 0 0 0 0 0 0 0 0 0 0 0 0 0 0 0 0 0 0 0 0 0 0 0 1 ]> 16.000000 16.000000 + 0.000000 #24548
update in RO 17.000000

CHECKER is 1 SUM:17
TIME:86.000000
P TIGHTEN: 0.087000 <P:17.000000, D:400.000000, INC:(282)[0 1 0 1 0 1 1 0 0 0 1 0 0 0 1 0 0 0 0 0 0 0 0 0 0 0 0 0 0 1 0 0 0 1 0 0 0 1 0 0 0 0 0 0 0 0 0 0 0 0 0 0 0 0 0 0 0 1 0 0 0 0 0 0 0 0 0 0 0 0 0 0 0 0 0 0 0 0 0 0 0 0 0 0 0 0 0 0 0 0 0 0 0 0 0 0 1 0 0 0 0 0 0 0 0 0 0 0 0 0 0 0 0 0 0 1 0 0 0 0 0 1 0 0 0 0 0 0 0 1 0 0 0 0 0 0 0 0 0 0 0 0 0 0 0 0 0 0 0 0 0 0 0 0 0 0 0 0 0 0 0 0 0 0 1 0 0 0 0 0 0 0 0 0 0 0 0 0 0 0 0 0 0 0 0 0 0 0 0 0 0 0 0 0 0 0 0 0 0 0 0 0 0 0 0 0 0 0 0 0 0 0 0 0 0 0 0 0 0 0 0 0 0 0 0 0 0 0 0 0 0 0 0 0 0 0 0 0 0 0 0 0 1 0 0 0 0 0 0 0 0 0 0 0 0 0 0 0 0 0 0 0 0 0 0 0 0 0 0 0 0 0 0 0 0 0 0 0 0 0 0 1 ]> 17.000000 17.000000 + 0.000000 #25430
update in RO 18.000000

CHECKER is 1 SUM:18
TIME:87.000000
P TIGHTEN: 0.087000 <P:18.000000, D:400.000000, INC:(302)[0 1 0 1 0 1 1 0 0 0 0 0 0 1 1 0 0 0 0 0 0 0 0 0 0 0 0 0 0 1 0 0 0 1 0 0 0 1 0 0 0 0 0 0 0 0 0 0 0 0 0 0 0 0 0 0 0 1 0 0 0 0 0 0 0 0 0 0 0 0 0 0 0 0 0 0 0 0 0 0 0 0 0 0 0 0 0 0 0 0 0 0 0 0 0 0 1 0 0 0 0 0 0 0 0 0 0 0 0 0 0 0 0 0 0 1 0 0 0 0 0 0 0 0 0 0 0 0 0 0 0 0 0 0 0 0 0 0 0 0 0 0 0 0 0 0 0 0 0 0 0 0 0 0 0 0 0 0 0 0 1 0 0 0 0 0 0 0 0 0 1 0 0 0 0 0 0 0 0 0 0 0 0 0 0 0 1 0 0 0 0 0 0 0 0 0 0 0 0 0 0 0 0 0 0 0 0 0 0 0 0 0 0 0 0 0 0 0 0 0 0 0 0 0 0 0 0 0 0 0 0 0 0 0 0 0 0 0 0 0 0 0 0 0 0 0 0 0 0 0 0 0 0 0 0 0 0 0 0 0 0 0 0 0 0 0 0 0 0 0 0 0 1 0 0 0 0 0 0 0 0 1 0 0 0 0 0 0 0 0 0 0 0 0 0 0 0 0 0 0 0 1 ]> 18.000000 18.000000 + 0.000000 #25509
update in RO 19.000000

CHECKER is 1 SUM:19
TIME:143.000000
P TIGHTEN: 0.143000 <P:19.000000, D:134.000000, INC:(361)[0 0 0 0 0 0 0 0 1 0 0 0 0 0 1 0 1 0 0 1 0 1 0 0 0 1 0 0 0 0 0 0 1 0 1 0 0 0 0 1 0 0 0 0 0 0 0 1 0 0 0 0 0 0 0 0 0 0 0 0 0 1 0 0 0 0 0 0 0 0 0 0 0 0 0 0 0 0 0 0 0 0 0 0 0 0 0 0 0 0 0 0 0 0 0 0 0 0 0 0 1 0 0 0 0 0 0 0 0 0 0 0 0 0 0 0 0 0 0 0 0 0 0 0 0 0 0 0 0 0 0 0 0 0 0 0 1 0 0 0 0 0 0 0 0 0 0 0 0 0 0 0 0 0 0 0 0 0 0 0 0 0 0 0 0 0 0 0 0 0 0 0 0 0 0 0 0 0 0 0 0 0 0 0 0 0 0 0 0 0 0 0 0 0 0 0 0 0 0 0 0 0 0 0 0 0 0 0 0 0 0 0 0 1 1 0 0 0 0 0 0 0 0 0 0 0 0 0 0 0 0 0 0 0 0 0 0 0 0 0 0 0 0 0 0 0 0 0 0 1 0 0 0 0 0 0 0 0 0 0 0 0 0 0 0 0 0 0 0 0 0 0 0 0 0 0 0 1 0 0 0 0 0 0 0 0 0 0 0 0 0 0 0 0 0 0 0 0 0 0 0 0 0 0 0 0 0 0 0 0 0 1 0 0 0 0 0 0 1 0 0 0 0 0 0 0 0 0 0 0 0 0 0 0 0 0 0 0 0 0 0 0 0 0 0 0 0 0 0 0 0 0 0 0 0 0 0 0 0 0 0 ]> 19.000000 19.000000 + 0.000000 #31376
update in RO 20.000000

CHECKER is 1 SUM:20
TIME:143.000000
P TIGHTEN: 0.143000 <P:20.000000, D:134.000000, INC:(361)[0 0 0 0 0 0 0 0 1 0 0 0 0 0 1 0 1 0 0 1 0 1 0 0 0 1 0 0 0 0 0 0 1 0 1 0 0 0 0 1 0 0 0 0 0 0 0 1 0 0 0 0 0 0 0 0 0 0 0 0 0 1 0 0 0 0 0 0 0 0 0 0 0 0 0 0 0 0 0 0 0 0 0 0 0 0 0 0 0 0 0 0 0 0 0 0 0 0 0 0 1 0 0 0 0 0 0 0 0 0 0 0 0 0 0 0 0 0 0 0 0 0 0 0 0 0 0 0 0 0 0 0 0 0 0 0 1 0 0 0 0 0 0 0 0 0 0 0 0 0 0 0 0 0 0 0 0 0 0 0 0 0 0 0 0 0 0 0 0 0 0 0 0 0 0 0 0 0 0 0 0 0 0 0 0 0 0 0 0 0 0 0 0 0 0 0 0 0 0 0 0 0 0 0 0 0 0 0 0 0 0 0 0 1 1 0 0 0 0 0 0 0 0 0 0 0 0 0 0 0 0 0 0 0 0 0 0 0 0 0 0 0 0 0 0 0 0 0 0 1 0 0 0 0 0 0 0 0 0 0 0 0 0 0 0 0 0 0 0 0 0 0 0 0 0 0 0 1 0 0 0 0 0 0 0 0 0 0 0 0 0 0 0 0 0 0 0 0 0 0 0 0 0 0 0 0 0 0 0 0 0 1 0 0 0 0 0 0 1 0 0 0 0 0 0 0 0 0 0 0 0 0 0 0 0 0 0 0 0 0 0 0 0 0 0 0 0 0 0 0 0 0 0 0 0 0 0 0 0 0 1 ]> 20.000000 20.000000 + 0.000000 #31376
B&B(  112)	 130.000000	 20.000000	      -	 time:5.0370s
B&B(  227)	 127.000000	 20.000000	      -	 time:10.0720s
B&B(  345)	 123.000000	 20.000000	      -	 time:15.0830s
B&B(  466)	 117.000000	 20.000000	      -	 time:20.1120s
B&B(  589)	 114.000000	 20.000000	      -	 time:25.1240s
B&B(  724)	 109.000000	 20.000000	      -	 time:30.1460s
B&B(  863)	 104.000000	 20.000000	      -	 time:35.1630s
B&B( 1004)	 100.000000	 20.000000	      -	 time:40.1800s
B&B( 1151)	 96.000000	 20.000000	      -	 time:45.1820s
B&B( 1276)	 95.000000	 20.000000	      -	 time:50.1940s
B&B( 1404)	 94.000000	 20.000000	      -	 time:55.2000s
B&B( 1534)	 93.000000	 20.000000	      -	 time:60.2300s
B&B( 1670)	 92.000000	 20.000000	      -	 time:65.2560s
B&B( 1803)	 92.000000	 20.000000	      -	 time:70.2770s
B&B( 1934)	 91.000000	 20.000000	      -	 time:75.3040s
B&B( 2057)	 91.000000	 20.000000	      -	 time:80.3230s
B&B( 2187)	 90.000000	 20.000000	      -	 time:85.3400s
B&B( 2312)	 90.000000	 20.000000	      -	 time:90.3600s
B&B( 2443)	 90.000000	 20.000000	      -	 time:95.3770s
B&B( 2575)	 89.000000	 20.000000	      -	 time:100.3800s
update in RO 21.0000

CHECKER is 1 SUM:21
TIME:104098.000000
P TIGHTEN: 104.098000 <P:21.000000, D:89.000000, INC:(373)[0 0 0 1 0 0 0 0 0 0 0 0 0 0 1 0 0 0 0 0 0 0 0 1 0 1 0 0 0 0 0 0 1 0 0 0 0 0 0 1 0 0 0 0 0 1 0 0 0 0 0 0 0 0 0 0 0 0 0 0 0 1 1 0 0 0 0 0 0 0 0 0 0 0 0 0 0 0 0 0 0 0 0 0 0 0 0 0 0 0 0 0 0 0 0 0 1 0 0 0 0 0 0 0 0 0 0 0 0 0 0 0 0 0 0 0 0 0 0 0 0 0 0 0 0 0 0 0 0 0 0 0 0 0 0 0 1 0 0 0 0 0 0 0 0 0 0 0 0 1 0 0 0 0 0 0 0 0 0 1 0 0 0 0 0 0 0 0 0 0 0 0 0 0 0 0 0 0 0 0 0 0 1 0 0 0 0 0 0 0 0 0 0 0 0 0 0 1 0 0 0 0 0 0 0 0 0 0 0 0 0 0 0 0 0 0 0 0 0 0 0 0 0 0 0 0 0 0 0 0 0 0 0 0 0 0 0 0 0 0 0 0 0 0 0 0 0 0 0 0 0 0 0 0 0 0 0 0 0 0 0 0 0 0 0 0 1 0 0 0 0 0 0 0 0 0 0 1 0 0 0 0 0 0 0 0 0 0 0 0 0 0 0 0 0 0 0 0 1 0 0 0 0 0 1 0 0 0 0 0 0 0 0 0 0 0 0 0 0 0 0 0 0 0 0 0 0 0 0 0 0 0 0 0 0 0 0 0 0 0 0 0 0 0 0 0 0 0 0 0 0 0 0 0 0 0 0 0 0 0 0 0 0 0 0 0 0 0 1 0 0 0 1 ]> 21.000000 21.000000 + 0.000000 #24783
B&B( 2702)	 89.000000	 21.000000	      -	 time:105.3890s
B&B( 2839)	 89.000000	 21.000000	      -	 time:110.3930s
B&B( 2976)	 88.000000	 21.000000	      -	 time:115.4280s
B&B( 3108)	 88.000000	 21.000000	      -	 time:120.4530s
B&B( 3237)	 88.000000	 21.000000	      -	 time:125.4620s
B&B( 3371)	 88.000000	 21.000000	      -	 time:130.4790s
B&B( 3501)	 87.000000	 21.000000	      -	 time:135.4950s
B&B( 3635)	 87.000000	 21.000000	      -	 time:140.5160s
B&B( 3769)	 87.000000	 21.000000	      -	 time:145.5510s
B&B( 3902)	 87.000000	 21.000000	      -	 time:150.5530s
B&B( 4036)	 87.000000	 21.000000	      -	 time:155.5730s
B&B( 4171)	 87.000000	 21.000000	      -	 time:160.5900s
B&B( 4304)	 86.000000	 21.000000	      -	 time:165.5950s
B&B( 4437)	 86.000000	 21.000000	      -	 time:170.5970s
B&B( 4570)	 86.000000	 21.000000	      -	 time:175.6190s
B&B( 4699)	 86.000000	 21.000000	      -	 time:180.6260s
B&B( 4844)	 86.000000	 21.000000	      -	 time:185.6480s
B&B( 4977)	 86.000000	 21.000000	      -	 time:190.6500s
B&B( 5110)	 86.000000	 21.000000	      -	 time:195.6860s
B&B( 5245)	 86.000000	 21.000000	      -	 time:200.6970s
B&B( 5381)	 85.000000	 21.000000	      -	 time:205.7100s
B&B( 5512)	 85.000000	 21.000000	      -	 time:210.7130s
B&B( 5645)	 85.000000	 21.000000	      -	 time:215.7370s
B&B( 5785)	 85.000000	 21.000000	      -	 time:220.7440s
B&B( 5915)	 85.000000	 21.000000	      -	 time:225.7630s
B&B( 6046)	 85.000000	 21.000000	      -	 time:230.7700s
B&B( 6181)	 84.000000	 21.000000	      -	 time:235.7760s
B&B( 6321)	 84.000000	 21.000000	      -	 time:240.7920s
B&B( 6459)	 84.000000	 21.000000	      -	 time:245.8240s
B&B( 6601)	 84.000000	 21.000000	      -	 time:250.8320s
B&B( 6731)	 84.000000	 21.000000	      -	 time:255.8490s
B&B( 6866)	 84.000000	 21.000000	      -	 time:260.8860s
B&B( 7003)	 84.000000	 21.000000	      -	 time:265.9020s
B&B( 7146)	 84.000000	 21.000000	      -	 time:270.9170s
B&B( 7290)	 83.000000	 21.000000	      -	 time:275.9520s
B&B( 7434)	 83.000000	 21.000000	      -	 time:280.9710s
B&B( 7572)	 83.000000	 21.000000	      -	 time:285.9750s
B&B( 7712)	 83.000000	 21.000000	      -	 time:290.9860s
B&B( 7856)	 83.000000	 21.000000	      -	 time:295.9960s
B&B( 7997)	 83.000000	 21.000000	      -	 time:301.0120s
B&B( 8134)	 83.000000	 21.000000	      -	 time:306.0340s
B&B( 8276)	 83.000000	 21.000000	      -	 time:311.0660s
B&B( 8414)	 83.000000	 21.000000	      -	 time:316.0990s
B&B( 8558)	 82.000000	 21.000000	      -	 time:321.1220s
B&B( 8699)	 82.000000	 21.000000	      -	 time:326.1340s
B&B( 8850)	 82.000000	 21.000000	      -	 time:331.1690s
B&B( 8987)	 82.000000	 21.000000	      -	 time:336.1950s
B&B( 9128)	 82.000000	 21.000000	      -	 time:341.2170s
B&B( 9270)	 82.000000	 21.000000	      -	 time:346.2480s
B&B( 9411)	 82.000000	 21.000000	      -	 time:351.2610s
B&B( 9552)	 82.000000	 21.000000	      -	 time:356.2660s
B&B( 9693)	 82.000000	 21.000000	      -	 time:361.2980s
B&B( 9842)	 81.000000	 21.000000	      -	 time:366.3010s
B&B( 9980)	 81.000000	 21.000000	      -	 time:371.3140s
B&B(10120)	 81.000000	 21.000000	      -	 time:376.3420s
B&B(10266)	 81.000000	 21.000000	      -	 time:381.3430s
B&B(10410)	 81.000000	 21.000000	      -	 time:386.3470s
B&B(10554)	 81.000000	 21.000000	      -	 time:391.3770s
B&B(10702)	 81.000000	 21.000000	      -	 time:396.4010s
B&B(10847)	 81.000000	 21.000000	      -	 time:401.4360s
B&B(10990)	 81.000000	 21.000000	      -	 time:406.4710s
B&B(11130)	 81.000000	 21.000000	      -	 time:411.5000s
B&B(11274)	 80.000000	 21.000000	      -	 time:416.5140s
B&B(11413)	 80.000000	 21.000000	      -	 time:421.5160s
B&B(11569)	 80.000000	 21.000000	      -	 time:426.5310s
B&B(11709)	 80.000000	 21.000000	      -	 time:431.5360s
B&B(11853)	 80.000000	 21.000000	      -	 time:436.5430s
B&B(12001)	 80.000000	 21.000000	      -	 time:441.5450s
B&B(12143)	 80.000000	 21.000000	      -	 time:446.5580s
B&B(12294)	 80.000000	 21.000000	      -	 time:451.5730s
B&B(12436)	 80.000000	 21.000000	      -	 time:456.6060s
B&B(12582)	 80.000000	 21.000000	      -	 time:461.6210s
B&B(12735)	 79.000000	 21.000000	      -	 time:466.6470s
B&B(12886)	 79.000000	 21.000000	      -	 time:471.6710s
B&B(13030)	 79.000000	 21.000000	      -	 time:476.6860s
B&B(13181)	 79.000000	 21.000000	      -	 time:481.7050s
B&B(13329)	 79.000000	 21.000000	      -	 time:486.7260s
B&B(13476)	 79.000000	 21.000000	      -	 time:491.7640s
B&B(13626)	 79.000000	 21.000000	      -	 time:496.7680s
B&B(13782)	 79.000000	 21.000000	      -	 time:501.7880s
B&B(13929)	 79.000000	 21.000000	      -	 time:506.8220s
B&B(14073)	 79.000000	 21.000000	      -	 time:511.8410s
B&B(14223)	 79.000000	 21.000000	      -	 time:516.8500s
B&B(14372)	 79.000000	 21.000000	      -	 time:521.8540s
B&B(14523)	 79.000000	 21.000000	      -	 time:526.8750s
B&B(14676)	 78.000000	 21.000000	      -	 time:531.8770s
B&B(14828)	 78.000000	 21.000000	      -	 time:536.9040s
B&B(14980)	 78.000000	 21.000000	      -	 time:541.9240s
B&B(15135)	 78.000000	 21.000000	      -	 time:546.9310s
B&B(15282)	 78.000000	 21.000000	      -	 time:551.9510s
B&B(15435)	 78.000000	 21.000000	      -	 time:556.9650s
B&B(15587)	 78.000000	 21.000000	      -	 time:561.9700s
B&B(15745)	 78.000000	 21.000000	      -	 time:566.9990s
B&B(15898)	 78.000000	 21.000000	      -	 time:572.0350s
B&B(16050)	 78.000000	 21.000000	      -	 time:577.0580s
B&B(16200)	 78.000000	 21.000000	      -	 time:582.0810s
B&B(16353)	 78.000000	 21.000000	      -	 time:587.0880s
B&B(16512)	 78.000000	 21.000000	      -	 time:592.1210s
B&B(16665)	 78.000000	 21.000000	      -	 time:597.1340s
B&B(16825)	 77.000000	 21.000000	      -	 time:602.1360s
B&B(16981)	 77.000000	 21.000000	      -	 time:607.1640s
B&B(17135)	 77.00Command exited with non-zero status 124
	Command being timed: "/usr/bin/timeout 915 /home/fabio/CODD-NEWDom/cmake-build-release-ilyin/misp5 /home/fabio/CODD-NEWDom/data/misp/sanr400_0.7.clq 128"
	User time (seconds): 912.45
	System time (seconds): 2.87
	Percent of CPU this job got: 99%
	Elapsed (wall clock) time (h:mm:ss or m:ss): 15:15.42
	Average shared text size (kbytes): 0
	Average unshared data size (kbytes): 0
	Average stack size (kbytes): 0
	Average total size (kbytes): 0
	Maximum resident set size (kbytes): 5558784
	Average resident set size (kbytes): 0
	Major (requiring I/O) page faults: 0
	Minor (reclaiming a frame) page faults: 1391397
	Voluntary context switches: 4
	Involuntary context switches: 3597
	Swaps: 0
	File system inputs: 0
	File system outputs: 40
	Socket messages sent: 0
	Socket messages received: 0
	Signals delivered: 0
	Page size (bytes): 4096
	Exit status: 124

