COMMAND: /usr/bin/time -v /usr/bin/timeout 915 /home/fabio/CODD-NEWDom/cmake-build-release-ilyin/misp5 /home/fabio/CODD-NEWDom/data/misp/san200_0.7_1.clq 128
TOP=200
B&B searching...
dual@root:200
B&B Nodes          Dual	 Primal	 Gap(%)
----------------------------------------------
update in RO 15.000000

CHECKER is 1 SUM:15
TIME:30.000000
P TIGHTEN: 0.030000 <P:15.000000, D:200.000000, INC:(57)[0 1 0 0 0 1 0 0 1 0 1 0 1 1 0 0 0 0 0 1 0 0 0 1 0 0 0 1 0 0 1 0 0 1 0 0 0 0 1 0 0 0 0 0 0 0 0 0 0 0 1 0 0 0 0 1 1 ]> 15.000000 15.000000 + 0.000000 #6254
update in RO 16.000000

CHECKER is 1 SUM:16
TIME:36.000000
P TIGHTEN: 0.037000 <P:16.000000, D:200.000000, INC:(167)[1 0 1 1 0 0 1 1 0 0 0 0 0 0 0 0 1 1 0 0 0 0 0 0 0 1 1 0 0 0 0 0 0 0 0 0 1 1 0 0 0 1 0 0 1 0 0 0 0 1 0 0 0 0 0 0 0 0 0 0 0 0 0 0 0 0 0 0 0 0 0 0 0 0 0 0 0 0 0 0 0 0 0 1 0 0 0 0 0 0 0 0 0 0 0 0 0 0 0 0 0 0 0 0 0 0 0 0 0 0 0 0 0 0 0 0 0 0 0 0 0 0 0 0 0 0 0 0 0 0 0 0 0 0 0 0 0 0 0 0 0 0 0 0 0 0 0 0 0 0 0 0 0 0 0 0 0 0 0 0 0 0 0 0 0 0 1 ]> 16.000000 16.000000 + 0.000000 #18609
update in RO 17.000000

CHECKER is 1 SUM:17
TIME:104.000000
P TIGHTEN: 0.104000 <P:17.000000, D:72.000000, INC:(156)[0 0 0 0 0 0 1 0 0 0 1 0 0 0 0 0 0 0 1 0 0 0 0 0 0 1 1 1 0 0 0 0 0 0 0 0 1 0 0 0 1 1 1 0 0 0 0 0 0 1 0 0 0 0 0 0 0 0 0 0 0 0 0 0 0 0 0 0 0 0 0 0 1 0 0 0 0 0 0 0 0 0 0 1 0 0 0 0 0 0 0 0 1 0 0 0 1 0 0 0 0 0 0 0 0 0 0 0 0 0 0 0 0 0 0 0 0 0 0 0 0 0 0 0 0 0 0 0 0 0 0 0 0 0 0 0 0 0 0 0 0 0 0 0 0 0 0 0 0 0 1 0 0 0 0 1 ]> 17.000000 17.000000 + 0.000000 #13658
update in RO 18.000000

CHECKER is 1 SUM:18
TIME:2657.000000
P TIGHTEN: 2.658000 <P:18.000000, D:70.000000, INC:(176)[0 0 0 0 0 0 0 0 0 0 0 1 0 0 0 1 0 0 0 0 0 1 0 0 0 0 0 0 0 0 1 0 0 0 0 0 1 1 0 0 1 0 0 0 0 0 0 0 0 0 0 0 0 0 0 0 1 0 0 0 0 0 0 0 0 0 0 0 1 0 0 0 0 0 0 0 0 0 0 0 1 0 0 0 0 0 0 0 0 0 0 0 0 0 0 0 0 1 0 0 0 0 0 0 0 0 0 0 0 0 0 0 0 0 0 0 0 0 0 0 0 0 0 0 0 0 0 0 0 0 1 0 0 0 0 0 0 0 0 0 0 1 0 0 0 0 0 0 0 0 0 0 0 0 0 0 0 0 0 0 1 0 1 0 0 0 0 0 0 0 1 1 0 0 0 1 ]> 18.000000 18.000000 + 0.000000 #11230
B&B(  370)	 67.000000	 18.000000	      -	 time:5.0090s
update in RO 20.0000

CHECKER is 1 SUM:20
TIME:6180.000000
P TIGHTEN: 6.180000 <P:20.000000, D:64.000000, INC:(196)[0 0 0 0 0 0 0 0 0 0 0 1 0 0 0 1 0 0 0 0 1 0 0 0 0 0 0 0 0 0 1 0 0 0 0 0 0 0 0 0 0 0 0 0 0 0 1 0 1 0 0 0 0 0 0 0 1 0 0 0 0 0 0 0 0 0 0 0 0 0 0 1 0 0 0 0 0 0 0 0 0 0 0 0 0 0 0 0 0 0 0 0 0 0 0 0 0 0 0 0 1 0 0 0 0 0 0 0 0 0 1 0 0 0 0 0 0 0 0 0 0 0 1 0 0 0 0 0 0 0 0 0 0 0 0 1 0 1 0 0 1 1 0 0 0 0 0 0 0 0 0 1 0 0 0 0 1 0 0 1 0 0 0 0 0 0 0 0 0 0 0 0 0 0 1 1 0 0 0 0 0 0 0 0 0 0 0 0 0 0 0 0 0 0 0 0 ]> 20.000000 20.000000 + 0.000000 #12223
update in RO 21.000000

CHECKER is 1 SUM:21
TIME:6180.000000
P TIGHTEN: 6.180000 <P:21.000000, D:64.000000, INC:(196)[0 0 0 0 0 0 0 0 0 0 0 1 0 0 0 1 0 0 0 0 1 0 0 0 0 0 0 0 0 0 1 0 0 0 0 0 0 0 0 0 0 0 0 0 0 0 1 0 1 0 0 0 0 0 0 0 1 0 0 0 0 0 0 0 0 0 0 0 0 0 0 1 0 0 0 0 0 0 0 0 0 0 0 0 0 0 0 0 0 0 0 0 0 0 0 0 0 0 0 0 1 0 0 0 0 0 0 0 0 0 1 0 0 0 0 0 0 0 0 0 0 0 1 0 0 0 0 0 0 0 0 0 0 0 0 1 0 1 0 0 1 1 0 0 0 0 0 0 0 0 0 1 0 0 0 0 1 0 0 1 0 0 0 0 0 0 0 0 0 0 0 0 0 0 1 1 0 0 0 0 0 0 0 0 0 0 0 0 0 0 0 0 0 0 0 1 ]> 21.000000 21.000000 + 0.000000 #12223
B&B(  872)	 58.000000	 21.000000	      -	 time:10.0110s
update in RO 22.0000

CHECKER is 1 SUM:22
TIME:11176.000000
P TIGHTEN: 11.176000 <P:22.000000, D:57.000000, INC:(176)[0 1 0 0 0 0 0 0 0 0 0 1 0 0 0 0 0 0 1 0 0 0 0 0 0 0 0 0 0 0 1 0 0 0 0 0 0 0 0 0 0 0 0 0 0 0 1 0 1 0 0 0 0 0 0 0 1 0 0 0 0 0 0 0 0 0 0 0 0 0 0 0 0 0 0 0 0 0 0 0 1 0 0 0 0 0 0 0 0 0 0 0 0 0 0 0 0 0 0 0 1 0 0 0 0 0 0 0 0 0 1 0 0 0 0 0 0 0 0 0 0 0 1 0 0 0 0 0 0 0 0 0 0 0 0 1 0 1 0 0 1 1 0 0 0 0 0 0 0 1 0 1 0 1 0 0 1 0 0 1 1 0 0 0 0 0 0 0 0 0 0 0 0 0 1 0 ]> 22.000000 22.000000 + 0.000000 #8752
update in RO 23.000000

CHECKER is 1 SUM:23
TIME:11176.000000
P TIGHTEN: 11.176000 <P:23.000000, D:57.000000, INC:(176)[0 1 0 0 0 0 0 0 0 0 0 1 0 0 0 0 0 0 1 0 0 0 0 0 0 0 0 0 0 0 1 0 0 0 0 0 0 0 0 0 0 0 0 0 0 0 1 0 1 0 0 0 0 0 0 0 1 0 0 0 0 0 0 0 0 0 0 0 0 0 0 0 0 0 0 0 0 0 0 0 1 0 0 0 0 0 0 0 0 0 0 0 0 0 0 0 0 0 0 0 1 0 0 0 0 0 0 0 0 0 1 0 0 0 0 0 0 0 0 0 0 0 1 0 0 0 0 0 0 0 0 0 0 0 0 1 0 1 0 0 1 1 0 0 0 0 0 0 0 1 0 1 0 1 0 0 1 0 0 1 1 0 0 0 0 0 0 0 0 0 0 0 0 0 1 1 ]> 23.000000 23.000000 + 0.000000 #8752
update in RO 28.000000

CHECKER is 1 SUM:28
TIME:11176.000000
P TIGHTEN: 11.176000 <P:28.000000, D:57.000000, INC:(196)[0 1 0 0 0 0 0 0 0 0 0 1 0 0 0 0 0 0 1 0 0 0 0 0 0 0 0 0 0 0 1 0 0 0 0 0 0 0 0 0 0 0 0 0 0 0 1 0 1 0 0 0 0 0 0 0 1 0 0 0 0 0 0 0 0 0 0 0 0 0 0 1 0 0 0 0 0 0 0 0 1 0 0 0 0 0 0 0 0 0 0 0 0 0 0 0 0 1 0 0 1 0 0 0 0 0 0 0 0 0 1 0 0 0 0 0 0 0 0 0 0 0 1 0 0 0 0 0 0 0 1 0 0 0 0 1 0 1 0 0 1 1 0 0 0 0 0 0 0 1 0 1 0 0 0 0 1 0 0 1 1 0 1 0 0 0 0 0 0 0 1 1 0 0 1 1 0 0 0 0 0 0 0 0 0 0 0 0 0 0 0 0 0 0 0 0 ]> 28.000000 28.000000 + 0.000000 #8771
update in RO 29.000000

CHECKER is 1 SUM:29
TIME:11176.000000
P TIGHTEN: 11.176000 <P:29.000000, D:57.000000, INC:(196)[0 1 0 0 0 0 0 0 0 0 0 1 0 0 0 0 0 0 1 0 0 0 0 0 0 0 0 0 0 0 1 0 0 0 0 0 0 0 0 0 0 0 0 0 0 0 1 0 1 0 0 0 0 0 0 0 1 0 0 0 0 0 0 0 0 0 0 0 0 0 0 1 0 0 0 0 0 0 0 0 1 0 0 0 0 0 0 0 0 0 0 0 0 0 0 0 0 1 0 0 1 0 0 0 0 0 0 0 0 0 1 0 0 0 0 0 0 0 0 0 0 0 1 0 0 0 0 0 0 0 1 0 0 0 0 1 0 1 0 0 1 1 0 0 0 0 0 0 0 1 0 1 0 0 0 0 1 0 0 1 1 0 1 0 0 0 0 0 0 0 1 1 0 0 1 1 0 0 0 0 0 0 0 0 0 0 0 0 0 0 0 0 0 0 0 1 ]> 29.000000 29.000000 + 0.000000 #8771
B&B( 1923)	 54.000000	 29.000000	 86.2069%	 time:15.0240s
B&B( 3390)	 52.000000	 29.000000	 79.3103%	 time:20.0320s
B&B( 4863)	 51.000000	 29.000000	 75.8621%	 time:25.0410s
update in RX 30.0000 26.5360 <P:29.0000, D:50.0000, INC:(196)[0 1 0 0 0 0 0 0 0 0 0 1 0 0 0 0 0 0 1 0 0 0 0 0 0 0 0 0 0 0 1 0 0 0 0 0 0 0 0 0 0 0 0 0 0 0 1 0 1 0 0 0 0 0 0 0 1 0 0 0 0 0 0 0 0 0 0 0 0 0 0 1 0 0 0 0 0 0 0 0 1 0 0 0 0 0 0 0 0 0 0 0 0 0 0 0 0 1 0 0 1 0 0 0 0 0 0 0 0 0 1 0 0 0 0 0 0 0 0 0 0 0 1 0 0 0 0 0 0 0 1 0 0 0 0 1 0 1 0 0 1 1 0 0 0 0 0 0 0 1 0 1 0 0 0 0 1 0 0 1 1 0 1 0 0 0 0 0 0 0 1 1 0 0 1 1 0 0 0 0 0 0 0 0 0 0 0 0 0 0 0 0 0 0 0 1 ]>

CHECKER is 1 SUM:30
TIME:26535.000000
D TIGHTEN: 26.536000 <P:30.000000, D:50.000000, INC:(196)[0 1 0 0 0 0 0 0 0 0 0 1 0 0 0 1 0 0 1 0 0 0 0 0 0 0 0 0 0 0 1 0 0 0 0 0 0 0 0 0 0 0 0 0 0 0 1 0 1 0 0 0 0 0 0 0 1 0 0 0 0 0 0 0 0 0 0 0 0 0 0 1 0 0 0 0 0 0 0 0 1 0 0 0 0 0 0 0 0 0 0 0 0 0 0 0 0 1 0 0 1 0 0 0 0 0 0 0 0 0 1 0 0 0 0 0 0 0 0 0 0 0 1 0 0 0 0 0 0 0 1 0 0 0 0 1 0 1 0 0 1 1 0 0 0 0 0 0 0 1 0 1 0 0 0 0 1 0 0 1 1 0 1 0 0 0 0 0 0 0 1 1 0 0 1 1 0 0 0 0 0 0 0 0 0 0 0 0 0 0 0 0 0 0 0 1 ]>
B&B( 6634)	 50.000000	 30.000000	 66.6667%	 time:30.0440s
B&B( 8872)	 49.000000	 30.000000	 63.3333%	 time:35.0470s
B&B(11465)	 48.000000	 30.000000	 60.0000%	 time:40.0490s
B&B(14012)	 47.000000	 30.000000	 56.6667%	 time:45.0500s
B&B(16691)	 47.000000	 30.000000	 56.6667%	 time:50.0550s
B&B(19068)	 46.000000	 30.000000	 53.3333%	 time:55.0620s
B&B(21865)	 46.000000	 30.000000	 53.3333%	 time:60.0660s
B&B(24897)	 45.000000	 30.000000	 50.0000%	 time:65.0670s
B&B(27793)	 45.000000	 30.000000	 50.0000%	 time:70.0700s
B&B(31544)	 45.000000	 30.000000	 50.0000%	 time:75.0740s
B&B(35537)	 44.000000	 30.000000	 46.6667%	 time:80.0770s
B&B(39315)	 44.000000	 30.000000	 46.6667%	 time:85.0790s
B&B(43287)	 44.000000	 30.000000	 46.6667%	 time:90.0810s
B&B(47851)	 43.000000	 30.000000	 43.3333%	 time:95.0850s
B&B(51911)	 43.000000	 30.000000	 43.3333%	 time:100.0880s
B&B(56251)	 43.000000	 30.000000	 43.3333%	 time:105.0900s
B&B(60989)	 43.000000	 30.000000	 43.3333%	 time:110.0910s
B&B(66810)	 42.000000	 30.000000	 40.0000%	 time:115.0920s
B&B(71669)	 42.000000	 30.000000	 40.0000%	 time:120.0950s
B&B(76706)	 42.000000	 30.000000	 40.0000%	 time:125.0990s
B&B(81669)	 42.000000	 30.000000	 40.0000%	 time:130.1000s
B&B(88686)	 41.000000	 30.000000	 36.6667%	 time:135.1030s
B&B(96044)	 41.000000	 30.000000	 36.6667%	 time:140.1060s
B&B(102191)	 41.000000	 30.000000	 36.6667%	 time:145.1070s
B&B(108051)	 41.000000	 30.000000	 36.6667%	 time:150.1120s
B&B(114087)	 40.000000	 30.000000	 33.3333%	 time:155.1130s
B&B(121314)	 40.000000	 30.000000	 33.3333%	 time:160.1150s
B&B(128950)	 40.000000	 30.000000	 33.3333%	 time:165.1170s
B&B(136707)	 40.000000	 30.000000	 33.3333%	 time:170.1180s
B&B(144602)	 40.000000	 30.000000	 33.3333%	 time:175.1190s
B&B(151798)	 40.000000	 30.000000	 33.3333%	 time:180.1210s
B&B(158165)	 40.000000	 30.000000	 33.3333%	 time:185.1230s
B&B(165082)	 39.000000	 30.000000	 30.0000%	 time:190.1240s
B&B(173404)	 39.000000	 30.000000	 30.0000%	 time:195.1260s
B&B(182971)	 39.000000	 30.000000	 30.0000%	 time:200.1270s
B&B(192723)	 39.000000	 30.000000	 30.0000%	 time:205.1280s
B&B(202267)	 39.000000	 30.000000	 30.0000%	 time:210.1310s
B&B(212165)	 39.000000	 30.000000	 30.0000%	 time:215.1330s
B&B(220410)	 39.000000	 30.000000	 30.0000%	 time:220.1360s
B&B(229217)	 38.000000	 30.000000	 26.6667%	 time:225.1390s
B&B(239107)	 38.000000	 30.000000	 26.6667%	 time:230.1420s
B&B(249589)	 38.000000	 30.000000	 26.6667%	 time:235.1440s
B&B(259257)	 38.000000	 30.000000	 26.6667%	 time:240.1460s
B&B(269916)	 38.000000	 30.000000	 26.6667%	 time:245.1480s
B&B(280343)	 38.000000	 30.000000	 26.6667%	 time:250.1490s
B&B(293047)	 38.000000	 30.000000	 26.6667%	 time:255.1500s
B&B(305180)	 38.000000	 30.000000	 26.6667%	 time:260.1510s
B&B(318078)	 37.000000	 30.000000	 23.3333%	 time:265.1530s
B&B(331454)	 37.000000	 30.000000	 23.3333%	 time:270.1540s
B&B(342549)	 37.000000	 30.000000	 23.3333%	 time:275.1560s
B&B(353907)	 37.000000	 30.000000	 23.3333%	 time:280.1620s
B&B(365423)	 37.000000	 30.000000	 23.3333%	 time:285.1630s
B&B(376465)	 37.000000	 30.000000	 23.3333%	 time:290.1650s
B&B(389124)	 37.000000	 30.000000	 23.3333%	 time:295.1660s
B&B(403307)	 37.000000	 30.000000	 23.3333%	 time:300.1680s
B&B(416151)	 36.000000	 30.000000	 20.0000%	 time:305.1690s
B&B(432249)	 36.000000	 30.000000	 20.0000%	 time:310.1700s
B&B(448237)	 36.000000	 30.000000	 20.0000%	 time:315.1710s
B&B(463364)	 36.000000	 30.000000	 20.0000%	 time:320.1730s
B&B(477222)	 36.000000	 30.000000	 20.0000%	 time:325.1750s
B&B(493097)	 36.000000	 30.000000	 20.0000%	 time:330.1760s
B&B(505441)	 36.000000	 30.000000	 20.0000%	 time:335.1770s
B&B(518213)	 36.000000	 30.000000	 20.0000%	 time:340.1780s
B&B(530860)	 36.000000	 30.000000	 20.0000%	 time:345.1860s
B&B(546101)	 36.000000	 30.000000	 20.0000%	 time:350.1880s
B&B(560195)	 35.000000	 30.000000	 16.6667%	 time:355.1900s
B&B(575023)	 35.000000	 30.000000	 16.6667%	 time:360.1920s
B&B(591283)	 35.000000	 30.000000	 16.6667%	 time:365.1930s
B&B(609691)	 35.000000	 30.000000	 16.6667%	 time:370.1940s
B&B(626558)	 35.000000	 30.000000	 16.6667%	 time:375.1970s
B&B(642831)	 35.000000	 30.000000	 16.6667%	 time:380.1980s
B&B(660683)	 35.000000	 30.000000	 16.6667%	 time:385.1990s
B&B(676005)	 35.000000	 30.000000	 16.6667%	 time:390.2000s
B&B(690081)	 35.000000	 30.000000	 16.6667%	 time:395.2020s
B&B(706171)	 35.000000	 30.000000	 16.6667%	 time:400.2030s
B&B(722791)	 35.000000	 30.000000	 16.6667%	 time:405.2040s
B&B(738266)	 34.000000	 30.000000	 13.3333%	 time:410.2060s
B&B(756019)	 34.000000	 30.000000	 13.3333%	 time:415.2080s
B&B(774422)	 34.000000	 30.000000	 13.3333%	 time:420.2090s
B&B(793736)	 34.000000	 30.000000	 13.3333%	 time:425.2100s
B&B(813354)	 34.000000	 30.000000	 13.3333%	 time:430.2120s
B&B(832705)	 34.000000	 30.000000	 13.3333%	 time:435.2130s
B&B(853186)	 34.000000	 30.000000	 13.3333%	 time:440.2140s
B&B(873246)	 34.000000	 30.000000	 13.3333%	 time:445.2150s
B&B(892039)	 34.000000	 30.000000	 13.3333%	 time:450.2170s
B&B(909828)	 34.000000	 30.000000	 13.3333%	 time:455.2180s
B&B(925680)	 34.000000	 30.000000	 13.3333%	 time:460.2200s
B&B(945556)	 33.000000	 30.000000	 10.0000%	 time:465.2210s
B&B(965767)	 33.000000	 30.000000	 10.0000%	 time:470.2220s
B&B(985754)	 33.000000	 30.000000	 10.0000%	 time:475.2240s
B&B(1006895)	 33.000000	 30.000000	 10.0000%	 time:480.2250s
B&B(1027491)	 33.000000	 30.000000	 10.0000%	 time:485.2260s
B&B(1048392)	 33.000000	 30.000000	 10.0000%	 time:490.2270s
B&B(1069038)	 33.000000	 30.000000	 10.0000%	 time:495.2280s
B&B(1091267)	 33.000000	 30.000000	 10.0000%	 time:500.2290s
B&B(1113217)	 33.000000	 30.000000	 10.0000%	 time:505.2300s
B&B(1135747)	 33.000000	 30.000000	 10.0000%	 time:510.2320s
B&B(1157872)	 32.000000	 30.000000	 6.6667%	 time:515.2340s
B&B(1182249)	 32.000000	 30.000000	 6.6667%	 time:520.2350s
B&B(1206369)	 32.000000	 30.000000	 6.6667%	 time:525.2370s
B&B(1231205)	 32.000000	 30.000000	 6.6667%	 time:530.2380s
B&B(1256035)	 32.000000	 30.000000	 6.6667%	 time:535.2390s
B&B(1281668)	 32.000000	 30.000000	 6.6667%	 time:540.2400s
B&B(1305294)	 32.000000	 30.000000	 6.6667%	 time:545.2410s
B&B(1330192)	 32.000000	 30.000000	 6.6667%	 time:550.2430s
B&B(1356634)	 32.000000	 30.000000	 6.6667%	 time:555.2440s
B&B(1382253)	 32.000000	 30.000000	 6.6667%	 time:560.2450s
B&B(1408952)	 32.000000	 30.000000	 6.6667%	 time:565.2460s
B&B(1434753)	 31.000000	 30.000000	 3.3333%	 time:570.2470s
B&B(1460814)	 31.000000	 30.000000	 3.3333%	 time:575.2480s
B&B(1488004)	 31.000000	 30.000000	 3.3333%	 time:580.2490s
B&B(1514838)	 31.000000	 30.000000	 3.3333%	 time:585.2500s
B&B(1542273)	 31.000000	 30.000000	 3.3333%	 time:590.2520s
B&B(1569169)	 31.000000	 30.000000	 3.3333%	 time:595.2530s
B&B(1596378)	 31.000000	 30.000000	 3.3333%	 time:600.2550s
B&B(1622566)	 31.000000	 30.000000	 3.3333%	 time:605.2560s
B&B(1648302)	 31.000000	 30.000000	 3.3333%	 time:610.2570s
B&B(1674484)	 31.000000	 30.000000	 3.3333%	 time:615.2580s
B&B(1701820)	 31.000000	 30.000000	 3.3333%	 time:620.2600s
Done(128):30.0000000000000000	 #nodes:1711442/1829418	 P/D:0/0	 Time:26.5350000000000001/622.1190000000000282s	 LIM?:0	 Seen:0
	Command being timed: "/usr/bin/timeout 915 /home/fabio/CODD-NEWDom/cmake-build-release-ilyin/misp5 /home/fabio/CODD-NEWDom/data/misp/san200_0.7_1.clq 128"
	User time (seconds): 621.55
	System time (seconds): 0.63
	Percent of CPU this job got: 99%
	Elapsed (wall clock) time (h:mm:ss or m:ss): 10:22.22
	Average shared text size (kbytes): 0
	Average unshared data size (kbytes): 0
	Average stack size (kbytes): 0
	Average total size (kbytes): 0
	Maximum resident set size (kbytes): 1273344
	Average resident set size (kbytes): 0
	Major (requiring I/O) page faults: 0
	Minor (reclaiming a frame) page faults: 319752
	Voluntary context switches: 3
	Involuntary context switches: 1806
	Swaps: 0
	File system inputs: 0
	File system outputs: 56
	Socket messages sent: 0
	Socket messages received: 0
	Signals delivered: 0
	Page size (bytes): 4096
	Exit status: 0

