COMMAND: /usr/bin/time -v /usr/bin/timeout 915 /home/fabio/CODD-NEWDom/cmake-build-release-ilyin/misp5 /home/fabio/CODD-NEWDom/data/misp/san1000.clq 64
TOP=1000
B&B searching...
dual@root:1000
B&B Nodes          Dual	 Primal	 Gap(%)
----------------------------------------------
update in RO 7.000000

CHECKER is 1 SUM:7
TIME:150.000000
P TIGHTEN: 0.150000 <P:7.000000, D:1000.000000, INC:(33)[1 1 1 0 0 0 1 0 0 0 1 0 0 1 0 0 0 0 0 0 0 0 0 0 0 0 0 0 0 0 0 0 1 ]> 7.000000 7.000000 + 0.000000 #1621
update in RO 8.000000

CHECKER is 1 SUM:8
TIME:150.000000
P TIGHTEN: 0.151000 <P:8.000000, D:1000.000000, INC:(38)[0 0 0 1 0 1 0 1 1 1 0 0 0 0 0 0 0 0 0 0 0 1 0 0 0 0 0 0 0 1 0 0 0 0 0 0 0 1 ]> 8.000000 8.000000 + 0.000000 #1940
update in RO 9.000000

CHECKER is 1 SUM:9
TIME:172.000000
P TIGHTEN: 0.173000 <P:9.000000, D:1000.000000, INC:(397)[1 0 0 1 0 0 0 0 0 1 0 0 0 0 0 1 0 0 0 0 0 0 0 0 0 0 0 0 0 0 1 0 0 0 0 0 0 0 0 1 0 0 0 0 0 0 0 0 0 0 0 0 0 0 0 0 0 0 0 0 0 0 0 0 0 0 0 0 0 0 0 0 0 0 0 0 0 0 0 0 0 0 0 0 0 0 0 0 0 0 0 0 0 0 0 0 0 0 0 0 0 0 0 0 0 0 0 0 0 0 0 0 0 0 0 0 0 0 0 0 0 0 0 0 0 0 0 0 0 0 0 0 0 0 0 0 0 0 0 0 0 0 0 0 0 0 0 0 0 0 1 0 0 0 0 0 0 0 0 0 0 0 0 0 0 0 0 0 0 0 0 0 0 0 0 0 0 0 0 0 0 0 0 0 0 0 0 0 1 0 0 0 0 0 0 0 0 0 0 0 0 0 0 0 0 0 0 0 0 0 0 0 0 0 0 0 0 0 0 0 0 0 0 0 0 0 0 0 0 0 0 0 0 0 0 0 0 0 0 0 0 0 0 0 0 0 0 0 0 0 0 0 0 0 0 0 0 0 0 0 0 0 0 0 0 0 0 0 0 0 0 0 0 0 0 0 0 0 0 0 0 0 0 0 0 0 0 0 0 0 0 0 0 0 0 0 0 0 0 0 0 0 0 0 0 0 0 0 0 0 0 0 0 0 0 0 0 0 0 0 0 0 0 0 0 0 0 0 0 0 0 0 0 0 0 0 0 0 0 0 0 0 0 0 0 0 0 0 0 0 0 0 0 0 0 0 0 0 0 0 0 0 0 0 0 0 0 0 0 0 0 0 0 0 0 0 0 0 0 0 0 0 0 0 0 0 0 0 0 0 0 0 0 0 0 0 1 ]> 9.000000 9.000000 + 0.000000 #24916
update in RO 10.000000

CHECKER is 1 SUM:10
TIME:1234.000000
P TIGHTEN: 1.234000 <P:10.000000, D:239.000000, INC:(857)[0 0 0 1 0 1 0 1 0 0 0 0 0 0 0 0 0 0 0 0 0 0 0 0 0 0 0 0 0 0 0 0 0 0 0 0 0 0 0 0 0 0 0 0 0 0 0 0 0 0 0 0 0 0 0 0 0 0 0 0 0 1 0 0 0 0 0 0 0 0 0 0 0 0 0 0 0 0 0 0 1 0 0 0 0 0 0 0 0 0 0 0 0 0 0 0 0 0 0 0 0 0 0 0 0 0 0 0 0 0 0 0 0 0 0 0 0 0 0 0 0 0 0 0 0 0 0 0 0 0 1 0 0 0 0 0 0 0 0 0 0 0 0 0 0 0 0 0 0 0 0 0 0 0 0 0 0 0 0 0 0 0 0 0 0 0 0 0 0 0 0 0 0 0 0 0 0 0 0 0 0 0 0 0 0 0 0 0 0 0 0 0 0 0 0 0 0 0 0 0 0 0 0 0 0 0 0 0 0 0 0 0 0 0 0 0 0 0 0 0 0 0 0 0 0 0 0 0 0 0 0 0 0 0 0 0 0 0 0 0 0 0 0 0 0 0 0 0 0 0 0 0 0 0 0 0 0 0 0 0 0 0 0 0 0 0 0 0 0 0 0 0 0 0 0 0 0 0 0 0 0 0 0 0 0 0 0 0 0 0 0 0 0 0 0 0 0 0 0 0 0 0 0 0 0 0 0 0 0 0 0 0 0 0 0 0 0 0 0 0 0 0 0 0 0 0 0 0 0 0 0 0 0 0 0 0 0 0 0 0 0 0 0 0 0 0 0 0 0 0 0 0 0 0 0 0 0 0 0 0 0 0 0 0 0 0 0 0 0 0 0 0 0 0 0 0 0 0 0 0 0 0 0 0 0 0 0 0 0 0 0 0 0 0 0 0 0 0 0 0 0 0 0 0 0 0 0 0 0 0 0 0 0 0 0 0 0 0 0 0 0 0 0 0 0 0 0 0 0 0 0 0 0 0 0 0 0 0 0 0 0 0 0 0 0 0 0 0 0 0 0 0 0 0 0 0 0 0 0 0 0 0 0 0 0 0 0 0 0 0 0 0 0 0 0 0 0 0 0 0 0 0 0 0 0 0 0 0 0 0 0 0 0 0 0 0 0 0 0 0 0 0 0 0 0 0 0 0 0 0 0 0 0 0 0 0 0 0 0 0 0 0 1 0 0 0 0 0 0 0 0 0 0 0 0 0 0 0 0 0 0 0 0 0 0 0 0 0 0 0 0 0 0 0 0 0 0 0 0 0 0 0 0 0 0 0 0 0 0 0 0 0 0 0 0 0 0 0 0 0 0 0 0 0 0 0 0 0 0 0 0 0 0 0 0 0 0 0 0 0 0 0 0 0 0 0 0 0 0 0 0 0 0 0 0 0 0 0 0 0 0 0 0 0 0 0 0 0 0 0 0 0 0 0 0 0 0 0 0 0 0 0 0 0 0 0 0 0 0 0 0 0 0 0 0 0 0 0 0 0 0 0 0 0 0 0 0 0 0 0 0 0 0 0 0 0 0 0 0 0 0 0 0 0 0 0 0 0 0 0 0 0 0 0 0 0 0 0 0 0 0 0 0 0 0 0 0 0 0 0 0 0 0 0 0 0 0 0 0 0 0 0 0 0 0 0 0 0 0 0 0 0 0 1 0 0 0 0 0 0 0 0 0 0 0 0 0 0 0 0 0 0 0 0 0 0 0 0 0 0 0 0 0 0 0 0 0 0 0 0 0 0 0 0 0 0 0 0 0 0 0 0 0 0 0 0 0 0 0 0 0 0 0 0 0 0 0 0 0 0 0 0 0 0 0 0 0 0 0 0 0 0 0 0 0 0 0 0 0 0 0 0 0 0 0 0 0 0 0 0 0 0 0 0 0 1 0 0 0 0 0 0 0 0 0 0 0 0 0 0 0 0 0 0 0 0 1 ]> 10.000000 10.000000 + 0.000000 #49797
B&B(   71)	 236.000000	 10.000000	      -	 time:5.0870s
B&B(  151)	 234.000000	 10.000000	      -	 time:10.0940s
B&B(  216)	 232.000000	 10.000000	      -	 time:15.1210s
B&B(  286)	 230.000000	 10.000000	      -	 time:20.1530s
B&B(  396)	 227.000000	 10.000000	      -	 time:25.2440s
B&B(  478)	 222.000000	 10.000000	      -	 time:30.2800s
B&B(  577)	 218.000000	 10.000000	      -	 time:35.3690s
B&B(  662)	 215.000000	 10.000000	      -	 time:40.4370s
B&B(  745)	 211.000000	 10.000000	      -	 time:45.5290s
B&B(  852)	 208.000000	 10.000000	      -	 time:50.6250s
B&B(  943)	 204.000000	 10.000000	      -	 time:55.6720s
B&B( 1040)	 202.000000	 10.000000	      -	 time:60.7030s
B&B( 1164)	 200.000000	 10.000000	      -	 time:65.7060s
B&B( 1298)	 196.000000	 10.000000	      -	 time:70.7850s
B&B( 1445)	 192.000000	 10.000000	      -	 time:75.8430s
B&B( 1569)	 188.000000	 10.000000	      -	 time:80.8480s
B&B( 1688)	 185.000000	 10.000000	      -	 time:85.9110s
B&B( 1803)	 183.000000	 10.000000	      -	 time:90.9660s
B&B( 1962)	 179.000000	 10.000000	      -	 time:96.0190s
B&B( 2130)	 175.000000	 10.000000	      -	 time:101.0800s
B&B( 2281)	 171.000000	 10.000000	      -	 time:106.1510s
B&B( 2422)	 168.000000	 10.000000	      -	 time:111.2240s
B&B( 2569)	 163.000000	 10.000000	      -	 time:116.2420s
B&B( 2733)	 160.000000	 10.000000	      -	 time:121.2460s
B&B( 2866)	 156.000000	 10.000000	      -	 time:126.2520s
B&B( 3022)	 151.000000	 10.000000	      -	 time:131.2750s
B&B( 3208)	 146.000000	 10.000000	      -	 time:136.3160s
B&B( 3368)	 143.000000	 10.000000	      -	 time:141.3180s
B&B( 3568)	 137.000000	 10.000000	      -	 time:146.3340s
B&B( 3711)	 135.000000	 10.000000	      -	 time:151.3910s
B&B( 3873)	 135.000000	 10.000000	      -	 time:156.4620s
B&B( 4020)	 133.000000	 10.000000	      -	 time:161.4690s
B&B( 4201)	 132.000000	 10.000000	      -	 time:166.4930s
B&B( 4322)	 131.000000	 10.000000	      -	 time:171.5340s
B&B( 4440)	 131.000000	 10.000000	      -	 time:176.5350s
B&B( 4593)	 131.000000	 10.000000	      -	 time:181.6240s
B&B( 4740)	 131.000000	 10.000000	      -	 time:186.6310s
B&B( 4903)	 130.000000	 10.000000	      -	 time:191.6800s
B&B( 5097)	 129.000000	 10.000000	      -	 time:196.7240s
B&B( 5268)	 129.000000	 10.000000	      -	 time:201.7270s
B&B( 5445)	 129.000000	 10.000000	      -	 time:206.7290s
B&B( 5578)	 129.000000	 10.000000	      -	 time:211.7380s
B&B( 5705)	 128.000000	 10.000000	      -	 time:216.7840s
B&B( 5847)	 128.000000	 10.000000	      -	 time:221.8160s
B&B( 5945)	 128.000000	 10.000000	      -	 time:226.8270s
B&B( 6071)	 128.000000	 10.000000	      -	 time:231.8300s
B&B( 6171)	 128.000000	 10.000000	      -	 time:236.8520s
B&B( 6357)	 127.000000	 10.000000	      -	 time:241.8600s
B&B( 6584)	 127.000000	 10.000000	      -	 time:246.8800s
B&B( 6760)	 127.000000	 10.000000	      -	 time:251.8850s
B&B( 6890)	 127.000000	 10.000000	      -	 time:256.8960s
B&B( 7035)	 127.000000	 10.000000	      -	 time:261.8980s
B&B( 7205)	 127.000000	 10.000000	      -	 time:266.8990s
B&B( 7365)	 126.000000	 10.000000	      -	 time:271.9030s
B&B( 7562)	 126.000000	 10.000000	      -	 time:276.9890s
B&B( 7793)	 126.000000	 10.000000	      -	 time:282.0170s
B&B( 7995)	 126.000000	 10.000000	      -	 time:287.0210s
B&B( 8118)	 125.000000	 10.000000	      -	 time:292.0530s
B&B( 8315)	 125.000000	 10.000000	      -	 time:297.0570s
B&B( 8498)	 125.000000	 10.000000	      -	 time:302.0630s
B&B( 8650)	 125.000000	 10.000000	      -	 time:307.0650s
B&B( 8825)	 125.000000	 10.000000	      -	 time:312.1320s
B&B( 9047)	 125.000000	 10.000000	      -	 time:317.2160s
B&B( 9195)	 124.000000	 10.000000	      -	 time:322.2710s
B&B( 9344)	 124.000000	 10.000000	      -	 time:327.3470s
B&B( 9519)	 124.000000	 10.000000	      -	 time:332.3800s
B&B( 9649)	 124.000000	 10.000000	      -	 time:337.3850s
B&B( 9850)	 124.000000	 10.000000	      -	 time:342.4330s
B&B( 9980)	 124.000000	 10.000000	      -	 time:347.4520s
B&B(10278)	 124.000000	 10.000000	      -	 time:352.4530s
B&B(10482)	 123.000000	 10.000000	      -	 time:357.5090s
B&B(10602)	 123.000000	 10.000000	      -	 time:362.5530s
B&B(10725)	 123.000000	 10.000000	      -	 time:367.5590s
B&B(10861)	 123.000000	 10.000000	      -	 time:372.6380s
B&B(11014)	 123.000000	 10.000000	      -	 time:377.6430s
B&B(11195)	 123.000000	 10.000000	      -	 time:382.6550s
B&B(11417)	 123.000000	 10.000000	      -	 time:387.7220s
B&B(11701)	 122.000000	 10.000000	      -	 time:392.7450s
B&B(11891)	 122.000000	 10.000000	      -	 time:397.7490s
B&B(11988)	 122.000000	 10.000000	      -	 time:402.7560s
B&B(12125)	 122.000000	 10.000000	      -	 time:407.7650s
B&B(12272)	 122.000000	 10.000000	      -	 time:412.7770s
B&B(12420)	 122.000000	 10.000000	      -	 time:417.7920s
B&B(12597)	 122.000000	 10.000000	      -	 time:422.7930s
B&B(12719)	 122.000000	 10.000000	      -	 time:427.8770s
B&B(12851)	 122.000000	 10.000000	      -	 time:432.9280s
B&B(13024)	 122.000000	 10.000000	      -	 time:438.0160s
B&B(13310)	 121.000000	 10.000000	      -	 time:443.0400s
B&B(13457)	 121.000000	 10.000000	      -	 time:448.1210s
B&B(13614)	 121.000000	 10.000000	      -	 time:453.1320s
B&B(13818)	 121.000000	 10.000000	      -	 time:458.1390s
B&B(13968)	 121.000000	 10.000000	      -	 time:463.1480s
B&B(14122)	 121.000000	 10.000000	      -	 time:468.1960s
B&B(14277)	 121.000000	 10.000000	      -	 time:473.2000s
B&B(14446)	 121.000000	 10.000000	      -	 time:478.2060s
B&B(14611)	 121.000000	 10.000000	      -	 time:483.2370s
B&B(14972)	 120.000000	 10.000000	      -	 time:488.3200s
B&B(15250)	 120.000000	 10.000000	      -	 time:493.3440s
B&B(15386)	 120.000000	 10.000000	      -	 time:498.4020s
B&B(15520)	 120.000000	 10.000000	      -	 time:503.4430s
B&B(15690)	 120.000000	 10.000000	      -	 time:508.4730s
B&B(15863)	 120.000000	 10.000000	      -	 time:513.4830s
B&B(16026)	 120.000000	 10.000000	      -	 time:518.5810s
B&B(16289)	 119.000000	 10.000000	      -	 time:523.5870s
B&B(16533)	 119.000000	 10.000000	      -	 time:528.5960s
B&B(16687)	 119.000000	 10.000000	      -	 time:533.6140s
B&B(16894)	 119.000000	 10.000000	      -	 time:538.6600s
B&B(17056)	 119.000000	 10.000000	      -	 time:543.7240s
B&B(17211)	 119.000000	 10.000000	      -	 time:548.7530s
B&B(17382)	 119.000000	 10.000000	      -	 time:553.7620s
B&B(17554)	 119.000000	 10.000000	      -	 time:558.8310s
B&B(17720)	 119.000000	 10.000000	      -	 time:563.8710s
B&B(17854)	 119.000000	 10.000000	      -	 time:568.8760s
B&B(18021)	 119.000000	 10.000000	      -	 time:573.9130s
B&B(18198)	 119.000000	 10.000000	      -	 time:578.9960s
B&B(18345)	 119.000000	 10.000000	      -	 time:584.0180s
B&B(18488)	 119.000000	 10.000000	      -	 time:589.0400s
B&B(18632)	 118.000000	 10.000000	      -	 time:594.0490s
B&B(18867)	 118.000000	 10.000000	      -	 time:599.0740s
B&B(19020)	 118.000000	 10.000000	      -	 time:604.0840s
B&B(19329)	 118.000000	 10.000000	      -	 time:609.1310s
B&B(19536)	 118.000000	 10.000000	      -	 time:614.1370s
B&B(19705)	 118.000000	 10.000000	      -	 time:619.1850s
B&B(19863)	 118.000000	 10.000000	      -	 time:624.1870s
B&B(20041)	 118.000000	 10.000000	      -	 time:629.2130s
B&B(20184)	 118.000000	 10.000000	      -	 time:634.2170s
B&B(20315)	 118.000000	 10.000000	      -	 time:639.2240s
B&B(20471)	 117.000000	 10.000000	      -	 time:644.2350s
B&B(20627)	 117.000000	 10.000000	      -	 time:649.2790s
B&B(20801)	 117.000000	 10.000000	      -	 time:654.3050s
B&B(20981)	 117.000000	 10.000000	      -	 time:659.3570s
B&B(21157)	 117.000000	 10.000000	      -	 time:664.4040s
B&B(21274)	 117.000000	 10.000000	      -	 time:669.4200s
B&B(21424)	 117.000000	 10.000000	      -	 time:674.5030s
B&B(21637)	 117.000000	 10.000000	      -	 time:679.5620s
B&B(22030)	 117.000000	 10.000000	      -	 time:684.5690s
B&B(22204)	 117.000000	 10.000000	      -	 time:689.5930s
B&B(22381)	 117.000000	 10.000000	      -	 time:694.6460s
B&B(22548)	 116.000000	 10.000000	      -	 time:699.6570s
B&B(22728)	 116.000000	 10.000000	      -	 time:704.6610s
B&B(22926)	 116.000000	 10.000000	      -	 time:709.6810s
B&B(23081)	 116.000000	 10.000000	      -	 time:714.6970s
B&B(23285)	 116.000000	 10.000000	      -	 time:719.7300s
B&B(23446)	 116.000000	 10.000000	      -	 time:724.7520s
B&B(23601)	 116.000000	 10.000000	      -	 time:729.8240s
B&B(23778)	 116.000000	 10.000000	      -	 time:734.8470s
B&B(23969)	 116.000000	 10.000000	      -	 time:739.8670s
B&B(24114)	 116.000000	 10.000000	      -	 time:744.9460s
B&B(24256)	 116.000000	 10.000000	      -	 time:749.9880s
B&B(24431)	 116.000000	 10.000000	      -	 time:755.0330s
B&B(24619)	 116.000000	 10.000000	      -	 time:760.0680s
B&B(25087)	 116.000000	 10.000000	      -	 time:765.0700s
B&B(25282)	 116.000000	 10.000000	      -	 time:770.1040s
B&B(25523)	 116.000000	 10.000000	      -	 time:775.1050s
B&BCommand exited with non-zero status 124
	Command being timed: "/usr/bin/timeout 915 /home/fabio/CODD-NEWDom/cmake-build-release-ilyin/misp5 /home/fabio/CODD-NEWDom/data/misp/san1000.clq 64"
	User time (seconds): 914.36
	System time (seconds): 0.63
	Percent of CPU this job got: 99%
	Elapsed (wall clock) time (h:mm:ss or m:ss): 15:15.09
	Average shared text size (kbytes): 0
	Average unshared data size (kbytes): 0
	Average stack size (kbytes): 0
	Average total size (kbytes): 0
	Maximum resident set size (kbytes): 1199616
	Average resident set size (kbytes): 0
	Major (requiring I/O) page faults: 0
	Minor (reclaiming a frame) page faults: 301224
	Voluntary context switches: 4
	Involuntary context switches: 3514
	Swaps: 0
	File system inputs: 0
	File system outputs: 48
	Socket messages sent: 0
	Socket messages received: 0
	Signals delivered: 0
	Page size (bytes): 4096
	Exit status: 124

