COMMAND: /usr/bin/time -v /usr/bin/timeout 915 /home/fabio/CODD-NEWDom/cmake-build-release-ilyin/misp5 /home/fabio/CODD-NEWDom/data/misp/brock400_1.clq 64
TOP=400
B&B searching...
dual@root:400
B&B Nodes          Dual	 Primal	 Gap(%)
----------------------------------------------
update in RO 15.000000

CHECKER is 1 SUM:15
TIME:50.000000
P TIGHTEN: 0.050000 <P:15.000000, D:400.000000, INC:(211)[1 0 0 0 1 0 1 0 0 0 0 1 1 1 0 1 0 0 1 0 0 0 0 0 0 1 0 0 0 0 0 0 1 0 0 1 0 0 0 0 0 0 0 0 0 0 0 0 0 0 0 0 0 1 0 0 0 0 1 0 0 0 0 0 0 0 0 1 1 0 0 0 0 0 0 0 0 0 0 0 0 0 0 0 0 0 0 0 0 0 0 0 0 0 0 0 0 0 0 0 0 0 0 0 0 0 0 0 0 0 0 0 0 0 0 0 0 0 0 0 0 0 0 0 0 0 0 0 0 0 0 0 0 0 0 0 0 0 0 0 0 0 0 0 0 0 0 0 0 0 0 0 0 0 0 0 0 0 0 0 0 0 0 0 0 0 0 0 0 0 0 0 0 0 0 0 0 0 0 0 0 0 0 0 0 0 0 0 0 0 0 0 0 0 0 0 0 0 0 0 0 0 0 0 0 0 0 0 0 0 0 ]> 15.000000 15.000000 + 0.000000 #12976
update in RO 16.000000

CHECKER is 1 SUM:16
TIME:50.000000
P TIGHTEN: 0.050000 <P:16.000000, D:400.000000, INC:(211)[1 0 0 0 1 0 1 0 0 0 0 1 1 1 0 1 0 0 1 0 0 0 0 0 0 1 0 0 0 0 0 0 1 0 0 1 0 0 0 0 0 0 0 0 0 0 0 0 0 0 0 0 0 1 0 0 0 0 1 0 0 0 0 0 0 0 0 1 1 0 0 0 0 0 0 0 0 0 0 0 0 0 0 0 0 0 0 0 0 0 0 0 0 0 0 0 0 0 0 0 0 0 0 0 0 0 0 0 0 0 0 0 0 0 0 0 0 0 0 0 0 0 0 0 0 0 0 0 0 0 0 0 0 0 0 0 0 0 0 0 0 0 0 0 0 0 0 0 0 0 0 0 0 0 0 0 0 0 0 0 0 0 0 0 0 0 0 0 0 0 0 0 0 0 0 0 0 0 0 0 0 0 0 0 0 0 0 0 0 0 0 0 0 0 0 0 0 0 0 0 0 0 0 0 0 0 0 0 0 0 1 ]> 16.000000 16.000000 + 0.000000 #12976
update in RO 17.000000

CHECKER is 1 SUM:17
TIME:53.000000
P TIGHTEN: 0.054000 <P:17.000000, D:400.000000, INC:(280)[1 0 0 0 1 0 1 0 0 0 0 1 1 1 0 1 0 0 1 0 0 0 0 0 0 0 0 0 0 0 0 0 1 0 0 1 0 0 0 0 0 0 0 0 0 0 0 0 0 0 0 0 0 1 0 0 0 0 1 0 0 0 0 0 0 0 0 1 1 0 0 0 0 0 0 0 0 0 0 0 0 0 0 0 0 0 0 0 0 0 0 0 0 0 0 0 0 0 0 0 0 0 0 0 0 0 0 0 0 0 0 0 0 0 0 0 0 0 0 0 0 0 0 0 0 0 0 0 0 0 0 0 0 0 0 0 0 0 0 0 0 0 0 0 0 0 0 0 0 0 0 0 0 0 0 0 0 0 0 0 0 0 0 0 0 0 0 0 0 0 0 0 0 0 0 0 0 0 0 0 0 0 0 0 0 0 0 0 0 0 0 0 0 0 0 0 0 0 0 0 0 0 0 0 0 0 0 0 0 0 1 0 0 0 0 0 0 0 0 0 0 0 0 0 0 0 0 0 0 0 0 0 0 0 0 0 0 0 0 0 0 0 0 0 0 0 0 0 0 0 0 0 0 0 0 0 0 0 0 0 0 0 1 0 0 0 0 0 0 0 0 0 0 0 0 0 0 0 0 1 ]> 17.000000 17.000000 + 0.000000 #16440
update in RO 18.000000

CHECKER is 1 SUM:18
TIME:54.000000
P TIGHTEN: 0.054000 <P:18.000000, D:400.000000, INC:(297)[0 0 0 1 1 0 1 1 0 0 0 1 1 0 1 1 0 0 0 0 0 0 1 0 0 0 0 0 0 0 0 0 0 0 0 0 0 0 0 0 0 0 0 0 0 0 0 0 0 0 0 0 0 1 0 1 0 0 1 0 0 0 0 0 0 0 0 0 1 0 0 0 0 0 0 0 0 0 0 0 0 0 0 0 0 0 0 0 0 0 0 0 0 0 0 0 0 0 0 0 0 0 0 0 0 0 0 0 0 0 0 0 0 0 0 0 0 0 0 0 0 0 0 1 0 0 0 0 0 0 0 0 0 0 0 0 0 0 0 0 0 0 0 0 0 0 0 0 0 0 0 0 0 0 0 0 0 0 0 0 0 0 0 0 0 0 0 0 0 0 0 0 0 0 0 0 0 0 0 0 0 0 0 0 0 0 0 0 0 0 0 0 0 0 0 0 0 0 0 0 0 0 0 0 0 0 0 0 0 0 0 0 0 0 1 0 0 0 0 0 0 0 0 0 0 0 0 0 0 0 0 0 1 0 0 0 0 0 0 0 0 0 0 0 0 0 0 0 0 0 0 0 0 0 0 0 0 0 0 0 0 0 0 0 0 0 0 0 1 0 0 0 0 0 0 0 0 0 0 0 0 0 0 0 0 0 0 0 0 0 0 0 0 0 0 0 1 ]> 18.000000 18.000000 + 0.000000 #16958
update in RO 19.000000

CHECKER is 1 SUM:19
TIME:54.000000
P TIGHTEN: 0.055000 <P:19.000000, D:400.000000, INC:(349)[0 0 0 1 1 0 1 1 0 0 0 1 1 0 1 1 0 0 0 0 0 0 1 0 0 0 0 0 0 0 0 0 0 0 0 0 0 0 0 0 0 0 0 0 0 0 0 0 0 0 0 0 0 1 0 1 0 0 1 0 0 0 0 0 0 0 0 0 1 0 0 0 0 0 0 0 0 0 0 0 0 0 0 0 0 0 0 0 0 0 0 0 0 0 0 0 0 1 0 0 0 0 0 0 0 0 0 0 0 0 0 0 0 0 0 0 0 0 0 0 0 0 0 0 0 0 0 0 0 0 0 0 0 0 0 0 0 1 0 0 0 0 0 0 0 0 0 0 0 0 0 0 0 0 0 0 0 0 0 0 0 0 0 0 0 0 0 0 0 0 0 0 0 0 0 0 0 0 0 0 0 0 0 0 0 0 0 0 0 0 0 0 0 0 0 0 0 0 0 0 0 0 0 0 0 0 0 0 0 0 0 0 0 0 0 0 0 0 0 0 1 0 0 0 0 0 0 0 0 0 0 0 1 0 0 0 0 0 0 0 0 0 0 0 0 0 0 0 0 0 0 0 0 0 0 0 0 0 0 0 0 0 0 0 0 0 0 0 0 0 0 0 0 0 0 0 0 0 0 0 0 0 0 0 0 0 0 0 0 0 0 0 0 0 0 0 1 0 0 0 0 0 0 0 0 0 0 0 0 0 0 0 0 0 0 0 0 0 0 0 0 0 0 0 0 0 0 0 0 0 0 0 0 0 0 0 0 0 0 0 0 0 0 0 0 0 0 0 1 ]> 19.000000 19.000000 + 0.000000 #17544
update in RO 20.000000

CHECKER is 1 SUM:20
TIME:54.000000
P TIGHTEN: 0.055000 <P:20.000000, D:400.000000, INC:(395)[0 0 0 1 1 0 1 1 0 0 0 1 1 0 1 1 0 0 0 0 0 0 1 0 0 0 0 0 0 0 0 0 0 0 0 0 0 0 0 0 0 0 0 0 0 0 0 0 0 0 0 0 0 1 0 1 0 0 1 0 0 0 0 0 0 0 0 0 1 0 0 0 0 0 0 0 0 0 0 0 0 0 0 0 0 0 0 0 0 0 0 0 0 0 0 0 0 1 0 0 0 0 0 0 0 0 0 0 0 0 0 0 0 0 0 0 0 0 0 0 0 0 0 1 0 0 0 0 0 0 0 0 0 0 0 0 0 0 0 0 0 0 0 0 0 0 0 0 0 0 0 0 0 0 0 0 0 0 0 0 0 0 0 0 0 0 0 0 0 0 0 0 0 0 0 0 0 0 0 0 0 0 0 0 0 0 0 0 0 0 0 0 0 0 0 0 0 0 0 0 0 0 0 0 0 0 0 0 0 0 0 0 0 0 0 0 0 0 0 0 1 0 0 0 0 0 0 0 0 0 0 0 1 0 0 0 0 0 0 0 0 0 0 0 0 0 0 0 0 0 0 0 0 0 0 0 0 0 0 0 0 0 0 0 0 0 0 0 0 0 0 0 0 0 0 0 0 0 0 0 0 0 0 0 0 0 0 0 0 0 0 0 0 0 0 0 1 0 0 0 0 0 0 0 0 0 0 0 0 0 0 0 0 0 0 0 0 0 0 0 0 0 0 0 0 0 0 0 0 0 0 0 0 0 0 0 0 0 0 0 0 0 0 0 0 0 0 0 1 0 0 0 0 0 0 0 0 0 0 0 0 0 0 0 0 0 0 0 0 0 0 0 0 0 0 0 0 0 0 0 0 0 0 0 0 0 0 0 0 0 0 0 0 0 1 ]> 20.000000 20.000000 + 0.000000 #17635
update in RO 21.000000

CHECKER is 1 SUM:21
TIME:111.000000
P TIGHTEN: 0.112000 <P:21.000000, D:159.000000, INC:(392)[0 0 0 0 0 0 1 1 0 0 0 1 1 0 1 1 0 0 1 0 0 0 1 0 0 0 0 1 0 0 0 0 0 0 1 0 0 0 0 0 0 0 0 0 0 0 0 0 0 0 0 0 0 1 0 1 0 0 1 0 0 0 0 0 0 0 0 0 1 0 0 0 0 0 0 0 0 0 0 0 0 0 0 0 0 0 0 0 0 0 0 0 0 0 0 0 0 0 0 0 0 0 0 0 0 0 0 0 0 0 0 0 0 0 0 0 0 0 0 0 0 0 0 0 0 0 0 0 0 0 0 0 0 0 0 0 0 1 0 0 0 0 0 0 0 0 0 0 0 0 0 0 0 0 0 0 0 0 0 0 0 0 0 0 0 0 0 0 0 0 0 0 0 0 0 0 0 0 0 0 0 0 0 0 0 0 0 0 0 0 0 0 0 0 0 0 0 0 0 0 0 0 0 0 0 0 0 0 0 0 0 0 0 0 0 0 0 0 0 0 1 0 0 0 0 0 0 0 0 0 0 0 1 0 0 0 0 0 0 0 0 0 0 0 0 0 0 0 0 0 0 0 0 0 0 0 0 0 0 0 0 0 0 0 0 0 0 0 0 0 0 0 0 0 0 0 0 0 0 0 0 0 0 0 0 0 0 0 0 0 0 0 0 0 0 0 1 0 0 0 0 0 0 0 0 0 0 0 0 0 0 0 0 0 0 0 0 0 0 0 0 0 0 0 0 0 0 0 0 0 0 0 0 0 0 0 0 0 0 0 0 0 0 0 0 0 0 1 1 0 0 0 0 0 0 0 0 0 0 0 0 0 0 0 0 0 0 0 0 0 0 0 0 0 0 0 0 0 0 0 0 0 0 0 0 0 0 0 0 0 0 1 ]> 21.000000 21.000000 + 0.000000 #13510
update in RO 22.000000

CHECKER is 1 SUM:22
TIME:452.000000
P TIGHTEN: 0.452000 <P:22.000000, D:159.000000, INC:(400)[0 1 0 0 0 0 1 1 0 0 0 1 0 0 0 0 1 0 0 0 0 0 1 0 0 0 1 0 0 0 0 0 0 0 1 0 0 0 1 0 0 0 0 0 0 0 0 0 0 0 1 0 0 0 0 0 0 0 1 0 0 0 0 0 0 0 0 0 0 0 0 0 0 0 0 0 0 0 0 0 0 0 0 0 0 0 0 0 0 0 0 0 0 0 0 0 0 0 0 0 0 0 0 0 0 0 0 0 0 0 0 0 0 0 0 0 0 0 0 0 0 0 0 0 0 0 0 0 0 0 0 0 0 0 0 0 0 0 0 0 0 0 0 0 0 0 0 0 0 0 0 0 0 0 0 1 0 0 0 0 0 0 0 0 0 0 0 0 0 0 0 0 0 0 0 0 0 0 1 0 0 0 0 0 0 0 0 0 0 0 0 0 0 0 0 0 0 0 0 0 0 0 0 0 0 0 0 0 0 0 0 0 0 0 0 1 0 0 0 0 0 0 0 0 0 0 0 0 0 0 0 0 0 0 0 0 0 0 0 0 0 0 0 0 0 0 0 0 0 0 0 0 0 0 0 0 0 0 0 0 1 0 0 0 0 0 0 1 0 0 0 0 0 0 0 0 0 0 0 0 0 0 0 0 0 1 0 0 0 0 0 0 0 0 0 0 0 0 0 0 0 0 0 0 0 0 0 0 0 0 0 0 1 0 0 0 0 0 0 0 0 0 0 0 0 0 0 0 0 0 0 0 0 0 0 0 0 0 0 0 0 0 0 0 0 0 0 0 0 0 0 0 0 0 0 0 0 0 0 0 0 0 0 0 0 0 0 0 0 0 0 0 0 1 0 0 0 1 0 0 0 0 0 0 0 0 0 0 0 0 0 1 0 0 0 0 0 0 0 1 ]> 22.000000 22.000000 + 0.000000 #14724
B&B(  184)	 150.000000	 22.000000	      -	 time:5.0030s
B&B(  376)	 140.000000	 22.000000	      -	 time:10.0290s
B&B(  580)	 129.000000	 22.000000	      -	 time:15.0380s
B&B(  796)	 122.000000	 22.000000	      -	 time:20.0540s
B&B(  992)	 118.000000	 22.000000	      -	 time:25.0750s
B&B( 1201)	 116.000000	 22.000000	      -	 time:30.0820s
B&B( 1400)	 115.000000	 22.000000	      -	 time:35.0850s
B&B( 1601)	 114.000000	 22.000000	      -	 time:40.0930s
B&B( 1806)	 113.000000	 22.000000	      -	 time:45.1020s
update in RO 23.0000

CHECKER is 1 SUM:23
TIME:46939.000000
P TIGHTEN: 46.939000 <P:23.000000, D:113.000000, INC:(396)[0 1 0 0 0 0 0 0 0 0 0 1 0 1 0 0 0 0 1 0 0 0 0 0 0 0 1 1 0 0 0 0 0 0 0 0 0 0 0 1 0 0 0 0 0 0 0 0 0 1 0 0 0 1 0 0 0 0 0 0 0 0 0 0 0 1 0 0 0 0 0 1 0 0 0 0 0 0 0 0 0 0 0 0 0 0 0 0 0 0 0 0 0 0 0 0 0 0 0 0 0 0 0 0 0 0 0 0 0 0 0 0 0 0 0 0 0 0 0 0 0 0 0 0 0 0 0 0 0 0 0 0 0 0 0 0 0 0 0 0 0 0 0 0 0 0 0 0 0 0 0 0 0 0 0 0 0 0 0 0 1 0 0 1 0 0 0 0 0 0 0 0 0 0 0 0 0 0 0 0 0 0 0 0 0 0 0 0 0 0 0 0 0 0 0 0 1 0 0 1 0 0 0 0 0 0 0 0 0 0 0 0 0 0 0 0 0 0 0 0 0 0 0 0 0 0 0 0 0 0 0 0 0 0 0 0 0 0 0 0 0 0 0 0 0 0 0 0 0 0 0 0 0 0 0 0 0 0 0 0 0 0 1 0 0 0 0 0 0 0 0 0 0 0 0 0 0 0 0 1 0 0 0 0 0 0 0 0 0 0 0 0 0 0 0 0 0 0 0 0 0 0 0 0 0 0 0 0 0 0 0 0 0 0 1 0 0 0 0 0 0 0 0 0 0 0 0 0 0 0 0 0 0 0 0 0 0 0 0 0 0 0 0 1 1 1 0 0 0 0 0 0 0 0 0 0 0 0 0 0 0 0 0 0 0 0 0 0 0 0 0 0 0 0 0 0 0 0 0 0 0 0 0 0 0 0 0 0 0 1 0 0 0 0 0 1 ]> 23.000000 23.000000 + 0.000000 #15506
B&B( 2007)	 113.000000	 23.000000	      -	 time:50.1250s
B&B( 2211)	 112.000000	 23.000000	      -	 time:55.1440s
B&B( 2417)	 111.000000	 23.000000	      -	 time:60.1700s
B&B( 2617)	 111.000000	 23.000000	      -	 time:65.1740s
B&B( 2831)	 110.000000	 23.000000	      -	 time:70.1940s
B&B( 3036)	 110.000000	 23.000000	      -	 time:75.2100s
B&B( 3236)	 110.000000	 23.000000	      -	 time:80.2250s
B&B( 3448)	 109.000000	 23.000000	      -	 time:85.2260s
B&B( 3652)	 109.000000	 23.000000	      -	 time:90.2330s
B&B( 3853)	 109.000000	 23.000000	      -	 time:95.2630s
B&B( 4055)	 108.000000	 23.000000	      -	 time:100.2850s
B&B( 4260)	 108.000000	 23.000000	      -	 time:105.3080s
B&B( 4464)	 108.000000	 23.000000	      -	 time:110.3310s
B&B( 4667)	 107.000000	 23.000000	      -	 time:115.3390s
B&B( 4881)	 107.000000	 23.000000	      -	 time:120.3620s
B&B( 5090)	 107.000000	 23.000000	      -	 time:125.3810s
B&B( 5291)	 106.000000	 23.000000	      -	 time:130.4050s
B&B( 5502)	 106.000000	 23.000000	      -	 time:135.4300s
B&B( 5711)	 106.000000	 23.000000	      -	 time:140.4500s
B&B( 5917)	 106.000000	 23.000000	      -	 time:145.4650s
B&B( 6124)	 105.000000	 23.000000	      -	 time:150.4810s
B&B( 6338)	 105.000000	 23.000000	      -	 time:155.4970s
B&B( 6549)	 105.000000	 23.000000	      -	 time:160.5110s
B&B( 6763)	 105.000000	 23.000000	      -	 time:165.5210s
B&B( 6976)	 104.000000	 23.000000	      -	 time:170.5250s
B&B( 7187)	 104.000000	 23.000000	      -	 time:175.5380s
B&B( 7392)	 104.000000	 23.000000	      -	 time:180.5390s
B&B( 7607)	 104.000000	 23.000000	      -	 time:185.5600s
B&B( 7815)	 103.000000	 23.000000	      -	 time:190.5800s
B&B( 8027)	 103.000000	 23.000000	      -	 time:195.6030s
B&B( 8246)	 103.000000	 23.000000	      -	 time:200.6120s
B&B( 8464)	 103.000000	 23.000000	      -	 time:205.6310s
B&B( 8672)	 103.000000	 23.000000	      -	 time:210.6450s
B&B( 8887)	 103.000000	 23.000000	      -	 time:215.6470s
update in RO 24.0000

CHECKER is 1 SUM:24
TIME:218722.000000
P TIGHTEN: 218.723000 <P:24.000000, D:102.000000, INC:(365)[0 0 0 0 0 0 0 0 0 0 0 0 0 0 0 0 0 0 0 0 0 1 0 0 0 0 0 0 0 0 0 0 0 0 0 0 0 0 0 0 0 0 0 0 1 0 0 0 0 0 0 1 0 0 0 1 1 1 0 0 0 0 0 0 0 0 0 0 0 0 0 1 0 0 0 1 0 0 1 0 0 0 0 0 0 0 0 0 0 1 0 0 0 0 0 0 0 0 0 0 0 0 0 0 0 0 0 0 0 0 1 0 0 0 0 0 0 0 0 0 0 1 0 0 0 0 0 1 0 0 0 0 0 0 0 0 0 0 0 0 0 0 0 0 0 0 0 0 0 0 0 0 0 0 0 1 0 0 0 0 0 0 0 0 0 0 0 1 0 0 0 0 0 0 0 0 0 0 0 0 0 0 0 0 0 0 0 0 0 0 0 0 0 0 0 0 0 0 0 0 0 0 0 0 0 0 0 0 0 0 0 0 0 0 0 0 0 0 0 0 0 0 0 0 0 0 0 0 0 0 0 0 0 0 0 0 0 0 0 0 0 0 0 0 0 1 0 0 0 0 0 0 0 0 0 0 0 1 0 0 0 0 0 0 0 0 0 0 0 0 0 0 0 0 0 0 1 0 0 0 0 0 0 0 0 0 1 0 0 0 0 0 0 0 0 0 1 0 0 0 0 0 0 0 1 0 0 0 0 0 0 0 0 0 0 0 0 0 0 0 0 0 0 0 0 0 0 0 0 0 0 0 0 0 0 0 0 0 0 0 0 0 0 0 0 0 0 1 0 0 1 0 0 0 0 0 0 0 0 0 0 0 0 0 1 ]> 24.000000 24.000000 + 0.000000 #10539
B&B( 9100)	 103.000000	 24.000000	      -	 time:220.6680s
B&B( 9322)	 102.000000	 24.000000	      -	 time:225.6830s
B&B( 9543)	 102.000000	 24.000000	      -	 time:230.6910s
B&B( 9764)	 102.000000	 24.000000	      -	 time:235.7030s
B&B( 9991)	 101.000000	 24.000000	      -	 time:240.7090s
B&B(10215)	 101.000000	 24.000000	      -	 time:245.7100s
B&B(10438)	 101.000000	 24.000000	      -	 time:250.7260s
B&B(10666)	 101.000000	 24.000000	      -	 time:255.7340s
B&B(10886)	 101.000000	 24.000000	      -	 time:260.7460s
B&B(11111)	 101.000000	 24.000000	      -	 time:265.7660s
B&B(11336)	 100.000000	 24.000000	      -	 time:270.7710s
B&B(11559)	 100.000000	 24.000000	      -	 time:275.7770s
B&B(11783)	 100.000000	 24.000000	      -	 time:280.7980s
B&B(12009)	 100.000000	 24.000000	      -	 time:285.8190s
B&B(12233)	 100.000000	 24.000000	      -	 time:290.8360s
B&B(12458)	 100.000000	 24.000000	      -	 time:295.8490s
B&B(12697)	 99.000000	 24.000000	      -	 time:300.8660s
B&B(12925)	 99.000000	 24.000000	      -	 time:305.8800s
B&B(13160)	 99.000000	 24.000000	      -	 time:310.8990s
B&B(13385)	 99.000000	 24.000000	      -	 time:315.9110s
B&B(13616)	 99.000000	 24.000000	      -	 time:320.9130s
B&B(13858)	 98.000000	 24.000000	      -	 time:325.9150s
B&B(14097)	 98.000000	 24.000000	      -	 time:330.9400s
B&B(14333)	 98.000000	 24.000000	      -	 time:335.9480s
B&B(14561)	 98.000000	 24.000000	      -	 time:340.9660s
B&B(14803)	 98.000000	 24.000000	      -	 time:345.9880s
B&B(15039)	 97.000000	 24.000000	      -	 time:350.9980s
B&B(15276)	 97.000000	 24.000000	      -	 time:356.0090s
B&B(15514)	 97.000000	 24.000000	      -	 time:361.0270s
B&B(15746)	 97.000000	 24.000000	      -	 time:366.0300s
B&B(15977)	 97.000000	 24.000000	      -	 time:371.0420s
B&B(16209)	 97.000000	 24.000000	      -	 time:376.0530s
B&B(16446)	 96.000000	 24.000000	      -	 time:381.0540s
B&B(16684)	 96.000000	 24.000000	      -	 time:386.0660s
B&B(16923)	 96.000000	 24.000000	      -	 time:391.0770s
B&B(17167)	 96.000000	 24.000000	      -	 time:396.0910s
B&B(17400)	 96.000000	 24.000000	      -	 time:401.1110s
B&B(17639)	 96.000000	 24.000000	      -	 time:406.1180s
B&B(17880)	 96.000000	 24.000000	      -	 time:411.1360s
B&B(18120)	 95.000000	 24.000000	      -	 time:416.1540s
B&B(18368)	 95.000000	 24.000000	      -	 time:421.1610s
B&B(18606)	 95.000000	 24.000000	      -	 time:426.1670s
B&B(18852)	 95.000000	 24.000000	      -	 time:431.1770s
B&B(19100)	 95.000000	 24.000000	      -	 time:436.1780s
B&B(19343)	 95.000000	 24.000000	      -	 time:441.1830s
B&B(19592)	 95.000000	 24.000000	      -	 time:446.1980s
B&B(19840)	 94.000000	 24.000000	      -	 time:451.2180s
B&B(20090)	 94.000000	 24.000000	      -	 time:456.2200s
B&B(20347)	 94.000000	 24.000000	      -	 time:461.2230s
B&B(20595)	 94.000000	 24.000000	      -	 time:466.2350s
B&B(20824)	 94.000000	 24.000000	      -	 time:471.2420s
B&B(21034)	 94.000000	 24.000000	      -	 time:476.2480s
B&B(21256)	 94.000000	 24.000000	      -	 time:481.2650s
B&B(21472)	 94.000000	 24.000000	      -	 time:486.2670s
B&B(21694)	 93.000000	 24.000000	      -	 time:491.2810s
B&B(21924)	 93.000000	 24.000000	      -	 time:496.2940s
B&B(22154)	 93.000000	 24.000000	      -	 time:501.2980s
B&B(22379)	 93.000000	 24.000000	      -	 time:506.3150s
B&B(22608)	 93.000000	 24.000000	      -	 time:511.3170s
B&B(22826)	 93.000000	 24.000000	      -	 time:516.3320s
B&B(23056)	 93.000000	 24.000000	      -	 time:521.3560s
B&B(23283)	 93.000000	 24.000000	      -	 time:526.3580s
B&B(23501)	 92.000000	 24.000000	      -	 time:531.3810s
B&B(23729)	 92.000000	 24.000000	      -	 time:536.4010s
B&B(23961)	 92.000000	 24.000000	      -	 time:541.4160s
B&B(24196)	 92.000000	 24.000000	      -	 time:546.4180s
B&B(24429)	 92.000000	 24.000000	      -	 time:551.4330s
B&B(24660)	 92.000000	 24.000000	      -	 time:556.4470s
B&B(24895)	 92.000000	 24.000000	      -	 time:561.4630s
B&B(25128)	 92.000000	 24.000000	      -	 time:566.4750s
B&B(25350)	 92.000000	 24.000000	      -	 time:571.4950s
B&B(25569)	 91.000000	 24.000000	      -	 time:576.5080s
B&B(25792)	 91.000000	 24.000000	      -	 time:581.5100s
B&B(26027)	 91.000000	 24.000000	      -	 time:586.5300s
B&B(26258)	 91.000000	 24.000000	      -	 time:591.5360s
B&B(26486)	 91.000000	 24.000000	      -	 time:596.5570s
B&B(26722)	 91.000000	 24.000000	      -	 time:601.5620s
B&B(26949)	 91.000000	 24.000000	      -	 time:606.5700s
B&B(27180)	 91.000000	 24.000000	      -	 time:611.5890s
B&B(27404)	 91.000000	 24.000000	      -	 time:616.5980s
B&B(27627)	 91.000000	 24.000000	      -	 time:621.6170s
B&B(27841)	 91.000000	 24.000000	      -	 time:626.6260s
B&B(28054)	 90.000000	 24.000000	      -	 time:631.6400s
B&B(28275)	 90.000000	 24.000000	      -	 time:636.6490s
B&B(28508)	 90.000000	 24.000000	      -	 time:641.6640s
B&B(28735)	 90.000000	 24.000000	      -	 time:646.6830s
B&B(28968)	 90.000000	 24.000000	      -	 time:651.6840s
B&B(29187)	 90.000000	 24.000000	      -	 time:656.6900s
B&B(29423)	 90.000000	 24.000000	      -	 time:661.6980s
B&B(29651)	 90.000000	 24.000000	      -	 time:666.7120s
B&B(29870)	 90.000000	 24.000000	      -	 time:671.7150s
B&B(30104)	 90.000000	 24.000000	      -	 time:676.7200s
B&B(30320)	 90.000000	 24.000000	      -	 time:681.7300s
B&B(30536)	 89.000000	 24.000000	      -	 time:686.7500s
B&B(30753)	 89.000000	 24.000000	      -	 time:691.7690s
B&B(30965)	 89.000000	 24.000000	      -	 time:696.7870s
B&B(31177)	 89.000000	 24.000000	      -	 time:701.7920s
B&B(31399)	 89.000000	 24.000000	      -	 time:706.8010s
B&B(31637)	 89.000000	 24.0Command exited with non-zero status 124
	Command being timed: "/usr/bin/timeout 915 /home/fabio/CODD-NEWDom/cmake-build-release-ilyin/misp5 /home/fabio/CODD-NEWDom/data/misp/brock400_1.clq 64"
	User time (seconds): 912.68
	System time (seconds): 2.64
	Percent of CPU this job got: 99%
	Elapsed (wall clock) time (h:mm:ss or m:ss): 15:15.38
	Average shared text size (kbytes): 0
	Average unshared data size (kbytes): 0
	Average stack size (kbytes): 0
	Average total size (kbytes): 0
	Maximum resident set size (kbytes): 4952064
	Average resident set size (kbytes): 0
	Major (requiring I/O) page faults: 0
	Minor (reclaiming a frame) page faults: 1240531
	Voluntary context switches: 4
	Involuntary context switches: 2396
	Swaps: 0
	File system inputs: 0
	File system outputs: 56
	Socket messages sent: 0
	Socket messages received: 0
	Signals delivered: 0
	Page size (bytes): 4096
	Exit status: 124

