21
0 52 76 61 72 37 66 42 79 83 20 53 34 78 19 53 80 34 74 43 22
52 0 62 31 23 44 54 72 50 31 39 7 49 29 33 31 28 23 23 46 48
76 62 0 31 81 96 10 54 20 66 80 69 43 86 65 93 65 74 77 33 89
61 31 31 0 50 70 24 59 20 38 58 38 38 55 44 62 37 47 46 29 67
72 23 81 50 0 52 74 95 65 26 55 19 72 6 53 30 23 38 7 69 62
37 44 96 70 52 0 86 78 90 73 18 39 62 56 32 23 70 23 58 67 16
66 54 10 24 74 86 0 47 21 62 70 61 33 79 55 83 61 64 70 23 79
42 72 54 59 95 78 47 0 68 95 60 77 23 101 48 88 93 65 95 30 64
79 50 20 20 65 90 21 68 0 47 78 57 50 69 64 81 46 67 60 40 87
83 31 66 38 26 73 62 95 47 0 70 34 73 27 64 54 3 54 19 65 79
20 39 80 58 55 18 70 60 78 70 0 37 45 60 15 33 67 17 58 50 9
53 7 69 38 19 39 61 77 57 34 37 0 55 25 34 24 31 20 21 52 45
34 49 43 38 72 62 33 23 50 73 45 55 0 78 30 69 70 46 72 10 52
78 29 86 55 6 56 79 101 69 27 60 25 78 0 59 33 25 44 9 75 67
19 33 65 44 53 32 55 48 64 64 15 34 30 59 0 40 61 17 55 35 24
53 31 93 62 30 23 83 88 81 54 33 24 69 33 40 0 52 23 37 70 37
80 28 65 37 23 70 61 93 46 3 67 31 70 25 61 52 0 51 16 63 76
34 23 74 47 38 23 64 65 67 54 17 20 46 44 17 23 51 0 41 47 25
74 23 77 46 7 58 70 95 60 19 58 21 72 9 55 37 16 41 0 68 66
43 46 33 29 69 67 23 30 40 65 50 52 10 75 35 70 63 47 68 0 59
22 48 89 67 62 16 79 64 87 79 9 45 52 67 24 37 76 25 66 59 0
0 495
175 469
100 306
147 439
18 148
221 352
133 495
16 316
94 437
194 386
132 490
217 457
57 391
234 469
212 477
235 495
39 404
62 210
32 184
228 495
191 473
