21
0 59 85 52 92 59 54 53 68 65 68 107 80 66 96 96 72 101 77 42 72
59 0 28 68 76 69 7 56 64 8 84 72 72 10 44 37 81 62 75 28 80
85 28 0 93 90 92 31 79 84 20 107 76 90 25 40 11 103 65 95 55 101
52 68 93 0 46 8 68 15 24 76 17 72 34 68 80 100 20 71 27 40 20
92 76 90 46 0 38 81 39 24 81 43 30 12 69 57 90 34 36 21 59 32
59 69 92 8 38 0 70 13 16 77 15 64 26 67 75 98 13 64 19 42 13
54 7 31 68 81 70 0 57 67 11 85 78 76 17 51 42 82 68 78 28 81
53 56 79 15 39 13 57 0 15 64 28 60 27 54 65 85 25 58 25 29 24
68 64 84 24 24 16 67 15 0 71 27 48 12 60 61 87 19 48 11 41 17
65 8 20 76 81 77 11 64 71 0 92 75 79 12 44 31 89 64 82 36 87
68 84 107 17 43 15 85 28 27 92 0 72 31 82 88 113 9 75 22 57 11
107 72 76 72 30 64 78 60 48 75 72 0 41 63 36 71 63 11 50 67 61
80 72 90 34 12 26 76 27 12 79 31 41 0 67 62 92 22 44 9 52 20
66 10 25 68 69 67 17 54 60 12 82 63 67 0 34 32 79 52 71 30 77
96 44 40 80 57 75 51 65 61 44 88 36 62 34 0 35 80 25 70 54 78
96 37 11 100 90 98 42 85 87 31 113 71 92 32 35 0 106 60 98 62 104
72 81 103 20 34 13 82 25 19 89 9 63 22 79 80 106 0 66 13 54 2
101 62 65 71 36 64 68 58 48 64 75 11 44 52 25 60 66 0 53 60 64
77 75 95 27 21 19 78 25 11 82 22 50 9 71 70 98 13 53 0 52 11
42 28 55 40 59 42 28 29 41 36 57 67 52 30 54 62 54 60 52 0 53
72 80 101 20 32 13 81 24 17 87 11 61 20 77 78 104 2 64 11 53 0
0 1108
42 104
682 785
421 478
28 190
624 741
800 961
430 572
21 170
801 965
812 976
746 873
719 812
554 623
515 653
736 818
647 760
676 744
527 594
737 899
676 833
