21
0 52 31 69 72 51 50 44 48 39 85 13 75 30 36 50 58 31 9 91 8
52 0 28 75 30 73 97 94 36 89 99 52 44 26 65 35 82 39 55 109 58
31 28 0 52 41 45 69 69 19 64 75 25 44 4 37 20 54 11 39 84 35
69 75 52 0 65 25 67 80 39 77 24 56 51 56 37 40 27 43 78 34 65
72 30 41 65 0 73 107 110 31 105 89 66 17 42 71 29 82 48 79 99 76
51 73 45 25 73 0 42 55 42 52 34 38 65 49 15 44 9 34 60 41 45
50 97 69 67 107 42 0 18 76 19 67 45 102 71 36 78 41 60 55 68 42
44 94 69 80 110 55 18 0 81 5 84 44 108 70 45 83 57 63 45 86 36
48 36 19 39 31 42 76 81 0 76 63 39 27 23 40 2 51 18 57 73 50
39 89 64 77 105 52 19 5 76 0 82 39 103 65 41 78 53 58 40 84 31
85 99 75 24 89 34 67 84 63 82 0 72 75 79 49 64 29 64 94 10 79
13 52 25 56 66 38 45 44 39 39 72 0 66 26 23 41 45 21 22 78 11
75 44 44 51 17 65 102 108 27 103 75 66 0 46 66 25 72 45 83 85 77
30 26 4 56 42 49 71 70 23 65 79 26 46 0 40 24 58 15 37 88 35
36 65 37 37 71 15 36 45 40 41 49 23 66 40 0 42 22 26 45 55 30
50 35 20 40 29 44 78 83 2 78 64 41 25 24 42 0 53 20 59 74 52
58 82 54 27 82 9 41 57 51 53 29 45 72 58 22 53 0 43 67 33 52
31 39 11 43 48 34 60 63 18 58 64 21 45 15 26 20 43 0 40 73 32
9 55 39 78 79 60 55 45 57 40 94 22 83 37 45 59 67 40 0 100 15
91 109 84 34 99 41 68 86 73 84 10 78 85 88 55 74 33 73 100 0 85
8 58 35 65 76 45 42 36 50 31 79 11 77 35 30 52 52 32 15 85 0
0 783
130 335
42 231
581 718
31 190
603 748
445 579
226 435
140 305
220 416
201 389
417 521
6 192
609 720
274 473
241 380
581 783
330 437
146 255
422 566
76 233
