21
0 12 29 50 64 17 69 62 60 7 35 37 8 56 39 46 59 62 66 55 52
12 0 36 50 59 6 58 51 55 19 45 41 14 46 30 35 53 57 60 51 41
29 36 0 79 50 36 76 85 47 31 14 65 37 56 66 57 50 49 57 84 61
50 50 79 0 108 55 95 55 104 49 82 19 42 91 34 74 101 106 108 11 81
64 59 50 108 0 53 48 86 4 70 63 100 71 28 81 45 11 2 11 108 42
17 6 36 55 53 0 52 49 49 24 47 47 20 40 32 29 47 51 54 56 35
69 58 76 95 48 52 0 51 45 76 90 95 72 21 61 23 37 46 37 90 17
62 51 85 55 86 49 51 0 82 67 96 64 60 59 26 41 75 84 79 46 45
60 55 47 104 4 49 45 82 0 66 60 96 67 25 77 41 8 2 11 104 38
7 19 31 49 70 24 76 67 66 0 34 34 8 63 43 53 66 68 73 54 59
35 45 14 82 63 47 90 96 60 34 0 65 42 70 74 70 64 62 71 88 74
37 41 65 19 100 47 95 64 96 34 65 0 29 87 39 72 94 98 101 29 79
8 14 37 42 71 20 72 60 67 8 42 29 0 60 35 49 66 69 73 47 55
56 46 56 91 28 40 21 59 25 63 70 87 60 0 59 19 17 26 20 88 14
39 30 66 34 81 32 61 26 77 43 74 39 35 59 0 41 72 79 78 29 47
46 35 57 74 45 29 23 41 41 53 70 72 49 19 41 0 34 43 39 70 7
59 53 50 101 11 47 37 75 8 66 64 94 66 17 72 34 0 9 7 100 31
62 57 49 106 2 51 46 84 2 68 62 98 69 26 79 43 9 0 10 106 40
66 60 57 108 11 54 37 79 11 73 71 101 73 20 78 39 7 10 0 107 34
55 51 84 11 108 56 90 46 104 54 88 29 47 88 29 70 100 106 107 0 76
52 41 61 81 42 35 17 45 38 59 74 79 55 14 47 7 31 40 34 76 0
0 554
108 303
229 459
15 156
262 514
318 461
328 554
68 191
324 439
282 401
161 397
178 325
115 398
324 542
114 324
176 463
117 312
140 345
301 554
159 279
215 333
