21
0 35 74 47 25 50 38 55 42 34 75 51 48 23 31 23 93 83 64 30 81
35 0 39 18 35 29 32 24 13 6 44 26 17 25 52 18 73 48 30 7 51
74 39 0 33 70 46 57 26 36 42 34 38 33 60 90 55 69 9 17 46 40
47 18 33 0 37 45 24 8 5 24 53 9 30 28 70 24 85 42 33 25 60
25 35 70 37 0 61 17 45 34 39 79 36 52 10 56 17 106 79 65 35 86
50 29 46 45 61 0 60 47 42 23 27 54 16 51 49 44 45 52 29 26 32
38 32 57 24 17 60 0 31 23 37 75 20 49 15 69 19 105 66 56 35 82
55 24 26 8 45 47 31 0 13 29 49 12 31 36 76 32 84 35 29 31 56
42 13 36 5 34 42 23 13 0 19 52 13 27 24 65 19 83 45 33 20 59
34 6 42 24 39 23 37 29 19 0 41 32 14 29 49 22 68 50 30 4 48
75 44 34 53 79 27 75 49 52 41 0 61 27 69 76 62 35 34 20 45 7
51 26 38 9 36 54 20 12 13 32 61 0 39 29 77 28 94 47 41 33 68
48 17 33 30 52 16 49 31 27 14 27 39 0 42 57 35 56 40 17 18 34
23 25 60 28 10 51 15 36 24 29 69 29 42 0 54 7 96 69 55 25 76
31 52 90 70 56 49 69 76 65 49 76 77 57 54 0 50 82 97 74 45 81
23 18 55 24 17 44 19 32 19 22 62 28 35 7 50 0 89 64 48 18 69
93 73 69 85 106 45 105 84 83 68 35 94 56 96 82 89 0 69 55 71 30
83 48 9 42 79 52 66 35 45 50 34 47 40 69 97 64 69 0 23 54 39
64 30 17 33 65 29 56 29 33 30 20 41 17 55 74 48 55 23 0 34 27
30 7 46 25 35 26 35 31 20 4 45 33 18 25 45 18 71 54 34 0 52
81 51 40 60 86 32 82 56 59 48 7 68 34 76 81 69 30 39 27 52 0
0 495
40 375
125 382
221 392
35 335
190 495
119 303
175 457
197 465
123 385
34 165
85 417
176 495
134 483
69 341
187 495
247 495
12 334
237 495
28 381
43 371
