21
0 40 32 14 71 39 27 33 58 69 23 23 31 30 63 24 31 61 77 55 67
40 0 24 34 53 40 38 67 18 39 23 38 65 41 23 56 35 43 54 16 49
32 24 0 19 39 16 15 47 37 63 30 16 45 49 44 55 45 29 45 30 35
14 34 19 0 57 26 14 33 51 69 25 10 31 39 57 38 38 47 63 45 53
71 53 39 57 0 33 45 75 52 86 68 49 73 87 58 94 83 10 8 43 4
39 40 16 26 33 0 12 42 51 79 46 16 41 63 58 63 61 25 41 42 29
27 38 15 14 45 12 0 33 52 76 37 4 31 53 59 51 51 36 52 45 41
33 67 47 33 75 42 33 0 84 101 55 31 2 63 90 50 64 67 83 77 71
58 18 37 51 52 51 52 84 0 35 40 53 82 56 7 73 50 44 50 9 49
69 39 63 69 86 79 76 101 35 0 46 76 99 50 29 72 44 78 85 43 83
23 23 30 25 68 46 37 55 40 46 0 34 53 19 44 33 15 58 73 39 64
23 38 16 10 49 16 4 31 53 76 34 0 29 49 60 47 48 40 56 46 45
31 65 45 31 73 41 31 2 82 99 53 29 0 61 88 48 62 66 81 75 69
30 41 49 39 87 63 53 63 56 50 19 49 61 0 57 22 6 77 92 57 83
63 23 44 57 58 58 59 90 7 29 44 60 88 57 0 76 51 51 56 16 56
24 56 55 38 94 63 51 50 73 72 33 47 48 22 76 0 28 84 100 72 90
31 35 45 38 83 61 51 64 50 44 15 48 62 6 51 28 0 73 87 51 79
61 43 29 47 10 25 36 67 44 78 58 40 66 77 51 84 73 0 16 35 6
77 54 45 63 8 41 52 83 50 85 73 56 81 92 56 100 87 16 0 42 12
55 16 30 45 43 42 45 77 9 43 39 46 75 57 16 72 51 35 42 0 40
67 49 35 53 4 29 41 71 49 83 64 45 69 83 56 90 79 6 12 40 0
0 1108
833 924
165 247
747 838
270 376
790 938
287 351
376 469
594 731
644 778
660 740
422 486
526 673
719 846
876 1009
763 884
907 1012
236 361
174 323
754 860
750 859
