21
0 20 61 56 56 18 39 9 26 14 37 69 25 41 49 54 14 15 29 63 85
20 0 46 67 65 38 19 20 9 30 17 54 30 57 31 36 34 33 49 47 75
61 46 0 73 69 79 40 54 37 62 43 8 76 76 57 58 75 66 90 4 32
56 67 73 0 4 62 82 49 63 42 81 75 80 19 98 102 60 42 64 77 73
56 65 69 4 0 63 80 48 61 42 79 71 81 22 96 100 61 43 67 73 69
18 38 79 62 63 0 57 27 44 24 54 87 25 43 62 67 4 21 11 81 103
39 19 40 82 80 57 0 39 19 49 3 48 42 75 18 21 53 52 68 39 72
9 20 54 49 48 27 39 0 21 10 37 61 34 37 51 56 23 14 38 56 76
26 9 37 63 61 44 19 21 0 31 18 45 39 56 35 39 40 35 55 38 66
14 30 62 42 42 24 49 10 31 0 47 68 39 28 61 66 20 4 32 64 81
37 17 43 81 79 54 3 37 18 47 0 51 39 74 17 21 50 50 65 42 75
69 54 8 75 71 87 48 61 45 68 51 0 84 81 65 66 83 72 98 10 25
25 30 76 80 81 25 42 34 39 39 39 84 0 65 41 46 23 38 33 77 105
41 57 76 19 22 43 75 37 56 28 74 81 65 0 88 93 42 27 45 79 85
49 31 57 98 96 62 18 51 35 61 17 65 41 88 0 5 59 63 73 56 89
54 36 58 102 100 67 21 56 39 66 21 66 46 93 5 0 64 68 78 56 90
14 34 75 60 61 4 53 23 40 20 50 83 23 42 59 64 0 18 15 77 99
15 33 66 42 43 21 52 14 35 4 50 72 38 27 63 68 18 0 28 68 85
29 49 90 64 67 11 68 38 55 32 65 98 33 45 73 78 15 28 0 92 113
63 47 4 77 73 81 39 56 38 64 42 10 77 79 56 56 77 68 92 0 35
85 75 32 73 69 103 72 76 66 81 75 25 105 85 89 90 99 85 113 35 0
0 783
588 770
23 229
72 265
94 320
218 318
457 538
529 753
89 245
481 605
371 460
605 753
599 739
334 549
520 682
136 250
170 342
37 254
99 297
224 397
320 473
