21
0 67 56 80 53 52 36 55 11 9 80 70 44 47 33 31 88 46 32 65 18
67 0 15 29 66 22 72 14 76 75 16 3 46 21 76 73 33 27 72 28 75
56 15 0 27 67 24 57 3 65 65 24 17 46 9 61 67 48 12 57 37 61
80 29 27 0 93 49 71 29 91 89 17 27 72 36 77 94 56 34 73 57 82
53 66 67 93 0 44 87 64 50 52 82 69 21 59 86 27 65 67 83 42 71
52 22 24 49 44 0 68 21 59 59 38 25 24 20 71 52 36 30 67 15 64
36 72 57 71 87 68 0 58 46 44 79 74 72 52 8 67 102 45 4 83 21
55 14 3 29 64 21 58 0 64 64 25 16 43 8 62 66 46 13 58 34 62
11 76 65 91 50 59 46 64 0 2 89 79 45 56 41 25 95 57 42 70 25
9 75 65 89 52 59 44 64 2 0 89 78 46 56 39 27 95 55 40 70 23
80 16 24 17 82 38 79 25 89 89 0 13 62 33 84 89 39 36 80 43 85
70 3 17 27 69 25 74 16 79 78 13 0 49 23 78 76 33 29 74 30 77
44 46 46 72 21 24 72 43 45 46 62 49 0 38 72 31 52 46 69 27 61
47 21 9 36 59 20 52 8 56 56 33 23 38 0 56 58 50 10 52 34 54
33 76 61 77 86 71 8 62 41 39 84 78 72 56 0 64 106 49 4 86 16
31 73 67 94 27 52 67 66 25 27 89 76 31 58 64 0 83 63 63 58 49
88 33 48 56 65 36 102 46 95 95 39 33 52 50 106 83 0 59 102 25 100
46 27 12 34 67 30 45 13 57 55 36 29 46 10 49 63 59 0 45 44 50
32 72 57 73 83 67 4 58 42 40 80 74 69 52 4 63 102 45 0 82 17
65 28 37 57 42 15 83 34 70 70 43 30 27 34 86 58 25 44 82 0 79
18 75 61 82 71 64 21 62 25 23 85 77 61 54 16 49 100 50 17 79 0
0 554
313 554
21 229
110 400
92 393
92 389
235 527
91 219
240 448
274 486
136 466
75 294
78 316
219 520
164 312
1 244
236 537
61 392
32 206
139 393
26 182
