31
0 34 8 13 25 75 34 15 16 17 26 16 68 58 54 10 65 48 31 49 28 71 12 25 33 67 79 76 74 35 18
34 0 34 31 14 73 2 36 48 32 33 48 100 90 84 42 85 55 12 81 58 98 40 10 6 98 98 91 87 6 50
8 34 0 20 22 67 34 23 14 9 18 23 66 56 50 17 58 40 34 54 35 66 6 24 35 64 72 69 66 34 16
13 31 20 0 27 85 32 5 28 27 36 18 80 70 66 13 78 59 23 50 27 83 25 24 27 79 92 89 86 34 30
25 14 22 27 0 63 13 32 36 18 19 41 88 78 70 35 71 41 21 74 53 84 28 5 18 84 84 77 73 12 38
75 73 67 85 63 0 71 89 71 58 49 88 94 88 73 84 51 27 84 113 100 73 65 68 79 85 53 41 33 67 71
34 2 34 32 13 71 0 37 48 31 32 49 100 90 83 43 84 53 14 82 59 97 40 10 8 97 97 90 85 4 50
15 36 23 5 32 89 37 0 28 31 40 14 78 68 66 11 80 63 28 45 22 83 27 29 32 78 94 91 89 39 30
16 48 14 28 36 71 48 28 0 20 28 20 52 42 38 18 52 44 47 43 30 55 8 38 48 51 66 65 64 48 2
17 32 9 27 18 58 31 31 20 0 9 32 70 60 52 26 55 32 36 63 44 66 12 22 35 66 68 64 60 30 22
26 33 18 36 19 49 32 40 28 9 0 41 73 64 54 35 52 23 40 71 53 66 20 24 37 68 65 58 54 30 30
16 48 23 18 41 88 49 14 20 32 41 0 64 54 55 6 71 61 41 33 12 72 23 40 45 65 85 85 84 50 21
68 100 66 80 88 94 100 78 52 70 73 64 0 10 21 67 45 72 99 54 64 26 60 90 100 10 52 61 66 100 50
58 90 56 70 78 88 90 68 42 60 64 54 10 0 15 57 42 65 89 47 55 27 50 80 90 13 52 58 62 90 40
54 84 50 66 70 73 83 66 38 52 54 55 21 15 0 56 27 51 84 57 59 17 44 74 85 14 38 43 47 82 36
10 42 17 13 35 84 43 11 18 26 35 6 67 57 56 0 70 57 36 39 18 73 19 34 40 67 84 83 81 44 20
65 85 58 78 71 51 84 80 52 55 52 71 45 42 27 70 0 37 91 82 79 22 53 76 89 35 14 16 21 82 50
48 55 40 59 41 27 53 63 44 32 23 61 72 65 51 57 37 0 62 86 73 57 38 46 59 65 47 38 32 50 44
31 12 34 23 21 84 14 28 47 36 40 41 99 89 84 36 91 62 0 73 50 100 40 16 6 98 104 98 94 18 49
49 81 54 50 74 113 82 45 43 63 71 33 54 47 57 39 82 86 73 0 23 74 51 73 77 60 95 98 100 83 42
28 58 35 27 53 100 59 22 30 44 53 12 64 55 59 18 79 73 50 23 0 76 35 51 54 67 93 94 93 61 30
71 98 66 83 84 73 97 83 55 66 66 72 26 27 17 73 22 57 100 74 76 0 60 88 101 16 26 36 42 96 53
12 40 6 25 28 65 40 27 8 12 20 23 60 50 44 19 53 38 40 51 35 60 0 30 41 58 67 64 62 40 10
25 10 24 24 5 68 10 29 38 22 24 40 90 80 74 34 76 46 16 73 51 88 30 0 13 88 89 82 78 10 40
33 6 35 27 18 79 8 32 48 35 37 45 100 90 85 40 89 59 6 77 54 101 41 13 0 99 102 95 91 12 50
67 98 64 79 84 85 97 78 51 66 68 65 10 13 14 67 35 65 98 60 67 16 58 88 99 0 42 51 56 96 49
79 98 72 92 84 53 97 94 66 68 65 85 52 52 38 84 14 47 104 95 93 26 67 89 102 42 0 12 20 95 64
76 91 69 89 77 41 90 91 65 64 58 85 61 58 43 83 16 38 98 98 94 36 64 82 95 51 12 0 8 88 64
74 87 66 86 73 33 85 89 64 60 54 84 66 62 47 81 21 32 94 100 93 42 62 78 91 56 20 8 0 82 63
35 6 34 34 12 67 4 39 48 30 30 50 100 90 82 44 82 50 18 83 61 96 40 10 12 96 95 88 82 0 50
18 50 16 30 38 71 50 30 2 22 30 21 50 40 36 20 50 44 49 42 30 53 10 40 50 49 64 64 63 50 0
0 602
17 402
215 473
33 483
284 556
191 602
55 240
193 521
301 525
177 428
229 602
9 415
66 328
161 471
201 445
16 237
268 602
132 403
56 267
206 602
56 280
228 399
122 453
181 523
179 422
108 518
81 395
249 516
248 542
224 392
102 350
