31
0 79 134 114 89 15 74 51 80 84 73 51 74 109 128 90 28 41 90 126 59 99 51 29 97 44 64 75 98 54 107
79 0 56 38 50 67 32 56 32 8 7 30 6 34 50 42 54 58 64 48 25 28 28 59 52 45 29 44 52 30 31
134 56 0 23 75 122 71 103 71 50 63 84 60 29 6 66 110 108 98 8 77 39 83 115 71 100 77 80 69 82 28
114 38 23 0 52 102 48 80 62 30 45 64 40 6 17 43 92 85 93 15 56 16 63 97 49 83 54 57 47 61 7
89 50 75 52 0 84 20 40 81 46 53 47 45 46 69 9 78 49 113 67 38 37 52 86 8 79 30 14 10 41 49
15 67 122 102 84 0 66 51 65 72 60 41 62 98 116 83 13 41 75 114 50 89 39 14 92 29 56 70 93 45 95
74 32 71 48 20 66 0 32 62 30 34 27 26 42 65 17 58 38 94 63 18 32 32 66 26 59 10 12 27 21 43
51 56 103 80 40 51 32 0 79 57 55 32 50 74 97 43 51 10 105 95 32 64 38 59 48 60 27 26 49 28 75
80 32 71 62 81 65 62 79 0 39 28 47 36 60 67 74 52 76 32 65 50 58 41 52 84 36 57 74 84 51 56
84 8 50 30 46 72 30 57 39 0 15 34 10 26 44 37 62 61 71 42 28 20 33 67 47 53 30 42 46 33 23
73 7 63 45 53 60 34 55 28 15 0 25 8 41 57 46 47 55 60 55 23 35 22 52 56 38 30 46 56 27 38
51 30 84 64 47 41 27 32 47 34 25 0 24 58 78 44 32 30 73 76 10 49 6 39 53 33 17 35 54 6 57
74 6 60 40 45 62 26 50 36 10 8 24 0 36 54 38 52 52 68 52 19 28 23 58 48 45 23 38 48 24 33
109 34 29 6 46 98 42 74 60 26 41 58 36 0 23 37 88 79 92 21 50 10 59 93 43 79 48 51 41 55 4
128 50 6 17 69 116 65 97 67 44 57 78 54 23 0 60 104 102 95 2 71 33 77 109 65 95 71 74 63 76 22
90 42 66 43 9 83 17 43 74 37 46 44 38 37 60 0 75 53 106 58 35 28 49 83 10 76 27 17 10 38 40
28 54 110 92 78 13 58 51 52 62 47 32 52 88 104 75 0 42 64 102 42 79 29 8 84 16 48 65 85 37 85
41 58 108 85 49 41 38 10 76 61 55 30 52 79 102 53 42 0 100 100 33 69 35 49 57 53 31 36 59 28 80
90 64 98 93 113 75 94 105 32 71 60 73 68 92 95 106 64 100 0 93 78 90 67 61 116 48 86 105 116 78 88
126 48 8 15 67 114 63 95 65 42 55 76 52 21 2 58 102 100 93 0 69 31 75 107 64 93 69 72 62 74 20
59 25 77 56 38 50 18 32 50 28 23 10 19 50 71 35 42 33 78 69 0 40 14 49 44 41 8 27 45 5 49
99 28 39 16 37 89 32 64 58 20 35 49 28 10 33 28 79 69 90 31 40 0 50 86 35 73 38 41 33 45 12
51 28 83 63 52 39 32 38 41 33 22 6 23 59 77 49 29 35 67 75 14 50 0 36 58 27 22 40 59 11 56
29 59 115 97 86 14 66 59 52 67 52 39 58 93 109 83 8 49 61 107 49 86 36 0 92 16 56 73 93 45 90
97 52 71 49 8 92 26 48 84 47 56 53 48 43 65 10 84 57 116 64 44 35 58 92 0 85 36 22 2 47 47
44 45 100 83 79 29 59 60 36 53 38 33 45 79 95 76 16 53 48 93 41 73 27 16 85 0 49 67 86 38 76
64 29 77 54 30 56 10 27 57 30 30 17 23 48 71 27 48 31 86 69 8 38 22 56 36 49 0 19 37 11 49
75 44 80 57 14 70 12 26 74 42 46 35 38 51 74 17 65 36 105 72 27 41 40 73 22 67 19 0 23 29 53
98 52 69 47 10 93 27 49 84 46 56 54 48 41 63 10 85 59 116 62 45 33 59 93 2 86 37 23 0 48 45
54 30 82 61 41 45 21 28 51 33 27 6 24 55 76 38 37 28 78 74 5 45 11 45 47 38 11 29 48 0 54
107 31 28 7 49 95 43 75 56 23 38 57 33 4 22 40 85 80 88 20 49 12 56 90 47 76 49 53 45 54 0
0 952
560 790
446 594
253 350
465 665
38 210
413 555
500 703
114 231
490 753
31 256
314 483
208 377
52 197
235 330
548 686
61 221
531 719
87 223
156 417
525 791
263 379
382 497
311 495
161 385
428 611
274 557
245 530
411 560
300 409
57 279
