31
0 68 16 71 28 54 97 109 32 65 43 83 71 39 72 37 56 65 57 23 13 51 41 78 72 17 102 97 57 77 20
68 0 54 61 56 38 29 41 51 6 48 40 46 29 35 40 50 57 54 73 57 39 28 38 4 74 36 34 50 24 61
16 54 0 56 29 48 83 95 30 52 40 67 55 26 56 30 41 50 56 23 14 35 26 62 58 21 87 81 42 61 24
71 61 56 0 82 87 78 89 80 65 86 34 16 59 27 74 16 6 101 55 70 27 51 30 63 61 67 59 15 42 80
28 56 29 82 0 28 83 95 5 51 15 84 77 29 73 16 66 76 29 49 16 57 36 79 60 44 92 90 67 73 8
54 38 48 87 28 0 60 71 24 32 13 77 76 28 69 18 71 81 16 71 41 60 36 74 41 68 74 72 72 62 36
97 29 83 78 83 60 0 12 78 33 72 49 62 58 51 67 73 77 75 102 86 65 57 50 25 103 20 26 74 36 89
109 41 95 89 95 71 12 0 90 45 83 58 73 70 62 79 85 88 85 114 98 77 69 60 37 115 24 32 85 47 101
32 51 30 80 5 24 78 90 0 46 11 80 74 24 69 11 64 74 26 52 19 55 32 75 55 47 87 85 65 68 13
65 6 52 65 51 32 33 45 46 0 42 46 51 26 41 35 53 61 48 72 54 42 26 44 9 72 42 40 54 30 56
43 48 40 86 15 13 72 83 11 42 0 82 77 27 72 12 70 80 16 62 30 59 35 78 51 58 84 82 71 69 23
83 40 67 34 84 77 49 58 80 46 82 0 19 56 11 71 35 34 93 76 78 33 48 5 40 80 34 26 34 16 86
71 46 55 16 77 76 62 73 74 51 77 19 0 50 11 65 17 15 92 59 67 20 42 15 48 65 52 44 16 26 76
39 29 26 59 29 28 58 70 24 26 27 56 50 0 45 15 43 53 42 48 28 32 8 51 33 47 65 61 44 44 32
72 35 56 27 73 69 51 62 69 41 72 11 11 45 0 60 24 26 85 65 67 22 37 6 37 69 41 33 24 15 75
37 40 30 74 16 18 67 79 11 35 12 71 65 15 60 0 58 68 28 53 24 47 23 66 44 50 76 74 59 58 22
56 50 41 16 66 71 73 85 64 53 70 35 17 43 24 58 0 10 85 43 55 11 35 30 53 48 65 57 1 38 64
65 57 50 6 76 81 77 88 74 61 80 34 15 53 26 68 10 0 95 49 64 21 45 30 59 56 67 59 9 41 74
57 54 56 101 29 16 75 85 26 48 16 93 92 42 85 28 85 95 0 78 45 74 50 90 57 73 90 88 86 78 37
23 73 23 55 49 71 102 114 52 72 62 76 59 48 65 53 43 49 78 0 33 43 46 71 77 7 102 94 43 74 43
13 57 14 70 16 41 86 98 19 54 30 78 67 28 67 24 55 64 45 33 0 47 32 73 61 28 93 88 56 70 10
51 39 35 27 57 60 65 77 55 42 59 33 20 32 22 47 11 21 74 43 47 0 24 28 42 47 60 52 12 32 56
41 28 26 51 36 36 57 69 32 26 35 48 42 8 37 23 35 45 50 46 32 24 0 43 32 46 61 56 36 38 38
78 38 62 30 79 74 50 60 75 44 78 5 15 51 6 66 30 30 90 71 73 28 43 0 39 75 37 29 30 15 81
72 4 58 63 60 41 25 37 55 9 51 40 48 33 37 44 53 59 57 77 61 42 32 39 0 78 33 31 53 24 65
17 74 21 61 44 68 103 115 47 72 58 80 65 47 69 50 48 56 73 7 28 47 46 75 78 0 105 98 49 78 37
102 36 87 67 92 74 20 24 87 42 84 34 52 65 41 76 65 67 90 102 93 60 61 37 33 105 0 8 65 28 97
97 34 81 59 90 72 26 32 85 40 82 26 44 61 33 74 57 59 88 94 88 52 56 29 31 98 8 0 57 20 93
57 50 42 15 67 72 74 85 65 54 71 34 16 44 24 59 1 9 86 43 56 12 36 30 53 49 65 57 0 38 65
77 24 61 42 73 62 36 47 68 30 69 16 26 44 15 58 38 41 78 74 70 32 38 15 24 78 28 20 38 0 76
20 61 24 80 8 36 89 101 13 56 23 86 76 32 75 22 64 74 37 43 10 56 38 81 65 37 97 93 65 76 0
0 1346
73 203
250 323
1126 1237
1181 1289
37 128
1118 1251
160 301
896 1049
45 222
775 973
474 641
1189 1313
968 1057
75 214
447 632
1128 1307
1107 1260
349 461
1194 1268
294 477
984 1181
835 1035
864 948
1139 1226
1057 1166
587 745
121 272
463 596
1117 1313
1104 1201
