31
0 24 29 35 92 89 46 20 65 71 70 41 17 25 81 31 58 44 78 69 92 67 64 54 72 72 77 47 65 85 78
24 0 19 26 72 70 28 43 41 47 62 43 41 25 62 55 40 37 73 61 72 58 44 46 48 72 68 23 41 65 54
29 19 0 7 64 60 17 41 43 49 44 24 42 10 52 54 29 18 54 43 64 41 36 28 51 53 51 37 51 57 55
35 26 7 0 61 56 16 43 44 50 37 19 47 11 48 56 25 11 47 36 61 34 34 21 52 46 44 42 56 54 55
92 72 64 61 0 9 47 104 39 38 48 70 106 72 13 117 36 56 59 47 0 41 28 48 39 70 41 67 60 7 31
89 70 60 56 9 0 43 99 40 41 39 63 102 67 8 112 31 50 50 38 9 32 26 41 43 61 32 67 63 9 35
46 28 17 16 47 43 0 58 28 34 37 33 59 26 35 71 12 19 49 36 47 31 19 21 36 52 41 35 44 40 39
20 43 41 43 104 99 58 0 82 88 73 41 7 32 91 13 68 51 78 73 104 74 77 61 90 70 82 66 84 97 95
65 41 43 44 39 40 28 82 0 6 57 61 82 53 33 95 29 47 70 56 39 50 19 46 8 77 58 28 23 32 13
71 47 49 50 38 41 34 88 6 0 61 67 88 59 34 101 34 53 74 60 38 54 23 51 2 82 62 32 22 32 8
70 62 44 37 48 39 37 73 57 61 0 32 78 45 36 85 28 26 13 1 48 7 38 16 63 22 10 72 77 43 61
41 43 24 19 70 63 33 41 61 67 32 0 46 18 57 53 36 15 37 32 70 34 48 22 69 31 41 61 75 64 71
17 41 42 47 106 102 59 7 82 88 78 46 0 36 94 14 71 55 83 78 106 78 78 65 89 76 87 64 82 99 95
25 25 10 11 72 67 26 32 53 59 45 18 36 0 59 45 36 19 53 44 72 42 45 29 61 49 52 46 61 65 65
81 62 52 48 13 8 35 91 33 34 36 57 94 59 0 104 23 43 49 35 13 29 18 35 36 58 32 59 56 7 30
31 55 54 56 117 112 71 13 95 101 85 53 14 45 104 0 81 64 88 85 117 87 90 74 103 79 94 78 96 110 108
58 40 29 25 36 31 12 68 29 34 28 36 71 36 23 81 0 21 41 27 36 22 12 17 36 48 31 44 49 29 36
44 37 18 11 56 50 19 51 47 53 26 15 55 19 43 64 21 0 36 25 56 23 33 10 55 35 33 52 63 50 56
78 73 54 47 59 50 49 78 70 74 13 37 83 53 49 88 41 36 0 14 59 20 51 28 76 12 18 84 90 56 74
69 61 43 36 47 38 36 73 56 60 1 32 78 44 35 85 27 25 14 0 47 6 37 15 62 23 9 71 76 42 60
92 72 64 61 0 9 47 104 39 38 48 70 106 72 13 117 36 56 59 47 0 41 28 48 39 70 41 67 60 7 31
67 58 41 34 41 32 31 74 50 54 7 34 78 42 29 87 22 23 20 6 41 0 31 13 56 29 10 66 71 36 54
64 44 36 34 28 26 19 77 19 23 38 48 78 45 18 90 12 33 51 37 28 31 0 29 25 60 39 41 41 21 24
54 46 28 21 48 41 21 61 46 51 16 22 65 29 35 74 17 10 28 15 48 13 29 0 53 31 23 56 65 42 53
72 48 51 52 39 43 36 90 8 2 63 69 89 61 36 103 36 55 76 62 39 56 25 53 0 84 64 32 21 34 9
72 72 53 46 70 61 52 70 77 82 22 31 76 49 58 79 48 35 12 23 70 29 60 31 84 0 29 87 96 65 83
77 68 51 44 41 32 41 82 58 62 10 41 87 52 32 94 31 33 18 9 41 10 39 23 64 29 0 75 80 39 60
47 23 37 42 67 67 35 66 28 32 72 61 64 46 59 78 44 52 84 71 67 66 41 56 32 87 75 0 18 60 40
65 41 51 56 60 63 44 84 23 22 77 75 82 61 56 96 49 63 90 76 60 71 41 65 21 96 80 18 0 54 30
85 65 57 54 7 9 40 97 32 32 43 64 99 65 7 110 29 50 56 42 7 36 21 42 34 65 39 60 54 0 26
78 54 55 55 31 35 39 95 13 8 61 71 95 65 30 108 36 56 74 60 31 54 24 53 9 83 60 40 30 26 0
0 1346
639 742
131 242
505 624
43 210
926 1060
1148 1231
1073 1233
617 690
456 652
834 1024
1135 1321
980 1141
50 239
204 356
121 190
910 1055
966 1061
635 805
687 872
233 398
1086 1232
8 157
21 130
491 578
303 388
778 892
190 365
105 174
1045 1200
192 369
