31
0 32 44 76 101 99 67 30 18 29 41 79 84 60 72 81 38 75 71 19 82 29 84 33 101 72 100 54 33 52 88
32 0 14 52 86 67 47 10 28 38 9 69 52 36 42 63 28 58 46 22 52 24 60 34 84 63 82 24 2 22 74
44 14 0 56 93 59 54 14 34 52 6 78 42 42 42 70 25 65 49 28 52 26 63 35 91 73 87 10 12 25 82
76 52 56 0 40 51 11 62 79 57 51 32 50 16 18 17 80 16 8 73 20 76 8 86 37 33 31 58 54 32 31
101 86 93 40 0 87 39 96 111 74 87 22 89 51 58 23 114 28 48 105 57 110 36 120 4 29 14 96 88 68 13
99 67 59 51 87 0 60 73 93 95 59 83 17 54 37 68 82 67 46 87 31 85 52 92 83 84 74 51 67 50 81
67 47 54 11 39 60 0 57 73 46 48 26 56 12 24 16 75 11 14 67 30 71 18 81 37 24 35 57 49 29 28
30 10 14 62 96 73 57 0 20 44 14 79 56 46 51 73 18 68 55 14 61 14 69 24 94 73 92 24 8 31 84
18 28 34 79 111 93 73 20 0 45 34 91 76 63 70 89 20 83 74 6 80 12 87 15 110 84 108 44 27 50 98
29 38 52 57 74 95 46 44 45 0 47 52 83 44 60 57 60 51 55 42 70 51 64 60 74 45 76 62 40 45 61
41 9 6 51 87 59 48 14 34 47 0 72 43 36 38 64 29 59 43 28 48 28 57 38 85 67 82 15 8 19 76
79 69 78 32 22 83 26 79 91 52 72 0 81 38 49 17 97 16 38 86 52 93 33 103 22 7 27 83 71 55 9
84 52 42 50 89 17 56 56 76 83 43 81 0 47 32 67 65 65 43 70 32 68 53 75 85 80 77 34 51 38 81
60 36 42 16 51 54 12 46 63 44 36 38 47 0 17 28 64 23 11 57 26 60 24 70 49 35 46 45 38 17 40
72 42 42 18 58 37 24 51 70 60 38 49 32 17 0 35 67 33 11 64 10 65 23 75 55 48 48 42 43 20 49
81 63 70 17 23 68 16 73 89 57 64 17 67 28 35 0 91 6 25 83 37 87 16 97 21 20 19 73 65 45 14
38 28 25 80 114 82 75 18 20 60 29 97 65 64 67 91 0 86 72 19 77 9 86 11 112 91 110 31 26 48 102
75 58 65 16 28 67 11 68 83 51 59 16 65 23 33 6 86 0 22 77 36 82 18 92 27 17 25 68 60 40 17
71 46 49 8 48 46 14 55 74 55 43 38 43 11 11 25 72 22 0 68 16 69 14 79 45 38 39 50 47 24 39
19 22 28 73 105 87 67 14 6 42 28 86 70 57 64 83 19 77 68 0 74 10 81 18 104 79 102 38 21 44 92
82 52 52 20 57 31 30 61 80 70 48 52 32 26 10 37 77 36 16 74 0 75 21 85 53 53 45 49 53 30 50
29 24 26 76 110 85 71 14 12 51 28 93 68 60 65 87 9 82 69 10 75 0 83 10 108 86 106 34 22 45 98
84 60 63 8 36 52 18 69 87 64 57 33 53 24 23 16 86 18 14 81 21 83 0 93 32 35 25 64 61 38 29
33 34 35 86 120 92 81 24 15 60 38 103 75 70 75 97 11 92 79 18 85 10 93 0 118 96 116 41 32 55 108
101 84 91 37 4 83 37 94 110 74 85 22 85 49 55 21 112 27 45 104 53 108 32 118 0 29 10 94 86 66 13
72 63 73 33 29 84 24 73 84 45 67 7 80 35 48 20 91 17 38 79 53 86 35 96 29 0 34 79 65 51 16
100 82 87 31 14 74 35 92 108 76 82 27 77 46 48 19 110 25 39 102 45 106 25 116 10 34 0 89 84 63 18
54 24 10 58 96 51 57 24 44 62 15 83 34 45 42 73 31 68 50 38 49 34 64 41 94 79 89 0 22 28 85
33 2 12 54 88 67 49 8 27 40 8 71 51 38 43 65 26 60 47 21 53 22 61 32 86 65 84 22 0 23 76
52 22 25 32 68 50 29 31 50 45 19 55 38 17 20 45 48 40 24 44 30 45 38 55 66 51 63 28 23 0 57
88 74 82 31 13 81 28 84 98 61 76 9 81 40 49 14 102 17 39 92 50 98 29 108 13 16 18 85 76 57 0
0 602
243 519
1 435
2 416
101 309
65 326
255 581
250 586
82 288
130 559
182 347
168 504
48 385
60 400
19 416
53 409
296 480
43 403
22 425
15 167
125 410
131 572
126 553
29 212
280 602
275 602
276 444
188 602
152 392
222 588
128 474
