31
0 39 53 31 19 54 61 27 43 48 51 40 19 17 47 2 54 34 34 58 63 43 51 41 48 52 39 39 45 29 40
39 0 24 70 26 93 65 54 82 52 87 25 20 48 55 37 77 72 44 63 64 36 76 75 22 91 59 73 52 10 35
53 24 0 84 46 106 50 74 96 76 93 15 34 55 79 51 72 82 39 49 48 24 72 79 45 104 54 77 76 28 25
31 70 84 0 45 25 83 26 13 55 38 71 50 36 51 33 64 21 60 80 87 72 59 39 73 24 57 38 51 60 69
19 26 46 45 0 70 70 28 58 35 69 38 15 34 36 17 71 52 43 67 71 45 67 60 29 68 53 58 33 18 42
54 93 106 25 70 0 92 51 12 80 28 91 73 51 75 56 65 25 74 89 96 88 60 38 98 2 66 39 76 83 85
61 65 50 83 70 92 0 88 87 105 69 40 56 48 106 60 32 68 27 3 4 29 36 55 86 90 26 54 103 60 30
27 54 74 26 28 51 88 0 39 29 62 64 41 42 25 29 79 44 61 85 90 69 75 59 51 50 65 57 25 46 66
43 82 96 13 58 12 87 39 0 68 30 82 62 43 64 45 63 19 67 84 91 80 58 37 86 11 61 36 64 72 77
48 52 76 55 35 80 105 29 68 0 91 71 50 65 6 48 102 73 78 102 106 80 99 87 37 79 87 85 4 49 77
51 87 93 38 69 28 69 62 30 91 0 78 67 39 87 52 40 18 56 66 73 72 35 14 98 26 44 16 87 77 70
40 25 15 71 38 91 40 64 82 71 78 0 23 40 74 38 57 67 24 38 39 11 57 64 47 89 39 62 71 22 11
19 20 34 50 15 73 56 41 62 50 67 23 0 28 51 17 60 52 30 53 57 30 58 55 35 71 42 53 48 10 27
17 48 55 36 34 51 48 42 43 65 39 40 28 0 64 17 37 27 24 45 51 37 34 27 62 49 23 25 62 38 34
47 55 79 51 36 75 106 25 64 6 87 74 51 64 0 47 101 69 79 103 107 81 98 84 41 75 86 82 3 52 78
2 37 51 33 17 56 60 29 45 48 52 38 17 17 47 0 54 36 33 57 62 41 51 43 46 54 39 41 45 27 38
54 77 72 64 71 65 32 79 63 102 40 57 60 37 101 54 0 44 33 30 36 48 5 27 95 63 18 27 99 69 47
34 72 82 21 52 25 68 44 19 73 18 67 52 27 69 36 44 0 49 65 72 64 39 18 81 23 42 17 69 62 61
34 44 39 60 43 74 27 61 67 78 56 24 30 24 79 33 33 49 0 24 29 16 33 42 63 72 15 40 76 37 14
58 63 49 80 67 89 3 85 84 102 66 38 53 45 103 57 30 65 24 0 7 27 33 52 84 87 23 51 100 58 28
63 64 48 87 71 96 4 90 91 106 73 39 57 51 107 62 36 72 29 7 0 28 40 59 86 94 30 58 104 60 30
43 36 24 72 45 88 29 69 80 80 72 11 30 37 81 41 48 64 16 27 28 0 48 58 58 86 30 56 78 32 3
51 76 72 59 67 60 36 75 58 99 35 57 58 34 98 51 5 39 33 33 40 48 0 22 93 58 18 22 96 68 47
41 75 79 39 60 38 55 59 37 87 14 64 55 27 84 43 27 18 42 52 59 58 22 0 89 36 30 2 83 65 56
48 22 45 73 29 98 86 51 86 37 98 47 35 62 41 46 95 81 63 84 86 58 93 89 0 97 77 87 38 26 56
52 91 104 24 68 2 90 50 11 79 26 89 71 49 75 54 63 23 72 87 94 86 58 36 97 0 64 37 75 81 83
39 59 54 57 53 66 26 65 61 87 44 39 42 23 86 39 18 42 15 23 30 30 18 30 77 64 0 29 84 51 29
39 73 77 38 58 39 54 57 36 85 16 62 53 25 82 41 27 17 40 51 58 56 22 2 87 37 29 0 81 63 54
45 52 76 51 33 76 103 25 64 4 87 71 48 62 3 45 99 69 76 100 104 78 96 83 38 75 84 81 0 49 75
29 10 28 60 18 83 60 46 72 49 77 22 10 38 52 27 69 62 37 58 60 32 68 65 26 81 51 63 49 0 30
40 35 25 69 42 85 30 66 77 77 70 11 27 34 78 38 47 61 14 28 30 3 47 56 56 83 29 54 75 30 0
0 673
400 637
27 237
231 384
35 431
190 586
330 618
377 673
324 644
373 673
385 673
67 245
226 545
165 550
375 540
372 633
315 490
72 233
176 465
182 466
142 380
394 591
141 472
367 673
384 673
176 501
381 673
262 638
348 673
371 673
311 581
