41
0 40 30 88 14 54 4 38 25 33 54 77 52 19 26 59 72 14 45 28 37 54 28 62 84 29 61 63 79 42 84 40 77 39 80 24 20 9 26 32 46
40 0 13 48 39 40 37 57 48 50 35 39 33 47 22 19 38 27 36 64 48 64 55 42 44 49 23 33 63 33 46 71 60 56 62 38 52 33 53 12 35
30 13 0 60 33 48 29 57 45 37 44 52 42 34 9 30 51 20 42 52 50 67 51 52 56 47 36 45 58 39 59 58 54 43 57 25 46 22 48 17 41
88 48 60 0 84 59 85 95 91 96 52 12 53 94 69 30 24 74 62 112 84 94 98 51 4 91 27 35 81 63 9 118 77 99 76 85 96 81 96 56 60
14 39 33 84 0 42 10 25 12 47 43 73 41 33 33 58 66 13 33 41 23 40 18 51 81 15 57 55 88 30 80 54 85 53 89 36 13 19 15 28 34
54 40 48 59 42 0 50 40 41 82 8 47 7 71 56 48 36 42 9 82 29 35 47 11 58 39 37 24 103 12 51 94 100 88 102 70 50 54 46 31 8
4 37 29 85 10 50 0 34 21 37 50 74 48 23 26 56 69 11 41 32 33 50 26 58 81 25 58 60 80 38 81 44 78 43 81 27 19 10 23 29 42
38 57 57 95 25 40 34 0 13 71 44 83 42 57 58 75 73 38 33 59 11 17 12 51 93 10 69 61 113 32 88 72 110 77 114 61 19 44 13 45 35
25 48 45 91 12 41 21 13 0 58 43 79 41 44 45 66 71 25 32 48 15 29 7 51 88 4 64 59 100 31 86 61 97 64 101 48 9 31 5 36 34
33 50 37 96 47 82 37 71 58 0 79 89 77 14 28 66 88 40 73 26 70 87 61 87 92 62 73 82 56 70 96 24 54 6 58 12 53 28 59 52 74
54 35 44 52 43 8 50 44 43 79 0 40 2 70 52 41 29 41 11 82 33 43 49 8 51 41 29 17 98 13 44 94 94 85 96 67 52 53 48 27 9
77 39 52 12 73 47 74 83 79 89 40 0 41 86 61 24 12 63 50 103 72 82 86 39 11 79 16 23 82 51 7 110 78 94 78 77 85 72 84 45 48
52 33 42 53 41 7 48 42 41 77 2 41 0 68 50 41 31 39 9 80 31 41 47 10 52 39 30 19 96 11 46 92 93 83 95 65 50 51 46 25 7
19 47 34 94 33 71 23 57 44 14 70 86 68 0 26 64 85 29 62 18 56 73 47 78 90 48 70 76 67 59 93 24 65 20 69 11 39 17 45 45 63
26 22 9 69 33 56 26 58 45 28 52 61 50 26 0 39 60 20 48 44 52 69 51 60 65 48 45 54 55 45 68 49 52 34 56 16 45 17 48 25 49
59 19 30 30 58 48 56 75 66 66 41 24 41 64 39 0 28 46 47 82 65 79 73 45 26 67 14 30 62 46 31 88 58 70 58 55 71 52 71 30 45
72 38 51 24 66 36 69 73 71 88 29 12 31 85 60 28 0 58 40 99 62 71 78 27 23 70 15 12 90 41 15 109 86 94 86 76 78 68 76 40 38
14 27 20 74 13 42 11 38 25 40 41 63 39 29 20 46 58 0 33 42 32 49 31 49 71 28 47 49 75 30 70 53 72 46 76 28 26 12 28 18 34
45 36 42 62 33 9 41 33 32 73 11 50 9 62 48 47 40 33 0 73 22 32 38 19 61 30 38 28 99 3 55 85 96 79 98 61 41 45 37 25 2
28 64 52 112 41 82 32 59 48 26 82 103 80 18 44 82 99 42 73 0 63 76 48 90 108 52 87 90 82 70 110 13 80 29 84 29 40 31 46 59 74
37 48 50 84 23 29 33 11 15 70 33 72 31 56 52 65 62 32 22 63 0 17 19 40 82 11 58 50 107 21 77 76 104 76 107 59 23 42 18 36 24
54 64 67 94 40 35 50 17 29 87 43 82 41 73 69 79 71 49 32 76 17 0 29 46 93 25 70 59 124 33 86 89 121 93 124 76 36 59 30 52 34
28 55 51 98 18 47 26 12 7 61 49 86 47 47 51 73 78 31 38 48 19 29 0 57 95 8 71 66 106 37 93 61 103 67 107 52 8 36 3 43 40
62 42 52 51 51 11 58 51 51 87 8 39 10 78 60 45 27 49 19 90 40 46 57 0 50 49 32 16 104 21 42 102 100 93 102 75 60 61 56 35 17
84 44 56 4 81 58 81 93 88 92 51 11 52 90 65 26 23 71 61 108 82 93 95 50 0 88 24 34 77 61 12 114 73 95 72 81 93 77 93 53 59
29 49 47 91 15 39 25 10 4 62 41 79 39 48 48 67 70 28 30 52 11 25 8 49 88 0 64 58 103 29 85 65 100 68 104 51 12 34 7 37 32
61 23 36 27 57 37 58 69 64 73 29 16 30 70 45 14 15 47 38 87 58 70 71 32 24 64 0 16 76 37 23 94 72 79 72 61 69 56 69 29 36
63 33 45 35 55 24 60 61 59 82 17 23 19 76 54 30 12 49 28 90 50 59 66 16 34 58 16 0 91 29 27 100 87 88 88 70 67 59 64 31 26
79 63 58 81 88 103 80 113 100 56 98 82 96 67 55 62 90 75 99 82 107 124 106 104 77 103 76 91 0 96 88 78 4 53 5 57 99 70 103 74 98
42 33 39 63 30 12 38 32 31 70 13 51 11 59 45 46 41 30 3 70 21 33 37 21 61 29 37 29 96 0 56 82 93 76 95 58 39 42 36 22 4
84 46 59 9 80 51 81 88 86 96 44 7 46 93 68 31 15 70 55 110 77 86 93 42 12 85 23 27 88 56 0 117 84 101 84 84 92 79 91 52 53
40 71 58 118 54 94 44 72 61 24 94 110 92 24 49 88 109 53 85 13 76 89 61 102 114 65 94 100 78 82 117 0 77 25 81 33 53 41 59 69 86
77 60 54 77 85 100 78 110 97 54 94 78 93 65 52 58 86 72 96 80 104 121 103 100 73 100 72 87 4 93 84 77 0 52 4 54 97 68 100 71 95
39 56 43 99 53 88 43 77 64 6 85 94 83 20 34 70 94 46 79 29 76 93 67 93 95 68 79 88 53 76 101 25 52 0 56 18 59 34 65 58 80
80 62 57 76 89 102 81 114 101 58 96 78 95 69 56 58 86 76 98 84 107 124 107 102 72 104 72 88 5 95 84 81 4 56 0 58 100 71 104 73 97
24 38 25 85 36 70 27 61 48 12 67 77 65 11 16 55 76 28 61 29 59 76 52 75 81 51 61 70 57 58 84 33 54 18 58 0 44 17 50 40 62
20 52 46 96 13 50 19 19 9 53 52 85 50 39 45 71 78 26 41 40 23 36 8 60 93 12 69 67 99 39 92 53 97 59 100 44 0 29 6 41 43
9 33 22 81 19 54 10 44 31 28 53 72 51 17 17 52 68 12 45 31 42 59 36 61 77 34 56 59 70 42 79 41 68 34 71 17 29 0 33 28 46
26 53 48 96 15 46 23 13 5 59 48 84 46 45 48 71 76 28 37 46 18 30 3 56 93 7 69 64 103 36 91 59 100 65 104 50 6 33 0 41 39
32 12 17 56 28 31 29 45 36 52 27 45 25 45 25 30 40 18 25 59 36 52 43 35 53 37 29 31 74 22 52 69 71 58 73 40 41 28 41 0 24
46 35 41 60 34 8 42 35 34 74 9 48 7 63 49 45 38 34 2 74 24 34 40 17 59 32 36 26 98 4 53 86 95 80 97 62 43 46 39 24 0
0 774
315 711
131 495
211 651
156 584
157 350
240 508
181 421
276 684
335 552
325 688
381 598
342 668
135 505
198 510
220 669
208 610
316 657
136 573
275 436
259 611
94 478
159 423
154 482
105 494
366 715
402 707
45 271
72 228
45 473
24 251
123 310
268 705
340 539
145 431
85 428
54 244
358 771
205 493
353 774
244 442
