41
0 90 85 94 94 58 35 86 44 13 44 96 61 62 73 104 86 14 99 63 64 31 117 111 71 84 87 79 82 70 35 74 87 87 76 56 18 91 30 20 53
90 0 51 72 11 36 56 49 58 100 73 12 36 57 29 31 16 78 30 50 75 59 38 24 55 53 7 85 34 61 55 86 8 52 27 84 72 18 72 89 63
85 51 0 21 62 64 68 2 41 90 46 45 33 25 26 34 35 81 30 22 36 61 47 53 95 2 57 37 17 19 57 41 58 2 71 48 74 68 56 73 34
94 72 21 0 83 82 83 23 52 96 51 66 51 33 47 53 56 92 49 36 33 74 64 72 114 20 78 25 38 24 70 31 79 20 92 45 85 89 64 78 41
94 11 62 83 0 36 59 60 65 105 81 22 44 68 40 41 27 80 41 61 86 63 46 30 51 64 7 96 45 72 60 97 7 63 23 92 76 7 78 95 71
58 36 64 82 36 0 23 63 42 70 58 47 31 54 38 62 41 44 58 48 70 29 72 60 32 64 31 84 49 61 28 82 30 66 19 73 40 33 49 62 53
35 56 68 83 59 23 0 68 32 47 45 65 36 50 47 77 57 22 73 47 62 11 89 80 43 68 52 77 58 59 13 74 52 70 41 61 17 56 32 42 45
86 49 2 23 60 63 68 0 42 91 48 43 32 27 25 32 33 82 28 23 38 61 45 51 94 4 55 39 15 21 57 43 56 3 70 50 75 66 57 75 36
44 58 41 52 65 42 32 42 0 50 16 60 22 19 33 64 49 40 59 19 30 22 77 75 72 40 58 45 40 28 19 42 59 43 59 31 33 67 16 34 13
13 100 90 96 105 70 47 91 50 0 45 106 69 65 81 112 96 27 107 68 64 42 125 121 84 88 98 78 89 73 45 72 98 91 88 54 30 103 34 18 56
44 73 46 51 81 58 45 48 16 45 0 73 37 21 46 73 62 46 68 26 20 34 86 88 87 44 74 36 49 28 32 31 75 47 75 16 40 83 15 27 12
96 12 45 66 22 47 65 43 60 106 73 0 38 55 27 19 11 86 19 48 73 65 26 15 67 47 19 81 29 58 61 83 20 46 39 82 79 29 75 93 62
61 36 33 51 44 31 36 32 22 69 37 38 0 24 12 43 27 51 38 17 42 30 56 53 63 33 37 53 22 30 26 53 38 35 44 48 44 48 37 55 27
62 57 25 33 68 54 50 27 19 65 21 55 24 0 28 54 44 59 49 7 18 41 67 69 86 23 61 30 30 9 37 29 62 26 68 27 52 71 32 48 9
73 29 26 47 40 38 47 25 33 81 46 27 12 28 0 31 16 63 26 21 46 42 44 42 69 28 33 56 11 32 38 57 34 28 45 55 56 44 49 67 35
104 31 34 53 41 62 77 32 64 112 73 19 43 54 31 0 21 94 5 47 69 73 13 20 86 36 38 71 24 52 69 75 39 34 58 81 87 48 80 98 61
86 16 35 56 27 41 57 33 49 96 62 11 27 44 16 21 0 76 17 37 62 55 32 26 69 37 22 70 18 47 51 72 23 36 41 71 69 33 64 82 51
14 78 81 92 80 44 22 82 40 27 46 86 51 59 63 94 76 0 89 59 66 21 107 101 57 80 74 82 73 68 25 77 74 83 62 61 7 77 31 30 52
99 30 30 49 41 58 73 28 59 107 68 19 38 49 26 5 17 89 0 42 64 68 18 23 85 32 37 67 19 47 64 71 38 30 57 76 82 48 75 93 56
63 50 22 36 61 48 47 23 19 68 26 48 17 7 21 47 37 59 42 0 25 39 60 62 80 21 54 36 23 13 35 36 55 24 61 34 52 64 34 52 14
64 75 36 33 86 70 62 38 30 64 20 73 42 18 46 69 62 66 64 25 0 52 82 86 102 34 79 16 46 17 49 12 80 37 86 12 60 89 35 46 17
31 59 61 74 63 29 11 61 22 42 34 65 30 41 42 73 55 21 68 39 52 0 86 80 54 60 56 67 52 50 4 64 56 63 48 50 14 62 21 33 35
117 38 47 64 46 72 89 45 77 125 86 26 56 67 44 13 32 107 18 60 82 86 0 17 93 49 45 84 37 65 82 88 46 46 65 94 100 53 93 111 74
111 24 53 72 30 60 80 51 75 121 88 15 53 69 42 20 26 101 23 62 86 80 17 0 79 55 31 90 40 69 76 94 32 53 51 96 94 37 90 108 76
71 55 95 114 51 32 43 94 72 84 87 67 63 86 69 86 69 57 85 80 102 54 93 79 0 96 48 116 80 93 55 114 47 97 28 103 57 44 75 85 85
84 53 2 20 64 64 68 4 40 88 44 47 33 23 28 36 37 80 32 21 34 60 49 55 96 0 59 35 19 17 56 39 60 3 73 46 73 70 55 71 32
87 7 57 78 7 31 52 55 58 98 74 19 37 61 33 38 22 74 37 54 79 56 45 31 48 59 0 89 40 65 53 90 1 58 20 85 69 11 71 88 64
79 85 37 25 96 84 77 39 45 78 36 81 53 30 56 71 70 82 67 36 16 67 84 90 116 35 89 0 52 24 64 6 90 38 97 24 76 100 51 61 32
82 34 17 38 45 49 58 15 40 89 49 29 22 30 11 24 18 73 19 23 46 52 37 40 80 19 40 52 0 29 48 54 41 18 55 57 66 51 56 74 37
70 61 19 24 72 61 59 21 28 73 28 58 30 9 32 52 47 68 47 13 17 50 65 69 93 17 65 24 29 0 46 25 66 20 74 29 61 76 40 55 17
35 55 57 70 60 28 13 57 19 45 32 61 26 37 38 69 51 25 64 35 49 4 82 76 55 56 53 64 48 46 0 61 53 59 47 48 18 59 21 35 32
74 86 41 31 97 82 74 43 42 72 31 83 53 29 57 75 72 77 71 36 12 64 88 94 114 39 90 6 54 25 61 0 91 42 97 18 71 100 46 55 29
87 8 58 79 7 30 52 56 59 98 75 20 38 62 34 39 23 74 38 55 80 56 46 32 47 60 1 90 41 66 53 91 0 59 19 86 69 10 71 88 65
87 52 2 20 63 66 70 3 43 91 47 46 35 26 28 34 36 83 30 24 37 63 46 53 97 3 58 38 18 20 59 42 59 0 73 49 76 69 58 74 35
76 27 71 92 23 19 41 70 59 88 75 39 44 68 45 58 41 62 57 61 86 48 65 51 28 73 20 97 55 74 47 97 19 73 0 90 58 17 68 81 69
56 84 48 45 92 73 61 50 31 54 16 82 48 27 55 81 71 61 76 34 12 50 94 96 103 46 85 24 57 29 48 18 86 49 90 0 55 96 30 37 21
18 72 74 85 76 40 17 75 33 30 40 79 44 52 56 87 69 7 82 52 60 14 100 94 57 73 69 76 66 61 18 71 69 76 58 55 0 73 25 28 45
91 18 68 89 7 33 56 66 67 103 83 29 48 71 44 48 33 77 48 64 89 62 53 37 44 70 11 100 51 76 59 100 10 69 17 96 73 0 79 94 75
30 72 56 64 78 49 32 57 16 34 15 75 37 32 49 80 64 31 75 34 35 21 93 90 75 55 71 51 56 40 21 46 71 58 68 30 25 79 0 18 23
20 89 73 78 95 62 42 75 34 18 27 93 55 48 67 98 82 30 93 52 46 33 111 108 85 71 88 61 74 55 35 55 88 74 81 37 28 94 18 0 39
53 63 34 41 71 53 45 36 13 56 12 62 27 9 35 61 51 52 56 14 17 35 74 76 85 32 64 32 37 17 32 29 65 35 69 21 45 75 23 39 0
0 1095
584 848
31 339
13 179
255 494
14 126
645 834
193 341
146 307
220 416
575 867
31 241
534 841
522 683
85 406
789 1050
811 1012
594 772
673 847
849 1095
61 197
233 536
52 290
694 998
349 458
850 1085
244 544
68 394
628 854
277 408
581 727
748 962
371 658
654 885
412 684
287 613
509 727
689 981
730 960
791 1000
656 847
