41
0 50 95 79 48 66 44 23 62 78 60 78 46 21 76 55 54 75 26 72 82 65 8 57 10 47 67 23 18 65 54 40 18 69 44 29 77 40 34 34 60
50 0 48 52 66 45 30 63 29 57 24 34 6 29 39 52 60 48 33 22 32 54 52 73 60 23 50 36 65 39 4 33 52 38 36 55 36 36 33 18 26
95 48 0 82 91 48 56 111 66 91 37 18 50 74 64 69 80 79 81 26 18 93 98 93 104 50 53 84 111 75 46 79 89 70 62 103 22 64 81 66 63
79 52 82 0 115 97 81 77 23 10 76 78 58 68 18 103 112 4 54 61 64 23 75 124 89 75 102 56 85 14 50 39 92 14 88 63 83 87 45 53 26
48 66 91 115 0 44 38 71 93 118 56 74 60 49 105 23 12 111 66 78 87 106 56 9 47 45 40 66 64 101 70 80 30 102 31 77 69 30 75 62 90
66 45 48 97 44 0 22 88 74 102 21 32 39 49 82 21 32 93 66 44 49 97 72 45 70 24 5 68 84 84 47 74 53 83 22 86 26 26 71 53 71
44 30 56 81 38 22 0 66 58 86 19 38 24 27 69 22 31 77 44 41 50 78 50 44 50 7 25 46 62 68 34 53 34 67 7 64 36 8 50 32 55
23 63 111 77 71 88 66 0 63 72 79 96 62 39 77 78 77 73 30 85 95 56 16 80 26 66 90 27 10 65 66 41 41 70 67 14 96 63 36 45 63
62 29 66 23 93 74 58 63 0 28 53 58 35 46 14 80 89 19 36 41 48 27 58 101 72 52 79 39 70 10 27 22 71 9 65 51 62 64 28 31 3
78 57 91 10 118 102 86 72 28 0 81 86 63 69 27 108 116 12 53 69 73 16 74 127 88 80 107 55 81 18 55 38 92 22 93 58 90 92 44 56 31
60 24 37 76 56 21 19 79 53 81 0 19 21 40 61 35 46 72 52 24 32 78 64 59 67 13 26 55 77 63 26 56 52 62 25 74 17 27 55 37 50
78 34 18 78 74 32 38 96 58 86 19 0 34 57 60 52 63 74 66 17 17 85 81 76 86 32 37 69 94 68 33 67 71 64 44 88 6 46 67 51 55
46 6 50 58 60 39 24 62 35 63 21 34 0 25 45 46 54 54 32 26 36 58 49 67 56 17 44 35 62 45 10 35 46 44 30 54 35 30 34 17 32
21 29 74 68 49 49 27 39 46 69 40 57 25 0 59 45 49 64 18 51 61 57 24 58 31 27 52 19 37 54 33 31 25 55 30 37 57 27 26 15 43
76 39 64 18 105 82 69 77 14 27 61 60 45 59 0 91 99 15 50 43 46 33 72 112 86 62 87 53 84 14 35 36 84 8 75 65 65 75 42 44 16
55 52 69 103 23 21 22 78 80 108 35 52 46 45 91 0 11 99 63 59 67 100 63 24 56 29 18 64 73 90 56 74 38 89 16 81 47 18 70 54 77
54 60 80 112 12 32 31 77 89 116 46 63 54 49 99 11 0 108 67 70 78 106 62 13 54 38 28 67 71 99 64 80 36 98 24 82 58 25 75 60 86
75 48 79 4 111 93 77 73 19 12 72 74 54 64 15 99 108 0 50 57 61 21 71 120 85 71 98 52 81 10 46 35 88 10 84 60 79 83 41 49 22
26 33 81 54 66 66 44 30 36 53 52 66 32 18 50 63 67 50 0 55 65 40 22 75 36 42 69 3 34 40 36 15 39 44 48 22 67 45 9 15 34
72 22 26 61 78 44 41 85 41 69 24 17 26 51 43 59 70 57 55 0 10 68 74 83 82 34 49 58 87 51 20 53 71 47 47 77 22 49 55 40 38
82 32 18 64 87 49 50 95 48 73 32 17 36 61 46 67 78 61 65 10 0 75 84 91 92 43 54 68 97 57 30 62 81 52 56 87 23 58 65 50 45
65 54 93 23 106 97 78 56 27 16 78 85 58 57 33 100 106 21 40 68 75 0 59 115 74 74 102 42 65 19 53 26 79 25 84 42 89 82 31 46 30
8 52 98 75 56 72 50 16 58 74 64 81 49 24 72 63 62 71 22 74 84 59 0 65 15 51 74 19 13 61 55 36 26 65 51 21 81 47 30 34 56
57 73 93 124 9 45 44 80 101 127 59 76 67 58 112 24 13 120 75 83 91 115 65 0 56 51 41 75 73 110 77 89 39 110 37 86 71 37 84 71 98
10 60 104 89 47 70 50 26 72 88 67 86 56 31 86 56 54 85 36 82 92 74 15 56 0 54 71 33 17 75 64 50 18 79 48 35 84 44 44 44 70
47 23 50 75 45 24 7 66 52 80 13 32 17 27 62 29 38 71 42 34 43 74 51 51 54 0 28 45 64 62 27 50 39 61 14 64 30 15 47 29 49
67 50 53 102 40 5 25 90 79 107 26 37 44 52 87 18 28 98 69 49 54 102 74 41 71 28 0 71 85 89 52 78 53 88 23 89 31 27 75 57 76
23 36 84 56 66 68 46 27 39 55 55 69 35 19 53 64 67 52 3 58 68 42 19 75 33 45 71 0 31 42 39 17 38 46 49 20 70 46 11 18 37
18 65 111 85 64 84 62 10 70 81 77 94 62 37 84 73 71 81 34 87 97 65 13 73 17 64 85 31 0 73 68 48 35 77 62 23 94 58 42 47 68
65 39 75 14 101 84 68 65 10 18 63 68 45 54 14 90 99 10 40 51 57 19 61 110 75 62 89 42 73 0 37 25 78 6 75 52 72 74 31 39 13
54 4 46 50 70 47 34 66 27 55 26 33 10 33 35 56 64 46 36 20 30 53 55 77 64 27 52 39 68 37 0 34 56 36 40 58 36 40 35 21 24
40 33 79 39 80 74 53 41 22 38 56 67 35 31 36 74 80 35 15 53 62 26 36 89 50 50 78 17 48 25 34 0 54 29 59 29 69 56 6 21 22
18 52 89 92 30 53 34 41 71 92 52 71 46 25 84 38 36 88 39 71 81 79 26 39 18 39 53 38 35 78 56 54 0 80 31 47 69 27 48 40 68
69 38 70 14 102 83 67 70 9 22 62 64 44 55 8 89 98 10 44 47 52 25 65 110 79 61 88 46 77 6 36 29 80 0 74 57 69 73 35 40 12
44 36 62 88 31 22 7 67 65 93 25 44 30 30 75 16 24 84 48 47 56 84 51 37 48 14 23 49 62 75 40 59 31 74 0 67 40 4 55 38 62
29 55 103 63 77 86 64 14 51 58 74 88 54 37 65 81 82 60 22 77 87 42 21 86 35 64 89 20 23 52 58 29 47 57 67 0 89 63 24 37 51
77 36 22 83 69 26 36 96 62 90 17 6 35 57 65 47 58 79 67 22 23 89 81 71 84 30 31 70 94 72 36 69 69 69 40 89 0 44 69 52 59
40 36 64 87 30 26 8 63 64 92 27 46 30 27 75 18 25 83 45 49 58 82 47 37 44 15 27 46 58 74 40 56 27 73 4 63 44 0 52 36 61
34 33 81 45 75 71 50 36 28 44 55 67 34 26 42 70 75 41 9 55 65 31 30 84 44 47 75 11 42 31 35 6 48 35 55 24 69 52 0 18 27
34 18 66 53 62 53 32 45 31 56 37 51 17 15 44 54 60 49 15 40 50 46 34 71 44 29 57 18 47 39 21 21 40 40 38 37 52 36 18 0 28
60 26 63 26 90 71 55 63 3 31 50 55 32 43 16 77 86 22 34 38 45 30 56 98 70 49 76 37 68 13 24 22 68 12 62 51 59 61 27 28 0
0 894
227 453
201 393
497 786
78 318
411 572
228 582
34 180
199 408
320 684
517 695
24 361
211 468
268 659
153 357
325 719
166 352
517 848
457 773
556 890
329 712
447 592
423 679
382 772
500 828
551 827
61 436
211 426
325 550
279 464
610 800
519 823
179 400
610 750
361 512
162 385
169 345
318 577
429 646
15 264
623 894
