41
0 44 35 3 29 40 28 53 24 26 72 75 45 20 39 63 21 28 41 54 39 15 43 13 40 25 32 30 30 45 56 36 37 8 68 25 17 58 29 12 36
44 0 74 41 38 5 70 57 67 25 104 66 41 29 71 84 31 26 40 32 49 52 82 48 81 26 41 53 32 88 40 65 70 36 108 69 34 26 38 49 57
35 74 0 36 64 71 40 86 14 61 83 110 80 55 14 86 43 50 76 89 72 22 8 26 50 60 66 61 46 24 91 61 57 41 74 32 40 78 64 43 66
3 41 36 0 30 37 31 55 26 25 75 76 46 19 38 66 18 25 42 53 41 14 44 11 43 24 33 33 27 47 55 39 40 5 71 28 14 55 30 15 39
29 38 64 30 0 33 40 25 52 13 66 46 16 15 68 46 40 44 12 30 11 44 72 41 48 13 3 15 49 69 28 27 33 27 71 43 38 63 0 22 19
40 5 71 37 33 0 65 52 63 20 99 62 37 24 69 79 29 26 35 29 44 49 79 45 76 21 36 48 32 84 36 60 65 32 103 64 31 31 33 44 52
28 70 40 31 40 65 0 54 26 47 45 79 55 41 52 46 49 56 51 70 42 35 47 36 12 46 39 28 58 33 68 22 17 36 40 8 45 86 40 21 31
53 57 86 55 25 52 54 0 73 36 63 25 16 40 92 35 65 68 17 33 14 68 94 66 56 37 22 27 74 87 25 33 39 52 74 60 63 83 25 43 23
24 67 14 26 52 63 26 73 0 50 70 98 68 44 26 72 38 45 64 78 59 16 22 20 37 49 53 47 44 21 80 47 43 31 62 18 34 75 52 30 52
26 25 61 25 13 20 47 36 50 0 79 53 23 6 63 59 30 32 20 28 24 39 69 36 57 1 16 28 38 71 30 40 45 20 83 47 29 50 13 26 32
72 104 83 75 66 99 45 63 70 79 0 84 74 76 96 30 93 100 72 92 60 80 88 81 33 78 63 51 102 67 87 39 35 77 17 52 89 127 66 60 47
75 66 110 76 46 62 79 25 98 53 84 0 30 59 114 54 83 85 34 35 39 90 118 87 81 54 45 52 91 112 26 58 64 72 97 85 82 92 46 68 48
45 41 80 46 16 37 55 16 68 23 74 30 0 29 84 49 53 55 4 18 15 60 88 57 61 24 16 28 61 85 13 38 44 42 82 59 52 67 16 38 28
20 29 55 19 15 24 41 40 44 6 76 59 29 0 57 60 25 29 25 34 26 33 63 30 52 5 18 26 34 65 36 37 41 14 79 41 23 51 15 20 32
39 71 14 38 68 69 52 92 26 63 96 114 84 57 0 98 40 45 80 91 78 24 16 28 63 62 71 68 40 38 93 72 69 43 88 44 38 71 68 50 74
63 84 86 66 46 79 46 35 72 59 30 54 49 60 98 0 82 88 47 67 36 77 93 76 41 59 43 34 91 77 60 27 29 66 44 54 78 109 46 51 28
21 31 43 18 40 29 49 65 38 30 93 83 53 25 40 82 0 7 50 54 51 22 51 18 61 29 43 48 9 59 59 57 58 16 89 46 4 37 40 33 54
28 26 50 25 44 26 56 68 45 32 100 85 55 29 45 88 7 0 52 54 55 29 57 25 68 31 47 54 6 66 60 64 65 23 96 53 11 30 44 40 60
41 40 76 42 12 35 51 17 64 20 72 34 4 25 80 47 50 52 0 21 12 56 84 53 58 21 12 24 58 81 17 35 41 38 79 55 48 66 12 34 25
54 32 89 53 30 29 70 33 78 28 92 35 18 34 91 67 54 54 21 0 33 67 97 64 78 29 32 45 60 99 9 56 62 48 100 73 55 58 30 52 46
39 49 72 41 11 44 42 14 59 24 60 39 15 26 78 36 51 55 12 33 0 54 80 52 46 24 8 14 60 74 28 23 29 38 67 47 49 74 11 29 13
15 52 22 14 44 49 35 68 16 39 80 90 60 33 24 77 22 29 56 67 54 0 30 4 47 38 47 44 28 37 69 50 48 19 75 29 18 59 44 26 50
43 82 8 44 72 79 47 94 22 69 88 118 88 63 16 93 51 57 84 97 80 30 0 34 55 68 74 69 53 24 99 68 64 49 77 39 48 85 72 51 74
13 48 26 11 41 45 36 66 20 36 81 87 57 30 28 76 18 25 53 64 52 4 34 0 48 35 44 43 25 41 66 49 48 16 76 30 14 55 41 25 49
40 81 50 43 48 76 12 56 37 57 33 81 61 52 63 41 61 68 58 78 46 47 55 48 0 56 47 34 70 36 74 23 17 48 28 19 57 98 48 33 33
25 26 60 24 13 21 46 37 49 1 78 54 24 5 62 59 29 31 21 29 24 38 68 35 56 0 16 27 37 70 31 39 44 19 82 46 28 50 13 25 32
32 41 66 33 3 36 39 22 53 16 63 45 16 18 71 43 43 47 12 32 8 47 74 44 47 16 0 13 52 70 29 25 31 30 69 43 41 66 3 23 16
30 53 61 33 15 48 28 27 47 28 51 52 28 26 68 34 48 54 24 45 14 44 69 43 34 27 13 0 57 60 41 12 18 32 56 33 44 77 15 18 6
30 32 46 27 49 32 58 74 44 38 102 91 61 34 40 91 9 6 58 60 60 28 53 25 70 37 52 57 0 65 66 66 67 25 98 55 13 32 49 42 63
45 88 24 47 69 84 33 87 21 71 67 112 85 65 38 77 59 66 81 99 74 37 24 41 36 70 70 60 65 0 97 55 50 52 54 27 55 96 69 47 64
56 40 91 55 28 36 68 25 80 30 87 26 13 36 93 60 59 60 17 9 28 69 99 66 74 31 29 41 66 97 0 51 57 50 95 71 59 66 28 50 41
36 65 61 39 27 60 22 33 47 40 39 58 38 37 72 27 57 64 35 56 23 50 68 49 23 39 25 12 66 55 51 0 6 41 44 29 53 88 27 24 10
37 70 57 40 33 65 17 39 43 45 35 64 44 41 69 29 58 65 41 62 29 48 64 48 17 44 31 18 67 50 57 6 0 42 38 25 54 92 33 25 16
8 36 41 5 27 32 36 52 31 20 77 72 42 14 43 66 16 23 38 48 38 19 49 16 48 19 30 32 25 52 50 41 42 0 76 33 12 51 27 17 38
68 108 74 71 71 103 40 74 62 83 17 97 82 79 88 44 89 96 79 100 67 75 77 76 28 82 69 56 98 54 95 44 38 76 0 46 85 126 71 60 54
25 69 32 28 43 64 8 60 18 47 52 85 59 41 44 54 46 53 55 73 47 29 39 30 19 46 43 33 55 27 71 29 25 33 46 0 42 83 43 21 37
17 34 40 14 38 31 45 63 34 29 89 82 52 23 38 78 4 11 48 55 49 18 48 14 57 28 41 44 13 55 59 53 54 12 85 42 0 41 38 29 50
58 26 78 55 63 31 86 83 75 50 127 92 67 51 71 109 37 30 66 58 74 59 85 55 98 50 66 77 32 96 66 88 92 51 126 83 41 0 63 68 82
29 38 64 30 0 33 40 25 52 13 66 46 16 15 68 46 40 44 12 30 11 44 72 41 48 13 3 15 49 69 28 27 33 27 71 43 38 63 0 22 19
12 49 43 15 22 44 21 43 30 26 60 68 38 20 50 51 33 40 34 52 29 26 51 25 33 25 23 18 42 47 50 24 25 17 60 21 29 68 22 0 24
36 57 66 39 19 52 31 23 52 32 47 48 28 32 74 28 54 60 25 46 13 50 74 49 33 32 16 6 63 64 41 10 16 38 54 37 50 82 19 24 0
0 894
194 390
163 455
573 739
30 358
113 358
16 403
330 674
5 209
264 440
562 782
399 719
337 556
353 674
266 573
360 639
289 552
523 800
114 474
341 733
59 332
598 894
601 894
174 457
3 255
530 744
277 542
317 585
374 640
307 591
119 460
429 591
440 814
185 383
555 851
368 504
486 718
419 633
213 506
588 894
111 462
