41
0 15 2 21 86 57 88 24 35 81 89 51 93 60 68 53 75 99 90 10 83 19 19 70 97 23 70 87 110 35 98 76 100 98 69 79 55 1 57 25 56
15 0 15 6 82 43 73 18 29 66 79 41 95 58 61 55 60 84 75 5 68 4 12 55 88 26 68 91 103 21 89 62 93 91 62 65 40 16 42 10 41
2 15 0 21 88 57 88 25 36 81 89 52 95 62 69 55 75 99 90 10 83 18 19 70 98 25 72 89 111 35 99 76 101 99 70 79 55 3 57 25 56
21 6 21 0 79 37 67 16 25 60 73 35 93 56 56 54 55 78 70 11 62 6 12 49 82 27 65 90 98 15 83 56 88 86 57 59 34 22 36 5 36
86 82 88 79 0 56 73 64 54 72 38 49 29 26 27 39 92 70 92 81 72 85 70 61 35 63 16 42 35 68 36 55 24 23 26 59 63 85 72 82 80
57 43 57 37 56 0 33 34 27 27 37 11 80 45 29 54 38 42 45 47 28 43 39 13 47 45 50 84 65 22 48 19 57 55 30 22 7 56 16 36 24
88 73 88 67 73 33 0 67 60 8 37 44 102 73 50 85 30 13 22 78 5 72 71 20 46 78 73 109 64 53 47 19 62 60 49 15 33 88 32 64 36
24 18 25 16 64 34 67 0 11 60 65 27 77 40 44 38 62 76 75 17 62 21 6 47 73 13 50 74 86 17 74 53 76 74 45 56 34 23 40 21 43
35 29 36 25 54 27 60 11 0 54 54 18 68 31 33 33 60 69 71 28 55 31 17 40 62 18 40 68 75 18 63 45 65 63 34 49 30 34 37 28 42
81 66 81 60 72 27 8 60 54 0 39 38 101 69 48 80 23 21 20 71 3 64 64 14 49 72 72 108 68 46 50 17 64 62 48 14 26 81 24 56 28
89 79 89 73 38 37 37 65 54 39 0 38 67 48 24 63 62 32 58 81 37 79 70 32 10 71 44 79 29 58 11 23 25 23 23 25 43 88 50 73 57
51 41 52 35 49 11 44 27 18 38 38 0 70 35 22 43 48 51 56 43 39 41 33 24 47 36 40 74 63 21 48 27 54 52 23 31 16 50 25 36 33
93 95 95 93 29 80 102 77 68 101 67 70 0 37 53 40 118 99 121 93 100 98 83 88 64 70 30 16 60 85 65 84 51 51 53 87 86 92 95 96 103
60 58 62 56 26 45 73 40 31 69 48 35 37 0 24 15 83 75 89 57 70 61 46 55 50 37 10 39 57 48 51 54 46 45 25 58 51 59 60 59 68
68 61 69 56 27 29 50 44 33 48 24 22 53 24 0 39 66 51 68 61 48 62 50 35 29 48 24 60 42 43 30 31 32 30 1 35 36 67 45 58 53
53 55 55 54 39 54 85 38 33 80 63 43 40 15 39 0 91 89 99 53 81 59 43 66 65 30 23 36 72 51 66 66 61 60 40 70 59 52 68 59 74
75 60 75 55 92 38 30 62 60 23 62 48 118 83 66 91 0 43 17 65 26 58 63 31 72 75 88 122 91 45 73 39 87 85 66 37 32 76 23 50 19
99 84 99 78 70 42 13 76 69 21 32 51 99 75 51 89 43 0 32 89 18 84 81 29 39 87 75 111 56 64 40 24 55 53 51 20 44 98 45 76 49
90 75 90 70 92 45 22 75 71 20 58 56 121 89 68 99 17 32 0 80 21 73 76 34 68 88 92 128 86 58 69 37 83 81 68 34 41 91 35 65 34
10 5 10 11 81 47 78 17 28 71 81 43 93 57 61 53 65 89 80 0 73 9 11 60 90 23 67 88 103 25 91 66 93 91 62 69 45 11 47 15 46
83 68 83 62 72 28 5 62 55 3 37 39 100 70 48 81 26 18 21 73 0 67 66 15 47 73 72 108 66 48 48 17 62 60 48 13 28 83 27 59 31
19 4 18 6 85 43 72 21 31 64 79 41 98 61 62 59 58 84 73 9 67 0 16 55 88 30 71 95 104 21 89 62 94 92 63 65 40 20 40 8 39
19 12 19 12 70 39 71 6 17 64 70 33 83 46 50 43 63 81 76 11 66 16 0 52 79 15 56 79 92 18 80 58 82 80 51 61 38 18 41 17 44
70 55 70 49 61 13 20 47 40 14 32 24 88 55 35 66 31 29 34 60 15 55 52 0 42 58 58 94 61 35 43 9 56 54 35 10 15 69 18 47 25
97 88 98 82 35 47 46 73 62 49 10 47 64 50 29 65 72 39 68 90 47 88 79 42 0 77 45 77 19 67 1 33 16 14 28 35 53 96 60 82 67
23 26 25 27 63 45 78 13 18 72 71 36 70 37 48 30 75 87 88 23 73 30 15 58 77 0 47 65 90 30 78 63 79 77 49 67 47 22 53 32 56
70 68 72 65 16 50 73 50 40 72 44 40 30 10 24 23 88 75 92 67 72 71 56 58 45 47 0 36 49 57 46 55 38 37 24 59 56 69 65 68 73
87 91 89 90 42 84 109 74 68 108 79 74 16 39 60 36 122 111 128 88 108 95 79 94 77 65 36 0 75 86 78 91 65 65 60 95 90 86 99 95 107
110 103 111 98 35 65 64 86 75 68 29 63 60 57 42 72 91 56 86 103 66 104 92 61 19 90 49 75 0 84 18 52 11 13 41 54 72 109 79 99 86
35 21 35 15 68 22 53 17 18 46 58 21 85 48 43 51 45 64 58 25 48 21 18 35 67 30 57 86 84 0 68 41 75 73 44 44 20 35 23 15 26
98 89 99 83 36 48 47 74 63 50 11 48 65 51 30 66 73 40 69 91 48 89 80 43 1 78 46 78 18 68 0 34 16 14 29 36 54 97 61 83 68
76 62 76 56 55 19 19 53 45 17 23 27 84 54 31 66 39 24 37 66 17 62 58 9 33 63 55 91 52 41 34 0 48 46 31 4 23 75 27 55 34
100 93 101 88 24 57 62 76 65 64 25 54 51 46 32 61 87 55 83 93 62 94 82 56 16 79 38 65 11 75 16 48 0 2 31 50 64 99 72 90 80
98 91 99 86 23 55 60 74 63 62 23 52 51 45 30 60 85 53 81 91 60 92 80 54 14 77 37 65 13 73 14 46 2 0 29 48 62 97 70 88 78
69 62 70 57 26 30 49 45 34 48 23 23 53 25 1 40 66 51 68 62 48 63 51 35 28 49 24 60 41 44 29 31 31 29 0 35 37 68 46 59 54
79 65 79 59 59 22 15 56 49 14 25 31 87 58 35 70 37 20 34 69 13 65 61 10 35 67 59 95 54 44 36 4 50 48 35 0 25 78 28 57 35
55 40 55 34 63 7 33 34 30 26 43 16 86 51 36 59 32 44 41 45 28 40 38 15 53 47 56 90 72 20 54 23 64 62 37 25 0 55 9 32 17
1 16 3 22 85 56 88 23 34 81 88 50 92 59 67 52 76 98 91 11 83 20 18 69 96 22 69 86 109 35 97 75 99 97 68 78 55 0 57 26 57
57 42 57 36 72 16 32 40 37 24 50 25 95 60 45 68 23 45 35 47 27 40 41 18 60 53 65 99 79 23 61 27 72 70 46 28 9 57 0 32 8
25 10 25 5 82 36 64 21 28 56 73 36 96 59 58 59 50 76 65 15 59 8 17 47 82 32 68 95 99 15 83 55 90 88 59 57 32 26 32 0 31
56 41 56 36 80 24 36 43 42 28 57 33 103 68 53 74 19 49 34 46 31 39 44 25 67 56 73 107 86 26 68 34 80 78 54 35 17 57 8 31 0
0 1549
363 463
1388 1547
57 178
1195 1312
537 634
764 877
484 701
1189 1351
492 576
1180 1338
692 911
119 232
1033 1259
1391 1500
321 518
420 559
212 300
1251 1367
779 891
548 707
901 1050
1101 1272
279 507
120 203
708 858
1366 1549
383 597
1241 1402
821 904
868 1074
400 499
1114 1224
203 389
451 556
1181 1397
942 1172
1164 1346
458 676
740 902
1276 1454
