41
0 37 12 17 33 52 42 61 15 36 35 52 60 64 68 43 24 72 10 29 28 30 68 66 55 39 60 42 25 4 51 49 24 28 9 68 43 5 51 68 34
37 0 45 31 70 43 31 66 38 69 21 86 56 90 75 80 44 46 30 14 65 28 85 87 92 17 91 41 56 35 88 78 14 9 43 76 22 35 81 92 26
12 45 0 18 26 51 54 53 11 24 47 41 56 52 60 37 17 73 22 35 24 31 57 55 50 43 48 39 29 16 46 37 31 38 3 59 46 11 39 56 35
17 31 18 0 44 35 50 46 8 39 40 58 43 59 54 55 13 55 22 18 42 13 57 57 68 25 60 25 42 19 64 47 17 25 17 54 28 12 50 61 17
33 70 26 44 0 76 70 73 37 21 66 25 80 55 78 11 41 99 41 61 6 57 68 62 24 69 43 64 23 35 20 40 56 61 28 77 72 35 40 59 61
52 43 51 35 76 0 72 28 40 63 62 82 14 66 37 86 35 29 55 32 75 22 52 57 99 26 73 12 77 54 96 60 39 44 50 38 21 47 63 66 20
42 31 54 50 70 72 0 93 54 78 10 94 85 106 102 79 63 77 32 40 64 54 107 107 87 48 102 68 49 38 83 91 36 28 51 103 53 45 93 110 53
61 66 53 46 73 28 93 0 46 54 83 70 17 43 9 82 37 54 68 53 74 39 25 32 94 51 56 25 82 64 92 43 57 65 55 10 48 56 46 41 40
15 38 11 8 37 40 54 46 0 31 45 50 46 54 53 48 9 62 23 26 35 20 53 53 61 33 53 29 37 18 57 40 24 32 10 53 36 10 43 57 24
36 69 24 39 21 63 78 54 31 0 71 19 64 34 58 28 29 90 46 57 25 49 47 41 40 64 25 51 40 40 38 19 55 62 27 57 65 35 19 38 53
35 21 47 40 66 62 10 83 45 71 0 87 75 99 92 75 53 67 25 30 60 44 97 97 85 38 95 58 47 31 81 84 26 18 44 93 43 37 86 101 43
52 86 41 58 25 82 94 70 50 19 87 0 81 38 71 23 48 109 62 76 31 68 56 49 30 83 22 70 48 56 31 27 72 79 44 69 84 52 25 42 72
60 56 56 43 80 14 85 17 46 64 75 81 0 59 24 90 39 37 65 45 79 33 42 49 103 39 69 18 83 62 100 56 51 57 56 26 35 55 59 58 32
64 90 52 59 55 66 106 43 54 34 99 38 59 0 40 59 46 95 74 77 59 64 20 12 68 79 16 57 74 68 68 15 76 84 55 38 79 63 15 4 67
68 75 60 54 78 37 102 9 53 58 92 71 24 40 0 86 44 61 76 62 80 48 20 28 98 60 55 34 89 71 96 44 66 74 62 2 57 63 47 37 49
43 80 37 55 11 86 79 82 48 28 75 23 90 59 86 0 51 110 50 72 15 68 74 67 13 80 45 74 30 45 10 45 67 71 39 85 83 46 44 63 72
24 44 17 13 41 35 63 37 9 29 53 48 39 46 44 51 0 61 32 31 40 20 44 44 64 35 47 23 45 27 61 34 30 38 18 44 36 19 37 48 24
72 46 73 55 99 29 77 54 62 90 67 109 37 95 61 110 61 0 70 43 97 42 79 86 123 33 102 40 96 72 119 89 50 53 72 63 29 67 92 95 38
10 30 22 22 41 55 32 68 23 46 25 62 65 74 76 50 32 70 0 27 35 33 76 76 62 37 70 47 26 6 58 59 20 21 19 76 41 13 61 78 36
29 14 35 18 61 32 40 53 26 57 30 76 45 77 62 72 31 43 27 0 57 14 71 73 84 10 78 28 53 29 80 65 7 12 33 63 14 26 68 79 13
28 65 24 42 6 75 64 74 35 25 60 31 79 59 80 15 40 97 35 57 0 55 71 66 27 66 48 63 17 30 23 44 52 56 25 78 70 31 44 63 59
30 28 31 13 57 22 54 39 20 49 44 68 33 64 48 68 20 42 33 14 55 0 57 59 81 15 66 15 55 32 77 53 18 26 30 49 16 25 56 65 4
68 85 57 57 68 52 107 25 53 47 97 56 42 20 20 74 44 79 76 71 71 57 0 8 84 71 36 45 84 71 84 29 73 81 60 18 69 63 31 17 59
66 87 55 57 62 57 107 32 53 41 97 49 49 12 28 67 44 86 76 73 66 59 8 0 77 74 28 49 80 70 77 22 74 82 57 26 73 63 24 9 62
55 92 50 68 24 99 87 94 61 40 85 30 103 68 98 13 64 123 62 84 27 81 84 77 0 93 52 87 38 57 4 55 79 83 52 96 96 58 54 72 85
39 17 43 25 69 26 48 51 33 64 38 83 39 79 60 80 35 33 37 10 66 15 71 74 93 0 81 26 63 39 89 68 17 20 42 61 5 35 71 80 12
60 91 48 60 43 73 102 56 53 25 95 22 69 16 55 45 47 102 70 78 48 66 36 28 52 81 0 62 65 64 53 13 77 85 51 53 82 59 10 20 70
42 41 39 25 64 12 68 25 29 51 58 70 18 57 34 74 23 40 47 28 63 15 45 49 87 26 62 0 66 44 84 49 33 40 39 35 24 37 52 57 15
25 56 29 42 23 77 49 82 37 40 47 48 83 74 89 30 45 96 26 53 17 55 84 80 38 63 65 66 0 24 34 59 46 47 27 88 67 30 59 78 59
4 35 16 19 35 54 38 64 18 40 31 56 62 68 71 45 27 72 6 29 30 32 71 70 57 39 64 44 24 0 53 53 22 26 13 71 43 8 55 72 35
51 88 46 64 20 96 83 92 57 38 81 31 100 68 96 10 61 119 58 80 23 77 84 77 4 89 53 84 34 53 0 55 75 79 48 95 92 54 54 72 81
49 78 37 47 40 60 91 43 40 19 84 27 56 15 44 45 34 89 59 65 44 53 29 22 55 68 13 49 59 53 55 0 64 72 40 42 69 48 3 19 57
24 14 31 17 56 39 36 57 24 55 26 72 51 76 66 67 30 50 20 7 52 18 73 74 79 17 77 33 46 22 75 64 0 8 29 67 21 21 67 78 19
28 9 38 25 61 44 28 65 32 62 18 79 57 84 74 71 38 53 21 12 56 26 81 82 83 20 85 40 47 26 79 72 8 0 35 75 25 27 75 86 25
9 43 3 17 28 50 51 55 10 27 44 44 56 55 62 39 18 72 19 33 25 30 60 57 52 42 51 39 27 13 48 40 29 35 0 61 45 8 42 59 34
68 76 59 54 77 38 103 10 53 57 93 69 26 38 2 85 44 63 76 63 78 49 18 26 96 61 53 35 88 71 95 42 67 75 61 0 58 63 45 35 50
43 22 46 28 72 21 53 48 36 65 43 84 35 79 57 83 36 29 41 14 70 16 69 73 96 5 82 24 67 43 92 69 21 25 45 58 0 39 72 80 12
5 35 11 12 35 47 45 56 10 35 37 52 55 63 63 46 19 67 13 26 31 25 63 63 58 35 59 37 30 8 54 48 21 27 8 63 39 0 50 66 29
51 81 39 50 40 63 93 46 43 19 86 25 59 15 47 44 37 92 61 68 44 56 31 24 54 71 10 52 59 55 54 3 67 75 42 45 72 50 0 19 60
68 92 56 61 59 66 110 41 57 38 101 42 58 4 37 63 48 95 78 79 63 65 17 9 72 80 20 57 78 72 72 19 78 86 59 35 80 66 19 0 69
34 26 35 17 61 20 53 40 24 53 43 72 32 67 49 72 24 38 36 13 59 4 59 62 85 12 70 15 59 35 81 57 19 25 34 50 12 29 60 69 0
0 1095
794 911
187 363
773 984
724 951
650 872
271 475
517 767
56 269
837 1095
111 418
564 695
160 303
505 719
250 376
675 868
768 932
320 555
388 509
155 282
494 709
678 880
39 344
325 542
404 718
622 942
516 672
753 1014
831 1095
526 646
826 1023
134 344
446 588
269 472
285 453
738 1030
299 495
86 310
691 843
172 384
327 633
