41
0 16 49 24 48 35 37 23 53 39 61 50 53 6 68 74 64 45 55 31 47 46 10 4 12 17 37 40 53 52 44 13 20 37 46 34 58 65 40 30 20
16 0 44 15 54 35 27 36 41 26 71 44 66 20 56 76 55 61 53 17 31 34 8 14 6 16 43 49 68 58 41 12 16 30 44 36 74 52 40 44 5
49 44 0 29 36 79 69 72 22 28 57 4 63 55 31 39 18 77 15 55 45 20 42 51 50 32 32 39 71 40 7 37 30 74 88 22 92 37 17 79 39
24 15 29 0 44 50 40 47 29 16 63 29 62 30 44 62 41 64 38 28 29 22 14 24 21 9 34 41 66 48 26 11 6 45 59 25 79 42 27 54 10
48 54 36 44 0 82 81 62 57 55 21 40 29 53 67 30 53 51 25 70 71 52 47 51 56 38 11 9 39 4 29 42 40 83 93 19 66 73 20 65 52
35 35 79 50 82 0 21 29 74 59 94 79 83 30 89 108 90 65 87 32 56 69 38 31 29 48 71 75 81 86 75 43 49 14 11 68 73 82 72 35 40
37 27 69 40 81 21 0 44 58 43 97 67 90 36 73 102 75 79 78 14 36 53 34 33 25 43 70 75 90 85 66 39 42 8 23 63 88 63 66 52 30
23 36 72 47 62 29 44 0 76 62 70 73 56 17 91 92 87 36 75 47 67 69 33 23 30 40 53 54 52 66 67 36 43 40 40 54 44 88 60 8 41
53 41 22 29 57 74 58 76 0 15 78 18 82 59 15 61 18 92 37 44 26 7 43 53 47 37 51 58 90 61 28 40 33 65 80 40 107 16 37 83 36
39 26 28 16 55 59 43 62 15 0 75 25 77 45 30 66 32 80 42 29 17 10 29 39 32 25 47 54 82 59 30 27 22 50 65 36 95 26 36 69 21
61 71 57 63 21 94 97 70 78 75 0 61 18 64 88 38 73 46 44 88 91 73 63 65 72 56 29 22 28 17 50 59 58 98 105 39 58 94 41 70 70
50 44 4 29 40 79 67 73 18 25 61 0 67 56 27 43 15 81 19 53 41 16 42 51 50 33 36 43 75 44 11 37 30 73 88 26 96 33 21 80 39
53 66 63 62 29 83 90 56 82 77 18 67 0 54 94 55 81 28 54 83 91 76 58 57 65 53 31 24 10 28 56 55 56 88 94 42 40 98 46 55 66
6 20 55 30 53 30 36 17 59 45 64 56 54 0 74 80 70 43 61 33 51 52 16 6 14 23 42 45 54 57 50 19 26 34 41 40 55 71 46 24 24
68 56 31 44 67 89 73 91 15 30 88 27 94 74 0 64 16 107 44 59 37 22 58 68 62 52 63 70 102 71 38 55 48 80 95 53 122 12 48 98 51
74 76 39 62 30 108 102 92 61 66 38 43 55 80 64 0 48 80 24 90 83 59 70 77 79 60 39 39 65 28 36 65 60 106 118 40 94 75 36 95 72
64 55 18 41 53 90 75 87 18 32 73 15 81 70 16 48 0 95 29 61 44 22 55 65 61 47 50 57 89 57 25 51 44 82 97 40 110 27 35 94 50
45 61 77 64 51 65 79 36 92 80 46 81 28 43 107 80 95 0 74 76 92 85 54 48 57 55 47 42 20 52 70 54 59 76 76 55 15 106 61 32 64
55 53 15 38 25 87 78 75 37 42 44 19 54 61 44 24 29 74 0 66 59 35 49 58 58 39 27 32 64 28 12 44 38 83 97 21 89 52 15 80 48
31 17 55 28 70 32 14 47 44 29 88 53 83 33 59 90 61 76 66 0 24 39 25 28 19 32 59 66 84 74 54 29 30 21 36 51 88 50 54 55 18
47 31 45 29 71 56 36 67 26 17 91 41 91 51 37 83 44 92 59 24 0 25 38 45 37 38 63 70 95 75 47 38 35 44 59 52 105 27 53 75 28
46 34 20 22 52 69 53 69 7 10 73 16 76 52 22 59 22 85 35 39 25 0 36 46 40 30 45 52 83 56 24 33 26 60 75 34 100 22 32 76 29
10 8 42 14 47 38 34 33 43 29 63 42 58 16 58 70 55 54 49 25 38 36 0 10 9 10 36 41 60 51 37 5 12 36 48 30 68 55 34 40 10
4 14 51 24 51 31 33 23 53 39 65 51 57 6 68 77 65 48 58 28 45 46 10 0 9 19 40 44 57 55 46 14 21 33 42 37 61 65 43 30 18
12 6 50 21 56 29 25 30 47 32 72 50 65 14 62 79 61 57 58 19 37 40 9 9 0 19 45 50 65 60 46 14 20 27 39 39 69 58 43 38 11
17 16 32 9 38 48 43 40 37 25 56 33 53 23 52 60 47 55 39 32 38 30 10 19 19 0 27 34 57 42 27 5 4 46 58 20 70 51 24 47 14
37 43 32 34 11 71 70 53 51 47 29 36 31 42 63 39 50 47 27 59 63 45 36 40 45 27 0 7 39 15 25 31 29 72 82 11 62 67 15 56 41
40 49 39 41 9 75 75 54 58 54 22 43 24 45 70 39 57 42 32 66 70 52 41 44 50 34 7 0 32 12 32 37 36 77 86 18 57 74 22 56 48
53 68 71 66 39 81 90 52 90 82 28 75 10 54 102 65 89 20 64 84 95 83 60 57 65 57 39 32 0 38 64 58 61 88 92 50 30 105 54 50 69
52 58 40 48 4 86 85 66 61 59 17 44 28 57 71 28 57 52 28 74 75 56 51 55 60 42 15 12 38 0 33 46 44 87 97 23 66 77 24 68 56
44 41 7 26 29 75 66 67 28 30 50 11 56 50 38 36 25 70 12 54 47 24 37 46 46 27 25 32 64 33 0 32 26 71 85 15 85 44 10 72 36
13 12 37 11 42 43 39 36 40 27 59 37 55 19 55 65 51 54 44 29 38 33 5 14 14 5 31 37 58 46 32 0 7 41 53 25 68 53 29 43 11
20 16 30 6 40 49 42 43 33 22 58 30 56 26 48 60 44 59 38 30 35 26 12 21 20 4 29 36 61 44 26 7 0 46 59 21 74 48 24 50 12
37 30 74 45 83 14 8 40 65 50 98 73 88 34 80 106 82 76 83 21 44 60 36 33 27 46 72 77 88 87 71 41 46 0 15 66 84 71 70 47 35
46 44 88 59 93 11 23 40 80 65 105 88 94 41 95 118 97 76 97 36 59 75 48 42 39 58 82 86 92 97 85 53 59 15 0 78 84 86 82 46 49
34 36 22 25 19 68 63 54 40 36 39 26 42 40 53 40 40 55 21 51 52 34 30 37 39 20 11 18 50 23 15 25 21 66 78 0 70 56 6 59 33
58 74 92 79 66 73 88 44 107 95 58 96 40 55 122 94 110 15 89 88 105 100 68 61 69 70 62 57 30 66 85 68 74 84 84 70 0 121 76 38 78
65 52 37 42 73 82 63 88 16 26 94 33 98 71 12 75 27 106 52 50 27 22 55 65 58 51 67 74 105 77 44 53 48 71 86 56 121 0 53 95 47
40 40 17 27 20 72 66 60 37 36 41 21 46 46 48 36 35 61 15 54 53 32 34 43 43 24 15 22 54 24 10 29 24 70 82 6 76 53 0 65 36
30 44 79 54 65 35 52 8 83 69 70 80 55 24 98 95 94 32 80 55 75 76 40 30 38 47 56 56 50 68 72 43 50 47 46 59 38 95 65 0 48
20 5 39 10 52 40 30 41 36 21 70 39 66 24 51 72 50 64 48 18 28 29 10 18 11 14 41 48 69 56 36 11 12 35 49 33 78 47 36 48 0
0 1549
661 763
427 516
1115 1200
1391 1549
1034 1234
189 415
880 1045
6 148
836 1036
1394 1515
520 663
883 995
1064 1232
954 1106
903 1104
1189 1406
23 212
99 236
1175 1286
1297 1404
346 508
232 403
3 201
16 131
1208 1356
778 908
1264 1408
1169 1374
804 953
48 169
260 423
763 858
447 605
778 947
652 771
1377 1475
888 1018
296 394
460 610
13 184
