51
0 41 22 68 38 81 45 53 49 81 18 40 36 18 47 50 18 48 34 61 47 64 85 37 70 22 59 48 12 39 26 72 51 72 36 34 52 11 30 86 63 45 26 56 53 34 73 54 13 77 69
41 0 36 78 79 80 45 12 26 79 43 56 36 59 58 9 41 10 11 40 13 36 95 38 66 19 38 71 53 77 31 79 62 59 69 18 13 39 55 96 59 74 38 67 18 29 57 73 54 69 48
22 36 0 87 57 96 59 48 54 96 8 59 14 30 66 43 37 46 34 68 47 68 104 51 84 21 66 70 32 59 39 91 70 84 58 39 49 11 52 105 77 67 4 75 53 46 84 75 32 91 76
68 78 87 0 69 18 33 79 57 20 85 29 99 79 21 84 50 73 67 51 69 60 17 40 26 71 51 28 66 58 50 6 17 37 45 60 76 78 41 18 27 38 91 12 69 49 40 22 70 33 50
38 79 57 69 0 86 64 90 78 87 50 47 70 28 54 88 41 84 70 87 80 92 83 59 84 60 85 41 26 11 53 75 56 90 24 67 87 46 35 82 79 31 60 60 85 61 92 47 25 92 94
81 80 96 18 86 0 37 77 54 2 97 43 106 93 35 82 63 71 71 44 67 53 22 45 15 78 45 46 80 76 57 12 31 26 62 64 74 90 55 24 21 56 100 26 66 53 29 40 84 18 41
45 45 59 33 64 37 0 46 24 37 60 20 69 61 16 51 28 40 34 25 36 33 50 8 25 41 24 34 48 56 20 34 19 27 42 27 43 53 29 51 18 43 63 23 36 16 28 33 52 32 30
53 12 48 79 90 77 46 0 23 76 55 60 47 71 61 8 49 7 20 35 10 29 95 41 63 31 33 75 64 86 37 79 65 54 76 23 3 51 61 96 56 80 50 69 11 33 52 77 66 64 42
49 26 54 57 78 54 24 23 0 53 59 42 58 67 40 28 37 17 20 14 13 15 72 23 40 33 12 57 57 73 25 56 43 33 62 15 20 53 47 73 33 65 58 47 12 17 31 57 61 43 22
81 79 96 20 87 2 37 76 53 0 97 43 106 93 35 81 63 70 70 42 66 51 24 45 13 78 43 47 80 77 57 14 32 24 63 63 73 90 55 26 20 57 100 27 65 53 27 42 84 16 39
18 43 8 85 50 97 60 55 59 97 0 57 20 22 64 51 35 52 39 73 52 73 102 52 85 26 71 66 27 53 40 89 68 86 54 44 56 7 48 103 78 63 10 73 58 48 87 72 25 92 81
40 56 59 29 47 43 20 60 42 43 57 0 71 50 8 65 22 54 45 45 50 53 46 19 38 46 44 15 37 37 25 33 12 44 23 39 57 50 12 47 33 23 63 17 53 28 46 17 41 46 50
36 36 14 99 70 106 69 47 58 106 20 71 0 42 78 40 49 46 38 72 48 71 116 61 94 28 70 82 46 73 49 103 82 90 72 45 48 25 64 117 87 81 10 87 54 53 89 87 45 100 80
18 59 30 79 28 93 61 71 67 93 22 50 42 0 58 68 33 66 52 78 65 82 96 53 86 40 76 54 13 34 43 83 62 88 38 52 70 20 38 95 79 47 32 67 71 51 89 60 9 93 86
47 58 66 21 54 35 16 61 40 35 64 8 78 58 0 66 29 55 47 41 51 49 38 20 30 50 40 18 45 44 29 25 4 36 30 40 58 57 20 39 25 28 70 9 52 29 39 17 49 38 45
50 9 43 84 88 82 51 8 28 81 51 65 40 68 66 0 50 11 20 42 15 37 100 46 68 28 40 80 62 86 40 84 70 61 78 26 11 48 64 101 61 83 44 74 19 37 59 82 63 71 50
18 41 37 50 41 63 28 49 37 63 35 22 49 33 29 50 0 43 30 47 39 51 67 20 53 26 45 33 20 37 12 54 33 55 28 26 46 28 15 68 46 34 41 38 44 20 56 38 24 60 55
48 10 46 73 84 71 40 7 17 70 52 54 46 66 55 11 43 0 14 31 4 26 89 35 57 26 29 69 58 80 31 73 59 50 70 17 4 47 55 90 50 74 48 63 8 27 48 71 61 60 39
34 11 34 67 70 71 34 20 20 70 39 45 38 52 47 20 30 14 0 34 13 34 84 27 57 13 32 60 44 67 20 68 51 52 58 7 18 34 44 85 50 63 38 56 19 18 51 62 47 62 42
61 40 68 51 87 44 25 35 14 42 73 45 72 78 41 42 47 31 34 0 27 9 64 28 29 47 2 59 67 79 35 48 43 19 67 29 32 67 52 65 24 68 72 44 24 27 17 58 71 29 8
47 13 47 69 80 67 36 10 13 66 52 50 48 65 51 15 39 4 13 27 0 23 85 31 53 26 25 65 56 76 27 69 55 46 66 13 7 47 51 86 46 70 49 59 6 23 44 67 59 56 35
64 36 68 60 92 53 33 29 15 51 73 53 71 82 49 37 51 26 34 9 23 0 73 35 38 47 9 67 71 86 39 57 51 28 74 30 26 68 59 74 33 76 72 53 18 31 26 66 75 38 14
85 95 104 17 83 22 50 95 72 24 102 46 116 96 38 100 67 89 84 64 85 73 0 57 36 88 65 42 83 72 67 16 34 47 59 77 92 95 58 2 40 52 108 29 84 66 50 36 87 40 62
37 38 51 40 59 45 8 41 23 45 52 19 61 53 20 46 20 35 27 28 31 35 57 0 33 33 26 34 40 51 12 42 24 35 39 20 38 45 24 58 26 42 55 29 34 9 36 36 44 40 35
70 66 84 26 84 15 25 63 40 13 85 38 94 86 30 68 53 57 57 29 53 38 36 33 0 66 30 46 73 74 45 22 28 11 60 50 60 78 50 38 7 56 88 26 52 41 14 42 77 8 26
22 19 21 71 60 78 41 31 33 78 26 46 28 40 50 28 26 26 13 47 26 47 88 33 66 0 45 59 34 59 21 75 54 63 53 18 30 21 41 89 59 60 25 59 32 25 63 63 35 72 55
59 38 66 51 85 45 24 33 12 43 71 44 70 76 40 40 45 29 32 2 25 9 65 26 30 45 0 58 65 77 33 49 42 21 65 27 30 65 50 66 25 67 70 44 22 25 19 57 69 31 10
48 71 70 28 41 46 34 75 57 47 66 15 82 54 18 80 33 69 60 59 65 67 42 34 46 59 58 0 42 30 40 34 18 53 17 54 72 59 18 41 42 10 74 20 68 43 56 6 45 54 63
12 53 32 66 26 80 48 64 57 80 27 37 46 13 45 62 20 58 44 67 56 71 83 40 73 34 65 42 0 27 32 70 49 75 27 43 62 21 25 82 66 36 36 54 62 40 76 48 4 80 75
39 77 59 58 11 76 56 86 73 77 53 37 73 34 44 86 37 80 67 79 76 86 72 51 74 59 77 30 27 0 49 64 46 80 14 63 83 48 27 71 69 20 63 50 81 56 83 36 28 82 86
26 31 39 50 53 57 20 37 25 57 40 25 49 43 29 40 12 31 20 35 27 39 67 12 45 21 33 40 32 49 0 54 33 46 39 14 34 33 24 68 38 43 43 38 32 8 47 42 36 52 43
72 79 91 6 75 12 34 79 56 14 89 33 103 83 25 84 54 73 68 48 69 57 16 42 22 75 49 34 70 64 54 0 21 33 51 61 76 82 45 17 24 44 95 16 68 50 36 28 74 28 47
51 62 70 17 56 31 19 65 43 32 68 12 82 62 4 70 33 59 51 43 55 51 34 24 28 54 42 18 49 46 33 21 0 35 32 44 62 61 24 35 24 28 74 5 55 33 38 16 53 36 45
72 59 84 37 90 26 27 54 33 24 86 44 90 88 36 61 55 50 52 19 46 28 47 35 11 63 21 53 75 80 46 33 35 0 66 46 51 79 55 49 11 63 88 35 43 39 3 51 79 10 15
36 69 58 45 24 62 42 76 62 63 54 23 72 38 30 78 28 70 58 67 66 74 59 39 60 53 65 17 27 14 39 51 32 66 0 53 73 47 15 58 55 9 62 36 71 45 69 23 30 68 72
34 18 39 60 67 64 27 23 15 63 44 39 45 52 40 26 26 17 7 29 13 30 77 20 50 18 27 54 43 63 14 61 44 46 53 0 20 38 38 78 43 57 43 49 19 11 45 56 46 55 37
52 13 49 76 87 74 43 3 20 73 56 57 48 70 58 11 46 4 18 32 7 26 92 38 60 30 30 72 62 83 34 76 62 51 73 20 0 51 58 93 53 77 51 66 8 30 49 74 65 61 39
11 39 11 78 46 90 53 51 53 90 7 50 25 20 57 48 28 47 34 67 47 68 95 45 78 21 65 59 21 48 33 82 61 79 47 38 51 0 41 96 71 56 15 66 53 41 80 65 21 85 75
30 55 52 41 35 55 29 61 47 55 48 12 64 38 20 64 15 55 44 52 51 59 58 24 50 41 50 18 25 27 24 45 24 55 15 38 58 41 0 57 44 19 56 29 56 30 57 24 29 58 59
86 96 105 18 82 24 51 96 73 26 103 47 117 95 39 101 68 90 85 65 86 74 2 58 38 89 66 41 82 71 68 17 35 49 58 78 93 96 57 0 41 51 109 30 85 67 52 35 86 42 64
63 59 77 27 79 21 18 56 33 20 78 33 87 79 25 61 46 50 50 24 46 33 40 26 7 59 25 42 66 69 38 24 24 11 55 43 53 71 44 41 0 52 81 24 45 34 14 40 70 14 23
45 74 67 38 31 56 43 80 65 57 63 23 81 47 28 83 34 74 63 68 70 76 52 42 56 60 67 10 36 20 43 44 28 63 9 57 77 56 19 51 52 0 71 30 75 49 66 16 39 64 73
26 38 4 91 60 100 63 50 58 100 10 63 10 32 70 44 41 48 38 72 49 72 108 55 88 25 70 74 36 63 43 95 74 88 62 43 51 15 56 109 81 71 0 79 55 50 88 79 35 95 80
56 67 75 12 60 26 23 69 47 27 73 17 87 67 9 74 38 63 56 44 59 53 29 29 26 59 44 20 54 50 38 16 5 35 36 49 66 66 29 30 24 30 79 0 59 38 38 16 58 34 46
53 18 53 69 85 66 36 11 12 65 58 53 54 71 52 19 44 8 19 24 6 18 84 34 52 32 22 68 62 81 32 68 55 43 71 19 8 53 56 85 45 75 55 59 0 26 41 69 65 53 31
34 29 46 49 61 53 16 33 17 53 48 28 53 51 29 37 20 27 18 27 23 31 66 9 41 25 25 43 40 56 8 50 33 39 45 11 30 41 30 67 34 49 50 38 26 0 39 45 44 47 35
73 57 84 40 92 29 28 52 31 27 87 46 89 89 39 59 56 48 51 17 44 26 50 36 14 63 19 56 76 83 47 36 38 3 69 45 49 80 57 52 14 66 88 38 41 39 0 54 80 12 12
54 73 75 22 47 40 33 77 57 42 72 17 87 60 17 82 38 71 62 58 67 66 36 36 42 63 57 6 48 36 42 28 16 51 23 56 74 65 24 35 40 16 79 16 69 45 54 0 51 50 61
13 54 32 70 25 84 52 66 61 84 25 41 45 9 49 63 24 61 47 71 59 75 87 44 77 35 69 45 4 28 36 74 53 79 30 46 65 21 29 86 70 39 35 58 65 44 80 51 0 84 79
77 69 91 33 92 18 32 64 43 16 92 46 100 93 38 71 60 60 62 29 56 38 40 40 8 72 31 54 80 82 52 28 36 10 68 55 61 85 58 42 14 64 95 34 53 47 12 50 84 0 24
69 48 76 50 94 41 30 42 22 39 81 50 80 86 45 50 55 39 42 8 35 14 62 35 26 55 10 63 75 86 43 47 45 15 72 37 39 75 59 64 23 73 80 46 31 35 12 61 79 24 0
0 863
379 607
67 301
84 298
53 438
331 624
288 673
142 608
443 793
79 487
107 413
155 346
130 528
352 785
108 442
60 298
462 719
297 573
181 606
0 252
79 454
96 342
496 773
448 707
143 423
493 843
133 628
32 236
72 541
463 697
150 496
90 454
196 517
450 696
209 416
497 863
264 595
373 547
138 369
495 863
19 323
455 842
413 755
51 564
145 356
111 439
118 455
115 444
433 607
309 771
74 502
