51
0 93 26 77 96 50 49 67 54 30 16 56 71 45 54 24 49 83 24 20 72 49 63 66 69 48 74 34 31 73 104 8 36 32 60 30 95 86 37 74 51 10 87 60 91 27 43 90 81 26 55
93 0 87 28 16 44 45 36 59 78 86 52 42 64 56 110 87 12 76 100 23 56 80 36 83 45 19 91 82 60 22 101 106 63 39 103 15 37 57 22 52 86 65 34 51 67 73 93 12 115 38
26 87 0 63 84 50 51 53 66 9 39 39 54 26 64 25 23 80 12 15 64 32 39 68 45 46 70 9 7 52 91 32 20 25 62 16 83 69 42 73 36 16 65 59 72 22 20 66 75 32 50
77 28 63 0 21 38 40 10 62 54 77 26 14 39 59 88 61 30 56 78 12 31 52 43 55 34 24 66 58 32 28 85 81 45 42 79 20 13 48 32 28 69 38 33 27 50 48 65 20 95 26
96 16 84 21 0 51 53 31 70 75 92 47 35 60 67 109 82 26 77 99 24 52 73 48 74 49 28 87 79 50 8 104 102 65 50 100 1 24 63 34 49 89 52 43 38 70 69 81 19 116 41
50 44 50 38 51 0 2 31 25 44 42 36 40 39 22 70 62 33 38 61 27 33 63 19 68 6 25 57 48 55 59 58 70 26 13 66 50 51 13 24 29 46 67 10 61 28 47 86 33 75 12
49 45 51 40 53 2 0 33 23 45 41 38 42 41 20 70 64 34 39 62 29 35 65 17 70 8 26 58 49 57 61 57 71 27 11 67 52 53 12 25 31 46 69 11 63 29 49 88 35 75 14
67 36 53 10 31 31 33 0 56 44 68 16 9 29 53 78 51 33 46 68 14 21 44 43 48 27 26 56 48 27 38 75 71 35 39 69 30 20 41 34 18 59 36 30 30 40 38 61 25 85 19
54 59 66 62 70 25 23 56 0 61 40 61 65 62 3 78 82 47 54 72 50 58 87 23 93 31 42 74 65 80 78 59 86 44 20 80 69 75 24 37 54 56 92 29 86 44 68 111 51 80 37
30 78 9 54 75 44 45 44 61 0 41 30 45 17 59 34 22 71 8 24 55 23 34 62 40 39 61 13 4 44 82 38 28 18 56 25 74 60 37 64 27 20 58 52 63 17 13 61 66 41 41
16 86 39 77 92 42 41 68 40 41 0 59 73 52 40 40 62 75 33 36 68 52 74 56 80 43 67 48 44 78 100 19 52 34 50 46 91 88 29 66 53 23 92 52 94 29 53 101 75 41 51
56 52 39 26 47 36 38 16 61 30 59 0 15 13 58 64 35 49 32 54 30 7 30 51 34 30 40 40 32 20 54 64 55 25 46 53 46 30 40 47 7 46 34 38 35 30 22 51 41 71 25
71 42 54 14 35 40 42 9 65 45 73 15 0 28 62 79 49 42 47 69 23 22 38 52 41 36 35 55 47 18 40 79 70 39 48 68 34 15 49 43 20 61 27 39 22 44 37 52 33 86 28
45 64 26 39 60 39 41 29 62 17 52 13 28 0 60 51 24 60 21 41 41 8 25 57 31 33 50 27 19 28 67 53 42 19 51 40 59 43 38 55 12 35 42 45 46 23 9 51 52 58 32
54 56 64 59 67 22 20 53 3 59 40 58 62 60 0 77 80 44 52 70 47 55 85 20 90 28 39 72 63 77 75 59 84 42 17 79 66 72 22 34 51 54 89 26 83 42 66 108 48 80 34
24 110 25 88 109 70 70 78 78 34 40 64 79 51 77 0 44 102 34 10 88 57 61 87 67 67 92 28 32 77 116 22 20 47 81 16 108 94 59 94 61 24 90 80 97 43 45 86 98 7 72
49 87 23 61 82 62 64 51 82 22 62 35 49 24 80 44 0 84 30 35 65 32 18 80 23 56 74 16 18 38 89 55 26 38 74 28 81 63 58 79 36 39 49 69 58 39 15 43 76 51 56
83 12 80 30 26 33 34 33 47 71 75 49 42 60 44 102 84 0 68 92 19 52 77 24 81 35 10 84 75 60 34 91 99 55 27 96 25 41 46 10 48 78 68 23 55 59 69 94 10 107 30
24 76 12 56 77 38 39 46 54 8 33 32 47 21 52 34 30 68 0 24 54 25 41 56 47 34 58 20 12 49 84 32 32 13 50 28 76 62 30 61 28 14 63 47 67 10 20 68 64 41 38
20 100 15 78 99 61 62 68 72 24 36 54 69 41 70 10 35 92 24 0 78 47 52 79 58 57 82 19 22 67 106 23 16 37 73 10 98 84 51 84 51 16 80 70 87 33 35 78 88 17 62
72 23 64 12 24 27 29 14 50 55 68 30 23 41 47 88 65 19 54 78 0 33 58 31 62 25 12 68 59 41 32 80 83 41 30 80 23 25 39 20 29 65 50 21 39 46 50 75 11 94 17
49 56 32 31 52 33 35 21 58 23 52 7 22 8 55 57 32 52 25 47 33 0 31 50 36 27 42 35 27 26 59 57 50 18 45 48 51 37 35 47 4 39 40 37 42 23 17 55 44 64 24
63 80 39 52 73 63 65 44 87 34 74 30 38 25 85 61 18 77 41 52 58 31 0 80 6 57 70 33 32 23 77 71 44 44 75 46 72 50 63 77 34 53 31 67 43 47 21 27 69 68 54
66 36 68 43 48 19 17 43 23 62 56 51 52 57 20 87 80 24 56 79 31 50 80 0 85 24 21 75 66 69 56 73 88 44 6 84 47 56 29 14 46 63 79 13 70 46 65 102 29 92 26
69 83 45 55 74 68 70 48 93 40 80 34 41 31 90 67 23 81 47 58 62 36 6 85 0 62 74 39 38 24 78 77 49 50 80 51 74 51 69 81 39 59 29 72 42 53 27 21 73 74 59
48 45 46 34 49 6 8 27 31 39 43 30 36 33 28 67 56 35 34 57 25 27 57 24 62 0 26 52 43 50 57 56 66 21 18 62 48 47 14 27 23 43 62 13 57 24 41 80 33 72 8
74 19 70 24 28 25 26 26 42 61 67 40 35 50 39 92 74 10 58 82 12 42 70 21 74 26 0 74 65 53 36 82 89 45 22 86 27 37 38 8 38 68 62 15 51 49 59 87 9 97 20
34 91 9 66 87 57 58 56 74 13 48 40 55 27 72 28 16 84 20 19 68 35 33 75 39 52 74 0 9 50 94 40 15 31 69 13 86 70 50 77 39 25 62 65 70 30 18 59 79 35 54
31 82 7 58 79 48 49 48 65 4 44 32 47 19 63 32 18 75 12 22 59 27 32 66 38 43 65 9 0 45 86 39 24 22 60 21 78 62 41 68 30 21 58 56 65 21 13 59 70 39 45
73 60 52 32 50 55 57 27 80 44 78 20 18 28 77 77 38 60 49 67 41 26 23 69 24 50 53 50 45 0 54 81 64 44 65 63 50 27 60 61 27 63 14 56 20 49 32 34 51 84 44
104 22 91 28 8 59 61 38 78 82 100 54 40 67 75 116 89 34 84 106 32 59 77 56 78 57 36 94 86 54 0 112 109 73 58 107 9 27 71 42 56 97 53 51 38 78 76 82 27 123 49
8 101 32 85 104 58 57 75 59 38 19 64 79 53 59 22 55 91 32 23 80 57 71 73 77 56 82 40 39 81 112 0 39 40 67 33 103 94 45 82 59 18 95 68 99 35 51 98 89 22 63
36 106 20 81 102 70 71 71 86 28 52 55 70 42 84 20 26 99 32 16 83 50 44 88 49 66 89 15 24 64 109 39 0 45 82 6 101 85 62 92 54 31 75 79 84 42 33 67 94 27 69
32 63 25 45 65 26 27 35 44 18 34 25 39 19 42 47 38 55 13 37 41 18 44 44 50 21 45 31 22 44 73 40 45 0 38 41 64 54 20 48 19 24 58 34 60 5 24 70 51 53 25
60 39 62 42 50 13 11 39 20 56 50 46 48 51 17 81 74 27 50 73 30 45 75 6 80 18 22 69 60 65 58 67 82 38 0 78 49 55 23 17 41 57 75 9 69 40 59 97 31 86 21
30 103 16 79 100 66 67 69 80 25 46 53 68 40 79 16 28 96 28 10 80 48 46 84 51 62 86 13 21 63 107 33 6 41 78 0 99 83 58 89 51 25 75 75 83 38 31 70 91 23 66
95 15 83 20 1 50 52 30 69 74 91 46 34 59 66 108 81 25 76 98 23 51 72 47 74 48 27 86 78 50 9 103 101 64 49 99 0 24 62 33 48 88 52 42 38 69 68 81 18 115 40
86 37 69 13 24 51 53 20 75 60 88 30 15 43 72 94 63 41 62 84 25 37 50 56 51 47 37 70 62 27 27 94 85 54 55 83 24 0 61 45 35 76 28 46 14 59 52 57 31 101 39
37 57 42 48 63 13 12 41 24 37 29 40 49 38 22 59 58 46 30 51 39 35 63 29 69 14 38 50 41 60 71 45 62 20 23 58 62 61 0 37 33 35 74 23 71 20 44 89 46 63 22
74 22 73 32 34 24 25 34 37 64 66 47 43 55 34 94 79 10 61 84 20 47 77 14 81 27 8 77 68 61 42 82 92 48 17 89 33 45 37 0 43 70 70 14 59 51 64 95 15 99 23
51 52 36 28 49 29 31 18 54 27 53 7 20 12 51 61 36 48 28 51 29 4 34 46 39 23 38 39 30 27 56 59 54 19 41 51 48 35 33 43 0 42 41 33 41 24 21 57 40 68 20
10 86 16 69 89 46 46 59 56 20 23 46 61 35 54 24 39 78 14 16 65 39 53 63 59 43 68 25 21 63 97 18 31 24 57 25 88 76 35 70 42 0 77 56 81 19 33 80 74 29 48
87 65 65 38 52 67 69 36 92 58 92 34 27 42 89 90 49 68 63 80 50 40 31 79 29 62 62 62 58 14 53 95 75 58 75 75 52 28 74 70 41 77 0 66 15 63 45 29 58 97 55
60 34 59 33 43 10 11 30 29 52 52 38 39 45 26 80 69 23 47 70 21 37 67 13 72 13 15 65 56 56 51 68 79 34 9 75 42 46 23 14 33 56 66 0 60 37 54 89 24 85 13
91 51 72 27 38 61 63 30 86 63 94 35 22 46 83 97 58 55 67 87 39 42 43 70 42 57 51 70 65 20 38 99 84 60 69 83 38 14 71 59 41 81 15 60 0 65 52 44 45 104 49
27 67 22 50 70 28 29 40 44 17 29 30 44 23 42 43 39 59 10 33 46 23 47 46 53 24 49 30 21 49 78 35 42 5 40 38 69 59 20 51 24 19 63 37 65 0 26 74 55 48 29
43 73 20 48 69 47 49 38 68 13 53 22 37 9 66 45 15 69 20 35 50 17 21 65 27 41 59 18 13 32 76 51 33 24 59 31 68 52 44 64 21 33 45 54 52 26 0 48 61 52 41
90 93 66 65 81 86 88 61 111 61 101 51 52 51 108 86 43 94 68 78 75 55 27 102 21 80 87 59 59 34 82 98 67 70 97 70 81 57 89 95 57 80 29 89 44 74 48 0 85 93 76
81 12 75 20 19 33 35 25 51 66 75 41 33 52 48 98 76 10 64 88 11 44 69 29 73 33 9 79 70 51 27 89 94 51 31 91 18 31 46 15 40 74 58 24 45 55 61 85 0 103 26
26 115 32 95 116 75 75 85 80 41 41 71 86 58 80 7 51 107 41 17 94 64 68 92 74 72 97 35 39 84 123 22 27 53 86 23 115 101 63 99 68 29 97 85 104 48 52 93 103 0 77
55 38 50 26 41 12 14 19 37 41 51 25 28 32 34 72 56 30 38 62 17 24 54 26 59 8 20 54 45 44 49 63 69 25 21 66 40 39 22 23 20 48 55 13 49 29 41 76 26 77 0
0 863
514 863
136 552
193 586
83 597
411 584
508 863
512 863
11 347
49 377
488 813
506 850
184 624
156 493
289 690
283 684
108 290
70 527
454 709
106 299
364 640
287 491
306 737
99 612
189 480
413 645
360 715
164 348
138 616
392 707
493 746
2 201
13 204
56 449
431 863
297 706
490 793
378 601
407 616
67 387
390 845
483 661
169 528
356 722
265 728
121 469
418 849
367 840
315 647
1 363
226 539
