51
0 90 49 79 35 36 114 53 91 98 70 73 55 32 87 23 52 95 96 84 69 89 31 37 88 16 83 72 65 55 84 78 128 83 79 44 8 53 64 34 68 39 82 68 75 113 45 68 77 86 9
90 0 47 17 56 63 54 61 68 30 20 33 44 58 64 67 39 12 46 33 81 31 62 81 28 89 12 19 93 59 6 65 62 60 96 77 84 46 41 60 86 57 8 73 15 66 45 29 64 100 83
49 47 0 42 24 38 88 52 79 65 31 48 37 23 74 31 24 54 72 36 77 60 31 57 57 54 36 29 82 51 43 71 99 70 91 58 41 37 44 15 79 10 41 70 35 93 18 37 70 98 40
79 17 42 0 44 48 46 44 52 23 11 16 27 47 47 56 27 16 33 44 64 18 50 64 15 76 20 15 76 42 11 48 57 43 79 60 73 29 24 53 69 51 11 56 9 54 35 12 47 83 72
35 56 24 44 0 14 82 30 65 64 36 41 23 3 60 12 17 60 64 58 55 56 8 34 54 34 49 38 58 30 50 54 96 56 68 34 29 21 32 18 56 22 48 49 41 83 11 33 53 75 28
36 63 38 48 14 0 79 19 57 64 43 39 21 16 52 16 24 64 61 70 41 55 8 20 54 28 57 46 44 20 57 44 94 48 55 20 33 19 30 32 43 36 55 37 48 77 22 36 43 62 32
114 54 88 46 82 79 0 64 36 25 57 42 59 85 37 92 67 42 18 87 66 28 83 87 31 106 64 61 79 62 52 46 15 37 76 81 109 61 50 95 71 95 54 59 55 15 75 51 45 77 108
53 61 52 44 30 19 64 0 38 54 44 30 18 33 34 35 30 58 46 78 25 45 27 23 45 42 60 49 32 2 55 25 79 30 40 17 51 17 20 48 28 52 55 19 49 60 34 33 24 46 51
91 68 79 52 65 57 36 38 0 44 58 36 43 68 5 73 55 58 25 94 32 38 64 57 41 79 71 64 45 37 63 14 50 9 40 50 89 44 35 82 37 83 63 27 60 24 63 46 14 41 89
98 30 65 23 64 64 25 54 44 0 34 25 43 67 41 76 47 18 19 63 68 9 67 77 10 92 39 38 81 52 27 48 34 39 79 71 93 45 35 75 73 74 29 60 32 36 55 31 47 83 92
70 20 31 11 36 43 57 44 58 34 0 23 26 38 53 47 19 25 44 36 66 29 42 62 26 69 16 6 76 42 14 53 68 49 81 58 64 27 25 42 70 40 12 58 5 65 25 12 52 87 63
73 33 48 16 41 39 42 30 36 25 23 0 18 44 31 51 26 29 24 59 48 16 42 53 15 67 35 29 60 28 27 32 55 27 63 47 68 20 10 54 53 54 27 40 24 45 34 11 31 67 67
55 44 37 27 23 21 59 18 43 43 26 18 0 26 38 33 13 43 41 60 42 34 24 37 33 49 42 31 50 16 38 34 73 34 57 33 50 2 9 40 45 40 37 35 31 60 20 15 33 63 49
32 58 23 47 3 16 85 33 68 67 38 44 26 0 63 9 20 63 67 59 57 59 8 34 57 32 51 40 60 33 52 57 99 59 71 36 26 24 35 16 59 20 50 52 43 86 13 36 56 78 25
87 64 74 47 60 52 37 34 5 41 53 31 38 63 0 68 50 54 23 89 30 34 59 54 37 75 66 59 43 32 58 11 51 4 40 47 85 39 30 77 35 78 58 24 55 27 58 41 10 42 84
23 67 31 56 12 16 92 35 73 76 47 51 33 9 68 0 29 72 74 67 57 67 9 30 66 23 60 49 58 36 61 60 106 64 70 34 18 31 42 20 58 25 59 53 52 93 22 45 59 77 17
52 39 24 27 17 24 67 30 55 47 19 26 13 20 50 29 0 43 50 48 54 39 23 44 37 50 33 22 62 28 33 47 80 46 69 42 46 13 20 28 57 28 31 47 24 71 8 16 46 75 45
95 12 54 16 60 64 42 58 58 18 25 29 43 63 54 72 43 0 35 45 77 20 66 80 17 92 23 25 89 56 11 59 50 51 90 75 89 45 38 66 82 63 13 69 20 54 50 28 58 94 88
96 46 72 33 64 61 18 46 25 19 44 24 41 67 23 74 50 35 0 76 51 15 65 69 18 88 52 48 64 44 41 31 33 22 62 63 91 43 32 78 56 78 42 44 42 21 58 35 30 65 90
84 33 36 44 58 70 87 78 94 63 36 59 60 59 89 67 48 45 76 0 102 61 66 90 58 90 24 30 110 76 36 89 95 85 117 90 76 61 61 50 105 45 34 94 35 97 48 48 88 123 75
69 81 77 64 55 41 66 25 32 68 66 48 42 57 30 57 54 77 51 102 0 59 49 32 60 54 81 72 13 26 75 20 81 29 15 25 70 41 41 73 5 77 75 8 70 56 59 54 21 21 70
89 31 60 18 56 55 28 45 38 9 29 16 34 59 34 67 39 20 15 61 59 0 58 68 3 83 37 33 72 43 26 39 41 31 70 62 84 36 26 67 64 67 27 51 27 36 47 23 38 74 83
31 62 31 50 8 8 83 27 64 67 42 42 24 8 59 9 23 66 65 66 49 58 0 26 57 27 56 45 52 27 56 51 97 55 63 28 26 22 33 24 51 28 54 45 47 84 18 38 50 70 25
37 81 57 64 34 20 87 23 57 77 62 53 37 34 54 30 44 80 69 90 32 68 26 0 68 22 77 66 28 25 75 43 102 51 42 7 39 35 43 49 31 54 74 31 67 81 42 52 44 49 39
88 28 57 15 54 54 31 45 41 10 26 15 33 57 37 66 37 17 18 58 60 3 57 68 0 82 34 30 73 43 23 42 43 34 73 62 83 35 25 65 65 65 24 52 24 39 45 21 41 77 82
16 89 54 76 34 28 106 42 79 92 69 67 49 32 75 23 50 92 88 90 54 83 27 22 82 0 83 72 49 44 83 65 121 72 63 29 21 47 58 42 52 47 81 53 74 102 45 64 65 70 21
83 12 36 20 49 57 64 60 71 39 16 35 42 51 66 60 33 23 52 24 81 37 56 77 34 83 0 11 92 58 12 67 73 62 96 74 75 43 40 50 85 46 10 73 11 73 38 27 66 102 74
72 19 29 15 38 46 61 49 64 38 6 29 31 40 59 49 22 25 48 30 72 33 45 66 30 72 11 0 81 47 14 59 72 55 87 63 65 32 31 41 76 38 12 64 6 69 27 18 58 93 64
65 93 82 76 58 44 79 32 45 81 76 60 50 60 43 58 62 89 64 110 13 72 52 28 73 49 92 81 0 34 87 33 94 42 14 24 67 49 52 76 8 80 87 21 81 69 65 65 34 21 67
55 59 51 42 30 20 62 2 37 52 42 28 16 33 32 36 28 56 44 76 26 43 27 25 43 44 58 47 34 0 53 24 77 28 41 19 53 15 18 48 29 52 53 19 47 58 33 31 23 47 52
84 6 43 11 50 57 52 55 63 27 14 27 38 52 58 61 33 11 41 36 75 26 56 75 23 83 12 14 87 53 0 59 61 54 90 71 78 40 35 55 80 52 2 67 9 62 39 23 58 94 77
78 65 71 48 54 44 46 25 14 48 53 32 34 57 11 60 47 59 31 89 20 39 51 43 42 65 67 59 33 24 59 0 61 9 31 36 76 35 29 72 25 74 59 13 56 38 54 41 1 35 76
128 62 99 57 96 94 15 79 50 34 68 55 73 99 51 106 80 50 33 95 81 41 97 102 43 121 73 72 94 77 61 61 0 52 90 96 123 75 65 108 86 108 63 74 66 27 88 64 60 90 122
83 60 70 43 56 48 37 30 9 39 49 27 34 59 4 64 46 51 22 85 29 31 55 51 34 72 62 55 42 28 54 9 52 0 40 44 81 35 26 73 34 74 54 22 51 30 54 37 8 44 80
79 96 91 79 68 55 76 40 40 79 81 63 57 71 40 70 69 90 62 117 15 70 63 42 73 63 96 87 14 41 90 31 90 40 0 36 81 56 56 86 12 90 90 23 85 63 73 69 32 7 81
44 77 58 60 34 20 81 17 50 71 58 47 33 36 47 34 42 75 63 90 25 62 28 7 62 29 74 63 24 19 71 36 96 44 36 0 45 31 37 52 24 56 70 24 63 74 42 48 37 43 45
8 84 41 73 29 33 109 51 89 93 64 68 50 26 85 18 46 89 91 76 70 84 26 39 83 21 75 65 67 53 78 76 123 81 81 45 0 48 59 26 69 31 76 68 69 110 39 62 75 88 1
53 46 37 29 21 19 61 17 44 45 27 20 2 24 39 31 13 45 43 61 41 36 22 35 35 47 43 32 49 15 40 35 75 35 56 31 48 0 11 38 44 39 39 34 32 62 19 17 34 62 47
64 41 44 24 32 30 50 20 35 35 25 10 9 35 30 42 20 38 32 61 41 26 33 43 25 58 40 31 52 18 35 29 65 26 56 37 59 11 0 48 45 48 35 33 29 51 28 13 28 62 58
34 60 15 53 18 32 95 48 82 75 42 54 40 16 77 20 28 66 78 50 73 67 24 49 65 42 50 41 76 48 55 72 108 73 86 52 26 38 48 0 74 5 53 67 47 99 20 44 71 93 25
68 86 79 69 56 43 71 28 37 73 70 53 45 59 35 58 57 82 56 105 5 64 51 31 65 52 85 76 8 29 80 25 86 34 12 24 69 44 45 74 0 78 80 13 74 61 61 58 26 19 69
39 57 10 51 22 36 95 52 83 74 40 54 40 20 78 25 28 63 78 45 77 67 28 54 65 47 46 38 80 52 52 74 108 74 90 56 31 39 48 5 78 0 50 71 44 99 20 44 73 97 30
82 8 41 11 48 55 54 55 63 29 12 27 37 50 58 59 31 13 42 34 75 27 54 74 24 81 10 12 87 53 2 59 63 54 90 70 76 39 35 53 80 50 0 67 7 63 37 22 58 94 75
68 73 70 56 49 37 59 19 27 60 58 40 35 52 24 53 47 69 44 94 8 51 45 31 52 53 73 64 21 19 67 13 74 22 23 24 68 34 33 67 13 71 67 0 62 51 52 46 14 29 67
75 15 35 9 41 48 55 49 60 32 5 24 31 43 55 52 24 20 42 35 70 27 47 67 24 74 11 6 81 47 9 56 66 51 85 63 69 32 29 47 74 44 7 62 0 63 30 16 55 91 68
113 66 93 54 83 77 15 60 24 36 65 45 60 86 27 93 71 54 21 97 56 36 84 81 39 102 73 69 69 58 62 38 27 30 63 74 110 62 51 99 61 99 63 51 63 0 79 56 37 63 109
45 45 18 35 11 22 75 34 63 55 25 34 20 13 58 22 8 50 58 48 59 47 18 42 45 45 38 27 65 33 39 54 88 54 73 42 39 19 28 20 61 20 37 52 30 79 0 24 53 80 38
68 29 37 12 33 36 51 33 46 31 12 11 15 36 41 45 16 28 35 48 54 23 38 52 21 64 27 18 65 31 23 41 64 37 69 48 62 17 13 44 58 44 22 46 16 56 24 0 40 75 61
77 64 70 47 53 43 45 24 14 47 52 31 33 56 10 59 46 58 30 88 21 38 50 44 41 65 66 58 34 23 58 1 60 8 32 37 75 34 28 71 26 73 58 14 55 37 53 40 0 36 75
86 100 98 83 75 62 77 46 41 83 87 67 63 78 42 77 75 94 65 123 21 74 70 49 77 70 102 93 21 47 94 35 90 44 7 43 88 62 62 93 19 97 94 29 91 63 80 75 36 0 88
9 83 40 72 28 32 108 51 89 92 63 67 49 25 84 17 45 88 90 75 70 83 25 39 82 21 74 64 67 52 77 76 122 80 81 45 1 47 58 25 69 30 75 67 68 109 38 61 75 88 0
0 1727
442 573
1414 1659
681 844
1536 1727
1339 1440
378 611
841 1072
1111 1236
1138 1297
1006 1259
1306 1526
1065 1283
330 466
1090 1274
414 597
529 632
686 931
779 1005
652 752
220 345
919 1059
1372 1598
1364 1554
612 716
750 952
1410 1555
25 131
754 849
870 1015
1474 1662
1066 1253
1458 1615
1297 1445
839 1070
491 665
808 981
226 390
126 343
402 646
897 1022
1522 1715
1254 1375
185 289
779 927
1554 1727
486 710
665 804
365 460
455 599
1155 1275
