51
0 63 22 34 43 51 65 69 60 23 44 86 79 48 53 35 43 68 22 46 31 69 21 65 9 89 71 50 73 85 30 57 99 14 46 33 84 65 96 57 30 69 92 11 25 82 50 77 92 65 54
63 0 52 30 86 29 46 13 37 42 40 45 25 18 10 30 34 66 51 48 32 17 59 19 56 28 8 24 10 24 35 11 63 54 70 79 65 5 33 49 49 26 30 54 56 43 24 27 48 31 69
22 52 0 26 34 33 43 55 40 28 49 66 63 44 42 36 46 46 35 24 23 53 38 48 13 75 60 49 62 71 32 50 77 8 27 27 62 56 82 35 42 67 82 22 40 62 49 59 72 46 33
34 30 26 0 60 26 46 36 37 15 27 61 47 18 20 10 22 59 26 35 3 37 33 33 27 56 38 23 40 52 11 24 77 25 50 53 68 32 63 43 27 41 59 24 32 57 23 46 66 40 54
43 86 34 60 0 60 59 84 62 60 82 84 90 78 76 70 80 48 63 43 57 80 64 75 40 102 92 83 95 98 66 84 91 38 22 10 69 90 109 50 71 101 115 50 68 80 83 85 90 70 30
51 29 33 26 60 0 20 24 11 39 52 35 30 34 20 35 46 38 50 19 25 20 57 15 42 42 32 41 35 38 37 32 51 38 41 57 42 34 49 21 53 52 55 45 56 31 41 26 41 14 40
65 46 43 46 59 20 0 36 9 59 72 25 35 54 40 55 66 22 70 19 45 31 76 27 56 49 45 61 48 46 57 52 34 51 38 60 22 51 56 9 73 72 67 61 76 21 61 29 31 15 32
69 13 55 36 84 24 36 0 27 51 52 33 12 30 17 40 46 57 61 43 38 5 69 9 62 20 9 37 12 16 45 24 51 58 65 81 55 18 27 41 60 39 31 60 66 31 37 15 36 21 64
60 37 40 37 62 11 9 27 0 50 63 26 29 45 31 46 57 30 61 19 36 23 68 18 51 43 36 52 39 40 48 43 40 46 41 60 31 42 50 14 64 63 58 55 67 22 52 23 32 8 37
23 42 28 15 60 39 59 51 50 0 22 74 62 25 34 12 20 69 11 45 14 52 18 48 21 70 50 27 52 66 7 34 90 22 55 51 81 42 75 55 14 46 69 12 17 70 27 61 80 53 60
44 40 49 27 82 52 72 52 63 22 0 83 64 22 37 17 6 86 22 62 30 56 28 54 43 67 48 16 47 63 17 29 100 44 76 73 94 37 71 70 15 32 62 33 23 80 16 66 87 64 80
86 45 66 61 84 35 25 33 26 74 83 0 24 61 46 68 77 43 85 44 60 28 92 29 77 34 41 68 44 34 72 56 18 72 63 85 28 50 40 34 88 71 56 80 91 4 68 18 6 21 57
79 25 63 47 90 30 35 12 29 62 64 24 0 42 29 52 58 57 72 48 49 10 80 15 71 14 18 49 20 11 56 36 41 67 70 87 49 29 21 43 72 48 32 70 78 23 49 6 25 21 66
48 18 44 18 78 34 54 30 45 25 22 61 42 0 15 13 16 72 34 49 21 34 42 32 45 46 26 7 27 42 18 9 78 43 68 71 76 17 51 55 31 23 44 37 39 58 7 44 65 43 70
53 10 42 20 76 20 40 17 31 34 37 46 29 15 0 23 31 58 44 39 22 19 52 17 46 36 18 22 20 32 28 12 63 44 60 69 62 14 43 41 43 32 40 44 49 43 22 29 50 28 60
35 30 36 10 70 35 55 40 46 12 17 68 52 13 23 0 12 69 21 45 13 42 29 40 33 58 38 15 40 54 5 22 85 32 60 61 77 30 63 53 20 34 57 24 26 65 15 52 73 48 64
43 34 46 22 80 46 66 46 57 20 6 77 58 16 31 12 0 81 24 57 25 50 31 48 41 61 42 10 41 57 14 23 94 42 72 71 88 31 65 65 18 28 56 32 26 74 10 60 81 58 76
68 66 46 59 48 38 22 57 30 69 86 43 57 72 58 69 81 0 79 24 57 53 84 48 59 71 66 79 69 68 70 70 44 54 27 51 21 71 78 17 83 90 88 68 85 40 79 51 49 37 18
22 51 35 26 63 50 70 61 61 11 22 85 72 34 44 21 24 79 0 55 25 62 8 59 23 79 59 33 61 75 16 43 101 27 61 53 92 51 84 65 8 52 78 13 6 81 33 72 91 64 68
46 48 24 35 43 19 19 43 19 45 62 44 48 49 39 45 57 24 55 0 33 39 60 34 37 61 51 56 54 57 46 51 53 32 22 41 38 53 68 11 59 71 74 44 61 40 56 42 50 27 21
31 32 23 3 57 25 45 38 36 14 30 60 49 21 22 13 25 57 25 33 0 39 32 35 24 58 40 26 42 54 13 27 76 22 47 50 67 35 65 41 28 44 62 22 31 56 26 48 66 39 51
69 17 53 37 80 20 31 5 23 52 56 28 10 34 19 42 50 53 62 39 39 0 70 5 61 22 14 40 17 18 46 28 46 57 61 77 50 22 29 37 62 43 36 60 68 26 40 10 31 16 60
21 59 38 33 64 57 76 69 68 18 28 92 80 42 52 29 31 84 8 60 32 70 0 66 26 87 67 41 69 83 24 51 108 30 64 54 98 59 92 71 13 59 86 16 5 88 41 79 98 71 71
65 19 48 33 75 15 27 9 18 48 54 29 15 32 17 40 48 48 59 34 35 5 66 0 56 27 18 39 21 23 44 28 46 52 56 72 46 24 34 32 60 45 40 56 65 26 39 13 33 12 55
9 56 13 27 40 42 56 62 51 21 43 77 71 45 46 33 41 59 23 37 24 61 26 56 0 82 64 48 66 78 28 51 90 5 38 30 75 59 89 48 31 67 86 10 28 73 48 68 83 56 46
89 28 75 56 102 42 49 20 43 70 67 34 14 46 36 58 61 71 79 61 58 22 87 27 82 0 20 51 20 4 63 38 49 78 83 99 62 30 7 57 77 47 22 80 84 35 51 20 33 35 80
71 8 60 38 92 32 45 9 36 50 48 41 18 26 18 38 42 66 59 51 40 14 67 18 64 20 0 32 3 16 43 19 59 62 73 87 64 11 25 50 57 30 23 62 64 40 32 23 43 30 72
50 24 49 23 83 41 61 37 52 27 16 68 49 7 22 15 10 79 33 56 26 40 41 39 48 51 32 0 31 47 20 13 85 47 73 76 83 21 55 62 28 19 46 39 36 65 0 50 71 50 76
73 10 62 40 95 35 48 12 39 52 47 44 20 27 20 40 41 69 61 54 42 17 69 21 66 20 3 31 0 16 45 18 61 64 76 89 67 10 24 53 58 28 20 64 66 43 31 26 45 33 75
85 24 71 52 98 38 46 16 40 66 63 34 11 42 32 54 57 68 75 57 54 18 83 23 78 4 16 47 16 0 59 34 50 74 79 95 60 26 11 54 73 44 22 76 80 34 47 17 34 32 77
30 35 32 11 66 37 57 45 48 7 17 72 56 18 28 5 14 70 16 46 13 46 24 44 28 63 43 20 45 59 0 27 88 28 59 57 79 35 68 54 16 39 62 19 22 68 20 56 77 51 63
57 11 50 24 84 32 52 24 43 34 29 56 36 9 12 22 23 70 43 51 27 28 51 28 51 38 19 13 18 34 27 0 74 49 71 77 74 8 42 53 40 20 35 46 48 54 13 38 59 40 72
99 63 77 77 91 51 34 51 40 90 100 18 41 78 63 85 94 44 101 53 76 46 108 46 90 49 59 85 61 50 88 74 0 85 69 93 23 68 55 43 104 89 71 95 107 20 85 36 16 37 61
14 54 8 25 38 38 51 58 46 22 44 72 67 43 44 32 42 54 27 32 22 57 30 52 5 78 62 47 64 74 28 49 85 0 34 29 70 57 85 43 35 66 84 14 32 68 47 64 78 52 41
46 70 27 50 22 41 38 65 41 55 76 63 70 68 60 60 72 27 61 22 47 61 64 56 38 83 73 73 76 79 59 71 69 34 0 24 48 74 90 29 69 91 96 48 66 59 73 64 69 49 9
33 79 27 53 10 57 60 81 60 51 73 85 87 71 69 61 71 51 53 41 50 77 54 72 30 99 87 76 89 95 57 77 93 29 24 0 72 83 106 51 61 94 109 40 58 81 76 83 91 68 33
84 65 62 68 69 42 22 55 31 81 94 28 49 76 62 77 88 21 92 38 67 50 98 46 75 62 64 83 67 60 79 74 23 70 48 72 0 70 68 27 95 91 81 82 98 27 83 43 32 34 39
65 5 56 32 90 34 51 18 42 42 37 50 29 17 14 30 31 71 51 53 35 22 59 24 59 30 11 21 10 26 35 8 68 57 74 83 70 0 34 54 48 21 27 54 56 48 21 32 53 36 74
96 33 82 63 109 49 56 27 50 75 71 40 21 51 43 63 65 78 84 68 65 29 92 34 89 7 25 55 24 11 68 42 55 85 90 106 68 34 0 64 82 49 18 87 89 41 55 27 39 42 87
57 49 35 43 50 21 9 41 14 55 70 34 43 55 41 53 65 17 65 11 41 37 71 32 48 57 50 62 53 54 54 53 43 43 29 51 27 54 64 0 69 73 72 55 71 30 62 37 40 22 23
30 49 42 27 71 53 73 60 64 14 15 88 72 31 43 20 18 83 8 59 28 62 13 60 31 77 57 28 58 73 16 40 104 35 69 61 95 48 82 69 0 46 74 21 8 84 28 72 93 67 74
69 26 67 41 101 52 72 39 63 46 32 71 48 23 32 34 28 90 52 71 44 43 59 45 67 47 30 19 28 44 39 20 89 66 91 94 91 21 49 73 46 0 33 58 54 69 19 53 73 57 92
92 30 82 59 115 55 67 31 58 69 62 56 32 44 40 57 56 88 78 74 62 36 86 40 86 22 23 46 20 22 62 35 71 84 96 109 81 27 18 72 74 33 0 81 82 55 46 38 55 52 95
11 54 22 24 50 45 61 60 55 12 33 80 70 37 44 24 32 68 13 44 22 60 16 56 10 80 62 39 64 76 19 46 95 14 48 40 82 54 87 55 21 58 81 0 18 76 39 69 86 59 55
25 56 40 32 68 56 76 66 67 17 23 91 78 39 49 26 26 85 6 61 31 68 5 65 28 84 64 36 66 80 22 48 107 32 66 58 98 56 89 71 8 54 82 18 0 87 36 78 97 70 73
82 43 62 57 80 31 21 31 22 70 80 4 23 58 43 65 74 40 81 40 56 26 88 26 73 35 40 65 43 34 68 54 20 68 59 81 27 48 41 30 84 69 55 76 87 0 65 17 10 17 53
50 24 49 23 83 41 61 37 52 27 16 68 49 7 22 15 10 79 33 56 26 40 41 39 48 51 32 0 31 47 20 13 85 47 73 76 83 21 55 62 28 19 46 39 36 65 0 50 71 50 76
77 27 59 46 85 26 29 15 23 61 66 18 6 44 29 52 60 51 72 42 48 10 79 13 68 20 23 50 26 17 56 38 36 64 64 83 43 32 27 37 72 53 38 69 78 17 50 0 21 15 60
92 48 72 66 90 41 31 36 32 80 87 6 25 65 50 73 81 49 91 50 66 31 98 33 83 33 43 71 45 34 77 59 16 78 69 91 32 53 39 40 93 73 55 86 97 10 71 21 0 27 63
65 31 46 40 70 14 15 21 8 53 64 21 21 43 28 48 58 37 64 27 39 16 71 12 56 35 30 50 33 32 51 40 37 52 49 68 34 36 42 22 67 57 52 59 70 17 50 15 27 0 45
54 69 33 54 30 40 32 64 37 60 80 57 66 70 60 64 76 18 68 21 51 60 71 55 46 80 72 76 75 77 63 72 61 41 9 33 39 74 87 23 74 92 95 55 73 53 76 60 63 45 0
0 1727
1038 1127
1307 1541
10 264
1215 1463
492 603
78 327
493 747
883 1048
81 303
230 404
689 927
812 1043
904 1031
446 684
175 337
959 1059
75 329
264 450
1343 1545
214 347
1046 1134
725 857
1465 1674
1250 1443
720 948
860 1019
530 722
684 819
593 681
1020 1238
1177 1295
199 366
497 733
1194 1381
1053 1153
691 799
942 1104
1024 1206
214 432
47 289
22 180
1473 1646
223 455
1134 1322
1172 1297
1337 1510
620 862
1311 1454
1062 1290
305 417
