51
0 43 2 18 62 84 77 40 11 61 59 81 97 28 23 26 28 76 67 76 74 83 72 61 50 34 46 74 72 65 12 18 55 43 42 17 43 57 25 54 38 86 90 49 76 45 91 46 35 44 85
43 0 44 56 19 56 45 51 49 86 17 40 86 18 52 20 57 34 47 48 53 40 58 29 31 60 66 31 29 22 31 27 12 12 10 42 0 55 23 21 51 44 60 9 63 2 80 60 17 14 80
2 44 0 16 63 84 77 38 9 59 60 82 95 29 21 28 26 77 66 76 73 84 70 62 50 32 44 75 73 66 13 20 56 44 43 15 44 55 25 55 36 87 90 50 74 46 89 44 37 46 83
18 56 16 0 75 87 82 31 7 44 70 91 89 39 11 43 14 87 67 79 74 94 66 68 53 20 32 85 85 76 25 35 66 53 53 15 56 49 34 63 29 96 93 60 68 58 83 35 52 61 76
62 19 63 75 0 57 45 68 68 104 15 30 96 37 71 38 76 25 55 50 59 24 68 32 44 79 84 16 11 11 50 46 13 27 25 61 19 69 42 26 69 34 60 18 73 17 90 77 31 22 90
84 56 84 87 57 0 12 57 83 89 43 35 45 57 76 73 75 37 20 8 15 53 29 27 34 72 70 48 55 46 72 77 47 45 47 72 56 43 59 35 59 38 6 47 32 54 41 62 73 70 48
77 45 77 82 45 12 0 57 78 91 31 24 56 49 73 63 74 25 22 8 20 41 34 16 29 72 71 36 43 34 65 68 36 35 37 67 45 45 52 24 59 28 15 36 38 43 51 63 62 59 55
40 51 38 31 68 57 57 0 32 36 58 72 58 34 20 50 18 69 37 52 44 83 35 47 29 15 16 74 76 65 34 47 56 41 43 23 51 18 30 46 2 77 63 50 37 52 52 9 57 62 45
11 49 9 7 68 83 78 32 0 50 64 86 90 33 13 36 18 81 63 75 70 88 66 64 49 24 36 79 78 70 18 28 60 47 47 11 49 50 28 58 30 91 89 54 69 51 84 37 45 54 77
61 86 59 44 104 89 91 36 50 0 94 108 70 69 38 80 33 105 69 84 74 119 61 83 65 28 20 110 112 101 62 75 92 77 79 48 86 46 64 82 35 113 95 86 60 88 67 28 89 97 56
59 17 60 70 15 43 31 58 64 94 0 23 81 31 64 37 68 17 40 35 44 25 54 17 30 70 74 16 18 7 47 44 5 17 17 55 17 55 36 12 59 27 46 10 59 15 75 66 34 29 76
81 40 82 91 30 35 24 72 86 108 23 0 80 53 84 60 87 6 45 32 44 18 58 25 43 87 88 16 23 20 69 67 28 39 39 76 40 66 58 28 74 5 36 33 62 38 75 80 57 51 79
97 86 95 89 96 45 56 58 90 70 81 80 0 80 78 98 76 81 41 48 37 97 28 64 55 71 61 92 97 87 89 99 84 74 76 80 86 40 79 70 60 83 47 82 23 86 6 56 102 100 15
28 18 29 39 37 57 49 34 33 69 31 53 80 0 34 18 39 48 42 49 49 55 52 33 25 42 49 46 47 37 16 20 27 15 14 24 18 43 5 26 34 58 63 21 57 20 74 43 24 28 71
23 52 21 11 71 76 73 20 13 38 64 84 78 34 0 42 5 80 56 69 63 89 55 61 44 11 23 80 81 71 24 37 61 47 48 10 52 38 29 56 18 89 82 55 57 54 72 24 51 59 65
26 20 28 43 38 73 63 50 36 80 37 60 98 18 42 0 47 54 60 65 67 60 70 47 43 53 63 51 49 42 18 8 32 28 26 32 20 60 20 39 49 64 78 29 75 22 92 58 9 18 89
28 57 26 14 76 75 74 18 18 33 68 87 76 39 5 47 0 83 55 70 62 93 53 63 45 6 18 84 85 75 29 42 65 51 52 15 57 36 34 59 16 92 81 59 55 59 70 21 56 64 62
76 34 77 87 25 37 25 69 81 105 17 6 81 48 80 54 83 0 44 33 45 16 58 22 40 84 85 11 18 14 64 61 22 34 34 72 34 64 53 24 71 10 39 27 63 32 76 77 51 45 80
67 47 66 67 55 20 22 37 63 69 40 45 41 42 56 60 55 44 0 15 7 60 14 23 17 52 50 52 57 46 55 62 43 35 37 52 47 23 43 29 39 49 26 41 19 47 35 42 63 61 36
76 48 76 79 50 8 8 52 75 84 35 32 48 49 69 65 70 33 15 0 12 49 26 19 26 67 65 44 50 40 64 69 39 37 39 64 48 38 51 27 54 36 14 39 30 46 43 57 65 62 47
74 53 73 74 59 15 20 44 70 74 44 44 37 49 63 67 62 45 7 12 0 61 14 27 24 59 55 55 60 50 62 69 47 41 43 59 53 28 50 33 46 48 21 45 18 52 32 47 69 67 35
83 40 84 94 24 53 41 83 88 119 25 18 97 55 89 60 93 16 60 49 61 0 74 38 55 95 99 9 13 18 71 67 28 42 41 79 40 80 60 37 84 17 54 34 79 38 92 91 55 46 96
72 58 70 66 68 29 34 35 66 61 54 58 28 52 55 70 53 58 14 26 14 74 0 37 27 50 44 66 71 60 62 71 56 46 48 55 58 17 51 42 37 62 34 54 5 58 22 36 74 72 22
61 29 62 68 32 27 16 47 64 83 17 25 64 33 61 47 63 22 23 19 27 38 37 0 18 62 63 29 34 23 49 52 20 19 21 53 29 42 37 8 49 30 31 20 42 27 58 55 46 43 59
50 31 50 53 44 34 29 29 49 65 30 43 55 25 44 43 45 40 17 26 24 55 27 18 0 44 45 46 48 37 38 45 31 19 21 38 31 25 26 18 31 48 40 27 32 31 49 37 47 45 49
34 60 32 20 79 72 72 15 24 28 70 87 71 42 11 53 6 84 52 67 59 95 50 62 44 0 12 86 87 77 35 48 67 53 54 21 60 33 37 60 13 92 78 61 52 62 65 15 62 69 56
46 66 44 32 84 70 71 16 36 20 74 88 61 49 23 63 18 85 50 65 55 99 44 63 45 12 0 90 92 81 46 59 72 57 59 32 66 27 45 62 15 93 76 66 45 68 56 8 72 77 46
74 31 75 85 16 48 36 74 79 110 16 16 92 46 80 51 84 11 52 44 55 9 66 29 46 86 90 0 7 9 62 58 19 33 32 70 31 71 51 28 75 18 50 25 71 29 87 82 47 38 88
72 29 73 85 11 55 43 76 78 112 18 23 97 47 81 49 85 18 57 50 60 13 71 34 48 87 92 7 0 11 60 56 20 35 33 71 29 73 52 30 77 25 57 26 76 27 92 84 42 33 93
65 22 66 76 11 46 34 65 70 101 7 20 87 37 71 42 75 14 46 40 50 18 60 23 37 77 81 9 11 0 53 49 10 24 23 61 22 62 42 19 66 24 49 16 65 20 81 73 39 31 82
12 31 13 25 50 72 65 34 18 62 47 69 89 16 24 18 29 64 55 64 62 71 62 49 38 35 46 62 60 53 0 13 43 31 30 14 31 49 13 42 33 74 78 37 66 33 83 42 27 36 78
18 27 20 35 46 77 68 47 28 75 44 67 99 20 37 8 42 61 62 69 69 67 71 52 45 48 59 58 56 49 13 0 39 33 31 27 27 60 20 44 46 71 83 36 76 29 93 55 17 26 89
55 12 56 66 13 47 36 56 60 92 5 28 84 27 61 32 65 22 43 39 47 28 56 20 31 67 72 19 20 10 43 39 0 15 13 51 12 56 32 14 57 32 51 6 61 10 78 65 29 24 78
43 12 44 53 27 45 35 41 47 77 17 39 74 15 47 28 51 34 35 37 41 42 46 19 19 53 57 33 35 24 31 33 15 0 2 38 12 43 19 12 42 44 50 9 51 12 68 50 28 26 68
42 10 43 53 25 47 37 43 47 79 17 39 76 14 48 26 52 34 37 39 43 41 48 21 21 54 59 32 33 23 30 31 13 2 0 38 10 45 19 13 44 44 52 7 53 10 70 52 26 24 70
17 42 15 15 61 72 67 23 11 48 55 76 80 24 10 32 15 72 52 64 59 79 55 53 38 21 32 70 71 61 14 27 51 38 38 0 42 40 19 48 21 81 78 45 59 44 74 29 41 49 68
43 0 44 56 19 56 45 51 49 86 17 40 86 18 52 20 57 34 47 48 53 40 58 29 31 60 66 31 29 22 31 27 12 12 10 42 0 55 23 21 51 44 60 9 63 2 80 60 17 14 80
57 55 55 49 69 43 45 18 50 46 55 66 40 43 38 60 36 64 23 38 28 80 17 42 25 33 27 71 73 62 49 60 56 43 45 40 55 0 40 43 20 71 49 52 19 55 34 19 67 69 29
25 23 25 34 42 59 52 30 28 64 36 58 79 5 29 20 34 53 43 51 50 60 51 37 26 37 45 51 52 42 13 20 32 19 19 19 23 40 0 30 30 63 65 26 56 25 73 39 27 33 69
54 21 55 63 26 35 24 46 58 82 12 28 70 26 56 39 59 24 29 27 33 37 42 8 18 60 62 28 30 19 42 44 14 12 13 48 21 43 30 0 48 33 39 12 47 19 64 55 38 35 64
38 51 36 29 69 59 59 2 30 35 59 74 60 34 18 49 16 71 39 54 46 84 37 49 31 13 15 75 77 66 33 46 57 42 44 21 51 20 30 48 0 79 65 51 39 53 54 9 57 62 47
86 44 87 96 34 38 28 77 91 113 27 5 83 58 89 64 92 10 49 36 48 17 62 30 48 92 93 18 25 24 74 71 32 44 44 81 44 71 63 33 79 0 38 37 66 42 79 85 61 55 83
90 60 90 93 60 6 15 63 89 95 46 36 47 63 82 78 81 39 26 14 21 54 34 31 40 78 76 50 57 49 78 83 51 50 52 78 60 49 65 39 65 38 0 51 37 58 44 68 77 74 52
49 9 50 60 18 47 36 50 54 86 10 33 82 21 55 29 59 27 41 39 45 34 54 20 27 61 66 25 26 16 37 36 6 9 7 45 9 52 26 12 51 37 51 0 59 7 76 59 26 23 76
76 63 74 68 73 32 38 37 69 60 59 62 23 57 57 75 55 63 19 30 18 79 5 42 32 52 45 71 76 65 66 76 61 51 53 59 63 19 56 47 39 66 37 59 0 63 17 38 79 77 17
45 2 46 58 17 54 43 52 51 88 15 38 86 20 54 22 59 32 47 46 52 38 58 27 31 62 68 29 27 20 33 29 10 12 10 44 2 55 25 19 53 42 58 7 63 0 80 61 19 16 80
91 80 89 83 90 41 51 52 84 67 75 75 6 74 72 92 70 76 35 43 32 92 22 58 49 65 56 87 92 81 83 93 78 68 70 74 80 34 73 64 54 79 44 76 17 80 0 50 96 94 11
46 60 44 35 77 62 63 9 37 28 66 80 56 43 24 58 21 77 42 57 47 91 36 55 37 15 8 82 84 73 42 55 65 50 52 29 60 19 39 55 9 85 68 59 38 61 50 0 66 71 41
35 17 37 52 31 73 62 57 45 89 34 57 102 24 51 9 56 51 63 65 69 55 74 46 47 62 72 47 42 39 27 17 29 28 26 41 17 67 27 38 57 61 77 26 79 19 96 66 0 9 95
44 14 46 61 22 70 59 62 54 97 29 51 100 28 59 18 64 45 61 62 67 46 72 43 45 69 77 38 33 31 36 26 24 26 24 49 14 69 33 35 62 55 74 23 77 16 94 71 9 0 94
85 80 83 76 90 48 55 45 77 56 76 79 15 71 65 89 62 80 36 47 35 96 22 59 49 56 46 88 93 82 78 89 78 68 70 68 80 29 69 64 47 83 52 76 17 80 11 41 95 94 0
0 997
288 503
211 571
218 597
692 935
401 797
508 882
352 517
641 997
424 795
393 635
326 602
345 603
458 877
544 745
245 527
369 595
483 795
258 492
369 529
302 542
596 934
280 614
304 499
98 265
573 811
131 394
55 372
383 818
320 591
605 967
426 775
91 247
244 459
422 710
229 666
479 673
368 697
547 832
596 886
263 591
23 461
72 289
608 956
24 340
52 480
217 400
121 330
437 658
452 694
572 811
