51
0 70 63 12 28 72 94 35 85 73 33 77 86 105 31 64 46 28 67 54 29 76 110 24 77 38 39 19 54 91 49 6 84 54 29 77 56 39 22 56 76 20 86 33 11 77 58 104 82 58 28
70 0 95 58 65 85 69 57 20 84 40 15 69 75 59 9 90 73 10 40 81 37 84 50 74 66 32 60 35 52 96 69 66 53 41 25 71 44 50 19 6 78 16 43 61 50 66 67 44 100 44
63 95 0 67 39 21 65 40 97 25 81 91 55 75 89 96 18 35 99 55 34 73 76 78 40 100 69 50 60 76 19 69 57 42 77 82 24 93 76 76 98 43 107 57 70 63 30 81 72 12 78
12 58 67 0 29 72 89 33 74 73 21 66 82 99 22 52 53 33 55 45 37 67 106 12 75 33 28 18 45 82 57 11 80 50 17 66 56 27 10 45 64 29 74 24 3 69 56 96 73 65 16
28 65 39 29 0 44 69 10 75 45 42 67 60 80 51 62 26 8 65 33 16 56 85 39 50 62 34 11 36 68 32 33 59 29 38 62 28 54 37 47 70 17 80 22 32 54 30 80 60 38 39
72 85 21 72 44 0 44 39 85 4 80 80 34 54 93 87 35 44 90 45 47 58 55 80 19 104 66 54 50 57 39 77 36 32 76 70 16 92 78 66 88 55 97 55 75 45 19 60 55 33 78
94 69 65 89 69 44 0 59 58 40 86 56 10 11 104 76 74 74 78 44 80 32 17 92 25 115 67 75 46 19 80 98 10 40 84 44 46 97 91 57 67 86 72 65 92 21 41 16 25 77 86
35 57 40 33 10 39 59 0 65 40 41 58 51 70 54 56 33 18 59 23 26 46 75 41 42 65 29 16 26 58 39 39 49 19 37 52 23 53 39 38 62 27 72 17 36 44 23 70 50 43 39
85 20 97 74 75 85 58 65 0 81 59 8 60 61 78 29 96 83 29 43 91 28 70 69 69 86 46 71 39 39 102 85 57 55 60 15 73 64 69 29 15 89 14 54 77 42 68 52 33 105 63
73 84 25 73 45 4 40 40 81 0 80 77 30 50 94 86 39 47 89 44 50 54 51 81 15 105 65 55 49 53 43 78 32 31 76 66 17 92 79 65 86 58 94 55 76 41 18 56 51 37 78
33 40 81 21 42 80 86 41 59 80 0 51 81 96 20 32 68 48 35 43 55 59 103 10 78 30 19 32 40 76 73 30 79 52 4 54 64 12 11 33 46 48 55 25 22 66 62 91 66 80 5
77 15 91 66 67 80 56 58 8 77 51 0 58 62 71 24 89 75 25 37 83 25 71 61 66 79 38 63 32 39 95 77 55 49 52 12 67 57 61 21 12 81 17 46 69 39 62 53 31 99 55
86 69 55 82 60 34 10 51 60 30 81 58 0 21 99 75 64 64 78 38 70 33 25 86 15 110 62 67 41 25 70 90 3 32 79 46 36 92 84 54 69 76 74 58 85 19 31 26 27 67 81
105 75 75 99 80 54 11 70 61 50 96 62 21 0 114 82 85 85 84 54 91 38 9 102 36 125 77 86 56 23 91 109 21 51 94 50 57 106 101 64 73 97 75 75 102 30 52 10 31 87 96
31 59 89 22 51 93 104 54 78 94 20 71 99 114 0 50 75 55 52 61 59 78 121 13 94 11 37 40 58 95 79 25 97 68 21 74 77 15 15 53 64 50 73 41 21 84 77 110 85 87 18
64 9 96 52 62 87 76 56 29 86 32 24 75 82 50 0 88 70 3 42 78 44 91 42 78 57 28 56 37 60 94 62 72 55 35 33 73 35 43 21 14 74 23 40 54 56 68 75 51 99 37
46 90 18 53 26 35 74 33 96 39 68 89 64 85 75 88 0 20 91 53 17 74 89 64 51 84 60 36 57 81 6 52 65 43 64 82 28 79 62 71 95 26 105 48 54 67 34 89 76 12 64
28 73 35 33 8 44 74 18 83 47 48 75 64 85 55 70 20 0 73 41 8 64 89 44 53 65 42 16 44 75 25 34 64 35 44 70 30 59 42 55 78 12 88 30 35 60 33 86 68 32 44
67 10 99 55 65 90 78 59 29 89 35 25 78 84 52 3 91 73 0 45 81 46 93 45 81 59 31 59 40 62 97 65 75 58 38 35 76 37 46 24 14 77 21 43 57 59 71 77 53 102 40
54 40 55 45 33 45 44 23 43 44 43 37 38 54 61 42 53 41 45 0 49 23 61 48 37 72 25 35 5 37 59 56 36 13 41 29 31 55 47 21 43 50 52 21 48 24 26 51 28 62 43
29 81 34 37 16 47 80 26 91 50 55 83 70 91 59 78 17 8 81 49 0 72 95 49 58 67 50 23 52 83 20 35 70 43 51 78 35 64 47 63 86 9 96 38 38 68 39 94 76 29 50
76 37 73 67 56 58 32 46 28 54 59 25 33 38 78 44 74 64 46 23 72 0 47 66 41 89 41 58 22 17 80 78 30 31 58 13 49 68 65 26 36 73 41 43 70 14 43 32 7 81 60
110 84 76 106 85 55 17 75 70 51 103 71 25 9 121 91 89 89 93 61 95 47 0 109 38 132 84 91 63 32 94 114 26 56 101 59 61 114 108 73 82 101 84 82 109 38 56 19 40 88 103
24 50 78 12 39 80 92 41 69 81 10 61 86 102 13 42 64 44 45 48 49 66 109 0 81 24 25 28 46 83 69 21 84 55 9 63 64 15 2 42 56 41 65 28 13 72 64 98 73 76 6
77 74 40 75 50 19 25 42 69 15 78 66 15 36 94 78 51 53 81 37 58 41 38 81 0 105 61 58 42 38 56 81 17 26 74 54 23 90 79 57 76 65 82 53 78 28 20 41 38 52 76
38 66 100 33 62 104 115 65 86 105 30 79 110 125 11 57 84 65 59 72 67 89 132 24 105 0 48 51 69 106 87 32 108 79 32 84 88 22 26 63 71 58 80 52 30 95 88 121 96 96 29
39 32 69 28 34 66 67 29 46 65 19 38 62 77 37 28 60 42 31 25 50 41 84 25 61 48 0 28 21 58 66 39 60 35 17 38 50 30 24 17 37 46 47 12 31 47 47 73 48 72 19
19 60 50 18 11 54 75 16 71 55 32 63 67 86 40 56 36 16 59 35 23 58 91 28 58 51 28 0 36 72 41 23 65 35 28 61 38 43 26 42 65 18 75 17 21 58 39 85 63 48 28
54 35 60 45 36 50 46 26 39 49 40 32 41 56 58 37 57 44 40 5 52 22 63 46 42 69 21 36 0 38 63 56 39 18 38 26 36 51 45 16 38 53 48 21 48 26 31 52 28 67 40
91 52 76 82 68 57 19 58 39 53 76 39 25 23 95 60 81 75 62 37 83 17 32 83 38 106 58 72 38 0 87 93 22 40 75 27 53 85 82 43 50 85 53 58 85 15 47 15 10 86 77
49 96 19 57 32 39 80 39 102 43 73 95 70 91 79 94 6 25 97 59 20 80 94 69 56 87 66 41 63 87 0 55 71 49 69 88 34 84 67 77 101 29 111 54 58 73 40 95 82 9 69
6 69 69 11 33 77 98 39 85 78 30 77 90 109 25 62 52 34 65 56 35 78 114 21 81 32 39 23 56 93 55 0 88 58 28 77 61 36 19 56 75 26 85 35 8 80 62 107 84 64 25
84 66 57 80 59 36 10 49 57 32 79 55 3 21 97 72 65 64 75 36 70 30 26 84 17 108 60 65 39 22 71 88 0 30 77 43 37 90 82 52 66 76 71 56 83 16 31 24 24 68 79
54 53 42 50 29 32 40 19 55 31 52 49 32 51 68 55 43 35 58 13 43 31 56 55 26 79 35 35 18 40 49 58 30 0 48 40 18 64 53 34 56 46 65 27 53 25 13 51 33 50 50
29 41 77 17 38 76 84 37 60 76 4 52 79 94 21 35 64 44 38 41 51 58 101 9 74 32 17 28 38 75 69 28 77 48 0 54 60 16 9 33 47 44 57 21 20 64 58 90 65 76 3
77 25 82 66 62 70 44 52 15 66 54 12 46 50 74 33 82 70 35 29 78 13 59 63 54 84 38 61 26 27 88 77 43 40 54 0 58 63 62 21 23 79 28 44 69 27 53 42 19 90 57
56 71 24 56 28 16 46 23 73 17 64 67 36 57 77 73 28 30 76 31 35 49 61 64 23 88 50 38 36 53 34 61 37 18 60 58 0 76 62 52 74 42 83 39 59 39 6 61 48 33 62
39 44 93 27 54 92 97 53 64 92 12 57 92 106 15 35 79 59 37 55 64 68 114 15 90 22 30 43 51 85 84 36 90 64 16 63 76 0 17 42 49 56 58 37 28 77 74 100 75 91 15
22 50 76 10 37 78 91 39 69 79 11 61 84 101 15 43 62 42 46 47 47 65 108 2 79 26 24 26 45 82 67 19 82 53 9 62 62 17 0 41 56 39 66 26 11 71 62 97 72 74 6
56 19 76 45 47 66 57 38 29 65 33 21 54 64 53 21 71 55 24 21 63 26 73 42 57 63 17 42 16 43 77 56 52 34 33 21 52 42 41 0 24 60 34 25 48 36 47 58 33 81 36
76 6 98 64 70 88 67 62 15 86 46 12 69 73 64 14 95 78 14 43 86 36 82 56 76 71 37 65 38 50 101 75 66 56 47 23 74 49 56 24 0 83 10 48 67 50 69 65 42 105 50
20 78 43 29 17 55 86 27 89 58 48 81 76 97 50 74 26 12 77 50 9 73 101 41 65 58 46 18 53 85 29 26 76 46 44 79 42 56 39 60 83 0 93 35 29 71 45 97 77 38 43
86 16 107 74 80 97 72 72 14 94 55 17 74 75 73 23 105 88 21 52 96 41 84 65 82 80 47 75 48 53 111 85 71 65 57 28 83 58 66 34 10 93 0 58 77 55 78 66 47 114 60
33 43 57 24 22 55 65 17 54 55 25 46 58 75 41 40 48 30 43 21 38 43 82 28 53 52 12 17 21 58 54 35 56 27 21 44 39 37 26 25 48 35 58 0 27 45 37 72 49 60 23
11 61 70 3 32 75 92 36 77 76 22 69 85 102 21 54 54 35 57 48 38 70 109 13 78 30 31 21 48 85 58 8 83 53 20 69 59 28 11 48 67 29 77 27 0 72 59 99 76 66 17
77 50 63 69 54 45 21 44 42 41 66 39 19 30 84 56 67 60 59 24 68 14 38 72 28 95 47 58 26 15 73 80 16 25 64 27 39 77 71 36 50 71 55 45 72 0 33 27 10 72 66
58 66 30 56 30 19 41 23 68 18 62 62 31 52 77 68 34 33 71 26 39 43 56 64 20 88 47 39 31 47 40 62 31 13 58 53 6 74 62 47 69 45 78 37 59 33 0 55 42 39 60
104 67 81 96 80 60 16 70 52 56 91 53 26 10 110 75 89 86 77 51 94 32 19 98 41 121 73 85 52 15 95 107 24 51 90 42 61 100 97 58 65 97 66 72 99 27 55 0 25 92 92
82 44 72 73 60 55 25 50 33 51 66 31 27 31 85 51 76 68 53 28 76 7 40 73 38 96 48 63 28 10 82 84 24 33 65 19 48 75 72 33 42 77 47 49 76 10 42 25 0 81 67
58 100 12 65 38 33 77 43 105 37 80 99 67 87 87 99 12 32 102 62 29 81 88 76 52 96 72 48 67 86 9 64 68 50 76 90 33 91 74 81 105 38 114 60 66 72 39 92 81 0 76
28 44 78 16 39 78 86 39 63 78 5 55 81 96 18 37 64 44 40 43 50 60 103 6 76 29 19 28 40 77 69 25 79 50 3 57 62 15 6 36 50 43 60 23 17 66 60 92 67 76 0
0 997
588 911
73 516
379 591
294 592
107 493
696 997
252 646
491 786
94 509
657 997
264 519
171 381
536 742
602 840
383 614
610 875
391 816
524 697
315 686
576 779
544 711
379 806
195 345
22 406
435 858
230 504
516 883
524 798
471 898
154 455
46 486
421 589
206 500
574 805
448 842
344 762
585 903
368 787
563 888
450 613
590 997
165 582
665 997
388 624
426 819
686 997
694 883
117 557
400 684
273 517
