21
0 71 30 57 70 26 14 67 25 61 42 55 37 59 67 56 31 29 23 60 27
71 0 69 91 45 96 72 90 86 20 82 57 39 43 18 94 44 43 81 18 62
30 69 0 87 50 39 44 96 21 67 72 77 30 40 73 86 47 29 53 53 7
57 91 87 0 115 71 43 12 81 72 15 36 80 105 76 5 52 72 37 93 83
70 45 50 115 0 88 80 120 71 59 102 90 36 11 61 116 63 45 91 29 46
26 96 39 71 88 0 33 81 19 87 56 77 60 77 93 67 57 53 34 84 42
14 72 44 43 80 33 0 53 38 58 28 44 44 69 64 42 28 35 11 65 40
67 90 96 12 120 81 53 0 91 70 25 33 85 110 74 17 57 77 47 95 91
25 86 21 81 71 19 38 91 0 81 66 80 47 61 86 79 54 43 44 71 26
61 20 67 72 59 87 58 70 81 0 64 37 39 54 6 74 30 39 67 30 60
42 82 72 15 102 56 28 25 66 64 0 33 66 91 69 14 40 57 22 81 68
55 57 77 36 90 77 44 33 80 37 33 0 58 81 41 39 30 51 47 63 71
37 39 30 80 36 60 44 85 47 39 66 58 0 25 44 80 28 9 55 24 23
59 43 40 105 11 77 69 110 61 54 91 81 25 0 56 105 53 34 80 25 35
67 18 73 76 61 93 64 74 86 6 69 41 44 56 0 79 36 44 73 32 66
56 94 86 5 116 67 42 17 79 74 14 39 80 105 79 0 53 71 35 94 82
31 44 47 52 63 57 28 57 54 30 40 30 28 53 36 53 0 21 37 41 41
29 43 29 72 45 53 35 77 43 39 57 51 9 34 44 71 21 0 46 31 22
23 81 53 37 91 34 11 47 44 67 22 47 55 80 73 35 37 46 0 76 50
60 18 53 93 29 84 65 95 71 30 81 63 24 25 32 94 41 31 76 0 46
27 62 7 83 46 42 40 91 26 60 68 71 23 35 66 82 41 22 50 46 0
0 783
111 234
32 159
149 306
3 89
519 722
483 590
384 570
322 414
47 161
558 775
455 553
616 706
514 645
606 777
120 309
123 335
388 575
33 250
456 597
190 391
