21
0 34 40 85 51 61 77 51 82 33 83 48 40 70 26 91 14 33 78 23 82
34 0 35 60 49 47 44 46 60 56 50 22 39 40 32 59 34 6 45 27 49
40 35 0 49 81 22 59 11 44 36 64 57 5 72 57 67 28 29 59 17 75
85 60 49 0 107 29 38 45 9 85 38 73 54 73 92 31 75 56 37 63 61
51 49 81 107 0 95 79 92 109 84 85 35 83 50 25 95 63 54 80 66 69
61 47 22 29 95 0 52 16 22 56 55 67 25 76 76 54 50 41 51 38 72
77 44 59 38 79 52 0 63 46 93 6 44 64 36 73 16 74 44 1 64 23
51 46 11 45 92 16 63 0 38 41 67 68 11 81 68 68 37 40 63 28 81
82 60 44 9 109 22 46 38 0 78 46 76 47 78 92 40 71 56 45 59 69
33 56 36 85 84 56 93 41 78 0 98 76 31 96 59 102 23 52 93 29 104
83 50 64 38 85 55 6 67 46 98 0 50 69 40 79 11 80 50 5 69 25
48 22 57 73 35 67 44 68 76 76 50 0 61 22 32 60 53 28 45 49 38
40 39 5 54 83 25 64 11 47 31 69 61 0 77 59 72 26 33 64 17 80
70 40 72 73 50 76 36 81 78 96 40 22 77 0 54 51 74 45 37 67 19
26 32 57 92 25 76 73 68 92 59 79 32 59 54 0 89 38 36 74 42 70
91 59 67 31 95 54 16 68 40 102 11 60 72 51 89 0 86 58 15 75 36
14 34 28 75 63 50 74 37 71 23 80 53 26 74 38 86 0 31 75 12 83
33 6 29 56 54 41 44 40 56 52 50 28 33 45 36 58 31 0 45 23 52
78 45 59 37 80 51 1 63 45 93 5 45 64 37 74 15 75 45 0 64 24
23 27 17 63 66 38 64 28 59 29 69 49 17 67 42 75 12 23 64 0 75
82 49 75 61 69 72 23 81 69 104 25 38 80 19 70 36 83 52 24 75 0
0 640
113 233
151 354
285 399
222 459
446 584
147 380
146 280
10 153
364 498
22 293
348 532
264 407
214 471
114 243
315 480
285 431
40 292
38 142
114 402
322 559
