21
0 62 79 45 15 21 51 52 71 93 45 106 64 27 67 53 92 89 89 50 19
62 0 24 70 65 64 20 14 37 35 27 51 82 35 20 63 56 34 42 55 48
79 24 0 74 78 85 44 28 24 42 51 27 81 53 42 63 36 10 18 55 69
45 70 74 0 30 66 73 56 52 105 71 94 19 47 86 14 67 81 72 19 58
15 65 78 30 0 36 57 52 64 97 53 104 49 30 73 39 84 88 84 38 32
21 64 85 66 36 0 46 57 82 87 39 112 85 34 61 73 104 95 98 68 16
51 20 44 73 57 46 0 23 53 42 7 71 88 27 16 69 75 54 62 61 33
52 14 28 56 52 57 23 0 30 49 27 55 68 25 31 49 52 38 41 41 41
71 37 24 52 64 82 53 30 0 66 57 42 57 48 57 40 22 29 20 33 66
93 35 42 105 97 87 42 49 66 0 48 54 117 67 26 98 78 45 60 90 74
45 27 51 71 53 39 7 27 57 48 0 78 87 24 22 69 79 61 67 61 26
106 51 27 94 104 112 71 55 42 54 78 0 97 80 65 81 36 17 22 75 96
64 82 81 19 49 85 88 68 57 117 87 97 0 64 99 19 65 86 75 27 76
27 35 53 47 30 34 27 25 48 67 24 80 64 0 43 47 70 63 64 40 18
67 20 42 86 73 61 16 31 57 26 22 65 99 43 0 80 76 50 60 72 48
53 63 63 14 39 73 69 49 40 98 69 81 19 47 80 0 53 69 59 8 61
92 56 36 67 84 104 75 52 22 78 79 36 65 70 76 53 0 33 18 49 88
89 34 10 81 88 95 54 38 29 45 61 17 86 63 50 69 33 0 15 62 79
89 42 18 72 84 98 62 41 20 60 67 22 75 64 60 59 18 15 0 53 82
50 55 55 19 38 68 61 41 33 90 61 75 27 40 72 8 49 62 53 0 55
19 48 69 58 32 16 33 41 66 74 26 96 76 18 48 61 88 79 82 55 0
0 1108
28 169
281 393
244 319
623 682
184 240
304 450
366 449
727 823
839 958
980 1108
832 907
347 484
470 613
34 165
674 783
78 202
554 610
570 636
113 176
530 648
