21
0 80 54 88 60 9 32 14 82 109 104 89 102 92 71 101 74 44 81 75 73
80 0 28 56 32 71 48 77 16 29 25 18 34 13 14 52 24 36 21 6 66
54 28 0 67 12 45 23 55 28 57 51 35 60 39 25 70 20 14 39 22 68
88 56 67 0 78 82 68 76 72 68 70 74 38 64 45 17 76 60 35 59 22
60 32 12 78 0 51 31 63 26 58 51 32 66 40 34 80 14 25 48 26 80
9 71 45 82 51 0 23 17 73 100 95 80 94 83 62 95 65 35 73 66 70
32 48 23 68 31 23 0 32 51 77 72 58 73 60 39 78 43 12 52 43 62
14 77 55 76 63 17 32 0 82 106 102 89 95 90 65 90 75 42 74 73 60
82 16 28 72 26 73 51 82 0 33 25 7 48 15 27 68 12 40 37 13 80
109 29 57 68 58 100 77 106 33 0 8 27 31 18 41 56 45 65 37 35 85
104 25 51 70 51 95 72 102 25 8 0 20 36 12 38 61 37 60 38 29 86
89 18 35 74 32 80 58 89 7 27 20 0 47 12 32 69 18 47 39 18 84
102 34 60 38 66 94 73 95 48 31 36 47 0 35 35 25 58 61 21 40 59
92 13 39 64 40 83 60 90 15 18 12 12 35 0 27 57 27 48 29 17 77
71 14 25 45 34 62 39 65 27 41 38 32 35 27 0 46 31 27 14 14 53
101 52 70 17 80 95 78 90 68 56 61 69 25 57 46 0 75 67 32 57 39
74 24 20 76 14 65 43 75 12 45 37 18 58 27 31 75 0 34 43 18 83
44 36 14 60 25 35 12 42 40 65 60 47 61 48 27 67 34 0 40 31 57
81 21 39 35 48 73 52 74 37 37 38 39 21 29 14 32 43 40 0 25 48
75 6 22 59 26 66 43 73 13 35 29 18 40 17 14 57 18 31 25 0 67
73 66 68 22 80 70 62 60 80 85 86 84 59 77 53 39 83 57 48 67 0
0 554
170 353
121 418
317 554
178 360
242 391
29 256
196 431
25 252
159 430
47 170
169 311
271 472
265 427
6 214
190 365
61 313
152 433
280 541
231 372
37 283
