21
0 80 82 79 85 39 106 63 55 24 104 47 11 34 56 23 85 41 28 69 68
80 0 31 30 7 44 56 52 29 76 60 69 70 61 29 62 5 43 60 27 69
82 31 0 3 26 43 87 78 50 88 91 54 75 77 27 72 28 59 56 56 95
79 30 3 0 26 40 86 76 47 85 90 51 72 74 24 69 28 56 53 54 92
85 7 26 26 0 47 61 59 35 83 65 70 75 68 31 67 2 50 63 34 76
39 44 43 40 47 0 86 54 30 46 86 32 32 39 17 30 48 27 16 46 68
106 56 87 86 61 86 0 46 56 90 7 118 95 75 79 83 59 66 100 40 53
63 52 78 76 59 54 46 0 29 44 42 85 52 29 57 40 57 27 64 25 17
55 29 50 47 35 30 56 29 0 48 56 62 44 33 28 34 34 15 44 16 45
24 76 88 85 83 46 90 44 48 0 86 66 18 16 61 16 81 33 43 59 45
104 60 91 90 65 86 7 42 56 86 0 118 93 71 81 81 63 65 100 40 48
47 69 54 51 70 32 118 85 62 66 118 0 48 65 40 53 72 58 23 78 98
11 70 75 72 75 32 95 52 44 18 93 48 0 23 48 12 75 30 25 58 57
34 61 77 74 68 39 75 29 33 16 71 65 23 0 51 12 66 18 42 43 34
56 29 27 24 31 17 79 57 28 61 81 40 48 51 0 45 32 34 32 41 73
23 62 72 69 67 30 83 40 34 16 81 53 12 12 45 0 67 19 30 47 46
85 5 28 28 2 48 59 57 34 81 63 72 75 66 32 67 0 48 64 32 74
41 43 59 56 50 27 66 27 15 33 65 58 30 18 34 19 48 0 37 28 41
28 60 56 53 63 16 100 64 44 43 100 23 25 42 32 30 64 37 0 60 75
69 27 56 54 34 46 40 25 16 59 40 78 58 43 41 47 32 28 60 0 42
68 69 95 92 76 68 53 17 45 45 48 98 57 34 73 46 74 41 75 42 0
0 554
16 280
258 520
313 554
180 465
49 249
292 503
71 186
142 430
277 554
319 554
305 417
123 402
28 296
32 280
100 292
146 392
214 337
154 318
260 545
116 320
