21
0 30 62 61 67 49 64 48 27 39 18 22 56 55 72 36 14 50 52 82 14
30 0 65 31 60 48 37 31 18 28 43 38 28 52 44 10 27 23 22 65 30
62 65 0 88 23 17 70 96 48 92 50 84 88 18 103 59 49 86 71 47 48
61 31 88 0 75 71 26 31 46 37 74 63 7 71 15 31 58 14 17 68 61
67 60 23 75 0 19 52 90 45 88 60 89 77 12 90 51 54 77 58 24 53
49 48 17 71 19 0 53 79 31 75 41 70 71 7 86 42 35 69 54 41 35
64 37 70 26 52 53 0 54 40 57 71 75 32 52 40 28 55 36 16 42 58
48 31 96 31 90 79 54 0 49 9 65 38 24 83 34 39 53 18 39 92 56
27 18 48 46 45 31 40 49 0 44 31 44 44 35 60 15 15 40 31 56 18
39 28 92 37 88 75 57 9 44 0 57 29 30 79 43 37 46 23 41 92 49
18 43 50 74 60 41 71 65 31 57 0 38 71 48 87 45 16 65 61 80 13
22 38 84 63 89 70 75 38 44 29 38 0 56 77 71 48 35 49 60 100 36
56 28 88 7 77 71 32 24 44 30 71 56 0 72 16 29 55 7 19 73 58
55 52 18 71 12 7 52 83 35 79 48 77 72 0 86 44 42 71 54 35 41
72 44 103 15 90 86 40 34 60 43 87 71 16 86 0 45 71 23 32 82 74
36 10 59 31 51 42 28 39 15 37 45 48 29 44 45 0 29 27 16 55 32
14 27 49 58 54 35 55 53 15 46 16 35 55 42 71 29 0 49 45 69 3
50 23 86 14 77 69 36 18 40 23 65 49 7 71 23 27 49 0 21 75 52
52 22 71 17 58 54 16 39 31 41 61 60 19 54 32 16 45 21 0 54 48
82 65 47 68 24 41 42 92 56 92 80 100 73 35 82 55 69 75 54 0 70
14 30 48 61 53 35 58 56 18 49 13 36 58 41 74 32 3 52 48 70 0
0 495
13 349
35 325
214 386
6 318
63 292
172 447
77 444
187 366
241 495
99 325
52 285
168 421
123 303
101 389
89 356
44 194
107 230
132 403
38 214
18 216
