21
0 18 93 98 83 103 19 82 9 80 50 44 64 104 64 108 57 61 71 35 13
18 0 102 94 93 114 30 90 11 77 64 54 59 100 53 103 52 49 83 46 17
93 102 0 59 13 22 74 12 93 52 53 49 64 62 89 68 69 95 35 59 86
98 94 59 0 64 81 82 55 91 18 86 67 35 6 53 11 42 59 81 74 85
83 93 13 64 0 22 64 9 83 54 40 39 62 69 87 75 66 91 22 48 76
103 114 22 81 22 0 84 29 103 74 55 60 83 84 108 90 87 113 34 68 97
19 30 74 82 64 84 0 63 19 64 34 25 51 88 59 93 46 58 53 16 13
82 90 12 55 9 29 63 0 81 45 44 38 54 60 79 66 58 84 29 47 74
9 11 93 91 83 103 19 81 0 73 53 44 56 97 55 100 49 52 72 35 7
80 77 52 18 54 74 64 45 73 0 69 49 19 24 42 29 26 48 67 56 67
50 64 53 86 40 55 34 44 53 69 0 22 65 92 83 97 64 84 21 21 47
44 54 49 67 39 60 25 38 44 49 22 0 43 73 61 78 42 63 32 10 37
64 59 64 35 62 83 51 54 56 19 65 43 0 41 25 44 7 31 69 47 51
104 100 62 6 69 84 88 60 97 24 92 73 41 0 57 6 48 63 87 80 91
64 53 89 53 87 108 59 79 55 42 83 61 25 57 0 57 21 6 91 62 52
108 103 68 11 75 90 93 66 100 29 97 78 44 6 57 0 51 63 92 85 95
57 52 69 42 66 87 46 58 49 26 64 42 7 48 21 51 0 26 70 44 44
61 49 95 59 91 113 58 84 52 48 84 63 31 63 6 63 26 0 94 63 50
71 83 35 81 22 34 53 29 72 67 21 32 69 87 91 92 70 94 0 37 66
35 46 59 74 48 68 16 47 35 56 21 10 47 80 62 85 44 63 37 0 29
13 17 86 85 76 97 13 74 7 67 47 37 51 91 52 95 44 50 66 29 0
0 640
220 497
395 640
408 630
95 215
426 606
96 373
310 528
86 340
140 271
324 594
316 586
310 489
414 640
408 552
70 189
20 285
288 418
246 362
248 413
163 407
