31
0 49 61 46 10 27 70 30 87 30 37 40 20 49 26 53 35 9 84 43 46 64 92 46 30 31 25 47 51 61 10
49 0 42 33 50 31 34 47 38 62 85 66 69 48 23 43 16 42 36 13 26 37 43 3 59 20 74 56 21 62 45
61 42 0 72 55 63 75 37 61 87 85 49 80 86 43 82 50 60 47 31 18 79 66 40 47 52 83 30 21 26 64
46 33 72 0 54 19 27 63 59 42 82 81 61 16 34 10 22 37 64 41 54 18 61 33 71 22 66 77 52 87 37
10 50 55 54 0 35 75 20 88 40 35 30 25 59 27 62 39 17 83 41 42 71 93 47 20 36 28 37 48 51 20
27 31 63 19 35 0 43 46 67 31 63 62 43 26 20 27 15 18 67 33 45 37 71 29 52 11 48 62 44 73 18
70 34 75 27 75 43 0 78 38 69 106 97 86 38 49 29 36 61 49 47 60 12 39 36 87 39 91 90 55 96 61
30 47 37 63 20 46 78 0 83 60 48 19 45 72 29 73 42 33 73 35 29 77 88 44 12 41 47 17 36 31 37
87 38 61 59 88 67 38 83 0 98 123 101 106 74 61 65 52 79 16 48 54 50 5 41 94 56 111 86 47 87 81
30 62 87 42 40 31 69 60 98 0 50 70 28 34 46 42 46 27 98 63 71 59 102 60 60 42 33 77 73 91 23
37 85 85 82 35 63 106 48 123 50 0 42 22 81 62 87 72 46 118 76 76 100 128 82 39 68 17 60 82 74 45
40 66 49 81 30 62 97 19 101 70 42 0 48 88 48 89 61 46 91 54 47 96 106 63 10 60 47 19 54 32 50
20 69 80 61 25 43 86 45 106 28 22 48 0 59 46 65 54 27 104 63 66 79 111 66 40 50 5 61 71 75 25
49 48 86 16 59 26 38 72 74 34 81 88 59 0 46 9 36 42 80 55 68 27 76 48 78 34 64 88 66 99 39
26 23 43 34 27 20 49 29 61 46 62 48 46 46 0 44 13 20 58 17 25 48 66 20 38 12 51 43 27 53 24
53 43 82 10 62 27 29 73 65 42 87 89 65 9 44 0 32 45 73 51 64 18 67 43 79 32 70 87 62 97 43
35 16 50 22 39 15 36 42 52 46 72 61 54 36 13 32 0 27 52 19 32 35 57 14 51 4 59 56 30 65 29
9 42 60 37 17 18 61 33 79 27 46 46 27 42 20 45 27 0 78 37 44 55 84 39 36 23 32 50 47 64 4
84 36 47 64 83 67 49 73 16 98 118 91 104 80 58 73 52 78 0 42 44 60 20 39 85 56 109 75 37 73 81
43 13 31 41 41 33 47 35 48 63 76 54 63 55 17 51 19 37 42 0 13 50 53 11 47 22 68 43 11 49 41
46 26 18 54 42 45 60 29 54 71 76 47 66 68 25 64 32 44 44 13 0 63 59 24 41 34 70 32 7 36 48
64 37 79 18 71 37 12 77 50 59 100 96 79 27 48 18 35 55 60 50 63 0 51 39 86 36 84 91 58 99 55
92 43 66 61 93 71 39 88 5 102 128 106 111 76 66 67 57 84 20 53 59 51 0 46 99 61 116 91 52 92 86
46 3 40 33 47 29 36 44 41 60 82 63 66 48 20 43 14 39 39 11 24 39 46 0 56 18 71 54 19 60 43
30 59 47 71 20 52 87 12 94 60 39 10 40 78 38 79 51 36 85 47 41 86 99 56 0 50 41 21 48 35 40
31 20 52 22 36 11 39 41 56 42 68 60 50 34 12 32 4 23 56 22 34 36 61 18 50 0 55 55 33 65 25
25 74 83 66 28 48 91 47 111 33 17 47 5 64 51 70 59 32 109 68 70 84 116 71 41 55 0 62 76 76 30
47 56 30 77 37 62 90 17 86 77 60 19 61 88 43 87 56 50 75 43 32 91 91 54 21 55 62 0 39 14 54
51 21 21 52 48 44 55 36 47 73 82 54 71 66 27 62 30 47 37 11 7 58 52 19 48 33 76 39 0 42 51
61 62 26 87 51 73 96 31 87 91 74 32 75 99 53 97 65 64 73 49 36 99 92 60 35 65 76 14 42 0 68
10 45 64 37 20 18 61 37 81 23 45 50 25 39 24 43 29 4 81 41 48 55 86 43 40 25 30 54 51 68 0
0 1346
325 417
19 154
395 521
1174 1242
13 190
1041 1203
25 161
1058 1236
289 443
422 532
280 377
546 646
114 266
941 1067
980 1107
683 812
910 1080
264 439
227 335
290 371
42 181
1050 1218
568 721
732 827
782 974
942 1108
1163 1342
464 579
167 347
432 606
