31
0 18 25 33 76 72 89 5 56 59 56 55 99 42 46 63 28 81 91 15 33 20 81 75 100 81 53 34 68 63 40
18 0 43 51 66 68 90 15 68 41 53 67 93 32 54 50 40 83 90 27 18 17 70 65 90 73 43 21 71 59 22
25 43 0 8 89 77 86 28 42 83 63 42 105 59 42 80 23 78 92 22 55 38 96 87 112 90 67 54 64 71 64
33 51 8 0 94 80 87 36 39 89 66 40 108 65 43 86 26 79 94 28 61 44 102 91 116 93 73 60 65 74 72
76 66 89 94 0 24 51 71 76 52 29 75 32 34 58 20 68 48 41 68 50 56 11 4 24 13 23 45 50 22 55
72 68 77 80 24 0 28 67 55 69 16 54 28 38 39 38 54 24 22 59 55 53 35 20 41 16 29 50 26 10 64
89 90 86 87 51 28 0 86 52 96 39 51 34 64 44 66 64 8 13 74 80 73 62 47 59 39 56 75 22 37 90
5 15 28 36 71 67 86 0 55 55 51 54 94 37 45 58 27 78 87 14 28 15 76 70 95 76 48 29 65 58 36
56 68 42 39 76 55 52 55 0 96 47 1 79 62 19 77 28 44 61 41 69 53 87 72 96 71 62 65 31 54 81
59 41 83 89 52 69 96 55 96 0 59 95 84 35 78 32 71 91 91 61 28 45 49 55 69 64 40 31 86 59 19
56 53 63 66 29 16 39 51 47 59 0 46 44 25 29 32 40 33 37 43 41 37 40 26 50 27 19 36 27 8 51
55 67 42 40 75 54 51 54 1 95 46 0 78 61 18 76 27 43 60 40 68 52 86 71 95 70 61 64 30 53 80
99 93 105 108 32 28 34 94 79 84 44 78 0 61 66 52 82 38 21 87 78 79 39 29 27 20 50 73 48 36 86
42 32 59 65 34 38 64 37 62 35 25 61 61 0 43 21 42 58 60 37 17 22 39 33 58 41 11 12 51 28 26
46 54 42 43 58 39 44 45 19 78 29 18 66 43 0 58 20 36 51 31 51 37 69 54 78 54 43 47 22 36 63
63 50 80 86 20 38 66 58 77 32 32 76 52 21 58 0 62 61 59 58 32 43 20 23 40 32 15 29 59 29 35
28 40 23 26 68 54 64 27 28 71 40 27 82 42 20 62 0 56 69 13 43 26 77 65 90 67 48 41 42 48 55
81 83 78 79 48 24 8 78 44 91 33 43 38 58 36 61 56 0 17 66 73 66 59 44 60 38 51 68 14 32 84
91 90 92 94 41 22 13 87 61 91 37 60 21 60 51 59 69 17 0 77 77 73 52 37 46 28 51 72 30 32 86
15 27 22 28 68 59 74 14 41 61 43 40 87 37 31 58 13 66 77 0 33 16 75 66 91 70 46 32 53 51 45
33 18 55 61 50 55 80 28 69 28 41 68 78 17 51 32 43 73 77 33 0 17 52 50 72 58 28 5 64 45 12
20 17 38 44 56 53 73 15 53 45 37 52 79 22 37 43 26 66 73 16 17 0 61 55 80 61 33 16 54 43 29
81 70 96 102 11 35 62 76 87 49 40 86 39 39 69 20 77 59 52 75 52 61 0 15 20 24 29 49 61 33 55
75 65 87 91 4 20 47 70 72 55 26 71 29 33 54 23 65 44 37 66 50 55 15 0 25 9 22 45 46 18 57
100 90 112 116 24 41 59 95 96 69 50 95 27 58 78 40 90 60 46 91 72 80 20 25 0 25 47 69 67 42 75
81 73 90 93 13 16 39 76 71 64 27 70 20 41 54 32 67 38 28 70 58 61 24 9 25 0 30 53 42 19 66
53 43 67 73 23 29 56 48 62 40 19 61 50 11 43 15 48 51 51 46 28 33 29 22 47 30 0 23 46 19 36
34 21 54 60 45 50 75 29 65 31 36 64 73 12 47 29 41 68 72 32 5 16 49 45 69 53 23 0 59 40 17
68 71 64 65 50 26 22 65 31 86 27 30 48 51 22 59 42 14 30 53 64 54 61 46 67 42 46 59 0 30 76
63 59 71 74 22 10 37 58 54 59 8 53 36 28 36 29 48 32 32 51 45 43 33 18 42 19 19 40 30 0 54
40 22 64 72 55 64 90 36 81 19 51 80 86 26 63 35 55 84 86 45 12 29 55 57 75 66 36 17 76 54 0
0 602
159 384
179 494
129 445
209 409
167 461
97 528
86 512
135 500
95 423
103 419
87 356
50 260
129 522
0 252
249 602
41 331
98 512
87 371
35 349
3 248
151 386
102 315
220 490
163 450
201 502
10 180
268 602
196 542
284 602
107 295
