31
0 51 67 37 45 27 35 23 14 56 9 34 43 22 43 38 39 54 39 62 42 16 32 22 42 13 49 65 37 59 31
51 0 94 64 94 75 63 28 37 103 59 77 93 72 82 63 41 73 13 81 90 61 82 33 63 38 92 115 83 75 35
67 94 0 102 50 79 100 72 68 47 62 37 68 58 102 32 103 21 81 14 86 79 59 83 31 73 101 83 89 124 94
37 64 102 0 69 30 2 50 43 80 40 67 56 48 19 75 26 91 62 99 39 24 54 34 79 38 32 71 29 22 29
45 94 50 69 0 39 67 66 57 11 36 21 19 23 62 44 82 53 82 56 40 47 15 67 48 58 55 34 46 91 76
27 75 79 30 39 0 29 50 41 50 22 42 26 21 23 57 49 73 66 79 15 14 24 42 61 38 23 44 11 52 46
35 63 100 2 67 29 0 48 41 78 38 65 55 46 19 73 25 89 60 97 38 22 52 32 77 36 32 70 28 24 28
23 28 72 50 66 50 48 0 9 75 31 49 65 44 62 40 36 53 16 61 65 37 54 17 41 12 70 87 59 67 27
14 37 68 43 57 41 41 9 0 66 22 42 56 35 55 36 35 51 25 59 56 29 45 15 39 5 62 78 51 63 26
56 103 47 80 11 50 78 75 66 0 47 27 27 34 72 49 93 55 91 56 49 58 26 78 53 68 64 36 56 102 87
9 59 62 40 36 22 38 31 22 47 0 27 34 13 43 36 47 52 47 59 37 17 23 31 40 22 45 56 33 62 40
34 77 37 67 21 42 65 49 42 27 27 0 34 21 65 23 73 34 64 39 50 43 23 55 27 45 64 54 52 89 65
43 93 68 56 19 26 55 65 56 27 34 34 0 22 45 57 74 68 81 73 22 38 12 64 61 56 37 22 29 77 70
22 72 58 48 23 21 46 44 35 34 13 21 22 0 44 38 59 53 60 58 30 24 10 44 42 35 43 44 31 70 53
43 82 102 19 62 23 19 62 55 72 43 65 45 44 0 79 44 95 77 102 24 27 47 49 83 50 13 56 16 33 47
38 63 32 75 44 57 73 40 36 49 36 23 57 38 79 0 71 16 50 24 68 53 45 51 4 41 80 77 68 97 62
39 41 103 26 82 49 25 36 35 93 47 73 74 59 44 71 0 86 42 94 62 36 68 20 74 31 57 93 52 34 9
54 73 21 91 53 73 89 53 51 55 52 34 68 53 95 16 86 0 60 8 83 69 57 66 12 56 96 87 84 112 77
39 13 81 62 82 66 60 16 25 91 47 64 81 60 77 50 42 60 0 68 81 53 70 28 50 28 86 103 75 75 34
62 81 14 99 56 79 97 61 59 56 59 39 73 58 102 24 94 8 68 0 88 76 62 74 20 64 101 90 89 120 85
42 90 86 39 40 15 38 65 56 49 37 50 22 30 24 68 62 83 81 88 0 29 27 57 72 53 15 32 10 57 60
16 61 79 24 47 14 22 37 29 58 17 43 38 24 27 53 36 69 53 76 29 0 32 28 57 25 33 58 22 46 32
32 82 59 54 15 24 52 54 45 26 23 23 12 10 47 45 68 57 70 62 27 32 0 54 49 45 42 34 32 76 63
22 33 83 34 67 42 32 17 15 78 31 55 64 44 49 51 20 66 28 74 57 28 54 0 54 11 59 86 50 50 11
42 63 31 79 48 61 77 41 39 53 40 27 61 42 83 4 74 12 50 20 72 57 49 54 0 44 84 81 72 100 65
13 38 73 38 58 38 36 12 5 68 22 45 56 35 50 41 31 56 28 64 53 25 45 11 44 0 58 78 47 58 22
49 92 101 32 55 23 32 70 62 64 45 64 37 43 13 80 57 96 86 101 15 33 42 59 84 58 0 45 12 45 58
65 115 83 71 34 44 70 87 78 36 56 54 22 44 56 77 93 87 103 90 32 58 34 86 81 78 45 0 42 89 90
37 83 89 29 46 11 28 59 51 56 33 52 29 31 16 68 52 84 75 89 10 22 32 50 72 47 12 42 0 48 51
59 75 124 22 91 52 24 67 63 102 62 89 77 70 33 97 34 112 75 120 57 46 76 50 100 58 45 89 48 0 41
31 35 94 29 76 46 28 27 26 87 40 65 70 53 47 62 9 77 34 85 60 32 63 11 65 22 58 90 51 41 0
0 777
405 641
461 635
454 592
408 650
165 481
138 393
228 415
149 360
191 535
388 534
502 707
361 694
13 332
516 715
101 339
467 758
502 777
256 442
414 597
188 524
163 433
312 644
498 654
33 174
435 690
420 731
274 575
305 597
228 571
439 744
