31
0 38 30 50 17 22 47 11 53 70 87 4 68 41 31 13 66 56 23 14 44 6 60 64 59 23 25 33 64 64 67
38 0 16 24 54 45 79 43 16 66 79 40 76 32 69 49 97 19 19 25 65 44 41 88 85 53 30 25 35 83 75
30 16 0 20 47 43 64 39 25 52 67 33 60 18 60 37 81 28 7 21 49 33 33 72 69 50 14 34 34 67 59
50 24 20 0 67 63 78 59 17 45 56 53 59 18 80 56 94 19 27 41 60 53 17 83 81 70 29 49 14 74 59
17 54 47 67 0 22 44 13 70 83 100 14 76 57 15 16 63 73 40 29 48 15 76 63 58 17 41 44 81 68 75
22 45 43 63 22 0 66 11 61 92 108 18 90 60 35 32 85 64 37 22 65 26 76 83 78 9 46 25 77 85 89
47 79 64 78 44 66 0 55 89 67 83 50 50 61 39 34 19 92 60 61 21 41 78 19 14 61 50 80 89 30 49
11 43 39 59 13 11 55 0 59 81 98 7 79 52 28 21 74 62 32 18 54 15 71 72 67 12 36 31 73 74 78
53 16 25 17 70 61 89 59 0 62 72 56 76 33 84 62 106 3 31 41 74 57 33 97 94 69 39 41 22 89 76
70 66 52 45 83 92 67 81 62 0 17 74 22 34 90 67 75 64 57 71 46 69 30 61 62 93 46 86 45 45 23
87 79 67 56 100 108 83 98 72 17 0 91 33 49 107 84 86 74 72 87 62 86 39 72 74 110 62 101 52 56 34
4 40 33 53 14 18 50 7 56 74 91 0 72 45 29 16 69 59 26 15 48 9 64 67 62 19 29 32 67 68 71
68 76 60 59 76 90 50 79 76 22 33 72 0 44 80 60 53 78 62 73 30 64 48 39 41 90 48 92 63 23 1
41 32 18 18 57 60 61 52 33 34 49 45 44 0 68 43 76 36 23 38 42 42 19 65 63 64 16 52 28 56 43
31 69 60 80 15 35 39 28 84 90 107 29 80 68 0 25 56 87 53 44 50 27 87 58 53 27 52 59 94 67 79
13 49 37 56 16 32 34 21 62 67 84 16 60 43 25 0 53 65 31 27 33 7 62 51 46 31 27 46 70 53 59
66 97 81 94 63 85 19 74 106 75 86 69 53 76 56 53 0 109 79 80 34 60 91 14 13 80 67 99 104 30 52
56 19 28 19 73 64 92 62 3 64 74 59 78 36 87 65 109 0 34 44 77 60 35 100 97 72 42 43 22 92 78
23 19 7 27 40 37 60 32 31 57 72 26 62 23 53 31 79 34 0 15 48 26 40 71 68 44 14 30 41 67 61
14 25 21 41 29 22 61 18 41 71 87 15 73 38 44 27 80 44 15 0 54 20 54 76 71 29 25 20 55 74 72
44 65 49 60 48 65 21 54 74 46 62 48 30 42 50 33 34 77 48 54 0 39 57 23 21 64 35 74 70 20 29
6 44 33 53 15 26 41 15 57 69 86 9 64 42 27 7 60 60 26 20 39 0 61 58 53 26 26 39 67 59 63
60 41 33 17 76 76 78 71 33 30 39 64 48 19 87 62 91 35 40 54 57 61 0 79 78 83 35 65 15 66 48
64 88 72 83 63 83 19 72 97 61 72 67 39 65 58 51 14 100 71 76 23 58 79 0 5 80 58 96 93 16 38
59 85 69 81 58 78 14 67 94 62 74 62 41 63 53 46 13 97 68 71 21 53 78 5 0 75 55 91 91 18 40
23 53 50 70 17 9 61 12 69 93 110 19 90 64 27 31 80 72 44 29 64 26 83 80 75 0 48 34 84 84 89
25 30 14 29 41 46 50 36 39 46 62 29 48 16 52 27 67 42 14 25 35 26 35 58 55 48 0 44 43 53 47
33 25 34 49 44 25 80 31 41 86 101 32 92 52 59 46 99 43 30 20 74 39 65 96 91 34 44 0 60 94 91
64 35 34 14 81 77 89 73 22 45 52 67 63 28 94 70 104 22 41 55 70 67 15 93 91 84 43 60 0 81 63
64 83 67 74 68 85 30 74 89 45 56 68 23 56 67 53 30 92 67 74 20 59 66 16 18 84 53 94 81 0 22
67 75 59 59 75 89 49 78 76 23 34 71 1 43 79 59 52 78 61 72 29 63 48 38 40 89 47 91 63 22 0
0 1346
67 205
963 1085
480 619
294 492
384 457
275 420
1163 1337
445 540
1162 1272
191 340
500 659
788 925
29 197
404 541
944 1065
938 1064
580 726
491 606
1055 1226
259 390
412 603
577 728
488 572
306 468
252 414
8 165
84 278
645 732
364 492
730 862
