41
0 82 35 19 46 73 30 42 51 79 75 89 13 99 53 28 66 7 25 87 63 43 52 68 45 42 11 42 31 65 43 56 94 87 40 48 39 79 84 100 67
82 0 54 90 36 19 65 96 102 57 9 31 69 60 31 55 27 75 58 13 92 39 38 92 54 47 78 66 95 18 79 97 33 33 43 34 61 43 53 53 18
35 54 0 50 22 42 41 42 50 45 51 55 24 64 23 9 49 29 11 58 46 19 41 49 11 36 28 17 41 43 29 47 60 53 27 21 10 44 49 65 45
19 90 50 0 56 85 27 60 68 95 82 102 26 114 65 42 68 22 39 98 82 55 54 87 61 44 30 60 48 72 62 75 107 101 47 60 56 93 99 114 74
46 36 22 56 0 30 35 64 72 52 30 47 33 66 10 20 27 39 23 42 67 3 21 69 27 21 43 38 62 21 51 69 52 46 11 5 31 44 52 64 23
73 19 42 85 30 0 65 80 86 38 23 18 60 44 20 45 36 66 48 16 73 30 43 73 38 49 68 50 82 25 63 80 22 18 41 25 45 24 34 39 27
30 65 41 27 35 65 0 68 77 85 57 82 22 101 45 32 42 26 30 76 84 35 28 87 52 18 36 55 59 47 64 79 87 81 24 40 49 79 87 99 48
42 96 42 60 64 80 68 0 9 64 93 88 46 85 65 45 91 42 43 96 27 61 80 32 42 72 32 30 13 85 17 15 93 85 66 63 35 71 71 89 87
51 102 50 68 72 86 77 9 0 67 100 94 55 88 72 54 99 51 52 102 24 69 89 29 48 81 41 36 20 93 23 12 99 91 75 71 43 77 74 92 95
79 57 45 95 52 38 85 64 67 0 61 32 69 21 43 54 72 73 56 50 46 51 73 43 34 73 70 39 73 61 47 56 36 29 63 47 40 15 7 25 63
75 9 51 82 30 23 57 93 100 61 0 38 62 67 28 50 18 68 53 22 92 33 30 92 52 39 73 64 92 10 77 95 40 40 35 30 58 47 57 60 9
89 31 55 102 47 18 82 88 94 32 38 0 77 30 37 61 54 82 64 19 74 47 61 73 48 67 83 59 92 43 71 83 5 3 58 42 55 17 25 22 44
13 69 24 26 33 60 22 46 55 69 62 77 0 88 40 16 53 6 13 74 62 30 39 66 35 29 14 36 37 52 42 57 82 75 27 35 31 67 73 88 54
99 60 64 114 66 44 101 85 88 21 67 30 88 0 56 73 80 93 75 49 64 66 85 61 54 87 90 60 94 69 68 76 30 27 77 61 60 22 15 9 71
53 31 23 65 10 20 45 65 72 43 28 37 40 56 0 25 31 46 28 35 64 10 30 65 24 31 48 36 64 22 49 67 42 36 21 5 30 34 43 54 24
28 55 9 42 20 45 32 45 54 54 50 61 16 73 25 0 46 21 3 60 54 17 35 57 20 28 23 25 42 41 35 53 66 59 21 21 18 51 58 72 43
66 27 49 68 27 36 42 91 99 72 18 54 53 80 31 46 0 59 48 40 94 30 14 96 54 24 66 65 87 11 78 96 57 54 26 30 58 60 70 75 10
7 75 29 22 39 66 26 42 51 73 68 82 6 93 46 21 59 0 18 80 61 36 45 66 39 35 10 38 33 58 41 56 87 80 33 41 34 72 78 93 60
25 58 11 39 23 48 30 43 52 56 53 64 13 75 28 3 48 18 0 63 54 20 37 57 22 29 20 25 39 44 34 52 69 62 23 24 19 54 60 75 46
87 13 58 98 42 16 76 96 102 50 22 19 74 49 35 60 40 80 63 0 89 44 50 89 54 58 83 66 98 30 79 96 20 22 52 39 61 35 44 41 30
63 92 46 82 67 73 84 27 24 46 92 74 62 64 64 54 94 61 54 89 0 64 87 5 40 82 52 29 40 86 20 12 79 71 73 64 36 57 53 71 88
43 39 19 55 3 30 35 61 69 51 33 47 30 66 10 17 30 36 20 44 64 0 24 66 24 22 40 35 59 24 48 66 52 46 12 5 28 44 52 64 26
52 38 41 54 21 43 28 80 89 73 30 61 39 85 30 35 14 45 37 50 87 24 0 90 48 10 53 58 76 20 69 87 65 61 14 26 51 63 73 82 21
68 92 49 87 69 73 87 32 29 43 92 73 66 61 65 57 96 66 57 89 5 66 90 0 42 85 57 32 45 87 25 17 78 70 76 66 39 56 50 68 89
45 54 11 61 27 38 52 42 48 34 52 48 35 54 24 20 54 39 22 54 40 24 48 42 0 45 36 12 44 46 25 43 53 45 35 24 7 34 39 55 48
42 47 36 44 21 49 18 72 81 73 39 67 29 87 31 28 24 35 29 58 82 22 10 85 45 0 43 53 66 29 63 81 71 66 10 26 46 65 73 85 30
11 78 28 30 43 68 36 32 41 70 73 83 14 90 48 23 66 10 20 83 52 40 53 57 36 43 0 32 23 64 32 46 88 81 40 44 30 70 75 91 66
42 66 17 60 38 50 55 30 36 39 64 59 36 60 36 25 65 38 25 66 29 35 58 32 12 53 32 0 34 58 13 31 64 56 44 36 7 43 45 63 60
31 95 41 48 62 82 59 13 20 73 92 92 37 94 64 42 87 33 39 98 40 59 76 45 44 66 23 34 0 83 26 28 97 89 62 62 37 77 79 97 85
65 18 43 72 21 25 47 85 93 61 10 43 52 69 22 41 11 58 44 30 86 24 20 87 46 29 64 58 83 0 71 89 46 43 25 22 51 49 59 64 2
43 79 29 62 51 63 64 17 23 47 77 71 42 68 49 35 78 41 34 79 20 48 69 25 25 63 32 13 26 71 0 18 76 68 55 49 20 54 54 72 73
56 97 47 75 69 80 79 15 12 56 95 83 57 76 67 53 96 56 52 96 12 66 87 17 43 81 46 31 28 89 18 0 88 80 73 67 38 66 63 81 91
94 33 60 107 52 22 87 93 99 36 40 5 82 30 42 66 57 87 69 20 79 52 65 78 53 71 88 64 97 46 76 88 0 8 63 47 60 22 29 22 47
87 33 53 101 46 18 81 85 91 29 40 3 75 27 36 59 54 80 62 22 71 46 61 70 45 66 81 56 89 43 68 80 8 0 57 41 52 14 22 21 45
40 43 27 47 11 41 24 66 75 63 35 58 27 77 21 21 26 33 23 52 73 12 14 76 35 10 40 44 62 25 55 73 63 57 0 16 37 55 63 75 27
48 34 21 60 5 25 40 63 71 47 30 42 35 61 5 21 30 41 24 39 64 5 26 66 24 26 44 36 62 22 49 67 47 41 16 0 29 39 47 59 24
39 61 10 56 31 45 49 35 43 40 58 55 31 60 30 18 58 34 19 61 36 28 51 39 7 46 30 7 37 51 20 38 60 52 37 29 0 41 45 62 53
79 43 44 93 44 24 79 71 77 15 47 17 67 22 34 51 60 72 54 35 57 44 63 56 34 65 70 43 77 49 54 66 22 14 55 39 41 0 10 21 51
84 53 49 99 52 34 87 71 74 7 57 25 73 15 43 58 70 78 60 44 53 52 73 50 39 73 75 45 79 59 54 63 29 22 63 47 45 10 0 18 61
100 53 65 114 64 39 99 89 92 25 60 22 88 9 54 72 75 93 75 41 71 64 82 68 55 85 91 63 97 64 72 81 22 21 75 59 62 21 18 0 66
67 18 45 74 23 27 48 87 95 63 9 44 54 71 24 43 10 60 46 30 88 26 21 89 48 30 66 60 85 2 73 91 47 45 27 24 53 51 61 66 0
0 692
147 506
155 352
223 480
249 543
295 692
263 580
43 509
263 671
216 476
316 692
93 341
115 519
142 517
47 272
240 678
203 692
164 668
250 692
43 325
259 478
111 308
74 465
302 692
318 592
40 523
117 425
48 543
309 692
1 206
102 504
174 430
202 466
265 664
141 426
342 586
251 427
193 650
335 692
98 601
342 692
