41
0 85 38 68 66 44 59 12 45 92 70 62 10 41 64 88 17 64 75 84 67 50 9 63 5 71 78 54 37 23 116 68 40 31 79 49 28 54 35 53 39
85 0 83 19 45 43 34 79 42 7 38 86 95 49 31 67 75 21 43 56 31 69 78 66 90 24 25 34 50 80 42 22 66 81 34 74 57 38 63 51 85
38 83 0 64 48 44 74 26 60 90 54 24 40 35 78 58 49 70 56 58 82 20 30 33 36 81 89 49 54 15 102 75 17 7 94 16 43 45 64 35 2
68 19 64 0 29 24 29 60 31 26 24 67 77 30 28 56 61 14 31 45 31 50 59 49 71 25 31 15 36 61 51 20 47 62 39 55 40 19 52 32 66
66 45 48 29 0 30 54 56 49 50 7 41 74 26 55 28 68 42 9 19 59 28 57 21 68 54 60 23 50 51 55 48 31 48 68 33 47 17 67 13 50
44 43 44 24 30 0 30 36 20 50 30 53 53 10 34 58 39 26 37 49 38 35 35 40 47 37 45 10 20 37 73 31 28 40 50 39 17 13 37 22 46
59 34 74 29 54 30 0 56 14 41 51 83 69 40 5 82 47 15 58 72 8 65 53 69 64 13 19 32 22 63 76 12 58 68 20 69 32 38 31 51 76
12 79 26 60 56 36 56 0 42 86 61 50 18 32 61 76 23 60 65 73 64 38 4 51 12 68 75 46 35 11 107 64 28 19 76 37 24 45 38 43 27
45 42 60 31 49 20 14 42 0 49 48 73 55 30 19 77 33 21 55 68 22 55 39 60 50 26 33 26 8 49 82 23 46 55 34 58 18 32 21 42 62
92 7 90 26 50 50 41 86 49 0 43 91 102 56 37 71 82 28 48 60 36 76 85 71 97 29 28 41 57 87 38 29 73 88 37 81 64 45 70 58 92
70 38 54 24 7 30 51 61 48 43 0 48 79 29 51 32 69 37 7 21 54 35 61 28 73 49 55 22 50 57 48 43 37 54 63 40 47 17 67 19 56
62 86 24 67 41 53 83 50 73 91 48 0 64 43 87 40 73 75 47 44 91 18 54 20 60 87 95 54 69 39 94 81 27 31 101 15 59 48 82 35 25
10 95 40 77 74 53 69 18 55 102 79 64 0 50 74 93 25 74 83 91 77 55 18 68 6 81 88 63 47 26 125 78 46 34 89 53 38 63 43 61 40
41 49 35 30 26 10 40 32 30 56 29 43 50 0 44 51 42 35 35 45 48 25 32 31 44 47 55 15 28 31 75 41 18 32 60 29 21 13 44 14 37
64 31 78 28 55 34 5 61 19 37 51 87 74 44 0 83 52 14 58 72 4 69 58 70 69 8 14 33 27 68 73 9 62 73 16 73 37 39 36 52 80
88 67 58 56 28 58 82 76 77 71 32 40 93 51 83 0 93 69 25 11 86 38 79 25 88 81 87 51 78 67 60 75 48 61 95 42 72 45 95 37 60
17 75 49 61 68 39 47 23 33 82 69 73 25 42 52 93 0 54 76 87 55 58 19 70 22 59 66 49 26 34 112 56 47 42 66 59 22 52 18 56 50
64 21 70 14 42 26 15 60 21 28 37 75 74 35 14 69 54 0 44 58 17 57 57 58 69 12 20 21 29 63 62 6 53 66 26 62 36 27 42 40 72
75 43 56 31 9 37 58 65 55 48 7 47 83 35 58 25 76 44 0 14 61 36 66 27 77 56 62 29 57 60 47 50 40 57 70 41 54 24 74 22 58
84 56 58 45 19 49 72 73 68 60 21 44 91 45 72 11 87 58 14 0 75 38 75 25 85 70 76 42 69 66 51 64 46 61 84 42 66 36 86 31 60
67 31 82 31 59 38 8 64 22 36 54 91 77 48 4 86 55 17 61 75 0 73 61 74 72 7 11 37 30 71 73 11 66 76 12 77 40 43 38 56 84
50 69 20 50 28 35 65 38 55 76 35 18 55 25 69 38 58 57 36 38 73 0 42 13 50 69 77 36 52 29 83 63 11 23 83 5 42 31 65 18 22
9 78 30 59 57 35 53 4 39 85 61 54 18 32 58 79 19 57 66 75 61 42 0 54 12 65 72 45 31 15 107 61 31 23 73 41 21 45 34 44 31
63 66 33 49 21 40 69 51 60 71 28 20 68 31 70 25 70 58 27 25 74 13 54 0 63 70 78 37 59 42 74 64 23 36 84 17 52 31 75 18 35
5 90 36 71 68 47 64 12 50 97 73 60 6 44 69 88 22 69 77 85 72 50 12 63 0 76 83 57 42 21 119 73 40 29 84 48 33 57 40 55 35
71 24 81 25 54 37 13 68 26 29 49 87 81 47 8 81 59 12 56 70 7 69 65 70 76 0 8 33 34 73 66 6 65 77 14 74 44 39 44 52 83
78 25 89 31 60 45 19 75 33 28 55 95 88 55 14 87 66 20 62 76 11 77 72 78 83 8 0 41 41 81 66 14 73 85 9 82 51 47 49 60 91
54 34 49 15 23 10 32 46 26 41 22 54 63 15 33 51 49 21 29 42 37 36 45 37 57 33 41 0 28 46 63 27 32 47 47 41 27 6 45 19 51
37 50 54 36 50 20 22 35 8 57 50 69 47 28 27 78 26 29 57 69 30 52 31 59 42 34 41 28 0 42 87 31 42 48 42 54 11 33 17 41 56
23 80 15 61 51 37 63 11 49 87 57 39 26 31 68 67 34 63 60 66 71 29 15 42 21 73 81 46 42 0 105 68 20 8 83 27 31 44 49 38 16
116 42 102 51 55 73 76 107 82 38 48 94 125 75 73 60 112 62 47 51 73 83 107 74 119 66 66 63 87 105 0 64 85 102 75 88 90 62 103 67 104
68 22 75 20 48 31 12 64 23 29 43 81 78 41 9 75 56 6 50 64 11 63 61 64 73 6 14 27 31 68 64 0 59 71 20 68 40 33 43 46 77
40 66 17 47 31 28 58 28 46 73 37 27 46 18 62 48 47 53 40 46 66 11 31 23 40 65 73 32 42 20 85 59 0 17 78 12 32 28 55 18 19
31 81 7 62 48 40 68 19 55 88 54 31 34 32 73 61 42 66 57 61 76 23 23 36 29 77 85 47 48 8 102 71 17 0 88 20 37 44 57 35 8
79 34 94 39 68 50 20 76 34 37 63 101 89 60 16 95 66 26 70 84 12 83 73 84 84 14 9 47 42 83 75 20 78 88 0 88 52 53 48 66 96
49 74 16 55 33 39 69 37 58 81 40 15 53 29 73 42 59 62 41 42 77 5 41 17 48 74 82 41 54 27 88 68 12 20 88 0 44 36 67 23 18
28 57 43 40 47 17 32 24 18 64 47 59 38 21 37 72 22 36 54 66 40 42 21 52 33 44 51 27 11 31 90 40 32 37 52 44 0 30 23 35 45
54 38 45 19 17 13 38 45 32 45 17 48 63 13 39 45 52 27 24 36 43 31 45 31 57 39 47 6 33 44 62 33 28 44 53 36 30 0 50 13 47
35 63 64 52 67 37 31 38 21 70 67 82 43 44 36 95 18 42 74 86 38 65 34 75 40 44 49 45 17 49 103 43 55 57 48 67 23 50 0 58 65
53 51 35 32 13 22 51 43 42 58 19 35 61 14 52 37 56 40 22 31 56 18 44 18 55 52 60 19 41 38 67 46 18 35 66 23 35 13 58 0 37
39 85 2 66 50 46 76 27 62 92 56 25 40 37 80 60 50 72 58 60 84 22 31 35 35 83 91 51 56 16 104 77 19 8 96 18 45 47 65 37 0
0 894
512 738
476 650
315 539
31 379
87 382
263 407
13 338
288 612
34 309
292 686
193 567
62 417
60 426
64 385
480 686
202 506
102 495
27 331
463 855
298 452
471 841
308 601
18 323
121 440
275 638
105 473
442 725
48 299
570 810
464 673
334 551
168 368
139 473
12 234
16 185
447 629
11 291
311 447
18 184
295 453
