41
0 100 80 62 73 28 91 75 49 112 63 9 83 47 97 21 58 42 37 24 75 29 95 20 39 39 12 80 34 60 77 81 80 82 34 55 94 69 38 77 78
100 0 23 39 49 76 9 36 51 14 37 99 29 84 21 115 57 66 63 77 38 90 91 92 64 68 94 68 88 82 79 69 41 32 66 45 79 83 73 87 26
80 23 0 18 27 60 17 35 32 32 24 80 9 75 17 95 34 53 44 58 15 76 70 76 49 54 75 47 74 77 57 48 21 12 46 26 59 61 59 65 24
62 39 18 0 29 42 30 30 14 50 12 62 23 59 35 77 25 36 26 40 20 58 71 58 31 36 57 48 56 63 56 49 27 23 28 8 62 56 41 63 24
73 49 27 29 0 63 44 59 37 53 41 78 20 85 32 81 15 62 46 57 12 79 43 77 56 62 74 20 80 90 30 21 8 17 43 35 33 34 67 38 50
28 76 60 42 63 0 67 48 29 89 39 23 65 26 77 49 50 14 17 8 60 16 97 16 12 11 18 76 17 37 78 77 66 65 21 34 90 73 10 81 52
91 9 17 30 44 67 0 29 42 22 28 90 24 76 22 106 51 57 54 68 32 81 86 83 55 59 85 63 79 74 74 64 36 27 57 36 74 78 64 82 18
75 36 35 30 59 48 29 0 34 50 19 71 44 49 48 94 55 34 40 51 47 58 101 63 36 37 66 78 54 46 86 79 54 47 47 29 92 86 41 93 11
49 51 32 14 37 29 42 34 0 63 16 48 36 48 49 64 27 25 12 26 31 45 76 45 19 25 43 53 45 54 58 54 38 36 15 6 67 57 30 64 31
112 14 32 50 53 89 22 50 63 0 50 111 34 98 21 127 65 79 75 89 44 103 91 105 77 81 106 71 101 96 83 72 45 37 78 57 79 87 86 91 40
63 37 24 12 41 39 28 19 16 50 0 62 31 51 41 80 37 29 26 40 31 53 83 55 27 31 57 60 51 53 68 61 38 33 31 10 74 68 36 75 15
9 99 80 62 78 23 90 71 48 111 62 0 84 38 97 30 63 37 36 22 77 20 103 11 35 34 5 86 25 51 84 87 82 83 35 54 100 77 32 85 75
83 29 9 23 20 65 24 44 36 34 31 84 0 82 14 95 31 59 48 62 10 81 62 81 54 59 79 39 79 84 50 40 12 3 49 31 50 54 64 58 33
47 84 75 59 85 26 76 49 48 98 51 38 82 0 92 68 73 23 40 34 78 18 122 27 29 23 35 99 13 13 103 100 85 82 46 51 113 98 18 106 58
97 21 17 35 32 77 22 48 49 21 41 97 14 92 0 108 44 70 61 75 23 93 70 93 66 71 92 50 91 93 62 51 24 16 63 43 58 66 76 70 37
21 115 95 77 81 49 106 94 64 127 80 30 95 68 108 0 66 63 54 43 85 50 92 41 59 60 33 82 55 81 76 83 88 92 49 70 93 67 59 74 95
58 57 34 25 15 50 51 55 27 65 37 63 31 73 44 66 0 51 33 43 21 66 49 63 44 50 59 26 67 81 31 27 22 28 29 28 40 31 55 38 49
42 66 53 36 62 14 57 34 25 79 29 37 59 23 70 63 51 0 18 21 55 24 100 29 7 3 32 77 22 30 81 78 62 59 25 28 91 77 7 85 40
37 63 44 26 46 17 54 40 12 75 26 36 48 40 61 54 33 18 0 14 43 33 82 33 11 17 31 59 34 48 63 60 49 48 7 18 73 59 22 67 41
24 77 58 40 57 8 68 51 26 89 40 22 62 34 75 43 43 21 14 0 56 23 89 20 16 18 17 69 25 45 70 70 61 62 14 32 83 65 18 73 54
75 38 15 20 12 60 32 47 31 44 31 77 10 78 23 85 21 55 43 56 0 76 55 76 50 55 73 32 75 82 42 33 7 7 42 27 45 46 60 50 38
29 90 76 58 79 16 81 58 45 103 53 20 81 18 93 50 66 24 33 23 76 0 112 9 27 22 17 92 5 31 93 93 82 81 37 50 106 88 17 96 64
95 91 70 71 43 97 86 101 76 91 83 103 62 122 70 92 49 100 82 89 55 112 0 107 93 99 101 23 114 130 19 22 50 59 76 76 12 26 104 18 93
20 92 76 58 77 16 83 63 45 105 55 11 81 27 93 41 63 29 33 20 76 9 107 0 28 26 8 88 14 40 88 89 81 81 34 50 102 82 22 90 68
39 64 49 31 56 12 55 36 19 77 27 35 54 29 66 59 44 7 11 16 50 27 93 28 0 6 30 70 26 37 74 71 57 54 18 23 84 70 11 78 40
39 68 54 36 62 11 59 37 25 81 31 34 59 23 71 60 50 3 17 18 55 22 99 26 6 0 29 76 20 31 80 77 62 59 24 28 90 76 5 84 42
12 94 75 57 74 18 85 66 43 106 57 5 79 35 92 33 59 32 31 17 73 17 101 8 30 29 0 83 22 48 82 84 78 79 31 49 97 76 27 84 70
80 68 47 48 20 76 63 78 53 71 60 86 39 99 50 82 26 77 59 69 32 92 23 88 70 76 83 0 93 107 12 1 27 36 55 53 14 19 81 20 70
34 88 74 56 80 17 79 54 45 101 51 25 79 13 91 55 67 22 34 25 75 5 114 14 26 20 22 93 0 26 95 94 82 79 38 48 107 90 15 98 62
60 82 77 63 90 37 74 46 54 96 53 51 84 13 93 81 81 30 48 45 82 31 130 40 37 31 48 107 26 0 111 108 89 86 55 55 121 107 28 115 56
77 79 57 56 30 78 74 86 58 83 68 84 50 103 62 76 31 81 63 70 42 93 19 88 74 80 82 12 95 111 0 12 38 47 57 59 18 9 85 8 79
81 69 48 49 21 77 64 79 54 72 61 87 40 100 51 83 27 78 60 70 33 93 22 89 71 77 84 1 94 108 12 0 28 37 56 54 13 20 82 19 71
80 41 21 27 8 66 36 54 38 45 38 82 12 85 24 88 22 62 49 61 7 82 50 81 57 62 78 27 82 89 38 28 0 9 47 34 38 42 67 46 45
82 32 12 23 17 65 27 47 36 37 33 83 3 82 16 92 28 59 48 62 7 81 59 81 54 59 79 36 79 86 47 37 9 0 48 31 47 51 64 55 36
34 66 46 28 43 21 57 47 15 78 31 35 49 46 63 49 29 25 7 14 42 37 76 34 18 24 31 55 38 55 57 56 47 48 0 21 69 52 28 60 46
55 45 26 8 35 34 36 29 6 57 10 54 31 51 43 70 28 28 18 32 27 50 76 50 23 28 49 53 48 55 59 54 34 31 21 0 67 59 33 66 25
94 79 59 62 33 90 74 92 67 79 74 100 50 113 58 93 40 91 73 83 45 106 12 102 84 90 97 14 107 121 18 13 38 47 69 67 0 27 95 22 83
69 83 61 56 34 73 78 86 57 87 68 77 54 98 66 67 31 77 59 65 46 88 26 82 70 76 76 19 90 107 9 20 42 51 52 59 27 0 80 8 80
38 73 59 41 67 10 64 41 30 86 36 32 64 18 76 59 55 7 22 18 60 17 104 22 11 5 27 81 15 28 85 82 67 64 28 33 95 80 0 88 47
77 87 65 63 38 81 82 93 64 91 75 85 58 106 70 74 38 85 67 73 50 96 18 90 78 84 84 20 98 115 8 19 46 55 60 66 22 8 88 0 87
78 26 24 24 50 52 18 11 31 40 15 75 33 58 37 95 49 40 41 54 38 64 93 68 40 42 70 70 62 56 79 71 45 36 46 25 83 80 47 87 0
0 692
197 565
64 255
138 424
331 510
97 395
61 473
129 475
178 352
214 597
82 345
290 568
19 244
46 550
108 574
237 615
340 655
19 220
140 554
14 388
275 666
107 535
283 467
49 350
167 647
74 402
130 310
72 512
53 338
332 692
189 690
310 509
30 267
311 571
289 692
233 653
126 538
157 436
41 401
256 692
135 629
