41
0 10 30 69 60 27 63 28 4 49 13 13 51 46 79 18 47 24 5 32 55 37 5 22 81 78 44 25 35 84 56 57 50 50 49 45 34 20 27 65 81
10 0 37 77 69 23 69 38 6 56 9 9 61 56 85 8 52 20 10 42 64 30 10 29 85 88 52 15 36 94 59 66 55 60 59 52 27 12 29 68 91
30 37 0 40 65 33 33 27 33 66 30 30 30 33 49 43 18 33 27 28 63 46 28 46 51 65 19 46 18 71 28 62 20 46 48 15 46 37 55 36 62
69 77 40 0 75 71 25 51 72 88 70 70 24 36 24 83 34 72 67 47 77 84 67 77 34 48 25 86 51 53 36 72 32 51 56 25 84 77 88 36 38
60 69 65 75 0 87 89 38 63 24 73 73 51 39 98 77 81 84 64 37 6 97 65 42 105 46 57 84 82 49 90 3 82 25 19 68 94 80 50 97 58
27 23 33 71 87 0 55 50 26 76 14 14 63 64 71 23 38 3 23 53 82 13 22 49 70 97 52 21 21 103 44 84 41 72 73 47 13 13 52 52 95
63 69 33 25 89 55 0 56 66 96 60 60 39 50 16 73 17 56 60 54 90 67 60 79 18 71 32 74 34 77 13 86 14 65 70 22 68 65 88 11 62
28 38 27 51 38 50 56 0 32 40 39 39 27 18 69 46 45 48 30 4 36 62 31 27 74 50 26 53 44 56 54 35 46 22 23 34 60 46 38 62 53
4 6 33 72 63 26 66 32 0 51 12 12 55 50 82 14 49 23 6 36 58 35 6 24 83 82 48 21 36 88 58 60 52 54 53 48 32 17 27 67 85
49 56 66 88 24 76 96 40 51 0 62 62 64 52 108 63 84 73 54 42 18 86 54 27 114 67 65 70 80 71 94 24 86 40 35 74 83 68 30 102 78
13 9 30 70 73 14 60 39 12 62 0 0 58 56 76 13 43 11 9 43 68 24 8 35 76 89 48 16 27 95 50 70 46 61 61 45 21 7 38 59 90
13 9 30 70 73 14 60 39 12 62 0 0 58 56 76 13 43 11 9 43 68 24 8 35 76 89 48 16 27 95 50 70 46 61 61 45 21 7 38 59 90
51 61 30 24 51 63 39 27 55 64 58 58 0 12 47 69 37 63 51 23 53 76 52 54 55 35 11 74 47 41 45 48 37 27 32 22 76 65 65 49 32
46 56 33 36 39 64 50 18 50 52 56 56 12 0 59 64 45 63 47 14 41 77 48 45 66 33 19 71 51 39 53 36 45 15 20 30 76 63 56 59 35
79 85 49 24 98 71 16 69 82 108 76 76 47 59 0 89 33 72 76 66 100 83 76 93 10 72 43 90 50 77 28 95 30 74 79 35 84 81 103 22 61
18 8 43 83 77 23 73 46 14 63 13 13 69 64 89 0 56 20 18 50 72 25 18 36 89 96 60 7 40 102 63 74 59 68 67 58 21 10 34 72 99
47 52 18 34 81 38 17 45 49 84 43 43 37 45 33 56 0 39 43 44 81 50 43 64 34 72 26 57 17 78 10 78 3 59 63 15 51 48 72 18 67
24 20 33 72 84 3 56 48 23 73 11 11 63 63 72 20 39 0 20 51 79 14 19 46 71 96 52 18 22 102 45 81 42 70 71 47 13 10 49 54 95
5 10 27 67 64 23 60 30 6 54 9 9 51 47 76 18 43 20 0 34 60 33 1 27 77 80 42 24 30 86 52 61 46 52 52 42 30 16 32 61 82
32 42 28 47 37 53 54 4 36 42 43 43 23 14 66 50 44 51 34 0 37 65 35 31 72 46 23 57 45 52 53 34 45 19 20 32 64 50 42 61 49
55 64 63 77 6 82 90 36 58 18 68 68 53 41 100 72 81 79 60 37 0 92 60 37 107 50 58 79 80 53 90 6 82 27 21 69 89 75 44 98 62
37 30 46 84 97 13 67 62 35 86 24 24 76 77 83 25 50 14 33 65 92 0 32 59 80 110 65 19 33 116 55 94 53 84 85 60 4 18 59 62 108
5 10 28 67 65 22 60 31 6 54 8 8 52 48 76 18 43 19 1 35 60 32 0 27 77 81 43 23 30 87 52 62 46 53 53 43 29 15 32 61 83
22 29 46 77 42 49 79 27 24 27 35 35 54 45 93 36 64 46 27 31 37 59 27 0 97 72 52 43 56 78 74 40 66 42 39 58 56 41 11 82 80
81 85 51 34 105 70 18 74 83 114 76 76 55 66 10 89 34 71 77 72 107 80 77 97 0 82 49 89 49 87 26 102 31 81 86 40 82 80 106 18 71
78 88 65 48 46 97 71 50 82 67 89 89 35 33 72 96 72 96 80 46 50 110 81 72 82 0 46 103 82 6 79 44 72 30 34 57 109 96 83 82 14
44 52 19 25 57 52 32 26 48 65 48 48 11 19 43 60 26 52 42 23 58 65 43 52 49 46 0 64 36 52 34 54 26 34 38 11 65 55 63 40 43
25 15 46 86 84 21 74 53 21 70 16 16 74 71 90 7 57 18 24 57 79 19 23 43 89 103 64 0 40 109 63 81 60 75 74 61 15 10 41 72 106
35 36 18 51 82 21 34 44 36 80 27 27 47 51 50 40 17 22 30 45 80 33 30 56 49 82 36 40 0 88 23 79 20 64 65 27 34 31 62 32 79
84 94 71 53 49 103 77 56 88 71 95 95 41 39 77 102 78 102 86 52 53 116 87 78 87 6 52 109 88 0 85 47 78 36 40 63 115 102 89 88 16
56 59 28 36 90 44 13 54 58 94 50 50 45 53 28 63 10 45 52 53 90 55 52 74 26 79 34 63 23 85 0 87 8 68 72 23 56 54 82 9 72
57 66 62 72 3 84 86 35 60 24 70 70 48 36 95 74 78 81 61 34 6 94 62 40 102 44 54 81 79 47 87 0 79 22 16 65 91 77 48 94 56
50 55 20 32 82 41 14 46 52 86 46 46 37 45 30 59 3 42 46 45 82 53 46 66 31 72 26 60 20 78 8 79 0 60 64 15 54 51 75 16 66
50 60 46 51 25 72 65 22 54 40 61 61 27 15 74 68 59 70 52 19 27 84 53 42 81 30 34 75 64 36 68 22 60 0 6 45 82 68 53 74 38
49 59 48 56 19 73 70 23 53 35 61 61 32 20 79 67 63 71 52 20 21 85 53 39 86 34 38 74 65 40 72 16 64 6 0 49 82 68 50 78 44
45 52 15 25 68 47 22 34 48 74 45 45 22 30 35 58 15 47 42 32 69 60 43 58 40 57 11 61 27 63 23 65 15 45 49 0 60 52 68 29 52
34 27 46 84 94 13 68 60 32 83 21 21 76 76 84 21 51 13 30 64 89 4 29 56 82 109 65 15 34 115 56 91 54 82 82 60 0 15 55 64 108
20 12 37 77 80 13 65 46 17 68 7 7 65 63 81 10 48 10 16 50 75 18 15 41 80 96 55 10 31 102 54 77 51 68 68 52 15 0 41 63 97
27 29 55 88 50 52 88 38 27 30 38 38 65 56 103 34 72 49 32 42 44 59 32 11 106 83 63 41 62 89 82 48 75 53 50 68 55 41 0 90 91
65 68 36 36 97 52 11 62 67 102 59 59 49 59 22 72 18 54 61 61 98 62 61 82 18 82 40 72 32 88 9 94 16 74 78 29 64 63 90 0 73
81 91 62 38 58 95 62 53 85 78 90 90 32 35 61 99 67 95 82 49 62 108 83 80 71 14 43 106 79 16 72 56 66 38 44 52 108 97 91 73 0
0 692
30 265
257 498
261 692
126 326
167 416
99 300
116 323
281 511
25 473
319 692
7 520
208 542
127 625
49 470
205 519
39 490
322 692
64 579
206 654
204 463
325 692
40 335
136 587
336 515
324 522
255 627
238 434
15 479
289 692
68 261
155 554
92 461
250 586
26 310
46 495
324 692
117 317
183 520
345 613
118 458
