51
0 52 45 70 75 87 36 29 80 11 26 98 63 40 56 32 62 75 64 21 17 4 34 50 61 67 42 25 13 83 90 89 2 78 51 41 33 75 6 21 23 69 32 33 98 20 85 42 87 48 84
52 0 17 63 72 47 46 30 28 51 31 89 23 79 9 21 24 31 14 40 36 50 81 30 10 32 16 62 48 78 41 74 50 35 41 64 79 72 47 53 46 34 45 64 46 65 60 76 46 27 50
45 17 0 75 84 64 29 16 40 40 32 102 18 79 15 13 41 48 23 41 28 44 78 42 27 49 3 62 37 90 57 89 43 52 53 69 76 84 39 53 32 51 50 65 61 62 77 77 63 39 67
70 63 75 0 9 47 95 76 74 78 52 28 86 61 72 68 43 49 73 50 69 66 72 33 60 37 72 57 79 15 64 19 71 49 23 39 70 10 72 52 86 38 38 48 74 64 25 53 49 36 36
75 72 84 9 0 56 102 84 83 83 58 23 95 59 81 76 52 58 82 55 75 71 72 42 69 46 81 57 84 8 73 21 76 58 31 39 70 1 77 55 92 47 43 48 83 64 32 51 58 45 45
87 47 64 47 56 0 93 75 38 91 61 57 65 99 52 66 27 16 48 67 76 83 105 38 38 20 63 86 89 56 19 42 86 12 44 77 103 57 85 77 91 18 63 82 29 90 26 91 2 39 11
36 46 29 95 102 93 0 19 69 26 44 123 42 76 44 28 67 77 52 47 27 38 70 64 56 75 30 60 23 110 86 111 34 81 72 75 69 102 30 56 13 77 59 68 90 56 101 77 92 61 93
29 30 16 76 84 75 19 0 56 24 26 104 34 66 31 9 48 59 39 32 13 29 63 45 40 56 15 49 21 91 71 92 27 63 53 60 62 84 23 42 16 58 44 54 76 48 82 66 74 42 74
80 28 40 74 83 38 69 56 0 79 57 92 31 105 25 49 32 25 17 66 64 78 107 47 20 37 41 88 76 87 21 77 78 28 58 87 105 84 75 79 72 36 69 88 21 91 61 100 36 45 47
11 51 40 78 83 91 26 24 79 0 30 106 58 51 54 30 64 77 62 28 15 14 44 54 60 71 39 36 3 91 90 97 9 80 58 52 43 83 6 32 13 73 40 44 97 31 92 53 90 52 88
26 31 32 52 58 61 44 26 57 30 0 80 49 48 38 20 36 49 45 9 17 22 50 24 37 41 29 31 30 66 64 68 25 52 29 37 48 58 24 22 34 43 18 33 73 34 62 45 61 22 58
98 89 102 28 23 57 123 104 92 106 80 0 112 82 97 96 66 67 97 78 97 94 95 60 84 58 99 80 107 15 76 15 99 65 51 62 93 24 100 78 114 58 66 71 86 87 31 74 59 63 46
63 23 18 86 95 65 42 34 31 58 49 112 0 97 15 31 46 49 17 58 46 62 96 53 28 54 21 80 55 101 52 97 61 53 64 85 94 95 57 71 48 54 66 82 52 80 82 94 64 50 70
40 79 79 61 59 99 76 66 105 51 48 82 97 0 86 66 77 90 93 39 53 39 14 61 85 79 76 17 53 67 106 80 42 93 55 22 12 58 46 26 63 81 36 17 116 20 84 8 99 61 90
56 9 15 72 81 52 44 31 25 54 38 97 15 86 0 24 31 36 8 47 39 55 88 39 14 39 16 69 51 87 42 82 54 40 50 73 86 81 50 60 47 40 54 71 46 72 67 83 51 36 56
32 21 13 68 76 66 28 9 49 30 20 96 31 66 24 0 39 50 32 28 15 31 65 36 31 47 10 49 27 83 62 83 30 54 45 56 63 76 26 40 25 49 38 52 67 49 73 64 65 33 65
62 24 41 43 52 27 67 48 32 64 36 66 46 77 31 39 0 13 31 43 49 58 82 16 18 8 39 63 62 57 29 51 61 16 26 57 80 53 59 54 64 10 41 60 39 67 36 71 26 16 26
75 31 48 49 58 16 77 59 25 77 49 67 49 90 36 50 13 0 32 56 62 71 95 29 22 13 47 76 75 62 16 52 74 4 37 70 93 59 72 67 75 11 54 73 26 80 36 84 15 29 22
64 14 23 73 82 48 52 39 17 62 45 97 17 93 8 32 31 32 0 54 47 63 95 42 13 39 24 76 59 88 35 82 62 36 53 78 93 83 58 67 55 39 59 78 38 79 67 90 47 39 54
21 40 41 50 55 67 47 32 66 28 9 78 58 39 47 28 43 56 54 0 20 17 41 29 46 47 38 22 29 63 72 69 22 59 30 28 39 55 22 13 37 49 12 24 81 25 64 36 67 28 63
17 36 28 69 75 76 27 13 64 15 17 97 46 53 39 15 49 62 47 20 0 16 50 41 45 56 25 36 13 83 75 85 15 65 46 48 49 75 11 29 17 58 32 41 82 35 79 53 75 38 74
4 50 44 66 71 83 38 29 78 14 22 94 62 39 55 31 58 71 63 17 16 0 34 46 58 63 41 22 15 79 86 85 5 74 47 38 33 71 8 18 25 65 28 30 95 19 81 39 83 44 80
34 81 78 72 72 105 70 63 107 44 50 95 96 14 88 65 82 95 95 41 50 34 0 67 87 85 75 19 47 80 111 91 36 98 62 33 2 71 40 28 57 87 42 25 121 16 95 22 105 66 98
50 30 42 33 42 38 64 45 47 54 24 60 53 61 39 36 16 29 42 29 41 46 67 0 29 18 39 48 54 48 45 47 49 32 11 41 65 42 48 39 58 20 25 44 55 52 38 55 38 3 34
61 10 27 60 69 38 56 40 20 60 37 84 28 85 14 31 18 22 13 46 45 58 87 29 0 26 26 68 58 75 31 69 59 26 40 68 85 70 56 59 56 26 49 68 37 71 54 80 37 26 42
67 32 49 37 46 20 75 56 37 71 41 58 54 79 39 47 8 13 39 47 56 63 85 18 26 0 47 66 69 50 29 43 66 14 25 58 83 47 65 57 72 2 43 62 39 70 28 72 20 19 18
42 16 3 72 81 63 30 15 41 39 29 99 21 76 16 10 39 47 24 38 25 41 75 39 26 47 0 59 36 87 57 86 40 51 50 66 73 81 36 50 31 49 47 62 61 59 75 74 62 36 65
25 62 62 57 57 86 60 49 88 36 31 80 80 17 69 49 63 76 76 22 36 22 19 48 68 66 59 0 37 65 92 76 27 79 44 18 17 56 30 9 47 68 23 9 102 7 77 17 86 47 79
13 48 37 79 84 89 23 21 76 3 30 107 55 53 51 27 62 75 59 29 13 15 47 54 58 69 36 37 0 92 88 98 11 78 59 53 46 84 7 33 10 71 41 45 94 33 92 54 88 51 87
83 78 90 15 8 56 110 91 87 91 66 15 101 67 87 83 57 62 88 63 83 79 80 48 75 50 87 65 92 0 75 16 84 61 38 47 78 9 85 63 100 51 51 56 85 72 30 59 58 51 45
90 41 57 64 73 19 86 71 21 90 64 76 52 106 42 62 29 16 35 72 75 86 111 45 31 29 57 92 88 75 0 61 89 15 53 86 109 74 86 83 87 27 70 89 10 96 45 100 17 45 30
89 74 89 19 21 42 111 92 77 97 68 15 97 80 82 83 51 52 82 69 85 85 91 47 69 43 86 76 98 16 61 0 90 50 39 58 89 22 91 71 102 43 57 67 71 83 16 72 44 50 31
2 50 43 71 76 86 34 27 78 9 25 99 61 42 54 30 61 74 62 22 15 5 36 49 59 66 40 27 11 84 89 90 0 77 52 43 35 76 4 23 21 68 33 35 96 22 86 44 86 47 83
78 35 52 49 58 12 81 63 28 80 52 65 53 93 40 54 16 4 36 59 65 74 98 32 26 14 51 79 78 61 15 50 77 0 39 72 96 59 75 70 79 12 57 76 25 83 34 86 11 32 19
51 41 53 23 31 44 72 53 58 58 29 51 64 55 50 45 26 37 53 30 46 47 62 11 40 25 50 44 59 38 53 39 52 39 0 33 60 31 52 36 63 27 21 38 63 49 34 47 44 14 36
41 64 69 39 39 77 75 60 87 52 37 62 85 22 73 56 57 70 78 28 48 38 33 41 68 58 66 18 53 47 86 58 43 72 33 0 31 38 46 20 63 60 19 9 96 25 62 14 77 42 68
33 79 76 70 70 103 69 62 105 43 48 93 94 12 86 63 80 93 93 39 49 33 2 65 85 83 73 17 46 78 109 89 35 96 60 31 0 69 39 26 56 85 40 23 119 14 93 20 103 64 96
75 72 84 10 1 57 102 84 84 83 58 24 95 58 81 76 53 59 83 55 75 71 71 42 70 47 81 56 84 9 74 22 76 59 31 38 69 0 77 54 92 48 43 47 84 63 33 50 59 45 46
6 47 39 72 77 85 30 23 75 6 24 100 57 46 50 26 59 72 58 22 11 8 40 48 56 65 36 30 7 85 86 91 4 75 52 46 39 77 0 26 17 67 34 38 93 26 86 47 85 46 82
21 53 53 52 55 77 56 42 79 32 22 78 71 26 60 40 54 67 67 13 29 18 28 39 59 57 50 9 33 63 83 71 23 70 36 20 26 54 26 0 43 59 15 12 93 13 70 24 77 38 71
23 46 32 86 92 91 13 16 72 13 34 114 48 63 47 25 64 75 55 37 17 25 57 58 56 72 31 47 10 100 87 102 21 79 63 63 56 92 17 43 0 74 49 55 92 43 96 64 90 55 90
69 34 51 38 47 18 77 58 36 73 43 58 54 81 40 49 10 11 39 49 58 65 87 20 26 2 49 68 71 51 27 43 68 12 27 60 85 48 67 59 74 0 45 64 37 72 28 74 18 21 16
32 45 50 38 43 63 59 44 69 40 18 66 66 36 54 38 41 54 59 12 32 28 42 25 49 43 47 23 41 51 70 57 33 57 21 19 40 43 34 15 49 45 0 19 80 28 55 31 63 25 56
33 64 65 48 48 82 68 54 88 44 33 71 82 17 71 52 60 73 78 24 41 30 25 44 68 62 62 9 45 56 89 67 35 76 38 9 23 47 38 12 55 64 19 0 99 16 70 12 82 44 74
98 46 61 74 83 29 90 76 21 97 73 86 52 116 46 67 39 26 38 81 82 95 121 55 37 39 61 102 94 85 10 71 96 25 63 96 119 84 93 93 92 37 80 99 0 106 55 110 27 55 40
20 65 62 64 64 90 56 48 91 31 34 87 80 20 72 49 67 80 79 25 35 19 16 52 71 70 59 7 33 72 96 83 22 83 49 25 14 63 26 13 43 72 28 16 106 0 83 23 90 51 84
85 60 77 25 32 26 101 82 61 92 62 31 82 84 67 73 36 36 67 64 79 81 95 38 54 28 75 77 92 30 45 16 86 34 34 62 93 33 86 70 96 28 55 70 55 83 0 76 28 41 15
42 76 77 53 51 91 77 66 100 53 45 74 94 8 83 64 71 84 90 36 53 39 22 55 80 72 74 17 54 59 100 72 44 86 47 14 20 50 47 24 64 74 31 12 110 23 76 0 91 56 82
87 46 63 49 58 2 92 74 36 90 61 59 64 99 51 65 26 15 47 67 75 83 105 38 37 20 62 86 88 58 17 44 86 11 44 77 103 59 85 77 90 18 63 82 27 90 28 91 0 39 13
48 27 39 36 45 39 61 42 45 52 22 63 50 61 36 33 16 29 39 28 38 44 66 3 26 19 36 47 51 51 45 50 47 32 14 42 64 45 46 38 55 21 25 44 55 51 41 56 39 0 36
84 50 67 36 45 11 93 74 47 88 58 46 70 90 56 65 26 22 54 63 74 80 98 34 42 18 65 79 87 45 30 31 83 19 36 68 96 46 82 71 90 16 56 74 40 84 15 82 13 36 0
0 772
168 404
199 701
82 539
84 501
189 641
116 328
301 659
280 772
288 642
18 279
361 722
211 740
124 570
106 414
186 644
364 772
103 492
219 509
123 575
113 356
179 519
220 772
299 547
228 503
74 431
334 575
101 501
319 772
143 407
182 703
27 580
0 394
306 772
129 477
94 577
149 535
8 252
357 683
281 760
161 543
265 768
18 427
367 772
140 412
294 577
9 286
308 671
38 363
36 402
181 568
