51
0 53 54 79 66 80 62 83 71 54 104 32 87 87 74 84 55 104 93 96 58 32 76 45 43 63 93 83 91 52 32 73 65 18 94 79 6 78 22 91 43 74 96 55 17 58 104 73 85 52 61
53 0 41 62 64 31 67 30 55 29 74 37 51 52 74 34 13 54 41 77 6 36 64 9 49 50 54 32 41 32 25 21 73 37 88 34 47 37 45 58 52 69 51 23 45 27 52 46 82 21 31
54 41 0 25 23 44 26 53 17 13 50 22 37 34 33 69 54 65 57 42 40 22 23 45 16 9 44 48 52 9 51 54 32 51 47 38 50 34 33 38 19 28 51 19 37 17 66 20 41 60 17
79 62 25 0 19 52 27 62 8 34 29 47 30 26 23 85 75 63 63 17 59 47 6 67 37 16 37 56 56 32 75 70 32 76 26 44 75 38 57 25 38 15 47 39 62 35 68 18 24 82 32
66 64 23 19 0 63 8 73 17 36 48 38 47 43 10 92 77 80 75 33 63 39 13 67 24 16 54 67 69 32 72 77 13 68 28 56 63 50 44 43 23 8 64 42 49 39 83 31 19 82 37
80 31 44 52 63 0 69 10 48 32 52 54 27 30 72 35 41 24 14 61 25 54 56 40 57 47 26 4 11 36 56 23 75 67 78 8 74 14 65 36 60 64 20 28 68 28 25 34 75 49 27
62 67 26 27 8 69 0 78 25 39 56 36 55 51 12 95 80 87 81 41 66 37 21 68 21 22 62 73 76 35 70 80 6 65 33 62 59 57 40 51 19 15 72 45 45 43 90 38 23 83 42
83 30 53 62 73 10 78 0 58 40 61 60 37 40 82 25 36 24 11 71 25 60 66 39 65 57 35 7 14 44 55 15 84 67 88 18 77 24 70 46 68 74 27 35 72 36 22 44 85 44 36
71 55 17 8 17 48 25 58 0 27 35 39 30 26 24 80 68 63 59 25 52 39 9 60 30 8 37 52 53 24 67 65 30 68 33 40 67 34 49 26 31 16 47 32 54 28 67 14 28 75 25
54 29 13 34 36 32 39 40 27 0 53 23 33 33 46 56 42 54 46 51 27 23 35 33 25 21 39 36 41 4 42 41 45 46 59 27 49 25 34 38 28 40 43 6 38 4 55 21 53 48 7
104 74 50 29 48 52 56 61 35 53 0 72 25 22 51 86 87 52 56 20 69 72 35 82 65 43 26 54 49 53 94 74 61 99 41 44 100 38 83 16 66 43 37 55 87 51 58 32 46 95 47
32 37 22 47 38 54 36 60 39 23 72 0 56 55 47 71 47 77 68 64 39 1 45 35 15 31 62 58 64 20 34 56 41 30 66 50 28 48 11 59 17 46 66 26 15 27 78 41 57 50 30
87 51 37 30 47 27 55 37 30 33 25 56 0 4 53 62 63 33 34 36 46 56 36 59 53 33 7 30 27 36 73 49 60 79 54 19 82 14 67 9 55 45 17 34 71 30 38 17 54 71 26
87 52 34 26 43 30 51 40 26 33 22 55 4 0 49 65 65 37 38 32 47 55 32 60 50 30 11 34 31 35 73 52 56 79 50 22 82 16 66 6 52 41 21 34 70 30 42 14 50 73 26
74 74 33 23 10 72 12 82 24 46 51 47 53 49 0 102 87 86 83 32 73 48 17 77 33 26 60 76 77 42 81 87 12 77 21 64 71 58 52 48 31 8 70 52 57 49 91 38 11 92 47
84 34 69 85 92 35 95 25 80 56 86 71 62 65 102 0 29 44 33 96 32 70 89 39 81 76 60 32 38 60 53 15 101 67 111 43 78 49 79 71 84 95 51 50 79 53 39 67 108 35 55
55 13 54 75 77 41 80 36 68 42 87 47 63 65 87 29 0 60 47 90 18 46 77 12 60 63 65 41 50 45 24 22 86 38 101 45 49 49 52 71 63 82 61 36 51 40 58 59 95 8 44
104 54 65 63 80 24 87 24 63 54 52 77 33 37 86 44 60 0 13 68 48 77 69 63 79 65 27 22 13 58 79 39 93 91 87 27 98 31 88 41 82 78 16 51 91 50 6 49 87 68 48
93 41 57 63 75 14 81 11 59 46 56 68 34 38 83 33 47 13 0 70 35 67 67 50 71 59 30 10 7 50 66 26 87 78 88 19 87 25 79 43 74 75 19 42 81 42 11 45 86 55 40
96 77 42 17 33 61 41 71 25 51 20 64 36 32 32 96 90 68 70 0 73 64 20 82 53 33 41 65 63 49 92 83 44 93 21 53 92 47 74 27 53 26 52 54 79 50 73 31 26 97 46
58 6 40 59 63 25 66 25 52 27 69 39 46 47 73 32 18 48 35 73 0 38 61 15 49 48 48 26 35 31 31 17 72 43 85 28 52 32 48 53 52 67 45 21 49 25 46 42 80 26 27
32 36 22 47 39 54 37 60 39 23 72 1 56 55 48 70 46 77 67 64 38 0 45 34 16 31 62 57 64 20 33 55 42 30 67 50 28 48 12 59 18 46 66 26 15 27 78 41 58 49 30
76 64 23 6 13 56 21 66 9 35 35 45 36 32 17 89 77 69 67 20 61 45 0 68 33 14 43 60 61 32 74 74 26 74 24 48 73 42 54 31 33 9 53 41 59 37 74 22 19 83 34
45 9 45 67 67 40 68 39 60 33 82 35 59 60 77 39 12 63 50 82 15 34 68 0 48 54 63 41 50 36 16 28 74 29 92 43 39 46 40 66 51 73 60 28 40 32 61 51 86 15 36
43 49 16 37 24 57 21 65 30 25 65 15 53 50 33 81 60 79 71 53 49 16 33 48 0 22 60 61 66 21 49 66 26 45 52 52 40 50 21 54 3 32 67 31 26 29 80 36 43 63 32
63 50 9 16 16 47 22 57 8 21 43 31 33 30 26 76 63 65 59 33 48 31 14 54 22 0 40 51 54 18 60 61 28 60 38 40 59 35 41 32 23 19 50 27 46 23 68 16 32 69 21
93 54 44 37 54 26 62 35 37 39 26 62 7 11 60 60 65 27 30 41 48 62 43 63 60 40 0 28 23 43 77 49 67 85 61 20 88 17 73 14 62 52 11 40 77 36 32 24 61 73 32
83 32 48 56 67 4 73 7 52 36 54 58 30 34 76 32 41 22 10 65 26 57 60 41 61 51 28 0 9 40 57 21 79 69 82 12 77 18 69 39 64 68 21 32 71 32 21 38 79 49 31
91 41 52 56 69 11 76 14 53 41 49 64 27 31 77 38 50 13 7 63 35 64 61 50 66 54 23 9 0 45 66 29 82 78 81 14 85 19 75 36 69 69 13 38 78 37 14 39 80 58 35
52 32 9 32 32 36 35 44 24 4 53 20 36 35 42 60 45 58 50 49 31 20 32 36 21 18 43 40 45 0 43 45 41 46 56 31 47 29 31 39 24 37 47 10 35 8 59 21 50 51 11
32 25 51 75 72 56 70 55 67 42 94 34 73 73 81 53 24 79 66 92 31 33 74 16 49 60 77 57 66 43 0 44 75 14 98 58 26 60 34 78 51 78 75 39 32 43 77 62 91 20 47
73 21 54 70 77 23 80 15 65 41 74 56 49 52 87 15 22 39 26 83 17 55 74 28 66 61 49 21 29 45 44 0 86 57 96 30 67 36 65 58 69 80 42 35 66 38 36 52 93 30 40
65 73 32 32 13 75 6 84 30 45 61 41 60 56 12 101 86 93 87 44 72 42 26 74 26 28 67 79 82 41 75 86 0 70 32 68 63 63 45 56 24 18 77 51 49 49 96 44 22 89 48
18 37 51 76 68 67 65 67 68 46 99 30 79 79 77 67 38 91 78 93 43 30 74 29 45 60 85 69 78 46 14 57 70 0 96 67 12 68 26 84 46 76 84 45 21 49 89 67 87 34 53
94 88 47 26 28 78 33 88 33 59 41 66 54 50 21 111 101 87 88 21 85 67 24 92 52 38 61 82 81 56 98 96 32 96 0 70 91 64 72 47 51 21 71 65 77 61 92 44 10 107 58
79 34 38 44 56 8 62 18 40 27 44 50 19 22 64 43 45 27 19 53 28 50 48 43 52 40 20 12 14 31 58 30 68 67 70 0 73 6 61 28 55 56 17 25 65 23 28 26 67 53 21
6 47 50 75 63 74 59 77 67 49 100 28 82 82 71 78 49 98 87 92 52 28 73 39 40 59 88 77 85 47 26 67 63 12 91 73 0 72 19 86 40 71 90 49 14 52 98 68 82 46 56
78 37 34 38 50 14 57 24 34 25 38 48 14 16 58 49 49 31 25 47 32 48 42 46 50 35 17 18 19 29 60 36 63 68 64 6 72 0 59 22 53 50 18 23 63 21 33 20 61 57 18
22 45 33 57 44 65 40 70 49 34 83 11 67 66 52 79 52 88 79 74 48 12 54 40 21 41 73 69 75 31 34 65 45 26 72 61 19 59 0 70 21 52 77 37 5 38 89 52 63 53 41
91 58 38 25 43 36 51 46 26 38 16 59 9 6 48 71 71 41 43 27 53 59 31 66 54 32 14 39 36 39 78 58 56 84 47 28 86 22 70 0 55 40 25 39 74 35 46 18 48 79 31
43 52 19 38 23 60 19 68 31 28 66 17 55 52 31 84 63 82 74 53 52 18 33 51 3 23 62 64 69 24 51 69 24 46 51 55 40 53 21 55 0 31 70 34 26 32 83 38 42 66 35
74 69 28 15 8 64 15 74 16 40 43 46 45 41 8 95 82 78 75 26 67 46 9 73 32 19 52 68 69 37 78 80 18 76 21 56 71 50 52 40 31 0 62 46 57 42 83 30 13 88 40
96 51 51 47 64 20 72 27 47 43 37 66 17 21 70 51 61 16 19 52 45 66 53 60 67 50 11 21 13 47 75 42 77 84 71 17 90 18 77 25 70 62 0 41 81 39 21 34 71 69 36
55 23 19 39 42 28 45 35 32 6 55 26 34 34 52 50 36 51 42 54 21 26 41 28 31 27 40 32 38 10 39 35 51 45 65 25 49 23 37 39 34 46 41 0 40 4 52 23 59 43 8
17 45 37 62 49 68 45 72 54 38 87 15 71 70 57 79 51 91 81 79 49 15 59 40 26 46 77 71 78 35 32 66 49 21 77 65 14 63 5 74 26 57 81 40 0 42 92 56 68 51 45
58 27 17 35 39 28 43 36 28 4 51 27 30 30 49 53 40 50 42 50 25 27 37 32 29 23 36 32 37 8 43 38 49 49 61 23 52 21 38 35 32 42 39 4 42 0 51 19 55 47 4
104 52 66 68 83 25 90 22 67 55 58 78 38 42 91 39 58 6 11 73 46 78 74 61 80 68 32 21 14 59 77 36 96 89 92 28 98 33 89 46 83 83 21 52 92 51 0 53 92 66 49
73 46 20 18 31 34 38 44 14 21 32 41 17 14 38 67 59 49 45 31 42 41 22 51 36 16 24 38 39 21 62 52 44 67 44 26 68 20 52 18 38 30 34 23 56 19 53 0 41 66 15
85 82 41 24 19 75 23 85 28 53 46 57 54 50 11 108 95 87 86 26 80 58 19 86 43 32 61 79 80 50 91 93 22 87 10 67 82 61 63 48 42 13 71 59 68 55 92 41 0 101 53
52 21 60 82 82 49 83 44 75 48 95 50 71 73 92 35 8 68 55 97 26 49 83 15 63 69 73 49 58 51 20 30 89 34 107 53 46 57 53 79 66 88 69 43 51 47 66 66 101 0 51
61 31 17 32 37 27 42 36 25 7 47 30 26 26 47 55 44 48 40 46 27 30 34 36 32 21 32 31 35 11 47 40 48 53 58 21 56 18 41 31 35 40 36 8 45 4 49 15 53 51 0
0 1727
740 990
359 502
735 988
443 699
1396 1538
636 728
1317 1418
208 399
897 1145
1116 1305
1043 1213
248 423
673 762
1411 1556
1245 1337
1109 1331
848 934
660 835
234 433
1183 1352
707 838
636 851
508 697
983 1196
636 825
1358 1571
905 1056
1223 1316
1497 1613
1412 1531
666 792
282 485
318 514
1116 1270
1326 1495
1397 1602
233 374
785 1030
1171 1259
651 801
952 1083
632 843
101 323
600 729
739 872
649 891
1227 1352
89 189
1135 1240
99 251
