51
0 62 22 41 55 43 27 30 59 37 38 93 40 15 47 61 36 53 44 21 48 25 38 46 77 67 23 3 18 69 36 51 52 76 74 45 21 63 18 78 48 55 29 62 69 43 73 67 62 18 67
62 0 52 56 90 55 75 48 3 55 24 97 33 49 102 85 33 13 86 43 44 39 38 35 65 57 61 59 71 9 33 36 69 36 67 94 64 52 80 33 89 34 76 33 8 70 76 74 27 80 22
22 52 0 19 76 21 48 8 50 15 29 108 43 25 69 79 39 40 65 27 56 15 18 26 85 75 9 21 20 61 39 54 67 76 85 67 12 70 33 77 69 58 50 65 60 60 86 81 62 38 64
41 56 19 0 95 2 67 14 54 4 38 126 58 44 86 98 54 43 84 44 71 29 18 21 100 90 19 40 31 65 54 69 86 86 100 86 22 85 47 86 88 72 69 76 64 79 104 99 72 53 73
55 90 76 95 0 97 29 82 87 91 74 48 57 51 34 13 57 88 11 54 48 69 84 91 53 50 78 55 72 91 57 56 24 81 47 21 76 50 59 85 7 61 26 68 91 20 38 33 71 52 79
43 55 21 2 97 0 69 16 53 6 39 128 60 46 88 100 56 42 86 46 73 31 19 20 102 92 21 42 33 64 56 71 88 87 102 88 24 87 49 86 90 73 71 77 63 81 106 101 73 55 74
27 75 48 67 29 69 0 56 72 63 55 72 45 28 27 37 42 70 18 33 44 46 61 68 65 57 50 27 43 79 42 51 33 77 60 20 48 54 31 81 22 56 3 63 79 23 54 48 66 25 73
30 48 8 14 82 16 56 0 46 11 27 112 44 31 77 85 40 35 73 30 57 15 10 18 86 76 15 29 27 57 40 55 72 75 86 75 18 71 41 75 77 59 58 65 56 66 90 85 61 46 62
59 3 50 54 87 53 72 46 0 53 21 94 30 46 99 82 30 11 83 40 41 36 36 33 63 54 59 56 68 11 30 33 66 35 64 91 62 49 77 33 86 31 73 31 10 67 73 71 25 77 21
37 55 15 4 91 6 63 11 53 0 37 123 55 40 82 94 51 42 80 41 68 26 17 22 97 87 15 36 27 64 51 66 82 85 97 82 18 82 43 85 84 70 65 75 63 75 101 96 71 49 72
38 24 29 38 74 39 55 27 21 37 0 92 22 27 81 73 19 15 69 22 36 15 20 22 65 55 38 35 47 32 19 32 57 48 65 74 41 50 56 48 72 34 56 38 31 55 70 66 34 56 35
93 97 108 126 48 128 72 112 94 123 92 0 70 83 82 35 73 101 58 82 56 97 111 114 35 40 115 91 111 93 73 63 41 73 30 69 113 45 103 77 55 63 69 65 94 50 22 27 71 96 79
40 33 43 58 57 60 45 44 30 55 22 70 0 25 72 53 4 32 55 19 14 29 42 44 43 33 52 37 56 35 4 11 37 36 43 63 52 28 58 38 57 15 45 22 35 37 48 45 22 57 28
15 49 25 44 51 46 28 31 46 40 27 83 25 0 54 54 21 42 44 6 33 18 33 40 63 53 32 12 32 55 21 36 42 61 61 48 31 48 33 63 48 40 30 47 55 35 61 56 47 32 52
47 102 69 86 34 88 27 77 99 82 81 82 72 54 0 47 69 96 24 59 70 71 85 93 85 79 67 49 56 106 69 77 53 103 79 13 64 78 40 107 27 82 27 89 106 44 71 65 92 33 100
61 85 79 98 13 100 37 85 82 94 73 35 53 54 47 0 54 85 23 55 41 71 86 93 40 39 84 60 79 84 54 49 16 72 34 34 82 41 68 76 20 54 34 60 84 19 25 20 64 61 72
36 33 39 54 57 56 42 40 30 51 19 73 4 21 69 54 0 31 53 15 17 25 38 41 46 36 48 33 52 37 0 15 38 40 46 61 48 31 54 42 56 19 43 26 37 37 51 47 26 53 31
53 13 40 43 88 42 70 35 11 42 15 101 32 42 96 85 31 0 84 37 46 28 25 22 71 61 49 50 60 22 31 39 69 46 71 89 52 56 70 44 87 38 71 40 21 68 80 77 35 71 32
44 86 65 84 11 86 18 73 83 80 69 58 55 44 24 23 53 84 0 48 48 62 77 84 61 55 67 44 61 90 53 56 29 82 55 11 65 54 48 86 4 61 15 68 90 20 47 41 71 41 79
21 43 27 44 54 46 33 30 40 41 22 82 19 6 59 55 15 37 48 0 29 16 31 38 59 49 35 18 37 49 15 30 42 55 58 52 34 44 39 57 51 34 34 41 49 36 60 55 41 38 46
48 44 56 71 48 73 44 57 41 68 36 56 14 33 70 41 17 46 48 29 0 42 55 58 30 20 64 45 65 43 17 8 25 34 30 58 63 15 65 38 49 13 43 20 43 28 34 31 23 61 31
25 39 15 29 69 31 46 15 36 26 15 97 29 18 71 71 25 28 62 16 42 0 15 22 71 61 24 23 32 47 25 40 58 61 71 66 26 56 42 62 66 44 48 50 46 52 75 70 47 43 49
38 38 18 18 84 19 61 10 36 17 20 111 42 33 85 86 38 25 77 31 55 15 0 8 84 74 25 36 37 47 38 52 73 68 84 81 28 69 51 68 81 54 63 58 46 67 89 85 54 55 55
46 35 26 21 91 20 68 18 33 22 22 114 44 40 93 93 41 22 84 38 58 22 8 0 87 77 33 44 45 44 41 54 79 68 87 88 36 72 59 66 88 56 70 60 43 74 92 88 55 63 54
77 65 85 100 53 102 65 86 63 97 65 35 43 63 85 40 46 71 61 59 30 71 84 87 0 10 94 74 95 60 46 33 32 38 6 72 93 15 92 42 60 33 62 32 61 42 17 20 38 87 46
67 57 75 90 50 92 57 76 54 87 55 40 33 53 79 39 36 61 55 49 20 61 74 77 10 0 84 65 85 53 36 23 26 34 10 66 83 5 82 38 54 23 55 25 54 35 19 19 31 78 39
23 61 9 19 78 21 50 15 59 15 38 115 52 32 67 84 48 49 67 35 64 24 25 33 94 84 0 24 12 70 48 63 74 85 93 68 3 79 28 86 71 67 52 74 69 66 93 88 71 34 73
3 59 21 40 55 42 27 29 56 36 35 91 37 12 49 60 33 50 44 18 45 23 36 44 74 65 24 0 21 66 33 48 50 73 72 46 22 60 21 75 48 52 29 59 66 42 71 65 59 21 64
18 71 20 31 72 33 43 27 68 27 47 111 56 32 56 79 52 60 61 37 65 32 37 45 95 85 12 21 0 79 52 67 70 92 92 58 9 80 16 94 65 71 46 78 78 61 91 85 78 23 81
69 9 61 65 91 64 79 57 11 64 32 93 35 55 106 84 37 22 90 49 43 47 47 44 60 53 70 66 79 0 37 35 68 27 63 98 73 48 87 24 92 31 80 28 1 71 72 71 22 87 15
36 33 39 54 57 56 42 40 30 51 19 73 4 21 69 54 0 31 53 15 17 25 38 41 46 36 48 33 52 37 0 15 38 40 46 61 48 31 54 42 56 19 43 26 37 37 51 47 26 53 31
51 36 54 69 56 71 51 55 33 66 32 63 11 36 77 49 15 39 56 30 8 40 52 54 33 23 63 48 67 35 15 0 33 26 33 66 63 18 69 30 57 5 50 12 35 36 41 38 15 66 23
52 69 67 86 24 88 33 72 66 82 57 41 37 42 53 16 38 69 29 42 25 58 73 79 32 26 74 50 70 68 38 33 0 57 27 40 72 26 63 61 28 38 30 44 68 10 21 15 48 57 56
76 36 76 86 81 87 77 75 35 85 48 73 36 61 103 72 40 46 82 55 34 61 68 68 38 34 85 73 92 27 40 26 57 0 43 92 87 31 94 4 83 21 76 14 28 62 53 53 14 92 14
74 67 85 100 47 102 60 86 64 97 65 30 43 61 79 34 46 71 55 58 30 71 84 87 6 10 93 72 92 63 46 33 27 43 0 66 92 15 88 47 54 33 57 35 64 37 11 14 41 83 49
45 94 67 86 21 88 20 75 91 82 74 69 63 48 13 34 61 89 11 52 58 66 81 88 72 66 68 46 58 98 61 66 40 92 66 0 65 65 43 96 14 71 18 78 98 31 58 52 81 36 89
21 64 12 22 76 24 48 18 62 18 41 113 52 31 64 82 48 52 65 34 63 26 28 36 93 83 3 22 9 73 48 63 72 87 92 65 0 78 25 88 69 67 50 74 72 64 92 87 73 31 75
63 52 70 85 50 87 54 71 49 82 50 45 28 48 78 41 31 56 54 44 15 56 69 72 15 5 79 60 80 48 31 18 26 31 15 65 78 0 79 35 54 18 53 20 49 34 24 23 26 75 34
18 80 33 47 59 49 31 41 77 43 56 103 58 33 40 68 54 70 48 39 65 42 51 59 92 82 28 21 16 87 54 69 63 94 88 43 25 79 0 96 52 73 34 80 87 53 84 78 80 7 85
78 33 77 86 85 86 81 75 33 85 48 77 38 63 107 76 42 44 86 57 38 62 68 66 42 38 86 75 94 24 42 30 61 4 47 96 88 35 96 0 87 25 80 18 25 66 57 57 16 95 13
48 89 69 88 7 90 22 77 86 84 72 55 57 48 27 20 56 87 4 51 49 66 81 88 60 54 71 48 65 92 56 57 28 83 54 14 69 54 52 87 0 62 19 69 92 21 45 40 72 45 80
55 34 58 72 61 73 56 59 31 70 34 63 15 40 82 54 19 38 61 34 13 44 54 56 33 23 67 52 71 31 19 5 38 21 33 71 67 18 73 25 62 0 55 7 32 41 42 41 10 71 18
29 76 50 69 26 71 3 58 73 65 56 69 45 30 27 34 43 71 15 34 43 48 63 70 62 55 52 29 46 80 43 50 30 76 57 18 50 53 34 80 19 55 0 62 80 20 51 45 65 27 73
62 33 65 76 68 77 63 65 31 75 38 65 22 47 89 60 26 40 68 41 20 50 58 60 32 25 74 59 78 28 26 12 44 14 35 78 74 20 80 18 69 7 62 0 29 48 44 43 6 78 14
69 8 60 64 91 63 79 56 10 63 31 94 35 55 106 84 37 21 90 49 43 46 46 43 61 54 69 66 78 1 37 35 68 28 64 98 72 49 87 25 92 32 80 29 0 71 73 72 23 87 16
43 70 60 79 20 81 23 66 67 75 55 50 37 35 44 19 37 68 20 36 28 52 67 74 42 35 66 42 61 71 37 36 10 62 37 31 64 34 53 66 21 41 20 48 71 0 31 25 51 47 59
73 76 86 104 38 106 54 90 73 101 70 22 48 61 71 25 51 80 47 60 34 75 89 92 17 19 93 71 91 72 51 41 21 53 11 58 92 24 84 57 45 42 51 44 73 31 0 6 50 78 58
67 74 81 99 33 101 48 85 71 96 66 27 45 56 65 20 47 77 41 55 31 70 85 88 20 19 88 65 85 71 47 38 15 53 14 52 87 23 78 57 40 41 45 43 72 25 6 0 49 72 57
62 27 62 72 71 73 66 61 25 71 34 71 22 47 92 64 26 35 71 41 23 47 54 55 38 31 71 59 78 22 26 15 48 14 41 81 73 26 80 16 72 10 65 6 23 51 50 49 0 79 8
18 80 38 53 52 55 25 46 77 49 56 96 57 32 33 61 53 71 41 38 61 43 55 63 87 78 34 21 23 87 53 66 57 92 83 36 31 75 7 95 45 71 27 78 87 47 78 72 79 0 84
67 22 64 73 79 74 73 62 21 72 35 79 28 52 100 72 31 32 79 46 31 49 55 54 46 39 73 64 81 15 31 23 56 14 49 89 75 34 85 13 80 18 73 14 16 59 58 57 8 84 0
0 1221
221 375
133 487
937 1221
553 899
337 678
476 664
128 276
825 1133
227 425
663 862
117 253
858 1063
769 993
413 633
656 836
54 307
104 455
10 155
195 558
647 895
630 768
456 635
711 855
386 615
302 650
884 1113
186 383
676 947
233 588
517 850
479 706
44 339
61 230
128 379
713 952
726 896
599 907
640 843
168 332
916 1119
948 1221
197 511
595 787
304 552
366 627
75 310
953 1158
7 221
476 680
313 621
