51
0 58 83 45 48 58 47 78 45 31 5 32 17 37 72 76 39 15 10 40 84 73 63 15 62 56 12 17 86 23 72 67 57 70 24 13 47 72 4 62 73 49 8 60 75 78 53 21 69 34 12
58 0 53 22 26 91 78 55 76 31 62 30 58 76 55 83 76 45 67 34 61 44 16 73 86 19 70 54 43 61 15 48 32 18 58 56 31 83 62 81 56 65 65 90 22 48 68 75 36 39 46
83 53 0 72 76 75 68 10 67 72 83 53 93 75 17 48 73 68 85 43 11 10 37 94 65 36 91 69 19 70 61 17 27 38 66 89 81 51 85 57 17 51 85 72 38 5 49 87 17 49 73
45 22 72 0 4 92 79 73 77 14 49 29 40 72 69 92 74 35 54 40 79 63 37 60 89 36 57 48 64 56 30 62 46 40 54 39 9 90 49 84 70 68 52 92 44 67 71 65 55 40 33
48 26 76 4 0 96 83 77 81 17 52 33 40 75 73 96 77 38 57 44 83 67 41 63 93 40 60 51 68 59 31 66 50 44 58 40 5 94 52 88 74 72 55 96 48 71 75 68 59 44 36
58 91 75 92 96 0 13 66 15 79 53 63 75 21 58 33 19 58 49 57 69 69 84 56 10 77 54 45 89 37 106 60 66 91 38 71 97 28 55 18 58 27 51 3 95 73 27 41 74 52 61
47 78 68 79 83 13 0 59 2 66 42 50 64 11 51 35 9 45 39 44 63 61 72 46 15 65 44 32 81 25 93 52 56 79 25 60 84 30 45 18 51 17 41 13 84 65 19 31 64 39 48
78 55 10 73 77 66 59 0 58 72 77 50 89 66 8 38 64 64 79 39 6 11 39 88 56 38 85 63 28 63 65 11 27 43 59 85 82 41 80 48 8 42 79 63 44 10 40 80 19 44 69
45 76 67 77 81 15 2 58 0 64 40 48 62 9 50 36 7 43 37 42 63 60 70 44 17 63 42 30 80 23 91 51 54 77 23 58 82 31 43 19 50 16 39 15 82 64 19 29 63 37 46
31 31 72 14 17 79 66 72 64 0 35 22 27 58 67 84 60 21 40 33 78 62 42 46 79 38 43 34 68 42 42 61 45 48 41 25 18 82 35 76 68 60 38 79 53 67 63 51 57 32 19
5 62 83 49 52 53 42 77 40 35 0 34 22 32 69 72 34 17 5 40 83 73 65 12 57 58 9 14 86 18 76 66 57 72 20 18 52 68 3 57 70 45 3 55 77 78 49 16 69 34 16
32 30 53 29 33 63 50 50 48 22 34 0 40 46 45 63 47 17 38 11 56 43 31 46 60 24 43 24 54 31 45 39 26 38 28 36 38 61 36 55 46 39 37 63 43 48 42 45 38 11 21
17 58 93 40 40 75 64 89 62 27 22 40 0 54 83 92 56 25 26 50 95 83 68 27 79 63 26 33 93 40 69 78 66 74 40 4 37 88 20 78 84 65 24 77 79 88 69 37 78 45 20
37 76 75 72 75 21 11 66 9 58 32 46 54 0 58 45 2 37 28 43 71 67 71 35 26 64 33 24 85 16 91 58 57 78 18 50 76 40 34 28 58 24 30 23 83 71 27 20 68 37 40
72 55 17 69 73 58 51 8 50 67 69 45 83 58 0 32 56 58 71 34 14 14 40 80 48 36 77 55 33 55 66 7 23 45 51 79 78 35 72 40 1 34 71 55 46 15 32 72 21 38 63
76 83 48 92 96 33 35 38 36 84 72 63 92 45 32 0 43 69 71 52 38 46 70 80 23 64 77 59 65 54 95 38 51 76 52 88 101 5 75 17 32 27 73 30 78 47 23 65 53 52 74
39 76 73 74 77 19 9 64 7 60 34 47 56 2 56 43 0 39 30 43 69 65 71 37 24 64 35 26 84 18 91 56 57 78 20 52 78 38 36 26 56 22 32 21 83 69 25 22 67 37 42
15 45 68 35 38 58 45 64 43 21 17 17 25 37 58 69 39 0 22 25 70 58 48 29 59 41 26 13 71 21 59 53 42 55 20 21 39 65 19 57 59 42 20 58 60 63 46 31 54 20 5
10 67 85 54 57 49 39 79 37 40 5 38 26 28 71 71 30 22 0 43 85 75 69 9 54 62 6 16 89 17 81 68 60 76 20 22 57 67 6 56 72 44 2 51 81 80 48 11 72 36 21
40 34 43 40 44 57 44 39 42 33 40 11 50 43 34 52 43 25 43 0 45 33 28 52 52 21 49 27 46 31 49 28 17 35 27 46 49 51 43 47 35 31 43 56 40 38 34 48 29 7 30
84 61 11 79 83 69 63 6 63 78 83 56 95 71 14 38 69 70 85 45 0 17 45 94 59 44 91 69 30 69 71 17 33 49 65 91 88 43 86 51 13 47 85 66 49 14 44 86 25 50 75
73 44 10 63 67 69 61 11 60 62 73 43 83 67 14 46 65 58 75 33 17 0 28 84 61 27 81 59 20 61 54 9 17 32 57 79 72 49 75 53 14 44 75 67 33 5 42 78 8 39 63
63 16 37 37 41 84 72 39 70 42 65 31 68 71 40 70 71 48 69 28 45 28 0 77 77 7 74 54 27 59 26 33 19 7 55 65 46 71 67 71 41 57 68 83 12 32 58 75 20 35 52
15 73 94 60 63 56 46 88 44 46 12 46 27 35 80 80 37 29 9 52 94 84 77 0 61 70 3 25 98 26 87 77 69 84 29 24 62 75 11 63 81 53 9 58 89 89 57 15 81 45 27
62 86 65 89 93 10 15 56 17 79 57 60 79 26 48 23 24 59 54 52 59 61 77 61 0 70 59 46 81 39 101 52 59 84 39 75 97 18 60 8 48 21 56 7 88 63 19 46 66 49 62
56 19 36 36 40 77 65 38 63 38 58 24 63 64 36 64 64 41 62 21 44 27 7 70 70 0 67 47 30 52 32 29 13 14 48 59 45 65 60 64 37 50 61 76 19 31 51 68 19 28 45
12 70 91 57 60 54 44 85 42 43 9 43 26 33 77 77 35 26 6 49 91 81 74 3 59 67 0 22 95 23 84 74 66 81 26 22 59 73 8 61 78 50 6 56 86 86 54 14 78 42 24
17 54 69 48 51 45 32 63 30 34 14 24 33 24 55 59 26 13 16 27 69 59 54 25 46 47 22 0 73 8 69 52 44 61 7 29 52 55 17 45 56 32 16 45 66 64 36 21 56 20 16
86 43 19 64 68 89 81 28 80 68 86 54 93 85 33 65 84 71 89 46 30 20 27 98 81 30 95 73 0 77 46 29 29 25 73 89 73 68 89 73 33 64 89 87 22 18 62 94 17 53 75
23 61 70 56 59 37 25 63 23 42 18 31 40 16 55 54 18 21 17 31 69 61 59 26 39 52 23 8 77 0 76 53 48 66 4 36 60 50 21 39 56 27 19 38 71 66 31 17 60 25 24
72 15 61 30 31 106 93 65 91 42 76 45 69 91 66 95 91 59 81 49 71 54 26 87 101 32 84 69 46 76 0 59 44 23 73 67 36 96 76 95 67 80 79 105 24 58 82 90 46 54 60
67 48 17 62 66 60 52 11 51 61 66 39 78 58 7 38 56 53 68 28 17 9 33 77 52 29 74 52 29 53 59 0 16 38 49 74 71 40 69 44 8 35 68 58 40 13 33 70 15 33 58
57 32 27 46 50 66 56 27 54 45 57 26 66 57 23 51 57 42 60 17 33 17 19 69 59 13 66 44 29 48 44 16 0 25 44 62 55 52 60 52 24 39 60 65 29 22 40 65 12 24 47
70 18 38 40 44 91 79 43 77 48 72 38 74 78 45 76 78 55 76 35 49 32 7 84 84 14 81 61 25 66 23 38 25 0 62 72 49 77 74 77 46 64 75 90 5 35 65 82 24 42 59
24 58 66 54 58 38 25 59 23 41 20 28 40 18 51 52 20 20 20 27 65 57 55 29 39 48 26 7 73 4 73 49 44 62 0 36 59 48 23 38 52 25 21 38 67 62 29 21 56 21 23
13 56 89 39 40 71 60 85 58 25 18 36 4 50 79 88 52 21 22 46 91 79 65 24 75 59 22 29 89 36 67 74 62 72 36 0 38 84 16 74 80 61 20 73 77 84 65 33 74 41 16
47 31 81 9 5 97 84 82 82 18 52 38 37 76 78 101 78 39 57 49 88 72 46 62 97 45 59 52 73 60 36 71 55 49 59 38 0 99 51 93 79 77 55 97 53 76 80 68 64 49 37
72 83 51 90 94 28 30 41 31 82 68 61 88 40 35 5 38 65 67 51 43 49 71 75 18 65 73 55 68 50 96 40 52 77 48 84 99 0 71 12 35 23 69 25 80 50 19 60 55 50 70
4 62 85 49 52 55 45 80 43 35 3 36 20 34 72 75 36 19 6 43 86 75 67 11 60 60 8 17 89 21 76 69 60 74 23 16 51 71 0 60 73 48 4 57 79 80 52 17 72 36 16
62 81 57 84 88 18 18 48 19 76 57 55 78 28 40 17 26 57 56 47 51 53 71 63 8 64 61 45 73 39 95 44 52 77 38 74 93 12 60 0 40 16 58 15 81 55 13 48 58 44 61
73 56 17 70 74 58 51 8 50 68 70 46 84 58 1 32 56 59 72 35 13 14 41 81 48 37 78 56 33 56 67 8 24 46 52 80 79 35 73 40 0 34 72 55 47 15 32 73 22 39 64
49 65 51 68 72 27 17 42 16 60 45 39 65 24 34 27 22 42 44 31 47 44 57 53 21 50 50 32 64 27 80 35 39 64 25 61 77 23 48 16 34 0 46 26 68 48 4 41 47 28 47
8 65 85 52 55 51 41 79 39 38 3 37 24 30 71 73 32 20 2 43 85 75 68 9 56 61 6 16 89 19 79 68 60 75 21 20 55 69 4 58 72 46 0 53 80 80 50 13 72 36 19
60 90 72 92 96 3 13 63 15 79 55 63 77 23 55 30 21 58 51 56 66 67 83 58 7 76 56 45 87 38 105 58 65 90 38 73 97 25 57 15 55 26 53 0 94 70 25 43 72 52 61
75 22 38 44 48 95 84 44 82 53 77 43 79 83 46 78 83 60 81 40 49 33 12 89 88 19 86 66 22 71 24 40 29 5 67 77 53 80 79 81 47 68 80 94 0 35 69 87 25 47 64
78 48 5 67 71 73 65 10 64 67 78 48 88 71 15 47 69 63 80 38 14 5 32 89 63 31 86 64 18 66 58 13 22 35 62 84 76 50 80 55 15 48 80 70 35 0 46 83 12 44 68
53 68 49 71 75 27 19 40 19 63 49 42 69 27 32 23 25 46 48 34 44 42 58 57 19 51 54 36 62 31 82 33 40 65 29 65 80 19 52 13 32 4 50 25 69 46 0 45 47 31 51
21 75 87 65 68 41 31 80 29 51 16 45 37 20 72 65 22 31 11 48 86 78 75 15 46 68 14 21 94 17 90 70 65 82 21 33 68 60 17 48 73 41 13 43 87 83 45 0 77 41 32
69 36 17 55 59 74 64 19 63 57 69 38 78 68 21 53 67 54 72 29 25 8 20 81 66 19 78 56 17 60 46 15 12 24 56 74 64 55 72 58 22 47 72 72 25 12 47 77 0 36 59
34 39 49 40 44 52 39 44 37 32 34 11 45 37 38 52 37 20 36 7 50 39 35 45 49 28 42 20 53 25 54 33 24 42 21 41 49 50 36 44 39 28 36 52 47 44 31 41 36 0 25
12 46 73 33 36 61 48 69 46 19 16 21 20 40 63 74 42 5 21 30 75 63 52 27 62 45 24 16 75 24 60 58 47 59 23 16 37 70 16 61 64 47 19 61 64 68 51 32 59 25 0
0 863
363 633
353 783
53 562
196 538
460 718
320 780
30 503
82 567
30 377
431 793
444 675
513 822
86 344
495 863
491 755
99 520
398 863
134 560
499 696
178 685
67 447
356 679
164 451
426 673
465 733
340 849
373 742
144 649
170 527
96 331
486 863
459 854
352 770
378 681
13 255
366 820
205 431
84 483
450 725
136 566
49 336
78 290
358 643
268 558
252 533
352 816
406 606
297 593
248 502
65 250
