51
0 43 79 72 14 41 50 63 51 36 48 40 56 4 75 74 36 19 63 68 61 35 44 28 37 39 29 39 9 31 32 83 17 62 64 30 71 51 45 55 43 29 36 44 50 70 15 20 47 9 44
43 0 65 60 52 84 20 86 43 37 87 5 31 41 61 94 64 27 58 100 47 68 75 19 79 7 66 70 49 58 59 113 60 58 67 60 64 26 87 72 84 18 36 59 63 76 34 42 5 49 30
79 65 0 7 93 105 84 67 28 43 125 70 34 75 4 66 67 79 22 93 19 72 74 58 99 60 108 72 78 65 65 91 94 23 29 67 12 39 103 53 98 59 43 49 45 37 64 93 61 78 38
72 60 7 0 86 98 79 61 21 36 118 64 29 68 3 61 60 73 15 86 13 65 67 52 92 54 101 65 71 58 58 86 87 16 24 60 7 34 96 46 91 53 36 42 38 32 57 87 56 71 32
14 52 93 86 0 36 56 72 65 50 35 48 70 18 89 84 46 25 77 73 75 44 53 41 34 50 15 48 19 41 42 92 11 76 78 40 85 65 42 65 42 42 50 56 62 82 29 16 57 19 58
41 84 105 98 36 0 91 58 81 66 28 81 91 43 101 70 39 60 83 45 91 34 37 66 6 78 33 36 35 40 41 66 25 82 80 38 93 87 7 59 11 67 67 57 61 80 52 52 86 35 78
50 20 84 79 56 91 0 103 63 56 89 16 50 50 80 111 80 31 78 116 67 83 91 35 87 26 67 86 58 74 75 129 66 78 86 75 84 46 95 89 93 34 55 76 80 95 48 40 23 58 50
63 86 67 61 72 58 103 0 54 49 85 87 72 60 64 12 27 78 46 27 61 28 22 68 53 79 80 24 54 32 31 27 64 45 38 33 55 71 53 15 48 69 50 27 25 32 57 83 86 54 61
51 43 28 21 65 81 63 54 0 15 97 47 19 47 24 58 45 53 15 78 10 50 55 32 75 37 80 51 50 41 41 81 66 15 24 43 21 20 79 39 75 33 15 29 29 33 36 67 41 50 13
36 37 43 36 50 66 56 49 15 0 82 40 25 32 39 57 34 40 27 70 25 38 45 21 61 30 65 40 35 28 29 76 51 26 32 30 36 22 66 35 62 22 1 22 26 40 21 52 37 35 12
48 87 125 118 35 28 89 85 97 82 0 83 104 52 121 97 64 60 105 73 107 59 63 76 32 85 22 63 47 62 63 94 31 104 103 60 115 99 35 85 39 77 83 79 84 104 63 49 92 47 92
40 5 70 64 48 81 16 87 47 40 83 0 36 39 66 95 64 23 62 100 51 68 75 19 77 10 62 70 47 58 59 113 57 62 70 60 68 31 85 73 82 18 39 60 64 79 33 37 10 47 34
56 31 34 29 70 91 50 72 19 25 104 36 0 52 30 77 59 50 33 95 17 63 70 30 86 27 85 65 58 53 54 99 73 33 42 55 34 6 91 57 87 29 24 46 47 51 41 65 27 58 13
4 41 75 68 18 43 50 60 47 32 52 39 52 0 71 71 34 19 59 67 57 34 43 24 38 36 33 38 8 28 29 82 21 58 60 28 67 47 46 51 43 25 32 40 46 66 11 23 44 8 40
75 61 4 3 89 101 80 64 24 39 121 66 30 71 0 64 63 75 18 89 15 68 70 54 95 56 104 68 74 61 61 89 90 19 27 63 10 35 99 49 94 55 39 45 41 35 60 89 57 74 34
74 94 66 61 84 70 111 12 58 57 97 95 77 71 64 0 38 89 47 34 63 40 34 76 65 87 92 36 65 43 42 25 76 46 38 44 54 77 64 22 59 77 58 35 31 29 67 94 94 65 68
36 64 67 60 46 39 80 27 45 34 64 64 59 34 63 38 0 52 45 36 55 5 11 45 33 57 55 6 27 6 5 49 39 44 41 6 55 56 36 21 31 46 35 18 22 42 32 56 65 27 46
19 27 79 73 25 60 31 78 53 40 60 23 50 19 75 89 52 0 66 86 60 53 62 21 56 26 39 57 27 46 47 101 35 65 71 47 74 44 64 67 62 21 39 55 60 78 22 15 32 27 41
63 58 22 15 77 83 78 46 15 27 105 62 33 59 18 47 45 66 0 71 16 50 52 47 77 52 90 50 59 43 43 72 75 1 10 45 10 35 81 31 76 48 27 27 23 19 48 79 56 59 28
68 100 93 86 73 45 116 27 78 70 73 100 95 67 89 34 36 86 71 0 86 34 25 81 42 93 76 30 59 42 41 21 62 70 64 41 81 92 38 40 34 82 71 49 49 59 68 88 101 59 82
61 47 19 13 75 91 67 61 10 25 107 51 17 57 15 63 55 60 16 86 0 60 64 39 85 41 90 61 60 51 51 88 76 17 26 53 17 21 89 46 85 40 25 38 37 35 46 74 44 60 19
35 68 72 65 44 34 83 28 50 38 59 68 63 34 68 40 5 53 50 34 60 0 9 49 28 61 52 4 26 10 9 48 36 49 46 8 60 60 31 26 26 50 39 23 27 47 35 55 69 26 50
44 75 74 67 53 37 91 22 55 45 63 75 70 43 70 34 11 62 52 25 64 9 0 56 31 68 59 5 35 17 16 39 43 51 48 16 62 67 32 24 27 57 46 26 29 45 43 64 76 35 57
28 19 58 52 41 66 35 68 32 21 76 19 30 24 54 76 45 21 47 81 39 49 56 0 61 12 56 51 31 39 40 94 45 46 52 41 53 24 69 54 66 1 20 41 45 60 15 35 20 31 20
37 79 99 92 34 6 87 53 75 61 32 77 86 38 95 65 33 56 77 42 85 28 31 61 0 73 34 31 30 34 35 63 23 76 74 32 87 82 8 54 8 62 62 51 55 75 47 50 81 30 73
39 7 60 54 50 78 26 79 37 30 85 10 27 36 56 87 57 26 52 93 41 61 68 12 73 0 65 63 43 51 52 106 56 52 60 53 58 21 81 65 78 11 29 52 56 69 27 41 8 43 24
29 66 108 101 15 33 67 80 80 65 22 62 85 33 104 92 55 39 90 76 90 52 59 56 34 65 0 56 31 51 52 97 16 89 90 50 100 80 40 75 42 57 65 68 73 93 44 27 71 31 73
39 70 72 65 48 36 86 24 51 40 63 70 65 38 68 36 6 57 50 30 61 4 5 51 31 63 56 0 30 12 11 44 40 49 46 11 60 62 33 23 28 52 41 23 27 44 38 59 71 30 52
9 49 78 71 19 35 58 54 50 35 47 47 58 8 74 65 27 27 59 59 60 26 35 31 30 43 31 30 0 22 23 74 16 58 59 21 69 53 38 46 35 32 36 37 43 63 17 29 51 0 45
31 58 65 58 41 40 74 32 41 28 62 58 53 28 61 43 6 46 43 42 51 10 17 39 34 51 51 12 22 0 1 55 35 42 41 2 53 50 38 24 34 40 29 17 22 42 26 51 59 22 40
32 59 65 58 42 41 75 31 41 29 63 59 54 29 61 42 5 47 43 41 51 9 16 40 35 52 52 11 23 1 0 54 36 42 40 3 53 51 39 23 35 41 30 16 21 41 27 52 60 23 41
83 113 91 86 92 66 129 27 81 76 94 113 99 82 89 25 49 101 72 21 88 48 39 94 63 106 97 44 74 55 54 0 82 71 63 55 79 98 59 42 55 95 77 54 52 54 81 103 113 74 88
17 60 94 87 11 25 66 64 66 51 31 57 73 21 90 76 39 35 75 62 76 36 43 45 23 56 16 40 16 35 36 82 0 74 75 34 85 68 31 59 31 46 52 52 57 77 32 27 64 16 61
62 58 23 16 76 82 78 45 15 26 104 62 33 58 19 46 44 65 1 70 17 49 51 46 76 52 89 49 58 42 42 71 74 0 9 44 11 35 80 30 75 47 26 26 22 18 47 78 56 58 28
64 67 29 24 78 80 86 38 24 32 103 70 42 60 27 38 41 71 10 64 26 46 48 52 74 60 90 46 59 41 40 63 75 9 0 43 17 44 77 24 72 53 32 24 19 9 51 83 65 59 37
30 60 67 60 40 38 75 33 43 30 60 60 55 28 63 44 6 47 45 41 53 8 16 41 32 53 50 11 21 2 3 55 34 44 43 0 55 52 36 26 32 42 31 19 24 44 27 50 61 21 42
71 64 12 7 85 93 84 55 21 36 115 68 34 67 10 54 55 74 10 81 17 60 62 53 87 58 100 60 69 53 53 79 85 11 17 55 0 38 91 41 86 54 35 37 33 25 56 87 61 69 34
51 26 39 34 65 87 46 71 20 22 99 31 6 47 35 77 56 44 35 92 21 60 67 24 82 21 80 62 53 50 51 98 68 35 44 52 38 0 88 57 84 23 21 44 47 53 36 59 23 53 10
45 87 103 96 42 7 95 53 79 66 35 85 91 46 99 64 36 64 81 38 89 31 32 69 8 81 40 33 38 38 39 59 31 80 77 36 91 88 0 56 5 70 67 54 58 77 54 58 89 38 78
55 72 53 46 65 59 89 15 39 35 85 73 57 51 49 22 21 67 31 40 46 26 24 54 54 65 75 23 46 24 23 42 59 30 24 26 41 57 56 0 51 55 36 13 10 21 45 74 72 46 47
43 84 98 91 42 11 93 48 75 62 39 82 87 43 94 59 31 62 76 34 85 26 27 66 8 78 42 28 35 34 35 55 31 75 72 32 86 84 5 51 0 67 63 49 53 72 51 58 86 35 74
29 18 59 53 42 67 34 69 33 22 77 18 29 25 55 77 46 21 48 82 40 50 57 1 62 11 57 52 32 40 41 95 46 47 53 42 54 23 70 55 67 0 21 42 46 61 16 36 19 32 21
36 36 43 36 50 67 55 50 15 1 83 39 24 32 39 58 35 39 27 71 25 39 46 20 62 29 65 41 36 29 30 77 52 26 32 31 35 21 67 36 63 21 0 23 27 40 21 52 36 36 11
44 59 49 42 56 57 76 27 29 22 79 60 46 40 45 35 18 55 27 49 38 23 26 41 51 52 68 23 37 17 16 54 52 26 24 19 37 44 54 13 49 42 23 0 6 26 33 63 59 37 34
50 63 45 38 62 61 80 25 29 26 84 64 47 46 41 31 22 60 23 49 37 27 29 45 55 56 73 27 43 22 21 52 57 22 19 24 33 47 58 10 53 46 27 6 0 20 38 69 63 43 37
70 76 37 32 82 80 95 32 33 40 104 79 51 66 35 29 42 78 19 59 35 47 45 60 75 69 93 44 63 42 41 54 77 18 9 44 25 53 77 21 72 61 40 26 20 0 57 89 74 63 46
15 34 64 57 29 52 48 57 36 21 63 33 41 11 60 67 32 22 48 68 46 35 43 15 47 27 44 38 17 26 27 81 32 47 51 27 56 36 54 45 51 16 21 33 38 57 0 32 35 17 29
20 42 93 87 16 52 40 83 67 52 49 37 65 23 89 94 56 15 79 88 74 55 64 35 50 41 27 59 29 51 52 103 27 78 83 50 87 59 58 74 58 36 52 63 69 89 32 0 47 29 55
47 5 61 56 57 86 23 86 41 37 92 10 27 44 57 94 65 32 56 101 44 69 76 20 81 8 71 71 51 59 60 113 64 56 65 61 61 23 89 72 86 19 36 59 63 74 35 47 0 51 28
9 49 78 71 19 35 58 54 50 35 47 47 58 8 74 65 27 27 59 59 60 26 35 31 30 43 31 30 0 22 23 74 16 58 59 21 69 53 38 46 35 32 36 37 43 63 17 29 51 0 45
44 30 38 32 58 78 50 61 13 12 92 34 13 40 34 68 46 41 28 82 19 50 57 20 73 24 73 52 45 40 41 88 61 28 37 42 34 10 78 47 74 21 11 34 37 46 29 55 28 45 0
0 997
662 937
307 642
400 571
489 778
597 866
264 467
297 650
254 533
94 497
58 493
240 519
427 784
537 863
159 471
275 583
277 430
693 901
687 933
11 347
532 709
165 558
447 779
450 883
698 997
117 539
358 634
494 661
638 850
684 991
280 560
539 968
564 812
617 997
363 627
64 478
252 638
481 913
292 721
662 847
274 692
248 529
300 520
407 783
625 926
520 831
63 359
317 468
365 674
189 453
546 815
