51
0 82 94 40 48 43 63 17 56 36 70 94 93 16 46 94 72 56 73 59 71 64 46 21 2 60 62 90 38 63 85 47 41 40 89 67 60 97 58 81 3 67 56 94 73 69 71 52 40 92 30
82 0 66 43 39 44 23 71 61 57 59 20 12 67 62 22 62 30 57 23 70 41 69 91 80 61 24 10 48 55 27 54 41 66 67 41 39 16 52 44 81 15 61 17 63 46 58 45 62 60 73
94 66 0 65 57 84 53 77 38 59 24 85 63 90 48 51 22 78 22 61 124 37 52 87 94 112 53 75 83 108 92 48 69 54 6 34 42 61 37 22 91 64 38 57 23 29 114 47 102 6 65
40 43 65 0 8 21 23 28 35 17 45 60 54 27 30 54 48 26 45 20 63 28 35 48 38 50 22 51 20 49 55 23 6 28 62 31 23 57 30 45 38 28 35 54 49 36 57 20 38 59 32
48 39 57 8 0 27 16 34 31 19 38 56 47 35 27 47 41 27 38 16 69 20 34 54 46 56 15 47 26 55 53 19 12 29 54 23 15 50 23 37 46 24 31 47 42 28 62 13 45 51 35
43 44 84 21 27 0 34 41 56 38 65 52 56 27 51 62 68 14 65 26 42 47 56 61 41 29 33 48 5 28 42 44 15 49 81 50 42 60 50 64 44 30 56 60 69 55 36 40 19 78 50
63 23 53 23 16 34 0 50 39 34 40 42 31 50 39 31 43 25 38 8 71 20 46 70 61 59 1 33 36 55 42 31 24 43 53 21 17 34 30 31 61 12 39 31 44 27 61 22 53 47 50
17 71 77 28 34 41 50 0 39 19 53 87 81 19 29 81 55 51 56 48 76 47 29 21 17 65 49 79 36 66 80 30 31 23 72 50 43 84 41 64 14 56 39 81 56 52 74 35 45 75 14
56 61 38 35 31 56 39 39 0 23 14 81 66 54 10 59 16 58 17 44 98 21 14 49 56 85 38 71 55 84 81 13 41 16 33 22 22 67 9 31 53 51 0 63 17 19 92 18 73 36 27
36 57 59 17 19 38 34 19 23 0 37 75 65 31 14 64 39 43 37 35 80 28 18 37 35 67 33 66 35 66 72 11 23 11 55 31 24 68 22 45 33 43 23 65 40 33 74 16 51 56 16
70 59 24 45 38 65 40 53 14 37 0 79 62 68 24 53 3 64 4 48 107 21 28 63 70 94 40 69 64 93 82 26 50 30 19 19 25 62 15 20 67 52 14 58 4 13 100 25 83 22 41
94 20 85 60 56 52 42 87 81 75 79 0 23 78 81 36 82 38 77 40 64 61 88 108 92 58 43 10 56 52 15 73 56 85 87 61 59 26 72 64 95 32 81 30 83 66 52 64 67 79 91
93 12 63 54 47 56 31 81 66 65 62 23 0 78 70 13 65 42 59 34 81 45 77 101 91 72 32 14 59 66 34 62 52 74 66 44 45 4 57 44 92 26 66 7 66 49 69 53 74 57 81
16 67 90 27 35 27 50 19 54 31 68 78 78 0 44 81 70 40 68 44 57 55 46 35 14 46 49 74 22 48 69 42 26 39 86 58 50 82 53 72 17 52 54 80 71 62 56 44 26 86 33
46 62 48 30 27 51 39 29 10 14 24 81 70 44 0 65 26 54 27 42 93 27 7 39 46 80 38 72 49 79 80 8 36 6 43 29 25 71 16 39 43 50 10 68 27 27 87 17 65 46 17
94 22 51 54 47 62 31 81 59 64 53 36 13 81 65 0 55 49 49 37 92 39 72 101 92 83 32 27 65 77 47 57 55 69 53 37 40 10 50 33 92 32 59 6 56 41 80 48 81 45 79
72 62 22 48 41 68 43 55 16 39 3 82 65 70 26 55 0 67 6 51 110 24 30 65 72 97 43 72 67 96 85 28 53 32 17 22 28 64 18 22 69 55 16 60 1 16 103 28 86 21 43
56 30 78 26 27 14 25 51 58 43 64 38 42 40 54 49 67 0 62 17 46 44 61 72 54 34 25 34 18 30 29 46 20 54 78 46 39 46 50 56 57 17 58 47 68 52 36 40 32 72 57
73 57 22 45 38 65 38 56 17 37 4 77 59 68 27 49 6 62 0 45 107 18 31 66 72 94 37 67 64 92 80 26 50 33 18 17 23 58 15 16 70 50 17 54 7 11 98 25 83 19 44
59 23 61 20 16 26 8 48 44 35 48 40 34 44 42 37 51 17 45 0 63 27 49 68 57 51 8 31 28 47 38 34 18 45 61 29 23 38 35 39 58 8 44 36 52 35 53 26 45 55 51
71 70 124 63 69 42 71 76 98 80 107 64 81 57 93 92 110 46 107 63 0 89 98 92 69 13 71 67 45 16 49 86 57 91 123 92 84 85 92 102 74 63 98 87 111 97 12 82 31 118 89
64 41 37 28 20 47 20 47 21 28 21 61 45 55 27 39 24 44 18 27 89 0 34 64 63 76 19 51 46 74 62 20 32 32 34 3 5 46 12 17 61 32 21 42 25 8 80 12 65 31 42
46 69 52 35 34 56 46 29 14 18 28 88 77 46 7 72 30 61 31 49 98 34 0 37 46 85 45 79 53 84 87 15 41 7 47 35 32 78 22 45 43 57 14 75 31 33 92 24 69 50 16
21 91 87 48 54 61 70 21 49 37 63 108 101 35 39 101 65 72 66 68 92 64 37 0 23 81 69 99 56 83 101 44 52 33 82 66 61 104 55 78 19 76 49 101 66 66 91 53 61 85 22
2 80 94 38 46 41 61 17 56 35 70 92 91 14 46 92 72 54 72 57 69 63 46 23 0 58 60 88 36 61 83 46 39 40 89 66 59 95 57 80 5 65 56 92 73 68 69 51 38 91 30
60 61 112 50 56 29 59 65 85 67 94 58 72 46 80 83 97 34 94 51 13 76 85 81 58 0 59 60 32 6 43 73 44 78 110 79 71 76 79 90 63 51 85 78 98 84 12 69 20 106 76
62 24 53 22 15 33 1 49 38 33 40 43 32 49 38 32 43 25 37 8 71 19 45 69 60 59 0 34 35 55 43 30 23 42 53 21 16 35 29 31 60 13 38 32 44 27 61 21 52 47 49
90 10 75 51 47 48 33 79 71 66 69 10 14 74 72 27 72 34 67 31 67 51 79 99 88 60 34 0 52 54 20 64 49 76 77 51 49 18 62 54 89 23 71 21 73 56 55 55 65 69 82
38 48 83 20 26 5 36 36 55 35 64 56 59 22 49 65 67 18 64 28 45 46 53 56 36 32 35 52 0 31 47 43 14 46 80 49 41 63 49 63 39 33 55 63 68 54 39 39 19 77 46
63 55 108 49 55 28 55 66 84 66 93 52 66 48 79 77 96 30 92 47 16 74 84 83 61 6 55 54 31 0 37 72 43 77 108 76 69 70 78 86 65 47 84 72 97 82 8 68 23 102 77
85 27 92 55 53 42 42 80 81 72 82 15 34 69 80 47 85 29 80 38 49 62 87 101 83 43 43 20 47 37 0 72 49 82 93 63 59 38 72 70 86 30 81 41 86 69 37 64 54 86 86
47 54 48 23 19 44 31 30 13 11 26 73 62 42 8 57 28 46 26 34 86 20 15 44 46 73 30 64 43 72 72 0 29 12 44 22 17 63 11 34 44 42 13 60 29 22 80 9 60 45 22
41 41 69 6 12 15 24 31 41 23 50 56 52 26 36 55 53 20 50 18 57 32 41 52 39 44 23 49 14 43 49 29 0 34 66 35 27 56 35 49 40 26 41 54 54 40 51 25 33 63 37
40 66 54 28 29 49 43 23 16 11 30 85 74 39 6 69 32 54 33 45 91 32 7 33 40 78 42 76 46 77 82 12 34 0 49 34 29 75 22 45 37 53 16 72 33 33 85 21 62 52 11
89 67 6 62 54 81 53 72 33 55 19 87 66 86 43 53 17 78 18 61 123 34 47 82 89 110 53 77 80 108 93 44 66 49 0 32 39 63 33 23 86 65 33 59 17 26 114 43 99 9 60
67 41 34 31 23 50 21 50 22 31 19 61 44 58 29 37 22 46 17 29 92 3 35 66 66 79 21 51 49 76 63 22 35 34 32 0 8 45 13 14 64 33 22 41 23 6 82 15 68 28 44
60 39 42 23 15 42 17 43 22 24 25 59 45 50 25 40 28 39 23 23 84 5 32 61 59 71 16 49 41 69 59 17 27 29 39 8 0 46 13 22 57 29 22 43 29 13 75 8 60 36 39
97 16 61 57 50 60 34 84 67 68 62 26 4 82 71 10 64 46 58 38 85 46 78 104 95 76 35 18 63 70 38 63 56 75 63 45 46 0 58 42 95 30 67 4 65 49 73 54 78 55 84
58 52 37 30 23 50 30 41 9 22 15 72 57 53 16 50 18 50 15 35 92 12 22 55 57 79 29 62 49 78 72 11 35 22 33 13 13 58 0 23 55 42 9 54 19 11 85 10 68 34 33
81 44 22 45 37 64 31 64 31 45 20 64 44 72 39 33 22 56 16 39 102 17 45 78 80 90 31 54 63 86 70 34 49 45 23 14 22 42 23 0 78 42 31 38 23 12 92 29 82 16 56
3 81 91 38 46 44 61 14 53 33 67 95 92 17 43 92 69 57 70 58 74 61 43 19 5 63 60 89 39 65 86 44 40 37 86 64 57 95 55 78 0 66 53 92 70 66 73 49 43 89 27
67 15 64 28 24 30 12 56 51 43 52 32 26 52 50 32 55 17 50 8 63 32 57 76 65 51 13 23 33 47 30 42 26 53 65 33 29 30 42 42 66 0 51 30 56 39 51 34 49 58 59
56 61 38 35 31 56 39 39 0 23 14 81 66 54 10 59 16 58 17 44 98 21 14 49 56 85 38 71 55 84 81 13 41 16 33 22 22 67 9 31 53 51 0 63 17 19 92 18 73 36 27
94 17 57 54 47 60 31 81 63 65 58 30 7 80 68 6 60 47 54 36 87 42 75 101 92 78 32 21 63 72 41 60 54 72 59 41 43 4 54 38 92 30 63 0 61 45 75 51 79 51 81
73 63 23 49 42 69 44 56 17 40 4 83 66 71 27 56 1 68 7 52 111 25 31 66 73 98 44 73 68 97 86 29 54 33 17 23 29 65 19 23 70 56 17 61 0 17 104 29 87 22 44
69 46 29 36 28 55 27 52 19 33 13 66 49 62 27 41 16 52 11 35 97 8 33 66 68 84 27 56 54 82 69 22 40 33 26 6 13 49 11 12 66 39 19 45 17 0 88 18 73 24 44
71 58 114 57 62 36 61 74 92 74 100 52 69 56 87 80 103 36 98 53 12 80 92 91 69 12 61 55 39 8 37 80 51 85 114 82 75 73 85 92 73 51 92 75 104 88 0 75 31 108 85
52 45 47 20 13 40 22 35 18 16 25 64 53 44 17 48 28 40 25 26 82 12 24 53 51 69 21 55 39 68 64 9 25 21 43 15 8 54 10 29 49 34 18 51 29 18 75 0 58 42 31
40 62 102 38 45 19 53 45 73 51 83 67 74 26 65 81 86 32 83 45 31 65 69 61 38 20 52 65 19 23 54 60 33 62 99 68 60 78 68 82 43 49 73 79 87 73 31 58 0 96 58
92 60 6 59 51 78 47 75 36 56 22 79 57 86 46 45 21 72 19 55 118 31 50 85 91 106 47 69 77 102 86 45 63 52 9 28 36 55 34 16 89 58 36 51 22 24 108 42 96 0 63
30 73 65 32 35 50 50 14 27 16 41 91 81 33 17 79 43 57 44 51 89 42 16 22 30 76 49 82 46 77 86 22 37 11 60 44 39 84 33 56 27 59 27 81 44 44 85 31 58 63 0
0 772
239 772
5 374
25 478
22 449
84 644
272 589
108 350
214 766
9 232
14 356
106 637
105 487
313 629
120 614
257 677
308 772
334 772
6 223
340 772
3 490
330 772
277 508
330 772
209 614
289 767
367 772
217 645
179 434
135 387
120 582
195 477
69 436
316 722
287 772
177 629
65 468
297 611
204 407
323 671
8 221
127 624
189 394
253 772
150 563
196 604
42 487
379 772
33 551
314 772
199 749
