38
0 4517740 4004999 3505710 4500000 3500000 4504440 3505710 4527690 5852350 5571360 5200000 5107840 4743420 4504440 3805260 3534120 3354099 1802780 2692580 4716990 3905120 1303840 2529820 921954 3605550 5700880 4294180 4998000 1476480 2701850 3546830 5247860 1204160 1476480 2061550 4816640 1414210
5517740 1000000 1538520 2019800 1400000 2077030 1600000 2166190 1900000 6679790 6412020 6060630 5973930 6080350 1200000 1728010 5103660 2860110 4059409 3441310 3942790 3580700 4214030 5205950 5876470 3830190 4900000 2746420 3109500 5162930 3729470 3617250 3300000 4733630 4905120 4417600 5205950 6032890
5005000 1538520 1000000 1500000 1538520 1538520 1640309 1640309 1860230 6664800 6385160 6015970 5924430 5973930 1500000 1200000 4905120 2640120 3624880 2920940 3700000 3507990 3701850 4883300 5341660 3416610 4733630 2811080 3024850 4624910 3420740 3469820 3549510 4275670 4478510 4041380 4883300 5494440
4505710 2019800 1500000 1000000 2019800 1200000 2077030 1400000 2220660 6508180 6220150 5838390 5743420 5742360 2000000 1300000 4605550 2392840 3154070 2562050 3745910 3353720 3202270 4482810 4860050 3256100 4832750 2824830 3247220 4176480 3051830 3247220 3692580 3789270 4008320 3607680 4811820 5031130
5500000 1400000 1538520 2019800 1000000 2000000 1200000 2019800 1500000 7041520 6769750 6412020 6323530 6408329 1200000 1728010 5386340 3121320 4162280 3236070 3549510 3915480 4201560 5410220 5785390 3500000 4500000 3118960 2711720 5016220 3941090 3920620 3700000 4807890 5016220 4577710 4827530 5904080
4500000 2077030 1538520 1200000 2000000 1000000 2019800 1200000 2118030 6700879 6412020 6028920 5933560 5924430 2019800 1360560 4773590 2581140 3236070 2414210 3549510 3549510 3202270 4612480 4807890 3061550 4640050 3022370 3080870 4087070 3202270 3435160 3879240 3846050 4087070 3720290 4612480 4956010
5504440 1600000 1640309 2077030 1200000 2019800 1000000 2000000 1300000 7224150 6950630 6590170 6500910 6575839 1400000 1806230 5534310 3267160 4231100 3154070 3353720 4088689 4214030 5522170 5751840 3343070 4300000 3308679 2513270 4956010 4061050 4080580 3900000 4860050 5085340 4671510 4640050 5850770
4505710 2166190 1640309 1400000 2019800 1200000 2000000 1000000 2044030 6894060 6604460 6220150 6124450 6107840 2077030 1500000 4944620 2772000 3332380 2280620 3353720 3745910 3220360 4748330 4765630 2868150 4448190 3220360 2920940 4008320 3360080 3624880 4067570 3915480 4176480 3842530 4413210 4889730
5527690 1900000 1860230 2220660 1500000 2118030 1300000 2044030 1000000 7500000 7224150 6860030 6769750 6830950 1700000 1989950 5763400 3500000 4354100 3061550 3061550 4354100 4255760 5701060 5716990 3121320 4000000 3596150 2216550 4883300 4255760 4328660 4200000 4956010 5204760 4827530 4361550 5785390
6852350 6679790 6664800 6508180 7041520 6700879 7224150 6894060 7500000 1000000 1300000 1700000 1800000 2118030 6860030 6597320 3353720 5123110 5527690 7519199 9246210 4162280 6445180 4324150 7767570 8566370 10340800 4935730 8689600 7923150 4801320 4275670 4753660 5753950 5396590 4962320 10178800 8242240
6571360 6412020 6385160 6220150 6769750 6412020 6950630 6604460 7224150 1300000 1000000 1400000 1500000 1860230 6590170 6314130 3061550 4832750 5229660 7220130 8955500 3879240 6147820 4046309 7484600 8269110 10052100 4671510 8409450 7628730 4501430 3983290 4535530 5464300 5110960 4667420 9881440 7957010
6200000 6060630 6015970 5838390 6412020 6028920 6590170 6220150 6860030 1700000 1400000 1000000 1100000 1583100 6235460 5939640 2676310 4448190 4832750 6821510 8569020 3507990 5751840 3683280 7109829 7873139 9668330 4328660 8038469 7236990 4101610 3596150 4264970 5080440 4733630 4275670 9485280 7578749
6107840 5973930 5924430 5743420 6323530 5933560 6500910 6124450 6769750 1800000 1500000 1100000 1000000 1538520 6147820 5846650 2581140 4352610 4733630 6721890 8472620 3416610 5652960 3594220 7016640 7774220 9572630 4245000 7946220 7139220 4001670 3500000 4201560 4984970 4640050 4178050 9386300 7484600
5743420 6080350 5973930 5742360 6408329 5924430 6575839 6107840 6830950 2118030 1860230 1583100 1538520 1000000 6243090 5876470 2300000 4354100 4500000 6590170 8433030 3500000 5404540 3213590 6661270 7670829 9544000 4397060 7977110 6854910 3863559 3505990 4498570 4667420 4298480 3906890 9276470 7140030
5504440 1200000 1500000 2000000 1200000 2019800 1400000 2077030 1700000 6860030 6590170 6235460 6147820 6243090 1000000 1700000 5242640 2984940 4104829 3332380 3745910 3745910 4201560 5304650 5827010 3662710 4700000 2931320 2910500 5085340 3830190 3765860 3500000 4765630 4956010 4492850 5016220 5964880
4805260 1728010 1200000 1300000 1728010 1360560 1806230 1500000 1989950 6597320 6314130 5939640 5846650 5876470 1700000 1000000 4780210 2526430 3435160 2769180 3707400 3435160 3502000 4720220 5148490 3340940 4765630 2800000 3102380 4443840 3267160 3370650 3596150 4080580 4289380 3865310 4847080 5308130
4534120 5103660 4905120 4605550 5386340 4773590 5534310 4944620 5763400 3353720 3061550 2676310 2581140 2300000 5242640 4780210 1000000 3267160 3200000 5317410 7224150 2655290 4106440 2063009 5438470 6412020 8340980 3594220 6852350 5570560 2615550 2500000 4041380 3404160 3061550 2612450 8009280 5904080
4354100 2860110 2640120 2392840 3121320 2581140 3267160 2772000 3500000 5123110 4832750 4448190 4352610 4354100 2984940 2526430 3267160 1000000 2581140 3549510 5123110 2000000 3202270 3376970 5000000 4500000 6220150 1943400 4623530 4623530 1921950 1854400 2920940 3280350 3308679 2702940 6103920 5318560
2802780 4059409 3624880 3154070 4162280 3236070 4231100 3332380 4354100 5527690 5229660 4832750 4733630 4500000 4104829 3435160 3200000 2581140 1000000 3236070 5301160 3121320 1921950 2565250 3549510 4354100 6408329 3507990 5186880 3435160 1921950 2769180 4448190 1707110 1854400 1632460 5904080 3941090
3692580 3441310 2920940 2562050 3236070 2414210 3154070 2280620 3061550 7519199 7220130 6821510 6721890 6590170 3332380 2769180 5317410 3549510 3236070 1000000 3121320 4535530 2627880 4801320 3701850 2118030 4201560 4269560 3308679 2824830 3729470 4306060 5205950 3549510 3920620 3863559 3692580 3729470
5716990 3942790 3700000 3745910 3549510 3549510 3353720 3353720 3061550 9246210 8955500 8569020 8472620 8433030 3745910 3707400 7224150 5123110 5301160 3121320 1000000 6099020 4748330 6852350 5494440 2118030 2118030 5504440 2063009 4511410 5609770 5972930 6223980 5669050 6032890 5909180 2360150 5341660
4905120 3580700 3507990 3353720 3915480 3549510 4088689 3745910 4354100 4162280 3879240 3507990 3416610 3500000 3745910 3435160 2655290 2000000 3121320 4535530 6099020 1000000 3941090 3202270 5669050 5500000 7184659 1943400 5531000 5441850 2204160 1360560 2513270 3720290 3594220 2923540 7103279 6044800
2303840 4214030 3701850 3202270 4201560 3202270 4214030 3220360 4255760 6445180 6147820 5751840 5652960 5404540 4201560 3502000 4106440 3202270 1921950 2627880 4748330 3941090 1000000 3353720 2802780 3701850 5816640 4140059 4847080 2523150 2788850 3607680 5123110 1943400 2341640 2500000 5159330 3121320
3529820 5205950 4883300 4482810 5410220 4612480 5522170 4748330 5701060 4324150 4046309 3683280 3594220 3213590 5304650 4720220 2063009 3376970 2565250 4801320 6852350 3202270 3353720 1000000 4448190 5919350 7964190 4026550 6658620 4701350 2476480 2902630 4712140 2500000 2104540 1943400 7462200 4929380
1921950 5876470 5341660 4860050 5785390 4807890 5751840 4765630 5716990 7767570 7484600 7109829 7016640 6661270 5827010 5148490 5438470 5000000 3549510 3701850 5494440 5669050 2802780 4448190 1000000 4383780 6371220 5940650 5964880 1984890 4471310 5318560 6920300 3059130 3376970 3915480 5341660 1500000
4605550 3830190 3416610 3256100 3500000 3061550 3343070 2868150 3121320 8566370 8269110 7873139 7774220 7670829 3662710 3340940 6412020 4500000 4354100 2118030 2118030 5500000 3701850 5919350 4383780 1000000 3121320 5079220 2726270 3404160 4807890 5310450 5933560 4640050 5022440 4981210 2612450 4255760
6700879 4900000 4733630 4832750 4500000 4640050 4300000 4448190 4000000 10340800 10052100 9668330 9572630 9544000 4700000 4765630 8340980 6220150 6408329 4201560 2118030 7184659 5816640 7964190 6371220 3121320 1000000 6544370 2811080 5390900 6727130 7072890 7200000 6748909 7122090 7020800 2303840 6147820
5294180 2746420 2811080 2824830 3118960 3022370 3308679 3220360 3596150 4935730 4671510 4328660 4245000 4397060 2931320 2800000 3594220 1943400 3507990 4269560 5504440 1943400 4140059 4026550 5940650 5079220 6544370 1000000 4807890 5527690 2726270 2140180 1989950 4195310 4178050 3531800 6632050 6249760
5998000 3109500 3024850 3247220 2711720 3080870 2513270 2920940 2216550 8689600 8409450 8038469 7946220 7977110 2910500 3102380 6852350 4623530 5186880 3308679 2063009 5531000 4847080 6658620 5964880 2726270 2811080 4807890 1000000 5019950 5280190 5472140 5404540 5687220 6000000 5738140 3420740 5909180
2476480 5162930 4624910 4176480 5016220 4087070 4956010 4008320 4883300 7923150 7628730 7236990 7139220 6854910 5085340 4443840 5570560 4623530 3435160 2824830 4511410 5441850 2523150 4701350 1984890 3404160 5390900 5527690 5019950 1000000 4310590 5118250 6517250 3202270 3600000 3961419 4397060 1905539
3701850 3729470 3420740 3051830 3941090 3202270 4061050 3360080 4255760 4801320 4501430 4101610 4001670 3863559 3830190 3267160 2615550 1921950 1921950 3729470 5609770 2204160 2788850 2476480 4471310 4807890 6727130 2726270 5280190 4310590 1000000 1848529 3600000 2526430 2456020 1806230 6412949 4860050
4546830 3617250 3469820 3247220 3920620 3435160 4080580 3624880 4328660 4275670 3983290 3596150 3500000 3505990 3765860 3370650 2500000 1854400 2769180 4306060 5972930 1360560 3607680 2902630 5318560 5310450 7072890 2140180 5472140 5118250 1848529 1000000 2843910 3360080 3236070 2565250 6921150 5701060
6247860 3300000 3549510 3692580 3700000 3879240 3900000 4067570 4200000 4753660 4535530 4264970 4201560 4498570 3500000 3596150 4041380 2920940 4448190 5205950 6223980 2513270 5123110 4712140 6920300 5933560 7200000 1989950 5404540 6517250 3600000 2843910 1000000 5114610 5049690 4383780 7432729 7236990
2204160 4733630 4275670 3789270 4807890 3846050 4860050 3915480 4956010 5753950 5464300 5080440 4984970 4667420 4765630 4080580 3404160 3280350 1707110 3549510 5669050 3720290 1943400 2500000 3059130 4640050 6748909 4195310 5687220 3202270 2526430 3360080 5114610 1000000 1412310 1860230 6100000 3507990
2476480 4905120 4478510 4008320 5016220 4087070 5085340 4176480 5204760 5396590 5110960 4733630 4640050 4298480 4956010 4289380 3061550 3308679 1854400 3920620 6032890 3594220 2341640 2104540 3376970 5022440 7122090 4178050 6000000 3600000 2456020 3236070 5049690 1412310 1000000 1670820 6500910 3846050
3061550 4417600 4041380 3607680 4577710 3720290 4671510 3842530 4827530 4962320 4667420 4275670 4178050 3906890 4492850 3865310 2612450 2702940 1632460 3863559 5909180 2923540 2500000 1943400 3915480 4981210 7020800 3531800 5738140 3961419 1806230 2565250 4383780 1860230 1670820 1000000 6536239 4354100
5816640 5205950 4883300 4811820 4827530 4612480 4640050 4413210 4361550 10178800 9881440 9485280 9386300 9276470 5016220 4847080 8009280 6103920 5904080 3692580 2360150 7103279 5159330 7462200 5341660 2612450 2303840 6632050 3420740 4397060 6412949 6921150 7432729 6100000 6500910 6536239 1000000 5049690
2414210 6032890 5494440 5031130 5904080 4956010 5850770 4889730 5785390 8242240 7957010 7578749 7484600 7140030 5964880 5308130 5904080 5318560 3941090 3729470 5341660 6044800 3121320 4929380 1500000 4255760 6147820 6249760 5909180 1905539 4860050 5701060 7236990 3507990 3846050 4354100 5049690 1000000
0 96000000
21800000 57100000
8500000 54200000
39100000 80200000
4500000 51700000
22900000 64000000
4500000 52300000
38900000 91400000
38600000 90400000
38900000 78800000
5500000 57500000
9000000 52100000
42500000 89800000
34200000 75100000
39600000 90400000
34100000 65800000
35100000 78200000
16100000 61000000
39000000 84300000
22700000 68600000
40100000 90200000
3900000 59300000
40400000 84700000
10000000 55500000
900000 51000000
43000000 91300000
6300000 52000000
12500000 53000000
39000000 90000000
1400000 50600000
25900000 65000000
19800000 60900000
32500000 89700000
44200000 93700000
1400000 58100000
2000000 53900000
42600000 78700000
1400000 49900000
# scale factor = 100000
