37
0 3354099 3162280 3238830 3807889 3535530 4031130 4527690 5852350 5700880 5571360 5220150 5200000 5028920 5107840 5147820 4743420 3832750 3534120 3354099 2000000 4716990 4242640 2915480 2529820 3605550 5700880 4998000 3255760 3847079 761577 3546830 2109500 1711720 2061550 1552420 4816640
4354100 1000000 1500000 2019800 1500000 2118030 2414210 4905120 9514690 9500000 9215230 9000000 8816010 8800000 8716220 8566370 8500000 2280620 7200000 5743420 2802780 3549510 2500000 6500000 6445180 2802780 4041380 4453980 3109500 4324150 4889730 6434150 6375870 5876470 5604350 5884670 2802780
4162280 1500000 1000000 1538520 1707110 1707110 2118030 5301160 9558620 9514690 9260750 9015610 8863840 8816010 8764660 8648530 8516650 1943400 7220130 5924430 2414210 4041380 3000000 6522680 6403700 3236070 4535530 4921730 2612450 3828430 4765630 6565970 6239270 5767600 5609770 5712750 3280350
4238830 2019800 1538520 1000000 2044030 1300000 1800000 5825970 9828360 9757280 9532880 9260750 9139410 9062260 9041140 8955500 8764660 1600000 7477650 6323530 2300000 4569310 3507990 6787050 6608029 3773080 5011230 5459820 2100000 3308679 4905120 6923680 6346030 5909180 5866210 5785390 3729470
4807890 1500000 1707110 2044030 1000000 2000000 2118030 5242640 10013900 10000000 9714360 9500000 9315050 9300000 9215230 9062260 9000000 2044030 7700000 6220150 3121320 3692580 2581140 7000000 6941379 3121320 4000000 4671510 3121320 4301510 5368070 6922839 6852350 6360040 6103920 6348830 2702940
4535530 2118030 1707110 1300000 2000000 1000000 1500000 6000000 10124100 10055400 9828360 9558620 9434450 9360020 9336070 9246210 9062260 1300000 7774220 6590170 2581140 4640050 3549510 7082760 6907620 3915480 5000000 5569460 2140180 3302170 5204760 7203220 6643580 6208650 6162360 6080350 3701850
5031130 2414210 2118030 1800000 2118030 1500000 1000000 6315070 10617700 10552500 10321500 10055400 9926930 9856640 9828360 9732120 9558620 1200000 8269110 7041520 3061550 4807890 3692580 7576470 7407030 4201560 5031130 5788530 2360150 3376970 5704250 7673080 7140030 6707890 6656850 6573150 3729470
5527690 4905120 5301160 5825970 5242640 6000000 6315070 1000000 7500000 7708199 7224150 7264980 6860030 7090160 6769750 6385160 6830950 6185560 5763400 3500000 5743420 3061550 3915480 5242640 5701060 3121320 4000000 2216550 6770620 7935420 5368070 4328660 6371220 5830110 4827530 6292450 4361550
6852350 9514690 9558620 9828360 10013900 10124100 10617700 7500000 1000000 1500000 1300000 1707110 1700000 1860230 1800000 2118030 2118030 10420200 3353720 5123110 8762090 9246210 9558620 4041380 4324150 8566370 10340800 8689600 10080200 10677300 6092150 4275670 5049690 5204760 4962320 5664760 10178800
6700879 9500000 9514690 9757280 10000000 10055400 10552500 7708199 1500000 1000000 1583100 1500000 1860230 1700000 1943400 2414210 2000000 10353600 3300000 5272000 8648530 9381530 9631340 4000000 4178050 8648530 10486800 8879090 9949860 10492100 5947730 4417600 4801320 5016220 4905120 5428320 10257400
6571360 9215230 9260750 9532880 9714360 9828360 10321500 7224150 1300000 1583100 1000000 1538520 1400000 1640309 1500000 1860230 1860230 10124100 3061550 4832750 8472620 8955500 9260750 3745910 4046309 8269110 10052100 8409450 9793180 10402100 5810410 3983290 4801320 4935730 4667420 5410220 9881440
6220150 9000000 9015610 9260750 9500000 9558620 10055400 7264980 1707110 1500000 1538520 1000000 1538520 1200000 1583100 2118030 1500000 9856640 2800000 4807890 8158910 8905690 9139410 3500000 3692580 8158910 10013900 8424960 9464630 10025000 5464300 3954660 4361550 4546830 4405880 4982460 9766410
6200000 8816010 8863840 9139410 9315050 9434450 9926930 6860030 1700000 1860230 1400000 1538520 1000000 1500000 1100000 1583100 1583100 9729830 2676310 4448190 8088020 8569020 8863840 3353720 3683280 7873139 9668330 8038469 9411900 10037700 5438470 3596150 4482810 4584690 4275670 5080440 9485280
6028920 8800000 8816010 9062260 9300000 9360020 9856640 7090160 1860230 1700000 1640309 1200000 1500000 1000000 1509900 2044030 1300000 9657940 2600000 4624910 7963480 8716220 8942920 3300000 3500000 7963480 9825530 8245000 9271030 9839120 5272000 3773080 4190610 4361550 4206240 4807890 9570300
6107840 8716220 8764660 9041140 9215230 9336070 9828360 6769750 1800000 1943400 1500000 1583100 1100000 1509900 1000000 1538520 1538520 9631340 2581140 4352610 7992140 8472620 8764660 3256100 3594220 7774220 9572630 7946220 9316850 9947070 5346260 3500000 4405880 4498570 4178050 5000000 9386300
6147820 8566370 8648530 8955500 9062260 9246210 9732120 6385160 2118030 2414210 1860230 2118030 1583100 2044030 1538520 1000000 2000000 9537560 2640120 4041380 7964190 8158910 8516650 3236070 3701850 7519199 9246210 7578749 9300600 9994440 5390900 3209070 4612480 4623530 4138470 5172530 9130190
5743420 8500000 8516650 8764660 9000000 9062260 9558620 6830950 2118030 2000000 1860230 1500000 1583100 1300000 1538520 2000000 1000000 9360020 2300000 4354100 7670829 8433030 8648530 3000000 3213590 7670829 9544000 7977110 8981230 9561540 4984970 3505990 3941090 4087070 3906890 4551060 9276470
4832750 2280620 1943400 1600000 2044030 1300000 1200000 6185560 10420200 10353600 10124100 9856640 9729830 9657940 9631340 9537560 9360020 1000000 8071070 6860030 2868150 4733630 3624880 7378870 7207250 4080580 5011230 5695740 2253000 3334520 5504440 7484600 6941379 6508180 6458940 6375870 3707400
4534120 7200000 7220130 7477650 7700000 7774220 8269110 5763400 3353720 3300000 3061550 2800000 2676310 2600000 2581140 2640120 2300000 8071070 1000000 3267160 6412020 7224150 7378870 1700000 2063009 6412020 8340980 6852350 7735729 8379020 3773080 2500000 3024850 2984940 2612450 3549510 8009280
4354100 5743420 5924430 6323530 6220150 6590170 7041520 3500000 5123110 5272000 4832750 4807890 4448190 4624910 4352610 4041380 4354100 6860030 3267160 1000000 5609770 5123110 5500000 2802780 3376970 4500000 6220150 4623530 6920300 7859300 3816030 1854400 4255760 3807130 2702940 4400000 6103920
3000000 2802780 2414210 2300000 3121320 2581140 3061550 5743420 8762090 8648530 8472620 8158910 8088020 7963480 7992140 7964190 7670829 2868150 6412020 5609770 1000000 5031130 4162280 5743420 5472140 4000000 5743420 5709560 2341640 3280350 3716620 6077400 5104880 4705400 4827530 4522780 4577710
5716990 3549510 4041380 4569310 3692580 4640050 4807890 3061550 9246210 9381530 8955500 8905690 8569020 8716220 8472620 8158910 8433030 4733630 7224150 5123110 5031130 1000000 2118030 6590170 6852350 2118030 2118030 2063009 5652960 6869410 5891830 5972930 7228959 6663920 5909180 6946429 2360150
5242640 2500000 3000000 3507990 2581140 3549510 3692580 3915480 9558620 9631340 9260750 9139410 8863840 8942920 8764660 8516650 8648530 3624880 7378870 5500000 4162280 2118030 1000000 6700879 6830950 2000000 2581140 3140090 4605550 5816640 5580390 6308480 7020800 6470829 5904080 6640040 1632460
3915480 6500000 6522680 6787050 7000000 7082760 7576470 5242640 4041380 4000000 3745910 3500000 3353720 3300000 3256100 3236070 3000000 7378870 1700000 2802780 5743420 6590170 6700879 1000000 1707110 5743420 7708199 6280150 7074540 7760180 3163330 2216550 2746420 2526430 1921950 3147090 7332460
3529820 6445180 6403700 6608029 6941379 6907620 7407030 5701060 4324150 4178050 4046309 3692580 3683280 3500000 3594220 3701850 3213590 7207250 2063009 3376970 5472140 6852350 6830950 1707110 1000000 5919350 7964190 6658620 6772350 7356100 2772000 2902630 2044030 1921950 1943400 2500000 7462200
4605550 2802780 3236070 3773080 3121320 3915480 4201560 3121320 8566370 8648530 8269110 8158910 7873139 7963480 7774220 7519199 7670829 4080580 6412020 4500000 4000000 2118030 2000000 5743420 5919350 1000000 3121320 2726270 4794730 6000000 4818380 5310450 6200960 5640040 4981210 5879550 2612450
6700879 4041380 4535530 5011230 4000000 5000000 5031130 4000000 10340800 10486800 10052100 10013900 9668330 9825530 9572630 9246210 9544000 5011230 8340980 6220150 5743420 2118030 2581140 7708199 7964190 3121320 1000000 2811080 6108820 7300790 6939700 7072890 8310950 7747590 7020800 8000709 2303840
5998000 4453980 4921730 5459820 4671510 5569460 5788530 2216550 8689600 8879090 8409450 8424960 8038469 8245000 7946220 7578749 7977110 5695740 6852350 4623530 5709560 2063009 3140090 6280150 6658620 2726270 2811080 1000000 6508180 7718630 6011990 5472140 7200810 6640040 5738140 7020800 3420740
4255760 3109500 2612450 2100000 3121320 2140180 2360150 6770620 10080200 9949860 9793180 9464630 9411900 9271030 9316850 9300600 8981230 2253000 7735729 6920300 2341640 5652960 4605550 7074540 6772350 4794730 6108820 6508180 1000000 2216550 5002500 7414050 6315070 5964880 6162360 5704250 4820990
4847080 4324150 3828430 3308679 4301510 3302170 3376970 7935420 10677300 10492100 10402100 10025000 10037700 9839120 9947070 9994440 9561540 3334520 8379020 7859300 3280350 6869410 5816640 7760180 7356100 6000000 7300790 7718630 2216550 1000000 5606520 8262230 6728000 6478140 6883029 6096080 6004000
1761580 4889730 4765630 4905120 5368070 5204760 5704250 5368070 6092150 5947730 5810410 5464300 5438470 5272000 5346260 5390900 4984970 5504440 3773080 3816030 3716620 5891830 5580390 3163330 2772000 4818380 6939700 6011990 5002500 5606520 1000000 3884440 2486610 2004990 2345360 2063009 6186520
4546830 6434150 6565970 6923680 6922839 7203220 7673080 4328660 4275670 4417600 3983290 3954660 3596150 3773080 3500000 3209070 3505990 7484600 2500000 1854400 6077400 5972930 6308480 2216550 2902630 5310450 7072890 5472140 7414050 8262230 3884440 1000000 3906890 3570989 2565250 4201560 6921150
3109500 6375870 6239270 6346030 6852350 6643580 7140030 6371220 5049690 4801320 4801320 4361550 4482810 4190610 4405880 4612480 3941090 6941379 3024850 4255760 5104880 7228959 7020800 2746420 2044030 6200960 8310950 7200810 6315070 6728000 2486610 3906890 1000000 1565690 2581140 1632460 7637020
2711720 5876470 5767600 5909180 6360040 6208650 6707890 5830110 5204760 5016220 4935730 4546830 4584690 4361550 4498570 4623530 4087070 6508180 2984940 3807130 4705400 6663920 6470829 2526430 1921950 5640040 7747590 6640040 5964880 6478140 2004990 3570989 1565690 1000000 2104540 1632460 7090160
3061550 5604350 5609770 5866210 6103920 6162360 6656850 4827530 4962320 4905120 4667420 4405880 4275670 4206240 4178050 4138470 3906890 6458940 2612450 2702940 4827530 5909180 5904080 1921950 1943400 4981210 7020800 5738140 6162360 6883029 2345360 2565250 2581140 2104540 1000000 2702940 6536239
2552420 5884670 5712750 5785390 6348830 6080350 6573150 6292450 5664760 5428320 5410220 4982460 5080440 4807890 5000000 5172530 4551060 6375870 3549510 4400000 4522780 6946429 6640040 3147090 2500000 5879550 8000709 7020800 5704250 6096080 2063009 4201560 1632460 1632460 2702940 1000000 7242600
5816640 2802780 3280350 3729470 2702940 3701850 3729470 4361550 10178800 10257400 9881440 9766410 9485280 9570300 9386300 9130190 9276470 3707400 8009280 6103920 4577710 2360150 1632460 7332460 7462200 2612450 2303840 3420740 4820990 6004000 6186520 6921150 7637020 7090160 6536239 7242600 1000000
0 96000000
37100000 49100000
51900000 63900000
0 91700000
65300000 77300000
0 91400000
70300000 82300000
78400000 90400000
0 89100000
14600000 26600000
0 89400000
0 89700000
24600000 36600000
0 89900000
0 89800000
8000000 20000000
0 90200000
0 91100000
0 91400000
0 91600000
37500000 49500000
78200000 90200000
0 90700000
16700000 28700000
26800000 38800000
64500000 76500000
0 89200000
76400000 88400000
36500000 48500000
35200000 47200000
82200000 94200000
0 91400000
80800000 92800000
0 93200000
0 92900000
0 93400000
0 90100000
# scale factor = 100000
