28
0 3605550 3354099 3162280 5700880 5571360 5220150 5200000 5028920 5147820 4420410 4060790 3807889 2000000 1414210 2915480 3905120 2529820 1000000 761577 1204160 3546830 3220250 3820989 424264 1204160 2109500 2051830
4605550 1000000 5609770 5123110 9746430 9765840 9321660 9440380 9154140 9514690 5726520 5504440 4535530 4000000 3236070 7363960 8500000 6813780 3828430 5263800 4640050 8140030 6600890 6656850 4712140 5780170 5964880 5539820
4354100 5609770 1000000 1500000 9500000 9215230 9000000 8816010 8800000 8566370 8582220 8234640 7726810 2802780 4201560 6500000 6700879 6445180 4905120 4889730 5527690 6434150 2555630 2118030 3954660 4962320 6375870 2600000
4162280 5123110 1500000 1000000 9514690 9260750 9015610 8863840 8816010 8648530 8262230 7920260 7363960 2414210 3828430 6522680 6852350 6403700 4605550 4765630 5295350 6565970 2941650 2612450 3789270 4905120 6239270 2676310
6700879 9746430 9500000 9514690 1000000 1583100 1500000 1860230 1700000 2414210 6730620 6575839 7403120 8648530 7964190 4000000 4354100 4178050 7041520 5947730 6142960 4417600 8481310 9372570 6922839 5652960 4801320 7900000
6571360 9765840 9215230 9260750 1583100 1000000 1538520 1400000 1640309 1860230 7041520 6859180 7628730 8472620 7887670 3745910 3879240 4046309 7003330 5810410 6131280 3983290 8125310 9022470 6756740 5464300 4801320 7618910
6220150 9321660 9000000 9015610 1500000 1538520 1000000 1538520 1200000 2118030 6503640 6323530 7103279 8158910 7500000 3500000 3915480 3692580 6590170 5464300 5701060 3954660 7987130 8877180 6434150 5159330 4361550 7400000
6200000 9440380 8816010 8863840 1860230 1400000 1538520 1000000 1500000 1583100 6887269 6685950 7414050 8088020 7529930 3353720 3507990 3683280 6660390 5438470 5801040 3596150 7726810 8623650 6375870 5080440 4482810 7220130
6028920 9154140 8800000 8816010 1700000 1640309 1200000 1500000 1000000 2044030 6423099 6232590 6990830 7963480 7315850 3300000 3745910 3500000 6412020 5272000 5527690 3773080 7789700 8679190 6239270 4962320 4190610 7200000
6147820 9514690 8566370 8648530 2414210 1860230 2118030 1583100 2044030 1000000 7264180 7040700 7708199 7964190 7519199 3236070 3061550 3701850 6700879 5390900 5883650 3209070 7400780 8300680 6280150 4981210 4612480 6984150
5420410 5726520 8582220 8262230 6730620 7041520 6503640 6887269 6423099 7264180 1000000 1360560 2200000 6860030 5465420 6004000 7503080 5310450 4679670 5294180 4245000 7212890 8640030 9213400 5841490 5661540 4354100 7466070
5060790 5504440 8234640 7920260 6575839 6859180 6323530 6685950 6232590 7040700 1360560 1000000 2044030 6521780 5134010 5700000 7200000 5001250 4330170 4935730 3884440 6903390 8280110 8856840 5482190 5308130 4026550 7107370
4807890 4535530 7726810 7363960 7403120 7628730 7103279 7414050 6990830 7708199 2200000 2044030 1000000 5949750 4535530 6099020 7576470 5393180 3915480 4883300 3765860 7251400 7983550 8463240 5204760 5341660 4354100 6780140
3000000 4000000 2802780 2414210 8648530 8472620 8158910 8088020 7963480 7964190 6860030 6521780 5949750 1000000 2414210 5743420 6408329 5472140 3236070 3716620 4008320 6077400 3601920 3720290 2726270 4008320 5104880 2615550
2414210 3236070 4201560 3828430 7964190 7887670 7500000 7529930 7315850 7519199 5465420 5134010 4535530 2414210 1000000 5301160 6315070 4847080 2000000 3140090 2910500 5957820 4710800 5024920 2476480 3617250 4201560 3531800
3915480 7363960 6500000 6522680 4000000 3745910 3500000 3353720 3300000 3236070 6004000 5700000 6099020 5743420 5301160 1000000 2500000 1707110 4535530 3163330 3801789 2216550 5535420 6412949 4046309 2746420 2746420 4900000
4905120 8500000 6700879 6852350 4354100 3879240 3915480 3507990 3745910 3061550 7503080 7200000 7576470 6408329 6315070 2500000 1000000 3202270 5716990 4245000 5123110 1360560 5418140 6315070 4889730 3720290 4224900 5178520
3529820 6813780 6445180 6403700 4178050 4046309 3692580 3683280 3500000 3701850 5310450 5001250 5393180 5472140 4847080 1707110 3202270 1000000 4000000 2772000 3193170 2902630 5661540 6502730 3745910 2500000 2044030 4863940
2000000 3828430 4905120 4605550 7041520 7003330 6590170 6660390 6412020 6700879 4679670 4330170 3915480 3236070 2000000 4535530 5716990 4000000 1000000 2476480 1921950 5356600 5070630 5560700 2334170 3012460 3247220 3865310
1761580 5263800 4889730 4765630 5947730 5810410 5464300 5438470 5272000 5390900 5294180 4935730 4883300 3716620 3140090 3163330 4245000 2772000 2476480 1000000 2118030 3884440 4471310 5188080 2000000 1538520 2486610 3418680
2204160 4640050 5527690 5295350 6142960 6131280 5701060 5801040 5527690 5883650 4245000 3884440 3765860 4008320 2910500 3801789 5123110 3193170 1921950 2118030 1000000 4769620 5404540 6024940 2627880 2600000 2341640 4252690
4546830 8140030 6434150 6565970 4417600 3983290 3954660 3596150 3773080 3209070 7212890 6903390 7251400 6077400 5957820 2216550 1360560 2902630 5356600 3884440 4769620 1000000 5201190 6100980 4538360 3360080 3906890 4889730
4220250 6600890 2555630 2941650 8481310 8125310 7987130 7726810 7789700 7400780 8640030 8280110 7983550 3601920 4710800 5535420 5418140 5661540 5070630 4471310 5404540 5201190 1000000 1900000 3801789 4328660 5882620 2208300
4820990 6656850 2118030 2612450 9372570 9022470 8877180 8623650 8679190 8300680 9213400 8856840 8463240 3720290 5024920 6412949 6315070 6502730 5560700 5188080 6024940 6100980 1900000 1000000 4397060 5114610 6643580 2780450
1424260 4712140 3954660 3789270 6922839 6756740 6434150 6375870 6239270 6280150 5841490 5482190 5204760 2726270 2476480 4046309 4889730 3745910 2334170 2000000 2627880 4538360 3801789 4397060 1000000 2300000 3451530 2627880
2204160 5780170 4962320 4905120 5652960 5464300 5159330 5080440 4962320 4981210 5661540 5308130 5341660 4008320 3617250 2746420 3720290 2500000 3012460 1538520 2600000 3360080 4328660 5114610 2300000 1000000 2562050 3404160
3109500 5964880 6375870 6239270 4801320 4801320 4361550 4482810 4190610 4612480 4354100 4026550 4354100 5104880 4201560 2746420 4224900 2044030 3247220 2486610 2341640 3906890 5882620 6643580 3451530 2562050 1000000 4891020
3051830 5539820 2600000 2676310 7900000 7618910 7400000 7220130 7200000 6984150 7466070 7107370 6780140 2615550 3531800 4900000 5178520 4863940 3865310 3418680 4252690 4889730 2208300 2780450 2627880 3404160 4891020 1000000
0 96000000
67400000 73400000
40100000 46100000
53500000 62200000
13800000 27300000
7800000 33900000
13200000 37500000
25200000 35900000
5000000 53000000
7100000 20800000
65500000 77800000
37700000 85700000
53100000 73600000
40500000 46500000
62900000 68900000
19700000 25700000
3900000 31600000
29800000 35800000
61300000 73000000
81700000 94200000
33200000 49700000
16400000 64400000
31000000 50700000
38900000 44900000
31100000 52600000
45700000 93700000
78900000 92800000
33800000 39800000
# scale factor = 100000
