27
0 335261 380789 392938 412311 403113 451774 400500 350571 450000 350000 450444 377359 380526 335409 180278 269258 424264 269258 130384 196469 360555 570088 429418 270185 206155 481664
435261 100000 158310 160000 180000 194340 602096 553431 522019 574236 506079 560977 536807 540454 610784 522966 366271 300998 311896 431361 496232 333238 451283 690592 602195 580937 323607
480789 158310 100000 158310 170711 211803 592037 546542 520595 560977 503113 545982 593356 535660 622015 550000 369258 258114 369258 460555 553431 312132 400000 696153 623450 610392 270294
492938 160000 158310 100000 120000 153852 646717 600000 571699 616624 554863 602096 556946 588262 666480 582597 417648 315407 338537 491152 539318 369072 451283 744050 660892 640832 320907
512311 180000 170711 120000 100000 150000 662228 616140 588774 631507 571699 616624 565188 604777 685235 602494 435409 323607 350000 511096 554533 382843 453553 762118 680517 660802 323607
503113 194340 211803 153852 150000 100000 694643 646717 616140 665685 600000 651725 520595 634135 704152 609902 460555 369258 312132 517732 524382 420156 503113 784763 692030 665685 372947
551774 602096 592037 646717 662228 694643 100000 153852 201980 140000 207703 160000 906536 172801 286011 405941 344131 471618 721772 421403 746297 383019 490000 274642 372947 441760 520595
500500 553431 546542 600000 616140 646717 153852 100000 150000 153852 153852 164030 852861 120000 264012 362488 292094 435261 668242 370185 694138 341661 473363 281108 342074 404138 488330
450571 522019 520595 571699 588774 616140 201980 150000 100000 201980 120000 207703 805194 130000 239284 315407 256205 423883 624786 320227 644518 325610 483275 282483 305183 360768 481182
550000 574236 560977 616624 631507 665685 140000 153852 201980 100000 200000 120000 895550 172801 312132 416228 323607 435409 704152 420156 741949 350000 450000 311896 394109 457771 482753
450000 506079 503113 554863 571699 600000 207703 153852 120000 200000 100000 201980 799214 136056 258114 323607 241421 404138 614782 320227 642310 306155 464005 302237 320227 372029 461248
550444 560977 545982 602096 616624 651725 160000 164030 207703 120000 201980 100000 890759 180623 326716 423110 315407 417648 696153 421403 740703 334307 430000 330867 406105 467151 464005
477359 536807 593356 556946 565188 520595 906536 852861 805194 895550 799214 890759 100000 833757 811969 657584 678705 728013 325610 596588 298494 720000 884474 906226 746375 676281 759697
480526 540454 535660 588262 604777 634135 172801 120000 130000 172801 136056 180623 833757 100000 252643 343516 276918 429848 650727 350200 674282 334094 476563 280000 326716 386531 484707
435409 610784 622015 666480 685235 704152 286011 264012 239284 312132 258114 326716 811969 252643 100000 258114 354951 550000 665685 320227 629245 450000 622015 194340 192195 270294 610392
280278 522966 550000 582597 602494 609902 405941 362488 315407 416228 323607 423110 657584 343516 258114 100000 323607 527200 530116 192195 471618 435409 640832 350799 192195 163246 590408
369258 366271 369258 417648 435409 460555 344131 292094 256205 323607 241421 315407 678705 276918 354951 323607 100000 306155 480789 262788 542832 211803 420156 426956 372947 386355 369258
524264 300998 258114 315407 323607 369258 471618 435261 423883 435409 404138 417648 728013 429848 550000 527200 306155 100000 503113 453553 650091 200000 258114 606360 578539 590408 163246
369258 311896 369258 338537 350000 312132 721772 668242 624786 704152 614782 696153 325610 650727 665685 530116 480789 503113 100000 447131 319317 503113 659017 757951 622015 570106 534166
230384 431361 460555 491152 511096 517732 421403 370185 320227 420156 320227 421403 596588 350200 320227 192195 262788 453553 447131 100000 425576 370185 581664 414006 278885 250000 515933
296469 496232 553431 539318 554533 524382 746297 694138 644518 741949 642310 740703 298494 674282 629245 471618 542832 650091 319317 425576 100000 612445 806824 722415 556508 482753 696825
460555 333238 312132 369072 382843 420156 383019 341661 325610 350000 306155 334307 720000 334094 450000 435409 211803 200000 503113 370185 612445 100000 312132 507922 480789 498121 261245
670087 451283 400000 451283 453553 503113 490000 473363 483275 450000 464005 430000 884474 476563 622015 640832 420156 258114 659017 581664 806824 312132 100000 654437 672713 702080 230384
529418 690592 696153 744050 762118 784763 274642 281108 282483 311896 302237 330867 906226 280000 194340 350799 426956 606360 757951 414006 722415 507922 654437 100000 272627 353180 663205
370185 602195 623450 660892 680517 692030 372947 342074 305183 394109 320227 406105 746375 326716 192195 192195 372947 578539 622015 278885 556508 480789 672713 272627 100000 180623 641294
306155 580937 610392 640832 660802 665685 441760 404138 360768 457771 372029 467151 676281 386531 270294 163246 386355 590408 570106 250000 482753 498121 702080 353180 180623 100000 653623
581664 323607 270294 320907 323607 372947 520595 488330 481182 482753 461248 464005 759697 484707 610392 590408 369258 163246 534166 515933 696825 261245 230384 663205 641294 653623 100000
0 9600000
2250000 2850000
6830000 7430000
2040000 2640000
2040000 4250000
6980000 8270000
3060000 4830000
1990000 4280000
4940000 6990000
450000 5250000
3830000 4860000
2310000 2910000
370000 1770000
4600000 5390000
2730000 4980000
5600000 6730000
3420000 5710000
420000 5220000
6230000 8840000
5700000 6810000
7800000 9300000
6750000 7350000
570000 5370000
2980000 3580000
4250000 4850000
200000 5000000
5160000 6970000
# scale factor = 10000
