29
0 5700880 5220150 5028920 5147820 4420410 4301160 4060790 3720220 3605550 4031130 3080580 3354099 3807889 3534120 1802780 1581140 2915480 2061550 1118030 2549510 2745910 761577 1204160 1923539 424264 2109500 1711720 1552420
6700879 1000000 1500000 1700000 2414210 6730620 6830950 6575839 6580320 6700879 7103279 6448850 7020800 7403120 7171710 5716990 6830950 4000000 6024940 7020800 4605550 5386340 5947730 6142960 6813780 6922839 4801320 5016220 5428320
6220150 1500000 1000000 1200000 2118030 6503640 6590170 6323530 6300000 6408329 6830950 6122500 6700879 7103279 6860030 5301160 6408329 3500000 5527690 6522680 4201560 5036090 5464300 5701060 6315070 6434150 4361550 4546830 4982460
6028920 1700000 1200000 1000000 2044030 6423099 6503640 6232590 6197110 6300000 6730620 6000000 6580320 6990830 6742820 5140050 6243090 3300000 5328970 6323530 4047950 4905120 5272000 5527690 6115660 6239270 4190610 4361550 4807890
6147820 2414210 2118030 2044030 1000000 7264180 7324560 7040700 6961539 7041520 7500000 6682429 7264980 7708199 7441270 5609770 6656850 3236070 5031130 6220150 4605550 5565080 5390900 5883650 5837350 6280150 4612480 4623530 5172530
5420410 6730620 6503640 6423099 7264180 1000000 1200000 1360560 1707110 1860230 1700000 2345360 2300000 2200000 2236930 3773080 3973210 6004000 6923680 6521780 4006660 3039610 5294180 4245000 7177379 5841490 4354100 4832750 4324150
5301160 6830950 6590170 6503640 7324560 1200000 1000000 1300000 1583100 1707110 1500000 2220660 2118030 2000000 2044030 3692580 3828430 6000000 6852350 6408329 4000000 3009980 5204760 4138470 7082760 5720170 4324150 4785500 4257300
5060790 6575839 6323530 6232590 7040700 1360560 1300000 1000000 1360560 1538520 1583100 1989950 2019800 2044030 2000000 3416610 3624880 5700000 6571360 6161400 3700000 2711720 4935730 3884440 6818080 5482190 4026550 4492850 3973210
4720220 6580320 6300000 6197110 6961539 1707110 1583100 1360560 1000000 1200000 1538520 1640309 1700000 1860230 1728010 3118960 3267160 5509990 6281100 5825970 3517940 2503330 4624910 3555390 6500910 5140050 3801789 4238830 3692580
4605550 6700879 6408329 6300000 7041520 1860230 1707110 1538520 1200000 1000000 1500000 1538520 1500000 1707110 1538520 3061550 3121320 5527690 6220150 5716990 3549510 2529710 4546830 3459670 6412949 5022440 3801789 4214030 3647640
5031130 7103279 6830950 6730620 7500000 1700000 1500000 1583100 1538520 1500000 1000000 2019800 1707110 1500000 1583100 3549510 3500000 6024940 6700879 6147820 4041380 3022370 5016220 3915480 6869410 5441850 4301510 4712140 4140059
4080580 6448850 6122500 6000000 6682429 2345360 2220660 1989950 1640309 1538520 2019800 1000000 1583100 2044030 1761580 2529710 2640120 5060790 5684020 5188080 3118960 2118030 4008320 2923540 5875450 4500000 3319480 3701850 3121320
4354100 7020800 6700879 6580320 7264980 2300000 2118030 2019800 1700000 1500000 1707110 1583100 1000000 1500000 1200000 3000000 2802780 5609770 6099020 5472140 3692580 2700000 4395590 3280350 6220150 4758990 3863559 4206240 3600000
4807890 7403120 7103279 6990830 7708199 2200000 2000000 2044030 1860230 1707110 1500000 2044030 1500000 1000000 1300000 3500000 3236070 6099020 6590170 5924430 4162280 3154070 4883300 3765860 6692100 5204760 4354100 4705400 4100000
4534120 7171710 6860030 6742820 7441270 2236930 2044030 2000000 1728010 1538520 1583100 1761580 1200000 1300000 1000000 3200000 2972310 5805210 6295280 5651880 3879240 2878830 4590260 3473860 6408329 4935730 4059409 4405880 3800000
2802780 5716990 5301160 5140050 5609770 3773080 3692580 3416610 3118960 3061550 3549510 2529710 3000000 3500000 3200000 1000000 2118030 3692580 4162280 3828430 2118030 1943400 2526430 1632460 4413210 3220360 2000000 2216550 1600000
2581140 6830950 6408329 6243090 6656850 3973210 3828430 3624880 3267160 3121320 3500000 2640120 2802780 3236070 2972310 2118030 1000000 4605550 4500000 3692580 3236070 2800000 2811080 1806230 4492850 2969770 3061550 3080870 2486610
3915480 4000000 3500000 3300000 3236070 6004000 6000000 5700000 5509990 5527690 6024940 5060790 5609770 6099020 5805210 3692580 4605550 1000000 3061550 4041380 3000000 4006660 3163330 3801789 3828430 4046309 2746420 2526430 3147090
3061550 6024940 5527690 5328970 5031130 6923680 6852350 6571360 6281100 6220150 6700879 5684020 6099020 6590170 6295280 4162280 4500000 3061550 1000000 2414210 4201560 4935730 2711720 3828430 1806230 2878830 3720290 3163330 3600000
2118030 7020800 6522680 6323530 6220150 6521780 6408329 6161400 5825970 5716990 6147820 5188080 5472140 5924430 5651880 3828430 3692580 4041380 2414210 1000000 4354100 4753660 2389240 3280350 1921950 1728010 3863559 3340940 3441310
3549510 4605550 4201560 4047950 4605550 4006660 4000000 3700000 3517940 3549510 4041380 3118960 3692580 4162280 3879240 2118030 3236070 3000000 4201560 4354100 1000000 2019800 2969770 2627880 4687820 3912039 1500000 2063009 2004990
3745910 5386340 5036090 4905120 5565080 3039610 3009980 2711720 2503330 2529710 3022370 2118030 2700000 3154070 2878830 1943400 2800000 4006660 4935730 4753660 2019800 1000000 3408320 2565250 5280190 4162280 2315290 2802780 2360150
1761580 5947730 5464300 5272000 5390900 5294180 5204760 4935730 4624910 4546830 5016220 4008320 4395590 4883300 4590260 2526430 2811080 3163330 2711720 2389240 2969770 3408320 1000000 2118030 2886800 2000000 2486610 2004990 2063009
2204160 6142960 5701060 5527690 5883650 4245000 4138470 3884440 3555390 3459670 3915480 2923540 3280350 3765860 3473860 1632460 1806230 3801789 3828430 3280350 2627880 2565250 2118030 1000000 3954660 2627880 2341640 2280620 1721109
2923540 6813780 6315070 6115660 5837350 7177379 7082760 6818080 6500910 6412949 6869410 5875450 6220150 6692100 6408329 4413210 4492850 3828430 1806230 1921950 4687820 5280190 2886800 3954660 1000000 2600000 4189040 3624880 3920620
1424260 6922839 6434150 6239270 6280150 5841490 5720170 5482190 5140050 5022440 5441850 4500000 4758990 5204760 4935730 3220360 2969770 4046309 2878830 1728010 3912039 4162280 2000000 2627880 2600000 1000000 3451530 3002500 2931320
3109500 4801320 4361550 4190610 4612480 4354100 4324150 4026550 3801789 3801789 4301510 3319480 3863559 4354100 4059409 2000000 3061550 2746420 3720290 3863559 1500000 2315290 2486610 2341640 4189040 3451530 1000000 1565690 1632460
2711720 5016220 4546830 4361550 4623530 4832750 4785500 4492850 4238830 4214030 4712140 3701850 4206240 4705400 4405880 2216550 3080870 2526430 3163330 3340940 2063009 2802780 2004990 2280620 3624880 3002500 1565690 1000000 1632460
2552420 5428320 4982460 4807890 5172530 4324150 4257300 3973210 3692580 3647640 4140059 3121320 3600000 4100000 3800000 1600000 2486610 3147090 3600000 3441310 2004990 2360150 2063009 1721109 3920620 2931320 1632460 1632460 1000000
0 96000000
5700000 60000000
5200000 53600000
5000000 53400000
5100000 60200000
41000000 90500000
4300000 61700000
41000000 82300000
11400000 56100000
3600000 65800000
19100000 58600000
20100000 67000000
3300000 56800000
42900000 83800000
4900000 50400000
44800000 87300000
11000000 52500000
2900000 54800000
2000000 49800000
1100000 53000000
8100000 52000000
2700000 62200000
44400000 94200000
24900000 58000000
1900000 56600000
20400000 63300000
37300000 92800000
26500000 63800000
41800000 82500000
# scale factor = 100000
