33
0 3807889 3080580 3935730 3605550 4031130 4420410 4301160 4060790 3720220 3605550 4031130 3080580 3354099 3807889 3534120 3773590 3720220 2000000 1802780 1414210 1581140 1303840 1000000 1964689 2549510 2745910 1204160 1788850 424264 2109500 1711720 1923539
4807890 1000000 2044030 1300000 1707110 1500000 5200000 5000000 5011230 4733630 4535530 4500000 4448190 4041380 4000000 4014960 1583100 1860230 4535530 4905120 3549510 3828430 6059640 3915480 2886800 6000000 5294180 4612480 3701850 4984970 5883650 5891830 2897370
4080580 2044030 1000000 2000000 1538520 2019800 5609770 5414750 5356600 5031130 4832750 4929380 4600000 4337660 4448190 4373430 1728010 1640309 3507990 4624910 2700000 3507990 5248530 3343070 2431780 5742360 5220190 4190610 2711720 4176480 5527690 5420410 2204160
4935730 1300000 2000000 1000000 1538520 1200000 5500000 5300000 5310450 5031130 4832750 4800000 4736310 4337660 4300000 4313610 1360560 1640309 4505710 5140050 3624880 4047950 6162360 4080580 3061550 6243090 5561800 4818380 3707400 5085340 6108820 6093130 3012460
4605550 1707110 1538520 1538520 1000000 1500000 5726520 5527690 5504440 5200000 5000000 5031130 4832750 4500000 4535530 4505710 1200000 1200000 4000000 5031130 3236070 3915480 5785390 3828430 2860110 6147820 5554120 4640050 3236070 4712140 5964880 5891830 2702940
5031130 1500000 2019800 1200000 1500000 1000000 5700000 5500000 5509990 5229660 5031130 5000000 4929380 4535530 4500000 4512830 1300000 1538520 4500000 5301160 3692580 4201560 6239270 4201560 3193170 6408329 5742360 4962320 3729470 5162930 6263080 6232590 3109500
5420410 5200000 5609770 5500000 5726520 5700000 1000000 1200000 1360560 1707110 1860230 1700000 2345360 2300000 2200000 2236930 5709560 5925440 6860030 3773080 5465420 3973210 6458940 4679670 4577710 4006660 3039610 4245000 6077400 5841490 4354100 4832750 5024920
5301160 5000000 5414750 5300000 5527690 5500000 1200000 1000000 1300000 1583100 1707110 1500000 2220660 2118030 2000000 2044030 5509990 5726520 6700879 3692580 5301160 3828430 6366560 4535530 4400000 4000000 3009980 4138470 5909180 5720170 4324150 4785500 4847080
5060790 5011230 5356600 5310450 5504440 5509990 1360560 1300000 1000000 1360560 1538520 1583100 1989950 2019800 2044030 2000000 5500000 5704250 6521780 3416610 5134010 3624880 6100000 4330170 4269560 3700000 2711720 3884440 5750790 5482190 4026550 4492850 4716180
4720220 4733630 5031130 5031130 5200000 5229660 1707110 1583100 1360560 1000000 1200000 1538520 1640309 1700000 1860230 1728010 5204760 5400000 6161400 3118960 4773590 3267160 5785390 3973210 3915480 3517940 2503330 3555390 5390900 5140050 3801789 4238830 4361550
4605550 4535530 4832750 4832750 5000000 5031130 1860230 1707110 1538520 1200000 1000000 1500000 1538520 1500000 1707110 1538520 5005000 5200000 6000000 3061550 4605550 3121320 5701060 3828430 3731300 3549510 2529710 3459670 5219000 5022440 3801789 4214030 4178050
5031130 4500000 4929380 4800000 5031130 5000000 1700000 1500000 1583100 1538520 1500000 1000000 2019800 1707110 1500000 1583100 5011230 5229660 6315070 3549510 4905120 3500000 6162360 4201560 3968160 4041380 3022370 3915480 5500000 5441850 4301510 4712140 4413210
4080580 4448190 4600000 4736310 4832750 4929380 2345360 2220660 1989950 1640309 1538520 2019800 1000000 1583100 2044030 1761580 4863940 5031130 5548630 2529710 4176480 2640120 5162930 3343070 3376970 3118960 2118030 2923540 4801320 4500000 3319480 3701850 3816030
4354100 4041380 4337660 4337660 4500000 4535530 2300000 2118030 2019800 1700000 1500000 1707110 1583100 1000000 1500000 1200000 4505710 4700000 5609770 3000000 4201560 2802780 5522170 3500000 3282540 3692580 2700000 3280350 4801320 4758990 3863559 4206240 3729470
4807890 4000000 4448190 4300000 4535530 4500000 2200000 2000000 2044030 1860230 1707110 1500000 2044030 1500000 1000000 1300000 4512830 4733630 5949750 3500000 4535530 3236070 6000000 3915480 3561249 4162280 3154070 3765860 5110960 5204760 4354100 4705400 4000000
4534120 4014960 4373430 4313610 4505710 4512830 2236930 2044030 2000000 1728010 1538520 1583100 1761580 1200000 1300000 1000000 4500000 4705400 5742360 3200000 4330170 2972310 5712750 3662710 3385370 3879240 2878830 3473860 4920460 4935730 4059409 4405880 3830190
4773590 1583100 1728010 1360560 1200000 1300000 5709560 5509990 5500000 5204760 5005000 5011230 4863940 4505710 4512830 4500000 1000000 1282840 4200000 5134010 3416610 4023240 5965880 3973210 2984940 6247860 5623850 4764310 3433110 4891020 6080350 6024940 2860110
4720220 1860230 1640309 1640309 1200000 1538520 5925440 5726520 5704250 5400000 5200000 5229660 5031130 4700000 4733630 4705400 1282840 1000000 4006660 5205950 3332380 4088689 5876470 3973210 3024850 6323530 5743420 4801320 3280350 4807890 6131280 6044800 2838480
3000000 4535530 3507990 4505710 4000000 4500000 6860030 6700879 6521780 6161400 6000000 6315070 5548630 5609770 5949750 5742360 4200000 4006660 1000000 4640050 2414210 3915480 3469820 3236070 3420740 5527690 5554120 4008320 1894429 2726270 5104880 4705400 3024850
2802780 4905120 4624910 5140050 5031130 5301160 3773080 3692580 3416610 3118960 3061550 3549510 2529710 3000000 3500000 3200000 5134010 5205950 4640050 1000000 3500000 2118030 3692580 2500000 3193170 2118030 1943400 1632460 4106440 3220360 2000000 2216550 3500000
2414210 3549510 2700000 3624880 3236070 3692580 5465420 5301160 5134010 4773590 4605550 4905120 4176480 4201560 4535530 4330170 3416610 3332380 2414210 3500000 1000000 2581140 3549510 2000000 2029560 4535530 4337660 2910500 1632460 2476480 4201560 3954660 1707110
2581140 3828430 3507990 4047950 3915480 4201560 3973210 3828430 3624880 3267160 3121320 3500000 2640120 2802780 3236070 2972310 4023240 4088689 3915480 2118030 2581140 1000000 3828430 1707110 2077030 3236070 2800000 1806230 3213590 2969770 3061550 3080870 2414210
2303840 6059640 5248530 6162360 5785390 6239270 6458940 6366560 6100000 5785390 5701060 6162360 5162930 5522170 6000000 5712750 5965880 5876470 3469820 3692580 3549510 3828430 1000000 3302170 4255760 4000000 4560900 3247220 3701850 2077030 3500000 2941650 4162280
2000000 3915480 3343070 4080580 3828430 4201560 4679670 4535530 4330170 3973210 3828430 4201560 3343070 3500000 3915480 3662710 3973210 3973210 3236070 2500000 2000000 1707110 3302170 1000000 2029560 3549510 3353720 1921950 2612450 2334170 3247220 3080870 2140180
2964690 2886800 2431780 3061550 2860110 3193170 4577710 4400000 4269560 3915480 3731300 3968160 3376970 3282540 3561249 3385370 2984940 3024850 3420740 3193170 2029560 2077030 4255760 2029560 1000000 4310590 3828430 2780450 2555630 3209070 4106440 4041380 1447210
3549510 6000000 5742360 6243090 6147820 6408329 4006660 4000000 3700000 3517940 3549510 4041380 3118960 3692580 4162280 3879240 6247860 6323530 5527690 2118030 4535530 3236070 4000000 3549510 4310590 1000000 2019800 2627880 5110960 3912039 1500000 2063009 4605550
3745910 5294180 5220190 5561800 5554120 5742360 3039610 3009980 2711720 2503330 2529710 3022370 2118030 2700000 3154070 2878830 5623850 5743420 5554120 1943400 4337660 2800000 4560900 3353720 3828430 2019800 1000000 2565250 4962320 4162280 2315290 2802780 4206240
2204160 4612480 4190610 4818380 4640050 4962320 4245000 4138470 3884440 3555390 3459670 3915480 2923540 3280350 3765860 3473860 4764310 4801320 4008320 1632460 2910500 1806230 3247220 1921950 2780450 2627880 2565250 1000000 3500000 2627880 2341640 2280620 3012460
2788850 3701850 2711720 3707400 3236070 3729470 6077400 5909180 5750790 5390900 5219000 5500000 4801320 4801320 5110960 4920460 3433110 3280350 1894429 4106440 1632460 3213590 3701850 2612450 2555630 5110960 4962320 3500000 1000000 2702940 4748330 4448190 2140180
1424260 4984970 4176480 5085340 4712140 5162930 5841490 5720170 5482190 5140050 5022440 5441850 4500000 4758990 5204760 4935730 4891020 4807890 2726270 3220360 2476480 2969770 2077030 2334170 3209070 3912039 4162280 2627880 2702940 1000000 3451530 3002500 3088060
3109500 5883650 5527690 6108820 5964880 6263080 4354100 4324150 4026550 3801789 3801789 4301510 3319480 3863559 4354100 4059409 6080350 6131280 5104880 2000000 4201560 3061550 3500000 3247220 4106440 1500000 2315290 2341640 4748330 3451530 1000000 1565690 4354100
2711720 5891830 5420410 6093130 5891830 6232590 4832750 4785500 4492850 4238830 4214030 4712140 3701850 4206240 4705400 4405880 6024940 6044800 4705400 2216550 3954660 3080870 2941650 3080870 4041380 2063009 2802780 2280620 4448190 3002500 1565690 1000000 4220250
2923540 2897370 2204160 3012460 2702940 3109500 5024920 4847080 4716180 4361550 4178050 4413210 3816030 3729470 4000000 3830190 2860110 2838480 3024850 3500000 1707110 2414210 4162280 2140180 1447210 4605550 4206240 3012460 2140180 3088060 4354100 4220250 1000000
0 96000000
59100000 87400000
7300000 35000000
47300000 58800000
41800000 91300000
4000000 39000000
39600000 90500000
4300000 71200000
53000000 70300000
13100000 54400000
3600000 80000000
23300000 54400000
20700000 66400000
3300000 62400000
54900000 71800000
6200000 49100000
3700000 67700000
43500000 66200000
28400000 58500000
56800000 75300000
42100000 89600000
23000000 40500000
42300000 82800000
44100000 90200000
21100000 93000000
20100000 40000000
2700000 38200000
36900000 46000000
10000000 53900000
32400000 51300000
29800000 92800000
38500000 51800000
26200000 93000000
# scale factor = 100000
