20
0 926 278 577 70 163 99 286 1067 425 563 514 627 827 683 639 491 176 583 550
926 0 676 734 922 979 923 720 539 691 641 412 415 137 1011 693 701 841 903 461
278 676 0 570 253 398 322 281 924 406 513 275 348 597 774 607 476 165 652 271
577 734 570 0 630 493 497 309 574 166 94 488 727 596 279 74 94 656 170 679
70 922 253 630 0 233 168 329 1098 473 609 511 598 831 749 689 541 119 646 521
163 979 398 493 233 0 76 268 1034 371 506 577 735 866 543 564 422 336 458 659
99 923 322 497 168 76 0 232 1013 356 495 516 663 814 585 563 416 262 488 587
286 720 281 309 329 268 232 0 783 145 279 337 540 601 493 361 216 347 371 472
1067 539 924 574 1098 1034 1013 783 0 662 531 678 843 459 768 500 617 1072 714 848
425 691 406 166 473 371 356 145 662 0 138 368 600 559 390 216 71 491 264 543
563 641 513 94 609 506 495 279 531 138 0 401 640 504 374 94 86 618 261 596
514 412 275 488 511 577 516 337 678 368 401 0 239 322 754 490 414 440 629 199
627 415 348 727 598 735 663 540 843 600 640 239 0 403 989 728 651 492 864 77
827 137 597 596 831 866 814 601 459 559 504 322 403 0 874 556 566 763 765 428
683 1011 774 279 749 543 585 493 768 390 374 754 989 874 0 320 339 813 125 934
639 693 607 74 689 564 563 361 500 216 94 490 728 556 320 0 148 706 227 687
491 701 476 94 541 422 416 216 617 71 86 414 651 566 339 148 0 563 216 598
176 841 165 656 119 336 262 347 1072 491 618 440 492 763 813 706 563 0 701 417
583 903 652 170 646 458 488 371 714 264 261 629 864 765 125 227 216 701 0 808
550 461 271 679 521 659 587 472 848 543 596 199 77 428 934 687 598 417 808 0
0 8110
6890 7180
3080 3580
2000 2320
80 490
340 680
0 130
1010 1200
5060 5230
1630 1890
