20
0 158 440 784 1038 120 228 799 356 444 579 740 791 338 624 827 321 895 558 162
158 0 382 813 1038 216 96 906 425 298 504 629 684 254 704 867 181 805 543 172
440 382 0 501 677 359 297 769 321 302 143 345 384 133 522 570 273 461 193 279
784 813 501 0 289 664 756 460 438 803 507 687 684 617 285 75 763 629 310 648
1038 1038 677 289 0 922 967 703 710 958 621 730 703 809 570 300 951 590 496 888
120 216 359 664 922 0 239 695 236 444 503 686 733 286 507 706 323 821 451 95
228 96 297 756 967 239 0 897 404 216 411 533 588 165 679 815 93 709 471 161
799 906 769 460 703 695 897 0 494 1038 848 1063 1076 827 248 412 950 1059 635 741
356 425 321 438 710 236 404 494 0 550 445 662 695 341 278 474 456 739 298 253
444 298 302 803 958 444 216 1038 550 0 340 371 429 211 801 872 123 573 494 353
579 504 143 507 621 503 411 848 445 340 0 220 249 250 600 581 361 317 215 420
740 629 345 687 730 686 533 1063 662 371 220 0 58 403 816 763 454 211 427 594
791 684 384 684 703 733 588 1076 695 429 249 58 0 453 832 759 510 157 443 643
338 254 133 617 809 286 165 827 341 211 250 403 453 0 590 681 146 559 317 192
624 704 522 285 570 507 679 248 278 801 600 816 832 590 0 276 721 824 389 532
827 867 570 75 300 706 815 412 474 872 581 763 759 681 276 0 827 700 380 698
321 181 273 763 951 323 93 950 456 123 361 454 510 146 721 827 0 640 462 235
895 805 461 629 590 821 709 1059 739 573 317 211 157 559 824 700 640 0 454 737
558 543 193 310 496 451 471 635 298 494 215 427 443 317 389 380 462 454 0 400
162 172 279 648 888 95 161 741 253 353 420 594 643 192 532 698 235 737 400 0
0 7620
10 230
800 1170
6490 6830
2370 2460
3950 4440
410 590
4870 5010
1400 1580
3570 3880
3400 3660
3150 3410
5780 6220
530 800
1620 1900
1840 2350
790 1100
2930 3030
1120 1350
200 390
# scale factor = 10
