40
0 761 383 371 161 365 767 408 698 486 256 685 233 439 566 369 443 481 63 342 464 306 596 645 786 309 160 443 255 807 726 392 924 544 269 760 628 233 441 520
761 0 652 514 603 666 440 390 82 866 713 141 994 321 377 791 577 286 811 1024 794 986 404 397 303 995 687 593 959 514 452 588 441 708 848 154 298 566 677 287
383 652 0 146 301 22 452 489 627 828 139 525 550 406 305 707 93 470 443 435 786 688 713 754 529 689 476 679 406 469 846 631 984 164 642 574 395 218 61 551
371 514 146 0 237 155 397 355 483 751 208 393 580 261 205 633 113 325 434 530 700 673 575 614 436 677 414 567 480 436 706 523 838 268 595 452 284 144 190 407
161 603 301 237 0 290 621 276 543 527 222 523 394 281 415 406 332 329 219 449 484 443 489 536 629 448 179 393 372 668 624 342 804 464 358 598 471 93 363 380
365 666 22 155 290 0 475 490 638 815 117 540 528 412 324 694 115 476 424 413 775 668 714 756 550 669 463 672 383 492 848 624 990 180 625 591 413 210 76 555
767 440 452 397 621 475 0 599 477 1087 580 312 976 466 209 979 360 498 830 888 1024 1064 750 766 149 1069 786 849 856 75 844 819 879 399 971 289 194 535 434 569
408 390 489 355 276 490 599 0 314 503 470 369 632 132 405 411 467 114 447 725 435 598 225 269 540 607 303 250 646 666 360 223 529 624 458 448 407 296 542 114
698 82 627 483 543 638 477 314 0 785 673 164 930 262 378 711 560 218 746 976 712 912 325 321 353 921 615 511 908 552 383 507 404 701 771 210 311 517 658 207
486 866 828 751 527 815 1087 503 785 0 727 870 545 628 881 121 856 617 454 786 73 346 494 528 1042 357 352 274 702 1148 554 281 772 992 235 949 902 617 889 582
256 713 139 208 222 117 580 470 673 727 0 600 411 423 408 606 222 484 312 321 693 555 694 739 639 556 375 616 277 603 830 564 992 290 524 660 492 174 189 555
685 141 525 393 523 540 312 369 164 870 600 0 917 261 238 780 444 254 741 918 801 939 459 467 195 947 639 606 859 388 538 589 568 569 813 80 156 470 544 296
233 994 550 580 394 528 976 632 930 545 411 917 0 672 783 455 629 712 185 265 555 223 798 847 1010 216 341 609 201 1008 920 564 1129 692 314 992 853 455 597 746
439 321 406 261 281 412 466 132 262 628 423 261 672 0 274 528 364 63 490 715 562 679 323 357 414 687 378 382 645 533 448 353 578 521 553 341 275 258 451 146
566 377 305 205 415 324 209 405 378 881 408 238 783 274 0 772 216 318 628 729 820 858 584 610 231 864 576 653 684 266 696 619 776 331 762 273 90 332 313 399
369 791 707 633 406 694 979 411 711 121 606 780 455 528 772 0 737 526 342 681 100 286 451 492 943 298 231 221 595 1038 537 206 759 871 142 860 798 497 768 504
443 577 93 113 332 115 360 467 560 856 222 444 629 364 216 737 0 426 505 528 808 750 684 721 437 752 512 680 496 381 813 635 933 157 688 488 306 239 99 511
481 286 470 325 329 476 498 114 218 617 484 254 712 63 318 526 426 0 528 770 548 701 267 298 428 709 401 358 698 568 388 336 514 582 566 334 304 316 514 85
63 811 443 434 219 424 830 447 746 454 312 741 185 490 628 342 505 528 0 343 441 244 620 669 847 247 166 448 256 871 746 400 950 602 226 817 689 296 500 560
342 1024 435 530 449 413 888 725 976 786 321 918 265 715 729 681 528 770 343 0 781 487 930 979 959 481 500 785 87 901 1063 734 1252 531 550 981 813 459 460 828
464 794 786 700 484 775 1024 435 712 73 693 801 555 562 820 100 808 548 441 781 0 374 421 457 975 386 318 201 695 1087 486 211 705 948 240 879 837 571 847 511
306 986 688 673 443 668 1064 598 912 346 555 939 223 679 858 286 750 701 244 487 374 0 708 754 1067 11 300 488 415 1109 811 456 1031 845 155 1018 911 530 743 709
596 404 713 575 489 714 750 225 325 494 694 459 798 323 584 451 684 267 620 930 421 708 0 49 654 719 456 229 847 823 136 252 331 841 553 525 558 521 765 185
645 397 754 614 536 756 766 269 321 528 739 467 847 357 610 492 721 298 669 979 457 754 49 0 662 765 506 271 896 840 92 298 282 877 599 528 576 565 803 213
786 303 529 436 629 550 149 540 353 1042 639 195 1010 414 231 943 437 428 847 959 975 1067 654 662 0 1074 774 786 915 216 733 764 745 514 957 148 157 554 526 484
309 995 689 677 448 669 1069 607 921 357 556 947 216 687 864 298 752 709 247 481 386 11 719 765 1074 0 309 500 410 1113 823 467 1042 846 167 1026 917 535 745 718
160 687 476 414 179 463 786 303 615 352 375 639 341 378 576 231 512 401 166 500 318 300 456 506 774 309 0 285 413 838 581 235 787 640 185 718 620 272 538 417
443 593 679 567 393 672 849 250 511 274 616 606 609 382 653 221 680 358 448 785 201 488 229 271 786 500 285 0 698 916 322 52 542 832 333 682 657 462 738 312
255 959 406 480 372 383 856 646 908 702 277 859 201 645 684 595 496 698 256 87 695 415 847 896 915 410 413 698 0 876 979 648 1171 525 466 926 765 393 441 752
807 514 469 436 668 492 75 666 552 1148 603 388 1008 533 266 1038 381 568 871 901 1087 1109 823 840 216 1113 838 916 876 0 919 884 953 389 1023 361 265 578 441 641
726 452 846 706 624 848 844 360 383 554 830 538 920 448 696 537 813 388 746 1063 486 811 136 92 733 823 581 322 979 919 0 359 221 970 655 593 658 657 896 303
392 588 631 523 342 624 819 223 507 281 564 589 564 353 619 206 635 336 400 734 211 456 252 298 764 467 235 52 648 884 359 0 576 785 300 667 629 413 690 302
924 441 984 838 804 990 879 529 404 772 992 568 1129 578 776 759 933 514 950 1252 705 1031 331 282 745 1042 787 542 1171 953 221 576 0 1084 875 596 715 819 1026 437
544 708 164 268 464 180 399 624 701 992 290 569 692 521 331 871 157 582 602 531 948 845 841 877 514 846 640 832 525 389 970 785 1084 0 805 599 417 377 103 667
269 848 642 595 358 625 971 458 771 235 524 813 314 553 762 142 688 566 226 550 240 155 553 599 957 167 185 333 466 1023 655 300 875 805 0 893 804 452 702 565
760 154 574 452 598 591 289 448 210 949 660 80 992 341 273 860 488 334 817 981 879 1018 525 528 148 1026 718 682 926 361 593 667 596 599 893 0 183 541 586 371
628 298 395 284 471 413 194 407 311 902 492 156 853 275 90 798 306 304 689 813 837 911 558 576 157 917 620 657 765 265 658 629 715 417 804 183 0 397 403 375
233 566 218 144 93 210 535 296 517 617 174 470 455 258 332 497 239 316 296 459 571 530 521 565 554 535 272 462 393 578 657 413 819 377 452 541 397 0 278 383
441 677 61 190 363 76 434 542 658 889 189 544 597 451 313 768 99 514 500 460 847 743 765 803 526 745 538 738 441 441 896 690 1026 103 702 586 403 278 0 597
520 287 551 407 380 555 569 114 207 582 555 296 746 146 399 504 511 85 560 828 511 709 185 213 484 718 417 312 752 641 303 302 437 667 565 371 375 383 597 0
0 11180
3580 3860
4710 4900
5750 5870
170 390
4990 5210
7330 7480
6120 6300
3250 3570
1700 1770
4580 4840
3490 3780
1020 1350
4250 4360
5530 5810
1690 1910
4870 5030
3930 4070
510 640
9020 9180
# scale factor = 10
