40
0 508 444 248 479 48 528 471 78 420 423 232 385 509 419 397 432 421 443 429 526 339 368 348 284 608 324 347 374 401 290 453 246 258 492 351 293 280 347 476
508 0 518 401 875 525 387 788 574 819 101 668 791 841 163 900 130 721 948 835 1035 838 367 193 772 170 529 650 865 896 611 952 386 753 864 539 445 788 371 858
444 518 0 598 457 493 200 325 436 862 425 675 408 377 570 750 388 860 780 869 807 718 674 349 514 479 725 783 763 778 726 682 224 520 427 114 661 598 159 431
248 401 598 0 727 225 603 708 325 419 359 287 633 750 254 556 393 325 607 435 715 488 122 336 522 552 141 250 503 538 209 670 374 492 738 537 63 487 454 723
479 875 457 727 0 510 654 146 406 746 774 603 94 117 849 488 756 830 490 743 451 500 845 682 263 896 792 774 544 537 725 318 489 295 45 367 772 368 529 28
48 525 493 225 510 0 572 512 104 373 446 186 417 548 423 375 460 373 422 382 515 313 348 378 296 635 284 299 344 373 243 453 291 267 526 400 262 273 392 509
528 387 200 603 654 572 0 525 548 943 318 758 598 578 489 890 272 907 926 954 970 846 644 279 675 300 742 828 888 908 773 853 282 673 626 292 665 742 182 629
471 788 325 708 146 512 525 0 411 807 687 642 151 54 787 587 662 866 598 806 579 584 817 596 338 787 795 801 630 631 747 444 407 363 107 253 760 447 423 117
78 574 436 325 406 104 548 411 0 431 484 247 312 445 494 348 488 460 390 436 463 299 446 403 206 661 388 391 339 361 336 379 267 182 422 332 366 216 366 404
420 819 862 419 746 373 943 807 431 0 766 187 670 826 673 312 792 161 350 18 474 264 494 720 483 962 316 189 234 262 211 514 665 451 779 762 387 379 765 757
423 101 425 359 774 446 318 687 484 766 0 602 690 740 174 819 46 684 866 780 947 759 357 92 677 196 497 609 790 819 564 859 284 660 763 439 412 699 273 756
232 668 675 287 603 186 758 642 247 187 602 0 518 668 536 280 624 226 330 196 448 211 393 547 346 798 245 176 218 254 140 437 478 312 630 576 282 263 579 610
385 791 408 633 94 417 598 151 312 670 690 518 0 157 758 436 675 745 446 669 431 436 751 598 191 822 699 686 482 481 636 297 407 220 112 305 678 301 457 92
509 841 377 750 117 548 578 54 445 826 740 668 157 0 838 590 716 894 596 825 566 593 862 650 348 841 832 831 639 636 779 432 460 376 72 307 801 458 478 90
419 163 570 254 849 423 489 787 494 673 174 536 758 838 0 791 221 564 840 689 938 724 204 222 701 331 371 496 746 779 462 872 383 677 847 557 289 696 410 837
397 900 750 556 488 375 890 587 348 312 819 280 436 590 791 0 830 452 50 301 170 69 670 745 252 1005 525 435 78 53 415 206 614 235 529 637 560 152 709 507
432 130 388 393 756 460 272 662 488 792 46 624 675 716 221 830 0 718 875 807 951 772 399 85 675 175 533 641 804 832 594 858 267 660 742 411 449 704 242 737
421 721 860 325 830 373 907 866 460 161 684 226 745 894 564 452 718 0 495 180 620 392 368 656 571 877 193 79 375 407 135 640 645 537 857 773 276 481 740 836
443 948 780 607 490 422 926 598 390 350 866 330 446 596 840 50 875 495 0 337 124 119 720 790 272 1050 575 482 121 88 464 187 654 260 532 666 611 183 747 510
429 835 869 435 743 382 954 806 436 18 780 196 669 825 689 301 807 180 337 0 460 255 512 733 480 977 334 208 223 250 228 504 674 449 776 768 405 375 775 755
526 1035 807 715 451 515 970 579 463 474 947 448 431 566 938 170 951 620 124 460 0 237 832 866 295 1123 694 606 245 213 585 134 711 298 496 693 725 247 798 475
339 838 718 488 500 313 846 584 299 264 759 211 436 593 724 69 772 392 119 255 237 0 600 688 245 947 456 370 47 62 347 250 567 221 537 606 491 136 665 515
368 367 674 122 845 348 644 817 446 494 357 393 751 862 204 670 399 368 720 512 832 600 0 365 644 533 179 308 611 647 285 792 455 614 854 628 111 608 520 839
348 193 349 336 682 378 279 596 403 720 92 547 598 650 222 745 85 656 790 733 866 688 365 0 590 259 477 577 721 749 527 774 192 575 671 351 395 619 192 664
284 772 514 522 263 296 675 338 206 483 677 346 191 348 701 252 675 571 272 480 295 245 644 590 0 842 557 521 292 293 476 184 422 34 296 400 554 109 504 274
608 170 479 552 896 635 300 787 661 962 196 798 822 841 331 1005 175 877 1050 977 1123 947 533 259 842 0 687 802 980 1008 759 1026 423 829 877 534 602 877 367 875
324 529 725 141 792 284 742 795 388 316 497 245 699 832 371 525 533 193 575 334 694 456 179 477 557 687 0 128 458 494 114 676 501 523 809 653 84 495 588 792
347 650 783 250 774 299 828 801 391 189 609 176 686 831 496 435 641 79 482 208 606 370 308 577 521 802 128 0 362 397 57 609 566 486 798 697 207 439 661 779
374 865 763 503 544 344 888 630 339 234 790 218 482 639 746 78 804 375 121 223 245 47 611 721 292 980 458 362 0 35 346 281 607 268 582 651 501 182 706 560
401 896 778 538 537 373 908 631 361 262 819 254 481 636 779 53 832 407 88 250 213 62 647 749 293 1008 494 397 35 0 381 260 629 272 577 665 536 187 727 555
290 611 726 209 725 243 773 747 336 211 564 140 636 779 462 415 594 135 464 228 585 347 285 527 476 759 114 57 346 381 0 577 509 442 748 640 177 401 605 729
453 952 682 670 318 453 853 444 379 514 859 437 297 432 872 206 858 640 187 504 134 250 792 774 184 1026 676 609 281 260 577 0 606 199 363 570 691 183 686 342
246 386 224 374 489 291 282 407 267 665 284 478 407 460 383 614 267 645 654 674 711 567 455 192 422 423 501 566 607 629 509 606 0 413 479 177 437 472 101 472
258 753 520 492 295 267 673 363 182 451 660 312 220 376 677 235 660 537 260 449 298 221 614 575 34 829 523 486 268 272 442 199 413 0 327 406 522 85 499 305
492 864 427 738 45 526 626 107 422 779 763 630 112 72 847 529 742 857 532 776 496 537 854 671 296 877 809 798 582 577 748 363 479 327 0 344 785 404 510 22
351 539 114 537 367 400 292 253 332 762 439 576 305 307 557 637 411 773 666 768 693 606 628 351 400 534 653 697 651 665 640 570 177 406 344 0 598 484 170 343
293 445 661 63 772 262 665 760 366 387 412 282 678 801 289 560 449 276 611 405 725 491 111 395 554 602 84 207 501 536 177 691 437 522 785 598 0 507 518 769
280 788 598 487 368 273 742 447 216 379 699 263 301 458 696 152 704 481 183 375 247 136 608 619 109 877 495 439 182 187 401 183 472 85 404 484 507 0 564 382
347 371 159 454 529 392 182 423 366 765 273 579 457 478 410 709 242 740 747 775 798 665 520 192 504 367 588 661 706 727 605 686 101 499 510 170 518 564 0 508
476 858 431 723 28 509 629 117 404 757 756 610 92 90 837 507 737 836 510 755 475 515 839 664 274 875 792 779 560 555 729 342 472 305 22 343 769 382 508 0
0 9120
8150 8430
3880 4240
8690 8870
4510 4690
6350 6590
3130 3270
4800 4880
0 170
1190 1410
2250 2450
720 1050
4610 4700
4420 4640
1990 2330
500 780
3370 3520
1100 1290
5280 5610
6690 6900
