40
0 379 737 373 856 805 716 805 981 488 716 183 1100 900 621 654 488 669 741 280 991 493 1087 815 791 846 451 315 875 235 244 915 793 734 850 76 233 337 767 687
379 0 358 119 661 552 557 569 656 130 501 448 810 611 738 303 638 606 795 322 787 360 866 871 584 547 472 536 917 363 588 683 484 714 502 360 543 542 400 324
737 358 0 394 629 474 599 509 419 275 497 784 610 453 966 178 900 728 971 618 713 521 756 1038 559 390 698 847 1067 678 936 596 333 848 246 713 882 845 113 167
373 119 394 0 560 467 446 478 611 234 402 391 746 544 628 282 536 486 677 230 690 242 775 753 485 484 358 456 798 285 545 593 427 595 477 332 488 457 401 406
856 661 629 560 0 158 145 120 381 717 160 758 341 243 599 467 629 284 510 580 135 362 233 544 78 271 464 714 543 641 904 100 307 359 440 786 829 694 528 770
805 552 474 467 158 0 196 39 260 588 106 739 301 124 676 319 675 364 615 548 247 328 314 662 102 122 482 723 671 615 895 133 149 467 285 742 822 707 370 620
716 557 599 446 145 196 0 164 456 632 109 613 465 318 482 423 494 167 419 438 278 225 378 470 108 315 320 570 485 497 758 229 321 273 461 645 684 550 514 719
805 569 509 478 120 39 164 0 293 612 91 731 314 153 646 350 652 332 581 542 220 320 296 626 64 160 463 708 634 608 885 114 187 431 324 741 811 691 408 653
981 656 419 611 381 260 456 293 0 639 361 950 195 140 935 355 927 624 874 756 389 554 389 918 355 151 727 955 922 826 1110 294 189 724 174 929 1041 942 309 586
488 130 275 234 717 588 632 612 639 0 559 575 812 622 862 289 766 705 910 451 833 461 902 985 639 555 593 666 1028 494 710 722 490 819 471 481 669 672 347 200
716 501 497 402 160 106 109 91 361 559 0 639 404 229 574 324 569 270 525 451 288 228 375 578 83 213 375 618 594 517 793 198 213 381 352 651 720 601 407 625
183 448 784 391 758 739 613 731 950 575 639 0 1041 849 440 664 306 532 567 194 891 411 991 639 703 804 309 131 701 124 160 831 761 577 845 122 97 153 788 772
1100 810 610 746 341 301 465 314 195 812 404 1041 0 201 940 523 960 623 850 849 280 630 236 879 357 263 777 1022 870 917 1197 242 326 700 364 1040 1124 1005 498 777
900 611 453 544 243 124 318 153 140 622 229 849 201 0 799 334 799 486 734 655 274 441 303 777 215 67 603 841 782 724 1007 165 132 584 222 842 935 826 340 614
621 738 966 628 599 676 482 646 935 862 574 440 940 799 0 795 133 317 153 426 698 445 795 210 589 788 272 313 273 417 496 698 778 258 907 550 438 288 917 1025
654 303 178 282 467 319 423 350 355 289 324 664 523 334 795 0 739 549 794 481 566 350 624 859 393 267 533 706 888 547 822 450 202 669 199 614 761 701 127 302
488 638 900 536 629 675 494 652 927 766 569 306 960 799 133 739 0 348 273 317 744 394 844 340 602 776 208 180 403 295 368 722 756 334 875 419 306 154 865 942
669 606 728 486 284 364 167 332 624 705 270 532 623 486 317 549 348 0 255 393 395 245 496 313 273 481 222 459 339 435 659 382 482 120 619 593 585 435 655 825
741 795 971 677 510 615 419 581 874 910 525 567 850 734 153 794 273 255 0 509 589 458 681 77 518 735 326 449 134 518 642 610 737 150 874 667 579 423 906 1054
280 322 618 230 580 548 438 542 756 451 451 194 849 655 426 481 317 393 509 0 716 222 813 587 520 610 188 228 641 69 354 646 567 470 655 207 286 227 608 635
991 787 713 690 135 247 278 220 389 833 288 891 280 274 698 566 744 395 589 716 0 498 101 609 205 327 593 842 594 776 1035 117 380 444 495 922 960 820 604 865
493 360 521 242 362 328 225 320 554 461 228 411 630 441 445 350 394 245 458 222 498 0 593 530 298 403 185 401 569 288 567 424 371 358 482 425 494 388 474 595
1087 866 756 775 233 314 378 296 389 902 375 991 236 303 795 624 844 496 681 813 101 593 0 695 296 366 694 943 674 874 1136 182 427 539 523 1018 1061 922 644 915
815 871 1038 753 544 662 470 626 918 985 578 639 879 777 210 859 340 313 77 587 609 530 695 0 563 784 404 518 63 595 706 643 791 196 930 742 646 492 969 1125
791 584 559 485 78 102 108 64 355 639 83 703 357 215 589 393 602 273 518 520 205 298 296 563 0 224 422 671 570 584 854 127 247 369 385 724 780 652 461 695
846 547 390 484 271 122 315 160 151 555 213 804 263 67 788 267 776 481 735 610 327 403 366 784 224 0 575 805 794 680 964 211 65 588 171 791 893 791 279 549
451 472 698 358 464 482 320 463 727 593 375 309 777 603 272 533 208 222 326 188 593 185 694 404 422 575 0 249 455 216 443 548 550 284 667 375 368 229 658 753
315 536 847 456 714 723 570 708 955 666 618 131 1022 841 313 706 180 459 449 228 842 401 943 518 671 805 249 0 581 173 202 797 771 482 871 252 132 26 834 857
875 917 1067 798 543 671 485 634 922 1028 594 701 870 782 273 888 403 339 134 641 594 569 674 63 570 794 455 581 0 652 770 639 806 218 946 801 709 555 993 1161
235 363 678 285 641 615 497 608 826 494 517 124 917 724 417 547 295 435 518 69 776 288 874 595 584 680 216 173 652 0 284 710 637 499 724 158 216 178 673 684
244 588 936 545 904 895 758 885 1110 710 793 160 1197 1007 496 822 368 659 642 354 1035 567 1136 706 854 964 443 202 770 284 0 982 921 684 1005 229 74 228 945 910
915 683 596 593 100 133 229 114 294 722 198 831 242 165 698 450 722 382 610 646 117 424 182 643 127 211 548 797 639 710 982 0 263 459 382 848 907 778 487 748
793 484 333 427 307 149 321 187 189 490 213 761 326 132 778 202 756 482 737 567 380 371 427 791 247 65 550 771 806 637 921 263 0 594 139 740 852 759 225 488
734 714 848 595 359 467 273 431 724 819 381 577 700 584 258 669 334 120 150 470 444 358 539 196 369 588 284 482 218 499 684 459 594 0 733 657 614 456 775 945
850 502 246 477 440 285 461 324 174 471 352 845 364 222 907 199 875 619 874 655 495 482 523 930 385 171 667 871 946 724 1005 382 139 733 0 807 940 862 135 413
76 360 713 332 786 742 645 741 929 481 651 122 1040 842 550 614 419 593 667 207 922 425 1018 742 724 791 375 252 801 158 229 848 740 657 807 0 197 271 733 681
233 543 882 488 829 822 684 811 1041 669 720 97 1124 935 438 761 306 585 579 286 960 494 1061 646 780 893 368 132 709 216 74 907 852 614 940 197 0 158 886 867
337 542 845 457 694 707 550 691 942 672 601 153 1005 826 288 701 154 435 423 227 820 388 922 492 652 791 229 26 555 178 228 778 759 456 862 271 158 0 829 861
767 400 113 401 528 370 514 408 309 347 407 788 498 340 917 127 865 655 906 608 604 474 644 969 461 279 658 834 993 673 945 487 225 775 135 733 886 829 0 278
687 324 167 406 770 620 719 653 586 200 625 772 777 614 1025 302 942 825 1054 635 865 595 915 1125 695 549 753 857 1161 684 910 748 488 945 413 681 867 861 278 0
0 11020
5470 5720
6250 6510
5790 6080
2940 3080
1930 2060
1550 1700
1830 1960
7170 7230
5690 5940
1650 1940
70 330
9580 9910
2070 2340
3730 3940
6690 6860
4480 4690
3240 3350
3830 4070
1160 1340
