40
0 608 368 331 335 138 142 101 534 515 62 126 276 766 712 369 338 400 173 126 218 343 447 673 465 232 598 239 677 280 715 451 219 463 451 462 96 187 153 297
608 0 974 418 944 746 548 557 892 759 598 489 710 638 141 773 529 773 445 709 712 891 435 674 786 399 33 507 74 888 213 704 392 461 500 467 575 796 754 690
368 974 0 635 59 236 443 422 629 703 395 493 456 991 1080 507 637 547 540 302 327 312 774 861 620 582 966 562 1040 121 1081 580 587 730 757 727 405 183 220 496
331 418 635 0 623 451 200 234 824 757 365 284 573 449 556 663 517 685 278 458 323 675 540 387 735 139 427 425 464 584 603 295 247 141 581 143 247 485 426 578
335 944 59 623 0 198 426 401 570 644 354 458 398 999 1045 448 585 488 504 255 331 253 724 874 561 558 934 514 1012 66 1042 597 553 727 704 725 384 148 198 439
138 746 236 451 198 0 251 217 510 534 158 259 275 863 847 354 415 392 305 82 228 249 545 755 465 367 735 331 815 142 845 501 355 571 535 569 203 53 66 310
142 548 443 200 426 251 0 41 671 635 192 164 413 624 669 505 426 534 193 266 170 482 501 531 595 148 545 322 608 385 691 325 207 323 522 322 48 285 228 428
101 557 422 234 401 217 41 0 630 597 151 135 372 664 674 464 393 493 171 226 178 443 478 572 555 160 552 289 621 355 690 362 195 362 494 361 17 256 203 388
534 892 629 824 570 510 671 630 0 163 478 540 258 1273 919 165 363 138 550 439 729 317 473 1198 105 689 864 415 964 517 864 985 594 966 411 967 628 535 576 245
515 759 703 757 644 534 635 597 163 0 454 482 259 1201 773 196 250 156 479 453 730 409 327 1143 89 618 730 332 830 582 711 960 513 898 262 901 600 572 599 225
62 598 395 365 354 158 192 151 478 454 0 110 220 808 692 313 279 342 153 111 280 316 396 722 405 249 585 183 669 293 687 510 206 502 394 502 150 212 194 238
126 489 493 284 458 259 164 135 540 482 110 0 290 733 587 379 262 401 46 221 310 421 342 662 453 152 477 158 559 399 589 486 96 426 359 427 147 311 279 294
276 710 456 573 398 275 413 372 258 259 220 290 0 1022 771 92 217 124 310 195 479 206 364 941 193 442 689 203 784 334 738 728 360 714 326 715 370 313 340 41
766 638 991 449 999 863 624 664 1273 1201 808 733 1022 0 765 1112 955 1135 725 890 667 1105 948 150 1184 585 666 870 629 978 851 423 688 308 1001 307 672 884 821 1028
712 141 1080 556 1045 847 669 674 919 773 692 587 771 765 0 821 568 814 541 800 837 964 447 812 815 521 128 571 137 986 96 844 493 603 510 609 692 899 863 745
369 773 507 663 448 354 505 464 165 196 313 379 92 1112 821 0 252 40 395 278 567 216 390 1034 114 531 749 272 847 387 779 820 442 804 340 805 463 386 420 87
338 529 637 517 585 415 426 393 363 250 279 262 217 955 568 252 0 246 245 337 555 423 147 905 259 378 502 103 602 518 526 747 269 656 120 658 402 466 467 183
400 773 547 685 488 392 534 493 138 156 342 401 124 1135 814 40 246 0 413 315 603 253 376 1060 74 551 748 282 847 428 768 852 458 827 322 828 493 425 459 107
173 445 540 278 504 305 193 171 550 479 153 46 310 725 541 395 245 413 0 264 349 456 308 663 458 140 432 147 516 445 542 505 54 419 331 421 185 358 326 307
126 709 302 458 255 82 266 226 439 453 111 221 195 890 800 278 337 315 264 0 290 217 472 792 387 354 695 260 780 190 791 553 317 588 457 588 217 129 145 228
218 712 327 323 331 228 170 178 729 730 280 310 479 667 837 567 555 603 349 290 0 475 652 545 672 316 712 453 769 314 861 276 373 404 663 400 164 228 168 507
343 891 312 675 253 249 482 443 317 409 316 421 206 1105 964 216 423 253 456 217 475 0 570 1003 321 565 872 393 964 205 938 751 511 805 532 805 434 251 308 244
447 435 774 540 724 545 501 478 473 327 396 342 364 948 447 390 147 376 308 472 652 570 0 921 369 413 404 214 504 658 392 805 306 667 65 671 490 598 590 328
673 674 861 387 874 755 531 572 1198 1143 722 662 941 150 812 1034 905 1060 663 792 545 1003 921 0 1115 526 698 811 682 859 888 284 635 253 966 249 577 769 706 953
465 786 620 735 561 465 595 555 105 89 405 453 193 1184 815 114 259 74 458 387 672 321 369 1115 0 598 759 318 859 501 760 916 499 877 308 879 556 499 531 167
232 399 582 139 558 367 148 160 689 618 249 152 442 585 521 531 378 551 140 354 316 565 413 526 598 0 397 286 461 509 547 395 110 280 449 282 177 411 362 444
598 33 966 427 934 735 545 552 864 730 585 477 689 666 128 749 502 748 432 695 712 872 404 698 759 397 0 485 100 876 189 716 381 479 470 485 570 786 746 667
239 507 562 425 514 331 322 289 415 332 183 158 203 870 571 272 103 282 147 260 453 393 214 811 318 286 485 0 581 449 546 644 182 566 211 568 298 384 376 186
677 74 1040 464 1012 815 608 621 964 830 669 559 784 629 137 847 602 847 516 780 769 964 504 682 859 461 100 581 0 957 230 739 463 487 570 494 638 864 820 764
280 888 121 584 66 142 385 355 517 582 293 399 334 978 986 387 518 428 445 190 314 205 658 859 501 509 876 449 957 0 980 588 495 696 638 694 340 99 159 374
715 213 1081 603 1042 845 691 690 864 711 687 589 738 851 96 779 526 768 542 791 861 938 392 888 760 547 189 546 230 980 0 897 499 666 452 672 707 898 868 708
451 704 580 295 597 501 325 362 985 960 510 486 728 423 844 820 747 852 505 553 276 751 805 284 916 395 716 644 739 588 897 0 499 260 836 254 360 505 444 748
219 392 587 247 553 355 207 195 594 513 206 96 360 688 493 442 269 458 54 317 373 511 306 635 499 110 381 182 463 495 499 499 0 386 339 389 211 406 370 354
463 461 730 141 727 571 323 362 966 898 502 426 714 308 603 804 656 827 419 588 404 805 667 253 877 280 479 566 487 696 666 260 386 0 713 6 372 598 537 720
451 500 757 581 704 535 522 494 411 262 394 359 326 1001 510 340 120 322 331 457 663 532 65 966 308 449 470 211 570 638 452 836 339 713 0 717 505 586 585 288
462 467 727 143 725 569 322 361 967 901 502 427 715 307 609 805 658 828 421 588 400 805 671 249 879 282 485 568 494 694 672 254 389 6 717 0 371 596 534 721
96 575 405 247 384 203 48 17 628 600 150 147 370 672 692 463 402 493 185 217 164 434 490 577 556 177 570 298 638 340 707 360 211 372 505 371 0 240 186 388
187 796 183 485 148 53 285 256 535 572 212 311 313 884 899 386 466 425 358 129 228 251 598 769 499 411 786 384 864 99 898 505 406 598 586 596 240 0 63 350
153 754 220 426 198 66 228 203 576 599 194 279 340 821 863 420 467 459 326 145 168 308 590 706 531 362 746 376 820 159 868 444 370 537 585 534 186 63 0 374
297 690 496 578 439 310 428 388 245 225 238 294 41 1028 745 87 183 107 307 228 507 244 328 953 167 444 667 186 764 374 708 748 354 720 288 721 388 350 374 0
0 9970
2260 2410
4150 4350
280 540
9450 9630
3380 3720
30 270
3070 3270
6140 6450
5990 6190
2840 3170
2720 3050
5010 5090
1280 1410
2130 2360
4690 4820
5760 5970
4760 5020
5250 5460
3730 3850
3210 3410
4450 4540
5570 5800
670 870
8940 9060
170 310
1960 2290
5100 5390
1940 2050
3810 4110
7100 7180
7970 8190
2750 2890
970 1180
6620 6770
470 630
0 200
3980 4190
3420 3680
4720 4880
# scale factor = 10
