60
0 1029 779 541 390 544 104 174 390 322 598 538 341 254 853 293 251 613 882 362 888 335 210 249 601 432 786 288 788 531 923 575 443 608 271 660 358 452 484 842 215 48 522 990 343 209 609 178 674 162 348 440 759 341 859 473 526 265 331 671
1029 0 742 504 833 648 962 1077 1128 1228 435 567 1280 1020 533 986 778 602 438 901 432 694 1084 943 716 760 871 973 250 511 219 565 613 572 798 382 847 698 687 216 1085 1059 507 79 1182 1034 766 1008 646 969 1124 655 689 878 329 805 751 1007 963 358
779 742 0 468 907 274 793 696 597 765 515 763 825 590 222 537 625 237 318 435 324 593 676 547 182 350 129 531 666 643 525 805 456 270 749 651 893 827 319 548 673 828 571 664 690 931 1019 892 146 849 621 757 55 445 412 308 253 572 493 560
541 504 468 0 482 222 493 573 636 724 77 296 776 518 401 488 294 231 387 413 390 216 579 441 330 284 562 473 295 175 382 337 109 197 365 211 478 376 226 302 580 577 103 455 682 598 556 564 321 520 627 306 417 385 330 349 319 506 469 158
390 833 907 482 0 632 286 549 743 710 489 266 731 589 881 604 305 678 867 615 870 314 581 539 733 589 966 592 586 348 811 274 453 653 173 458 32 135 592 706 586 382 395 823 720 252 219 248 766 236 707 187 866 581 795 660 680 591 623 524
544 648 274 222 632 0 539 505 492 622 290 504 680 417 310 371 357 70 353 270 359 319 497 350 109 130 347 359 489 390 467 549 183 81 476 431 619 555 61 432 496 590 318 582 562 671 752 632 138 588 497 487 235 258 369 157 105 400 336 358
104 962 793 493 286 539 0 269 477 425 541 447 445 329 839 358 199 603 858 406 863 277 303 302 611 443 817 351 716 455 875 480 407 592 177 585 254 352 481 786 308 106 457 930 440 141 504 102 675 68 437 346 766 378 821 497 541 337 389 608
174 1077 696 573 549 505 269 0 219 169 643 651 209 109 811 161 329 576 858 260 865 405 36 155 531 377 677 165 852 614 940 693 464 581 404 734 518 588 445 873 41 209 585 1028 171 382 763 352 616 334 174 561 687 255 859 391 455 126 205 723
390 1128 597 636 743 492 477 219 0 179 714 793 236 155 761 156 475 554 829 226 836 530 182 219 470 369 541 171 931 729 958 839 531 573 582 831 714 758 443 914 177 428 682 1067 100 599 948 568 562 545 45 716 605 251 861 339 404 155 167 795
322 1228 765 724 710 622 425 169 179 0 798 820 60 209 913 251 497 690 972 353 979 571 149 284 623 493 719 263 1011 780 1078 862 615 703 572 897 678 756 566 1019 147 343 747 1174 79 517 927 494 714 484 145 730 768 364 989 483 551 224 287 878
598 435 515 77 489 290 541 643 714 798 0 267 848 593 416 564 348 286 384 491 386 265 651 515 394 361 618 549 217 149 336 302 184 250 396 141 490 369 301 244 652 632 94 392 757 634 531 602 372 560 704 303 462 462 306 424 391 581 546 81
538 567 763 296 266 504 447 651 793 820 267 0 857 645 683 637 324 526 649 603 650 263 672 574 614 517 851 623 320 121 558 47 328 493 269 197 281 131 487 451 676 553 192 558 804 483 263 463 617 432 769 100 713 568 559 592 585 640 638 277
341 1280 825 776 731 680 445 209 236 60 848 857 0 265 973 309 538 749 1031 412 1038 614 196 339 683 551 777 321 1060 823 1133 898 666 761 602 943 699 787 624 1073 195 354 793 1228 136 523 950 504 773 499 204 764 828 422 1046 543 610 280 346 928
254 1020 590 518 589 417 329 109 155 209 593 645 265 0 716 52 323 486 769 156 776 384 86 77 430 287 568 59 808 589 868 690 409 496 427 699 559 603 359 811 84 297 548 966 165 460 793 425 518 398 124 564 584 159 781 289 355 17 97 674
853 533 222 401 881 310 839 811 761 913 416 683 973 716 0 666 647 240 97 561 103 589 800 655 291 434 350 656 504 563 314 717 442 247 749 528 875 776 371 359 798 898 497 454 845 965 947 928 199 883 777 707 179 557 206 429 362 698 626 430
293 986 537 488 604 371 358 161 156 251 564 637 309 52 666 0 322 439 722 105 729 374 139 65 379 241 516 14 781 572 828 683 380 451 436 677 575 607 315 775 136 339 527 929 195 494 801 458 468 427 140 562 531 113 738 238 304 35 44 645
251 778 625 294 305 357 199 329 475 497 348 324 538 323 647 322 0 416 660 313 664 83 349 257 445 288 670 308 539 288 677 368 208 401 132 413 283 285 306 592 352 284 271 739 480 318 483 280 495 236 447 241 591 278 621 357 383 319 331 420
613 602 237 231 678 70 603 576 554 690 286 526 749 486 240 439 416 0 283 337 289 369 567 421 117 199 332 428 465 407 410 568 225 36 529 426 667 591 131 387 566 658 334 532 628 733 781 695 91 650 562 521 190 327 307 215 153 469 404 342
882 438 318 387 867 353 858 858 829 972 384 649 1031 769 97 722 660 283 0 619 7 593 851 704 360 482 447 711 432 532 219 678 451 277 749 477 865 753 413 277 850 925 473 358 908 976 911 939 270 895 841 686 272 610 119 491 425 752 685 380
362 901 435 413 615 270 406 260 226 353 491 603 412 156 561 105 313 337 619 0 625 343 242 115 274 143 425 97 708 523 733 651 311 352 442 614 590 595 218 687 240 411 468 841 291 547 795 509 363 472 227 541 427 35 639 132 199 138 66 571
888 432 324 390 870 359 863 865 836 979 386 650 1038 776 103 729 664 289 7 625 0 597 857 710 368 489 453 718 431 535 214 679 456 283 753 477 868 755 419 275 856 931 476 353 915 980 912 944 277 900 848 688 279 617 116 498 432 759 692 380
335 694 593 216 314 319 277 405 530 571 265 263 614 384 589 374 83 369 593 343 597 0 422 312 418 281 653 360 455 209 597 310 147 348 160 331 300 257 277 509 424 366 187 656 547 383 460 348 455 304 508 199 554 308 547 356 367 378 375 336
210 1084 676 579 581 497 303 36 182 149 651 672 196 86 800 139 349 567 851 242 857 422 0 147 516 368 652 145 863 630 940 715 470 575 432 747 550 615 438 877 5 245 598 1032 139 418 793 388 603 369 138 584 670 242 857 375 440 104 183 731
249 943 547 441 539 350 302 155 219 284 515 574 339 77 655 65 257 421 704 115 710 312 147 0 378 222 541 52 731 514 794 620 331 428 371 622 512 541 291 734 147 296 471 889 242 441 735 404 461 371 196 498 535 102 709 239 301 67 87 596
601 716 182 330 733 109 611 531 470 623 394 614 683 430 291 379 445 117 360 274 368 418 516 378 0 169 238 371 582 499 518 658 290 152 571 535 717 662 141 503 514 649 427 645 554 749 860 710 91 667 485 594 158 276 409 141 76 413 338 456
432 760 350 284 589 130 443 377 369 493 361 517 551 287 434 241 288 199 482 143 489 281 368 222 169 0 382 230 576 419 590 565 195 210 420 493 570 538 74 544 367 480 355 698 434 582 740 543 243 501 371 475 327 128 496 75 97 270 208 439
786 871 129 562 966 347 817 677 541 719 618 851 777 568 350 516 670 332 447 425 453 653 652 541 238 382 0 514 784 735 654 895 529 368 800 758 949 900 376 674 649 835 662 793 640 958 1098 919 248 878 573 833 181 445 541 320 287 551 472 671
288 973 531 473 592 359 351 165 171 263 549 623 321 59 656 14 308 428 711 97 718 360 145 52 371 230 514 0 766 558 815 669 365 440 424 662 564 593 303 761 143 335 512 916 209 487 788 451 459 419 154 549 524 101 725 229 295 41 42 631
788 250 666 295 586 489 716 852 931 1011 217 320 1060 808 504 781 539 465 432 708 431 455 863 731 582 576 784 766 0 262 268 324 401 430 549 133 598 451 511 164 865 816 268 238 973 784 542 758 537 721 921 406 610 680 317 635 594 797 764 137
531 511 643 175 348 390 455 614 729 780 149 121 823 589 563 572 288 407 532 523 535 209 630 514 499 419 735 558 262 0 463 161 224 373 287 129 354 222 379 359 633 556 72 487 753 524 384 497 497 458 710 160 593 489 450 493 477 581 566 176
923 219 525 382 811 467 875 940 958 1078 336 558 1133 868 314 828 677 410 219 733 214 597 940 794 518 590 654 815 268 463 0 574 482 386 732 362 817 682 515 108 941 960 428 139 1023 971 803 939 440 897 961 624 473 716 113 623 563 853 798 287
575 565 805 337 274 549 480 693 839 862 302 47 898 690 717 683 368 568 678 651 679 310 715 620 658 565 895 669 324 161 574 0 375 534 303 211 293 143 533 466 719 587 234 563 848 505 233 488 659 460 814 134 754 616 583 640 631 685 685 300
443 613 456 109 453 183 407 464 531 615 184 328 666 409 442 380 208 225 451 311 456 147 470 331 290 195 529 365 401 224 482 375 0 202 307 303 442 372 158 409 471 482 160 563 573 525 569 488 313 444 520 304 413 281 416 268 256 397 363 265
608 572 270 197 653 81 592 581 573 703 250 493 761 496 247 451 401 36 277 352 283 348 575 428 152 210 368 440 430 373 386 534 202 0 509 389 643 562 137 357 575 653 300 504 643 719 750 681 124 637 578 492 221 338 287 237 179 480 418 306
271 798 749 365 173 476 177 404 582 572 396 269 602 427 749 436 132 529 749 442 753 160 432 371 571 420 800 424 549 287 732 303 307 509 0 417 150 184 430 636 436 283 304 772 570 239 365 209 613 171 549 169 712 407 694 489 513 427 452 453
660 382 651 211 458 431 585 734 831 897 141 197 943 699 528 677 413 426 477 614 477 331 747 622 535 493 758 662 133 129 362 211 303 389 417 0 469 325 438 254 750 685 150 365 864 651 443 625 510 588 816 275 597 583 375 560 531 689 664 98
358 847 893 478 32 619 254 518 714 678 490 281 699 559 875 575 283 667 865 590 868 300 550 512 717 570 949 564 598 354 817 293 442 643 150 469 0 151 576 713 555 350 396 834 689 222 251 216 754 204 677 194 853 556 796 640 662 562 596 530
452 698 827 376 135 555 352 588 758 756 369 131 787 603 776 607 285 591 753 595 755 257 615 541 662 538 900 593 451 222 682 143 372 562 184 325 151 0 525 576 619 458 279 689 752 363 203 348 682 323 727 69 781 559 672 613 619 602 616 396
484 687 319 226 592 61 481 445 443 566 301 487 624 359 371 315 306 131 413 218 419 277 438 291 141 74 376 303 511 379 515 533 158 137 430 438 576 525 0 472 437 530 310 624 508 616 725 577 193 533 445 458 286 202 422 123 98 343 283 376
842 216 548 302 706 432 786 873 914 1019 244 451 1073 811 359 775 592 387 277 687 275 509 877 734 503 544 674 761 164 359 108 466 409 357 636 254 713 576 472 0 878 876 332 154 970 875 694 844 438 803 911 519 493 665 158 589 535 797 749 184
215 1085 673 580 586 496 308 41 177 147 652 676 195 84 798 136 352 566 850 240 856 424 5 147 514 367 649 143 865 633 941 719 471 575 436 750 555 619 437 878 0 251 600 1033 134 424 798 393 601 374 133 588 668 240 856 373 438 101 180 733
48 1059 828 577 382 590 106 209 428 343 632 553 354 297 898 339 284 658 925 411 931 366 245 296 649 480 835 335 816 556 960 587 482 653 283 685 350 458 530 876 251 0 552 1023 373 175 601 151 721 146 384 453 807 390 899 521 574 310 377 702
522 507 571 103 395 318 457 585 682 747 94 192 793 548 497 527 271 334 473 468 476 187 598 471 427 355 662 512 268 72 428 234 160 300 304 150 396 279 310 332 600 552 0 472 714 543 453 512 425 471 666 212 521 436 400 427 408 539 516 151
990 79 664 455 823 582 930 1028 1067 1174 392 558 1228 966 454 929 739 532 358 841 353 656 1032 889 645 698 793 916 238 487 139 563 563 504 772 365 834 689 624 154 1033 1023 472 0 1125 1011 776 982 572 942 1066 640 611 819 251 739 683 952 903 321
343 1182 690 682 720 562 440 171 100 79 757 804 136 165 845 195 480 628 908 291 915 547 139 242 554 434 640 209 973 753 1023 848 573 643 570 864 689 752 508 970 134 373 714 1125 0 548 932 521 645 504 69 719 695 307 930 416 484 176 225 838
209 1034 931 598 252 671 141 382 599 517 634 483 523 460 965 494 318 733 976 547 980 383 418 441 749 582 958 487 784 524 971 505 525 719 239 651 222 363 616 875 424 175 543 1011 548 0 462 39 808 82 556 384 902 520 929 638 680 469 527 692
609 766 1019 556 219 752 504 763 948 927 531 263 950 793 947 801 483 781 911 795 912 460 793 735 860 740 1098 788 542 384 803 233 569 750 365 443 251 203 725 694 798 601 453 776 932 462 0 463 873 455 914 266 971 760 817 815 821 793 814 534
178 1008 892 564 248 632 102 352 568 494 602 463 504 425 928 458 280 695 939 509 944 348 388 404 710 543 919 451 758 497 939 488 488 681 209 625 216 348 577 844 393 151 512 982 521 39 463 0 769 44 526 363 863 481 894 599 641 434 491 662
674 646 146 321 766 138 675 616 562 714 372 617 773 518 199 468 495 91 270 363 277 455 603 461 91 243 248 459 537 497 440 659 313 124 613 510 754 682 193 438 601 721 425 572 645 808 873 769 0 726 577 612 99 361 329 230 163 501 427 422
162 969 849 520 236 588 68 334 545 484 560 432 499 398 883 427 236 650 895 472 900 304 369 371 667 501 878 419 721 458 897 460 444 637 171 588 204 323 533 803 374 146 471 942 504 82 455 44 726 0 504 331 820 444 851 558 599 406 458 622
348 1124 621 627 707 497 437 174 45 145 704 769 204 124 777 140 447 562 841 227 848 508 138 196 485 371 573 154 921 710 961 814 520 578 549 816 677 727 445 911 133 384 666 1066 69 556 914 526 577 504 0 689 626 246 866 349 416 129 162 785
440 655 757 306 187 487 346 561 716 730 303 100 764 564 707 562 241 521 686 541 688 199 584 498 594 475 833 549 406 160 624 134 304 492 169 275 194 69 458 519 588 453 212 640 719 384 266 363 612 331 689 0 712 506 608 550 554 561 568 336
759 689 55 417 866 235 766 687 605 768 462 713 828 584 179 531 591 190 272 427 279 554 670 535 158 327 181 524 610 593 473 754 413 221 712 597 853 781 286 493 668 807 521 611 695 902 971 863 99 820 626 712 0 433 360 296 234 566 489 505
341 878 445 385 581 258 378 255 251 364 462 568 422 159 557 113 278 327 610 35 617 308 242 102 276 128 445 101 680 489 716 616 281 338 407 583 556 559 202 665 240 390 436 819 307 520 760 481 361 444 246 506 433 0 624 137 199 142 84 543
859 329 412 330 795 369 821 859 861 989 306 559 1046 781 206 738 621 307 119 639 116 547 857 709 409 496 541 725 317 450 113 583 416 287 694 375 796 672 422 158 856 899 400 251 930 929 817 894 329 851 866 608 360 624 0 522 460 765 705 283
473 805 308 349 660 157 497 391 339 483 424 592 543 289 429 238 357 215 491 132 498 356 375 239 141 75 320 229 635 493 623 640 268 237 489 560 640 613 123 589 373 521 427 739 416 638 815 599 230 558 349 550 296 137 522 0 67 271 197 500
526 751 253 319 680 105 541 455 404 551 391 585 610 355 362 304 383 153 425 199 432 367 440 301 76 97 287 295 594 477 563 631 256 179 513 531 662 619 98 535 438 574 408 683 484 680 821 641 163 599 416 554 234 199 460 67 0 337 264 462
265 1007 572 506 591 400 337 126 155 224 581 640 280 17 698 35 319 469 752 138 759 378 104 67 413 270 551 41 797 581 853 685 397 480 427 689 562 602 343 797 101 310 539 952 176 469 793 434 501 406 129 561 566 142 765 271 337 0 79 662
331 963 493 469 623 336 389 205 167 287 546 638 346 97 626 44 331 404 685 66 692 375 183 87 338 208 472 42 764 566 798 685 363 418 452 664 596 616 283 749 180 377 516 903 225 527 814 491 427 458 162 568 489 84 705 197 264 79 0 627
671 358 560 158 524 358 608 723 795 878 81 277 928 674 430 645 420 342 380 571 380 336 731 596 456 439 671 631 137 176 287 300 265 306 453 98 530 396 376 184 733 702 151 321 838 692 534 662 422 622 785 336 505 543 283 500 462 662 627 0
0 12520
10150 10400
8330 8710
3170 3480
4580 4730
2800 2900
0 160
420 730
8980 9280
1420 1680
3470 3550
3950 4160
1800 1960
710 910
7030 7340
700 920
11030 11260
2700 2830
8060 8350
900 1110
7030 7240
5950 6050
1150 1320
740 900
2820 3150
2300 2540
7580 7770
950 1180
11600 11730
3660 3950
# scale factor = 10
