60
0 545 237 148 90 231 531 271 494 605 199 452 468 234 326 486 251 291 303 481 557 533 496 540 544 538 265 442 414 578 632 393 794 393 447 524 386 25 296 358 241 372 739 138 331 611 538 466 340 432 468 510 356 429 260 761 276 473 364 385
545 0 652 514 603 666 440 390 82 866 713 141 994 321 377 791 577 286 811 1024 794 986 404 397 303 995 687 593 959 514 452 588 441 708 848 154 298 566 677 287 761 622 367 683 215 190 308 928 205 977 340 295 891 131 719 1087 814 342 305 926
237 652 0 146 301 22 452 489 627 828 139 525 550 406 305 707 93 470 443 435 786 688 713 754 529 689 476 679 406 469 846 631 984 164 642 574 395 218 61 551 383 608 921 227 447 769 521 622 471 416 675 500 295 568 73 959 247 441 376 342
148 514 146 0 237 155 397 355 483 751 208 393 580 261 205 633 113 325 434 530 700 673 575 614 436 677 414 567 480 436 706 523 838 268 595 452 284 144 190 407 371 509 775 228 303 623 429 605 326 495 534 403 390 422 206 909 320 355 263 431
90 603 301 237 0 290 621 276 543 527 222 523 394 281 415 406 332 329 219 449 484 443 489 536 629 448 179 393 372 668 624 342 804 464 358 598 471 93 363 380 161 312 755 120 395 644 624 376 398 392 473 595 341 479 306 673 261 561 449 360
231 666 22 155 290 0 475 490 638 815 117 540 528 412 324 694 115 476 424 413 775 668 714 756 550 669 463 672 383 492 848 624 990 180 625 591 413 210 76 555 365 599 928 210 458 778 542 603 481 393 678 520 273 578 54 943 224 462 394 320
531 440 452 397 621 475 0 599 477 1087 580 312 976 466 209 979 360 498 830 888 1024 1064 750 766 149 1069 786 849 856 75 844 819 879 399 971 289 194 535 434 569 767 826 805 624 376 626 141 997 407 867 687 146 748 458 523 1273 694 103 208 795
271 390 489 355 276 490 599 0 314 503 470 369 632 132 405 411 467 114 447 725 435 598 225 269 540 607 303 250 646 666 360 223 529 624 458 448 407 296 542 114 408 243 479 390 241 380 538 541 221 666 198 510 614 258 527 711 534 506 391 635
494 82 627 483 543 638 477 314 0 785 673 164 930 262 378 711 560 218 746 976 712 912 325 321 353 921 615 511 908 552 383 507 404 701 771 210 311 517 658 207 698 542 331 632 179 155 357 855 158 926 260 339 847 64 689 1006 768 375 312 879
605 866 828 751 527 815 1087 503 785 0 727 870 545 628 881 121 856 617 454 786 73 346 494 528 1042 357 352 274 702 1148 554 281 772 992 235 949 902 617 889 582 486 262 770 614 744 780 1040 351 723 720 544 1012 758 743 822 227 705 1001 883 745
199 713 139 208 222 117 580 470 673 727 0 600 411 423 408 606 222 484 312 321 693 555 694 739 639 556 375 616 277 603 830 564 992 290 524 660 492 174 189 555 256 532 936 112 498 801 632 490 515 290 667 608 181 610 99 839 115 555 471 223
452 141 525 393 523 540 312 369 164 870 600 0 917 261 238 780 444 254 741 918 801 939 459 467 195 947 639 606 859 388 538 589 568 569 813 80 156 470 544 296 685 612 494 586 134 315 197 876 148 876 393 176 781 153 594 1080 706 210 164 819
468 994 550 580 394 528 976 632 930 545 411 917 0 672 783 455 629 712 185 265 555 223 798 847 1010 216 341 609 201 1008 920 564 1129 692 314 992 853 455 597 746 233 512 1094 352 789 1013 1003 194 791 211 806 976 310 867 498 545 312 933 831 272
234 321 406 261 281 412 466 132 262 628 423 261 672 0 274 528 364 63 490 715 562 679 323 357 414 687 378 382 645 533 448 353 578 521 553 341 275 258 451 146 439 366 517 371 126 377 412 617 119 664 275 384 590 197 457 828 510 375 259 620
326 377 305 205 415 324 209 405 378 881 408 238 783 274 0 772 216 318 628 729 820 858 584 610 231 864 576 653 684 266 696 619 776 331 762 273 90 332 313 399 566 622 705 431 219 532 224 791 253 698 527 199 588 334 378 1064 523 150 75 631
486 791 707 633 406 694 979 411 711 121 606 780 455 528 772 0 737 526 342 681 100 286 451 492 943 298 231 221 595 1038 537 206 759 871 142 860 798 497 768 504 369 169 745 493 650 727 940 270 632 614 490 912 644 663 701 300 587 897 779 633
251 577 93 113 332 115 360 467 560 856 222 444 629 364 216 737 0 426 505 528 808 750 684 721 437 752 512 680 496 381 813 635 933 157 688 488 306 239 99 511 443 620 868 288 382 707 429 683 409 507 639 407 388 504 166 1005 335 349 290 434
291 286 470 325 329 476 498 114 218 617 484 254 712 63 318 526 426 0 528 770 548 701 267 298 428 709 401 358 698 568 388 336 514 582 566 334 304 316 514 85 481 358 453 426 129 319 427 641 106 717 215 400 648 155 521 826 567 401 290 676
303 811 443 434 219 424 830 447 746 454 312 741 185 490 628 342 505 528 0 343 441 244 620 669 847 247 166 448 256 871 746 400 950 602 226 817 689 296 500 560 63 349 913 217 610 828 842 178 610 276 624 814 304 683 411 531 257 776 667 291
481 1024 435 530 449 413 888 725 976 786 321 918 265 715 729 681 528 770 343 0 781 487 930 979 959 481 500 785 87 901 1063 734 1252 531 550 981 813 459 460 828 342 687 1204 344 808 1090 951 448 820 67 920 928 141 911 365 810 211 873 793 98
557 794 786 700 484 775 1024 435 712 73 693 801 555 562 820 100 808 548 441 781 0 374 421 457 975 386 318 201 695 1087 486 211 705 948 240 879 837 571 847 511 464 198 700 580 676 707 973 366 654 714 471 945 741 671 786 299 682 937 819 732
533 986 688 673 443 668 1064 598 912 346 555 939 223 679 858 286 750 701 244 487 374 0 708 754 1067 11 300 488 415 1109 811 456 1031 845 155 1018 911 530 743 709 306 404 1008 462 805 962 1063 67 797 428 733 1034 507 854 653 322 484 1003 889 478
496 404 713 575 489 714 750 225 325 494 694 459 798 323 584 451 684 267 620 930 421 708 0 49 654 719 456 229 847 823 136 252 331 841 553 525 558 521 765 185 596 303 301 607 375 286 655 666 342 868 65 631 830 307 752 721 750 648 547 846
540 397 754 614 536 756 766 269 321 528 739 467 847 357 610 492 721 298 669 979 457 754 49 0 662 765 506 271 896 840 92 298 282 877 599 528 576 565 803 213 645 350 254 654 395 260 664 713 361 917 82 642 877 314 795 755 797 663 568 894
544 303 529 436 629 550 149 540 353 1042 639 195 1010 414 231 943 437 428 847 959 975 1067 654 662 0 1074 774 786 915 216 733 764 745 514 957 148 157 554 526 484 786 780 671 659 299 493 8 1002 324 929 588 33 818 348 602 1243 754 89 179 862
538 995 689 677 448 669 1069 607 921 357 556 947 216 687 864 298 752 709 247 481 386 11 719 765 1074 0 309 500 410 1113 823 467 1042 846 167 1026 917 535 745 718 309 415 1020 464 813 973 1069 72 805 423 744 1041 504 863 653 329 482 1009 895 474
265 687 476 414 179 463 786 303 615 352 375 639 341 378 576 231 512 401 166 500 318 300 456 506 774 309 0 285 413 838 581 235 787 640 185 718 620 272 538 417 160 186 752 262 504 680 770 240 496 434 465 741 434 556 470 495 368 715 599 434
442 593 679 567 393 672 849 250 511 274 616 606 609 382 653 221 680 358 448 785 201 488 229 271 786 500 285 0 698 916 322 52 542 832 333 682 657 462 738 312 443 99 524 509 487 510 785 454 462 719 272 758 711 471 696 498 638 756 641 715
414 959 406 480 372 383 856 646 908 702 277 859 201 645 684 595 496 698 256 87 695 415 847 896 915 410 413 698 0 876 979 648 1171 525 466 926 765 393 441 752 255 600 1125 276 744 1016 908 370 754 20 839 883 121 843 341 737 162 832 744 75
578 514 469 436 668 492 75 666 552 1148 603 388 1008 533 266 1038 381 568 871 901 1087 1109 823 840 216 1113 838 916 876 0 919 884 953 389 1023 361 265 578 441 641 807 889 879 659 448 700 210 1041 480 886 760 218 763 533 537 1329 716 178 277 811
632 452 846 706 624 848 844 360 383 554 830 538 920 448 696 537 813 388 746 1063 486 811 136 92 733 823 581 322 979 919 0 359 221 970 655 593 658 657 896 303 726 412 217 743 479 286 736 775 445 1000 173 715 965 387 887 778 886 741 651 981
393 588 631 523 342 624 819 223 507 281 564 589 564 353 619 206 635 336 400 734 211 456 252 298 764 467 235 52 648 884 359 0 576 785 300 667 629 413 690 302 392 53 552 458 465 521 762 417 443 668 285 734 659 462 646 498 586 729 612 664
794 441 984 838 804 990 879 529 404 772 992 568 1129 578 776 759 933 514 950 1252 705 1031 331 282 745 1042 787 542 1171 953 221 576 0 1084 875 596 715 819 1026 437 924 629 74 919 560 252 750 993 529 1192 332 736 1143 442 1035 993 1063 778 715 1164
393 708 164 268 464 180 399 624 701 992 290 569 692 521 331 871 157 582 602 531 948 845 841 877 514 846 640 832 525 389 970 785 1084 0 805 599 417 377 103 667 544 766 1017 390 527 852 506 781 556 530 796 491 404 649 194 1123 380 427 405 452
447 848 642 595 358 625 971 458 771 235 524 813 314 553 762 142 688 566 226 550 240 155 553 599 957 167 185 333 466 1023 655 300 875 805 0 893 804 452 702 565 269 249 853 416 679 812 953 128 667 484 580 924 529 716 622 317 483 900 783 513
524 154 574 452 598 591 289 448 210 949 660 80 992 341 273 860 488 334 817 981 879 1018 525 528 148 1026 718 682 926 361 593 667 596 599 893 0 183 541 586 371 760 692 522 655 214 344 153 955 228 942 459 142 842 218 646 1160 770 196 198 882
386 298 395 284 471 413 194 407 311 902 492 156 853 275 90 798 306 304 689 813 837 911 558 576 157 917 620 657 765 265 658 629 715 417 804 183 0 397 403 375 628 640 642 504 183 466 152 845 215 780 496 124 673 277 467 1096 605 99 22 715
25 566 218 144 93 210 535 296 517 617 174 470 455 258 332 497 239 316 296 459 571 530 521 565 554 535 272 462 393 578 657 413 819 377 452 541 397 0 278 383 233 390 764 116 351 635 548 463 362 410 493 521 332 452 237 767 252 481 375 362
296 677 61 190 363 76 434 542 658 889 189 544 597 451 313 768 99 514 500 460 847 743 765 803 526 745 538 738 441 441 896 690 1026 103 702 586 403 278 0 597 441 668 961 286 479 804 518 678 505 449 724 498 324 601 99 1019 287 437 387 372
358 287 551 407 380 555 569 114 207 582 555 296 746 146 399 504 511 85 560 828 511 709 185 213 484 718 417 312 752 641 303 302 437 667 565 371 375 383 597 0 520 334 381 487 193 267 484 654 162 772 130 459 712 160 598 800 631 468 364 736
241 761 383 371 161 365 767 408 698 486 256 685 233 439 566 369 443 481 63 342 464 306 596 645 786 309 160 443 255 807 726 392 924 544 269 760 628 233 441 520 0 346 882 156 556 788 780 239 557 276 594 752 277 634 356 582 218 714 606 274
372 622 608 509 312 599 826 243 542 262 532 612 512 366 622 169 620 358 349 687 198 404 303 350 780 415 186 99 600 889 412 53 629 766 249 692 640 390 668 334 346 0 604 423 484 566 778 364 464 621 332 750 616 493 618 468 546 739 622 619
739 367 921 775 755 928 805 479 331 770 936 494 1094 517 705 745 868 453 913 1204 700 1008 301 254 671 1020 752 524 1125 879 217 552 74 1017 853 522 642 764 961 381 882 604 0 867 491 179 676 967 460 1146 288 662 1092 371 974 994 1011 704 643 1115
138 683 227 228 120 210 624 390 632 614 112 586 352 371 431 493 288 426 217 344 580 462 607 654 659 464 262 509 276 659 743 458 919 390 416 655 504 116 286 487 156 423 867 0 468 746 653 395 478 294 588 626 224 567 208 733 143 581 482 249
331 215 447 303 395 458 376 241 179 744 498 134 789 126 219 650 382 129 610 808 676 805 375 395 299 813 504 487 744 448 479 465 560 527 679 214 183 351 479 193 556 484 491 468 0 325 298 742 33 762 313 271 675 122 510 950 598 275 173 710
611 190 769 623 644 778 626 380 155 780 801 315 1013 377 532 727 707 319 828 1090 707 962 286 260 493 973 680 510 1016 700 286 521 252 852 812 344 466 635 804 267 788 566 179 746 325 0 498 912 298 1035 237 483 967 203 827 1006 887 525 467 995
538 308 521 429 624 542 141 538 357 1040 632 197 1003 412 224 940 429 427 842 951 973 1063 655 664 8 1069 770 785 908 210 736 762 750 506 953 153 152 548 518 484 780 778 676 653 298 498 0 997 324 922 590 28 810 350 595 1240 747 80 174 854
466 928 622 605 376 603 997 541 855 351 490 876 194 617 791 270 683 641 178 448 366 67 666 713 1002 72 240 454 370 1041 775 417 993 781 128 955 845 463 678 654 239 364 967 395 742 912 997 0 736 386 687 968 454 796 589 368 424 936 823 428
340 205 471 326 398 481 407 221 158 723 515 148 791 119 253 632 409 106 610 820 654 797 342 361 324 805 496 462 754 480 445 443 529 556 667 228 215 362 505 162 557 464 460 478 33 298 324 736 0 773 280 298 690 96 532 932 611 306 206 723
432 977 416 495 392 393 867 666 926 720 290 876 211 664 698 614 507 717 276 67 714 428 868 917 929 423 434 719 20 886 1000 668 1192 530 484 942 780 410 449 772 276 621 1146 294 762 1035 922 386 773 0 860 897 126 861 350 751 175 845 759 77
468 340 675 534 473 678 687 198 260 544 667 393 806 275 527 490 639 215 624 920 471 733 65 82 588 744 465 272 839 760 173 285 332 796 580 459 496 493 724 130 594 332 288 588 313 237 590 687 280 860 0 566 813 241 719 770 732 584 487 833
510 295 500 403 595 520 146 510 339 1012 608 176 976 384 199 912 407 400 814 928 945 1034 631 642 33 1041 741 758 883 218 715 734 736 491 924 142 124 521 498 459 752 750 662 626 271 483 28 968 298 897 566 0 787 328 573 1211 722 64 146 830
356 891 295 390 341 273 748 614 847 758 181 781 310 590 588 644 388 648 304 141 741 507 830 877 818 504 434 711 121 763 965 659 1143 404 529 842 673 332 324 712 277 616 1092 224 675 967 810 454 690 126 813 787 0 782 226 822 81 732 652 48
429 131 568 422 479 578 458 258 64 743 610 153 867 197 334 663 504 155 683 911 671 854 307 314 348 863 556 471 843 533 387 462 442 649 716 218 277 452 601 160 634 493 371 567 122 203 350 796 96 861 241 328 782 0 628 960 703 354 275 814
260 719 73 206 306 54 523 527 689 822 99 594 498 457 378 701 166 521 411 365 786 653 752 795 602 653 470 696 341 537 887 646 1035 194 622 646 467 237 99 598 356 618 974 208 510 827 595 589 532 350 719 573 226 628 0 938 188 515 448 274
761 1087 959 909 673 943 1273 711 1006 227 839 1080 545 828 1064 300 1005 826 531 810 299 322 721 755 1243 329 495 498 737 1329 778 498 993 1123 317 1160 1096 767 1019 800 582 468 994 733 950 1006 1240 368 932 751 770 1211 822 960 938 0 788 1194 1076 797
276 814 247 320 261 224 694 534 768 705 115 706 312 510 523 587 335 567 257 211 682 484 750 797 754 482 368 638 162 716 886 586 1063 380 483 770 605 252 287 631 218 546 1011 143 598 887 747 424 611 175 732 722 81 703 188 788 0 670 584 112
473 342 441 355 561 462 103 506 375 1001 555 210 933 375 150 897 349 401 776 873 937 1003 648 663 89 1009 715 756 832 178 741 729 778 427 900 196 99 481 437 468 714 739 704 581 275 525 80 936 306 845 584 64 732 354 515 1194 670 0 118 776
364 305 376 263 449 394 208 391 312 883 471 164 831 259 75 779 290 290 667 793 819 889 547 568 179 895 599 641 744 277 651 612 715 405 783 198 22 375 387 364 606 622 643 482 173 467 174 823 206 759 487 146 652 275 448 1076 584 118 0 694
385 926 342 431 360 320 795 635 879 745 223 819 272 620 631 633 434 676 291 98 732 478 846 894 862 474 434 715 75 811 981 664 1164 452 513 882 715 362 372 736 274 619 1115 249 710 995 854 428 723 77 833 830 48 814 274 797 112 776 694 0
0 13800
4400 4680
1180 1520
9380 9490
0 260
1440 1660
10730 10900
3410 3550
10340 10480
5720 5870
370 590
4480 4730
11740 11950
3280 3500
1970 2170
5590 5770
1320 1630
4820 5100
6560 6780
840 1020
8530 8780
6370 6550
5100 5290
3750 4000
2610 2720
8260 8490
6810 6960
7070 7220
650 820
9720 9990
# scale factor = 10
