60
0 818 810 564 491 791 803 814 331 773 133 155 420 712 563 686 543 211 556 625 906 762 616 325 297 459 799 310 297 390 568 368 371 522 416 107 486 721 471 744 630 216 360 814 323 253 632 648 429 534 778 436 397 650 827 806 838 969 489 507
818 0 603 562 752 258 328 356 491 129 691 834 445 248 597 489 771 877 503 238 490 177 319 817 810 701 52 809 727 451 892 515 939 508 614 842 400 102 433 583 200 610 910 293 857 623 320 449 1010 544 67 895 830 281 308 298 617 256 345 400
810 603 0 246 393 349 889 258 653 698 754 925 725 363 990 152 366 713 906 437 190 736 347 1021 998 1014 641 1005 536 689 467 470 1122 296 914 754 409 541 397 65 498 631 637 321 1045 793 331 914 703 928 538 1136 1071 360 881 864 28 859 648 762
564 562 246 0 207 368 778 329 436 617 512 681 529 325 799 141 212 479 724 334 367 642 243 786 762 799 583 770 297 487 335 237 882 73 703 511 221 471 194 180 391 390 429 365 808 563 242 754 512 738 495 903 841 281 779 759 274 811 474 585
491 752 393 207 0 574 926 535 500 789 491 635 614 526 873 341 52 339 814 515 555 807 435 777 750 838 766 760 194 568 143 304 851 244 752 407 367 655 333 336 565 392 243 572 789 584 438 865 313 818 687 896 841 476 933 912 417 991 592 689
791 258 349 368 574 0 568 98 513 367 687 855 528 81 755 257 579 787 661 188 238 411 176 891 876 823 301 879 612 510 701 430 1008 339 724 782 306 218 326 337 225 576 777 39 925 666 162 639 869 694 197 990 923 141 554 540 360 511 426 526
803 328 889 778 926 568 0 665 493 202 669 757 384 528 363 752 960 934 294 457 806 157 552 671 675 505 277 669 833 421 1070 631 784 708 452 866 564 352 597 854 395 644 1015 607 713 555 564 197 1115 335 374 711 657 531 35 31 907 226 347 295
814 356 258 329 535 98 665 0 563 465 721 893 595 150 835 196 531 783 743 256 143 508 208 945 928 893 399 932 602 572 651 446 1060 320 792 791 332 313 342 257 305 603 755 63 977 716 188 728 841 773 295 1050 983 188 651 637 266 607 498 604
331 491 653 436 500 513 493 563 0 442 201 349 120 431 373 503 546 441 315 327 685 432 355 382 365 363 468 369 358 74 632 206 496 367 266 376 247 399 256 593 315 151 531 544 414 153 375 379 629 318 458 490 424 377 512 490 680 640 159 207
773 129 698 617 789 367 202 465 442 0 641 767 369 335 479 569 815 863 388 283 604 48 377 727 723 595 77 721 731 387 932 518 848 554 515 813 422 157 456 669 225 580 917 405 768 554 385 324 1018 430 171 795 732 348 186 173 715 207 283 305
133 691 754 512 491 687 669 721 201 641 0 173 286 606 451 617 543 297 432 511 826 629 516 286 259 369 670 269 303 256 595 287 371 458 307 206 389 597 382 689 509 123 426 713 300 130 534 520 511 415 655 405 350 547 693 672 782 835 357 374
155 834 925 681 635 855 757 893 349 767 173 0 398 773 464 790 688 365 480 674 999 747 686 177 150 337 807 163 441 384 720 460 217 629 323 261 561 747 555 859 665 296 515 882 169 213 705 580 580 449 806 282 248 715 785 766 953 947 490 472
420 445 725 529 614 528 384 595 120 369 286 398 0 450 269 572 658 555 200 341 728 349 397 375 366 297 412 366 478 46 749 312 496 456 197 482 317 369 336 669 307 268 650 563 413 185 416 259 748 209 428 465 397 407 407 386 751 552 105 90
712 248 363 325 526 81 528 150 431 335 606 773 450 0 685 241 538 715 593 109 291 374 102 810 795 747 280 798 544 431 660 354 927 284 647 706 229 178 251 336 155 496 716 113 844 584 92 579 810 624 180 911 843 62 519 503 379 504 350 454
563 597 990 799 873 755 363 835 373 479 451 464 269 685 0 837 919 748 94 579 975 438 651 332 344 148 549 335 717 312 1002 578 433 726 146 655 586 557 606 936 531 495 870 794 371 322 670 167 960 62 608 350 302 654 398 386 1015 588 343 231
686 489 152 141 341 257 752 196 503 569 617 790 572 241 837 0 335 618 753 294 227 603 200 875 854 862 520 860 436 537 454 330 980 163 762 643 257 413 247 103 356 493 570 243 901 646 187 764 652 775 422 989 924 221 746 729 178 745 496 610
543 771 366 212 52 579 960 531 546 815 543 688 658 538 919 335 0 386 858 537 538 836 452 829 802 887 788 812 247 612 122 345 904 262 801 458 396 676 363 314 590 442 278 573 841 634 452 906 336 863 705 948 893 491 965 945 389 1014 631 730
211 877 713 479 339 787 934 783 441 863 297 365 555 715 748 618 386 0 724 653 845 863 613 537 509 660 871 521 182 514 379 366 576 464 604 103 491 775 464 649 678 290 152 800 534 426 625 806 219 710 826 647 608 654 953 931 740 1068 593 645
556 503 906 724 814 661 294 743 315 388 432 480 200 593 94 753 858 724 0 488 883 348 564 378 383 213 456 377 671 246 948 513 490 651 161 638 506 462 529 854 438 452 835 700 419 303 581 101 929 43 513 419 363 563 327 312 930 511 257 143
625 238 437 334 515 188 457 256 327 283 511 674 341 109 579 294 537 653 488 0 395 312 95 703 688 637 250 691 494 322 656 286 821 274 538 630 165 139 196 397 61 409 674 222 737 479 107 481 773 517 177 802 734 77 453 435 457 477 241 347
906 490 190 367 555 238 806 143 685 604 826 999 728 291 975 227 538 845 883 395 0 649 332 1067 1048 1026 536 1053 663 701 647 541 1178 386 925 869 442 455 444 225 447 704 792 199 1097 836 312 870 868 913 433 1175 1108 322 791 778 183 733 634 743
762 177 736 642 807 411 157 508 432 48 629 747 349 374 438 603 836 863 348 312 649 0 408 697 695 558 125 692 739 372 951 527 817 577 482 808 440 196 474 704 252 575 924 449 738 534 417 279 1025 391 217 760 699 381 144 129 753 207 273 278
616 319 347 243 435 176 552 208 355 377 516 686 397 102 651 200 452 613 564 95 332 408 0 738 720 694 339 725 442 369 573 253 852 191 593 605 130 227 149 303 157 401 615 198 770 508 19 567 711 589 252 844 777 42 549 531 369 567 308 420
325 817 1021 786 777 891 671 945 382 727 286 177 375 810 332 875 829 537 378 703 1067 697 738 0 28 187 781 16 586 382 876 550 121 725 219 433 626 744 629 957 679 398 684 923 41 230 757 478 754 339 803 119 71 759 704 687 1048 882 480 422
297 810 998 762 750 876 675 928 365 723 259 150 366 795 344 854 802 509 383 688 1048 695 720 28 0 202 775 12 559 369 848 528 132 702 222 405 606 734 608 935 666 373 656 908 49 212 740 485 727 346 793 146 99 742 707 690 1026 883 470 418
459 701 1014 799 838 823 505 893 363 595 369 337 297 747 148 862 887 660 213 637 1026 558 694 187 202 0 658 192 663 326 956 565 284 730 100 561 604 645 617 955 599 446 796 859 224 254 713 307 878 170 701 206 153 705 539 525 1040 725 396 305
799 52 641 583 766 301 277 399 468 77 670 807 412 280 549 520 788 871 456 250 536 125 339 781 775 658 0 773 727 423 907 514 902 525 573 829 406 112 439 617 202 596 912 337 821 594 343 399 1012 498 104 855 790 304 257 246 656 228 316 360
310 809 1005 770 760 879 669 932 369 721 269 163 366 798 335 860 812 521 377 691 1053 692 725 16 12 192 773 0 570 371 859 535 130 709 217 418 612 735 614 942 668 382 668 911 47 217 744 478 739 338 794 136 86 746 701 684 1033 878 470 415
297 727 536 297 194 612 833 602 358 731 303 441 478 544 717 436 247 182 671 494 663 739 442 586 559 663 727 570 0 432 293 213 657 283 585 221 328 624 298 471 527 222 185 622 596 409 452 737 286 667 670 705 652 484 847 825 563 939 486 563
390 451 689 487 568 510 421 572 74 387 256 384 46 431 312 537 612 514 246 322 701 372 369 382 369 326 423 371 432 0 703 267 502 415 225 445 280 367 296 632 296 225 606 544 418 171 389 304 704 253 427 479 412 383 442 420 715 578 106 132
568 892 467 335 143 701 1070 651 632 932 595 720 749 660 1002 454 122 379 948 656 647 951 573 876 848 956 907 859 293 703 0 443 938 383 875 469 510 796 476 422 708 511 238 695 883 701 574 1003 261 949 826 994 944 613 1077 1056 486 1133 733 827
368 515 470 237 304 430 631 446 206 518 287 460 312 354 578 330 345 366 513 286 541 527 253 550 528 565 514 535 213 267 443 0 651 174 470 351 125 412 104 406 315 163 399 449 574 326 268 561 499 520 460 667 604 292 642 620 498 725 290 385
371 939 1122 882 851 1008 784 1060 496 848 371 217 496 927 433 980 904 576 490 821 1178 817 852 121 132 284 902 130 657 502 938 651 0 825 336 475 735 865 736 1057 798 491 728 1040 83 343 871 588 787 449 924 105 131 874 817 801 1150 999 601 543
522 508 296 73 244 339 708 320 367 554 458 629 456 284 726 163 262 464 651 274 386 577 191 725 702 730 525 709 283 415 383 174 825 0 633 482 148 413 121 232 328 334 438 344 748 499 194 681 529 665 443 841 777 232 711 691 324 752 401 511
416 614 914 703 752 724 452 792 266 515 307 323 197 647 146 762 801 604 161 538 925 482 593 219 222 100 573 217 585 225 875 470 336 633 0 509 504 552 518 856 501 364 730 760 261 180 613 263 818 127 609 281 217 605 484 467 940 663 298 214
107 842 754 511 407 782 866 791 376 813 206 261 482 706 655 643 458 103 638 630 869 808 605 433 405 561 829 418 221 445 469 351 475 482 509 0 477 742 455 689 646 233 253 799 430 336 620 725 321 621 796 544 504 643 887 865 782 1015 534 572
486 400 409 221 367 306 564 332 247 422 389 561 317 229 586 257 396 491 506 165 442 440 130 626 606 604 406 612 328 280 510 125 735 148 504 477 0 298 34 352 203 272 510 328 655 395 146 532 609 524 342 736 670 166 569 548 435 627 254 365
721 102 541 471 655 218 352 313 399 157 597 747 369 178 557 413 676 775 462 139 455 196 227 744 734 645 112 735 624 367 796 412 865 413 552 742 298 0 331 512 97 511 808 257 782 538 232 427 907 499 59 830 764 194 341 325 558 340 264 340
471 433 397 194 333 326 597 342 256 456 382 555 336 251 606 247 363 464 529 196 444 474 149 629 608 617 439 614 298 296 476 104 736 121 518 455 34 331 0 337 237 261 478 344 656 399 164 559 576 545 373 742 676 189 602 581 424 661 280 390
744 583 65 180 336 337 854 257 593 669 689 859 669 336 936 103 314 649 854 397 225 704 303 957 935 955 617 942 471 632 422 406 1057 232 856 689 352 512 337 0 459 566 578 315 981 730 290 867 648 874 516 1073 1009 323 848 830 94 839 597 711
630 200 498 391 565 225 395 305 315 225 509 665 307 155 531 356 590 678 438 61 447 252 157 679 666 599 202 668 527 296 708 315 798 328 501 646 203 97 237 459 0 417 711 263 715 462 168 425 811 470 149 772 705 138 392 373 518 425 203 301
216 610 631 390 392 576 644 603 151 580 123 296 268 496 495 493 442 290 452 409 704 575 401 398 373 446 596 382 222 225 511 163 491 334 364 233 272 511 261 566 417 0 383 599 418 192 419 525 480 446 566 517 457 435 663 641 659 783 304 357
360 910 637 429 243 777 1015 755 531 917 426 515 650 716 870 570 278 152 835 674 792 924 615 684 656 796 912 668 185 606 238 399 728 438 730 253 510 808 478 578 711 383 0 783 684 550 623 909 100 826 852 797 755 657 1030 1008 661 1124 668 738
814 293 321 365 572 39 607 63 544 405 713 882 563 113 794 243 573 800 700 222 199 449 198 923 908 859 337 911 622 544 695 449 1040 344 760 799 328 257 344 315 263 599 783 0 957 697 181 679 872 733 234 1024 957 167 592 578 330 543 463 564
323 857 1045 808 789 925 713 977 414 768 300 169 413 844 371 901 841 534 419 737 1097 738 770 41 49 224 821 47 596 418 883 574 83 748 261 430 655 782 656 981 715 418 684 957 0 261 789 519 750 379 841 113 88 791 745 728 1073 923 518 462
253 623 793 563 584 666 555 716 153 554 130 213 185 584 322 646 634 426 303 479 836 534 508 230 212 254 594 217 409 171 701 326 343 499 180 336 395 538 399 730 462 192 550 697 261 0 528 395 638 285 598 343 278 531 581 561 820 736 278 263
632 320 331 242 438 162 564 188 375 385 534 705 416 92 670 187 452 625 581 107 312 417 19 757 740 713 343 744 452 389 574 268 871 194 613 620 146 232 164 290 168 419 623 181 789 528 0 583 718 607 253 864 796 39 559 541 353 571 326 438
648 449 914 754 865 639 197 728 379 324 520 580 259 579 167 764 906 806 101 481 870 279 567 478 485 307 399 478 737 304 1003 561 588 681 263 725 532 427 559 867 425 525 909 679 519 395 583 0 1005 140 471 513 460 559 232 218 936 420 279 176
429 1010 703 512 313 869 1115 841 629 1018 511 580 748 810 960 652 336 219 929 773 868 1025 711 754 727 878 1012 739 286 704 261 499 787 529 818 321 609 907 576 648 811 480 100 872 750 638 718 1005 0 919 950 863 826 753 1130 1109 725 1225 768 836
534 544 928 738 818 694 335 773 318 430 415 449 209 624 62 775 863 710 43 517 913 391 589 339 346 170 498 338 667 253 949 520 449 665 127 621 524 499 545 874 470 446 826 733 379 285 607 140 919 0 551 376 321 591 369 354 952 554 281 169
778 67 538 495 687 197 374 295 458 171 655 806 428 180 608 422 705 826 513 177 433 217 252 803 793 701 104 794 670 427 826 460 924 443 609 796 342 59 373 516 149 566 852 234 841 598 253 471 950 551 0 888 822 214 358 345 552 323 323 396
436 895 1136 903 896 990 711 1050 490 795 405 282 465 911 350 989 948 647 419 802 1175 760 844 119 146 206 855 136 705 479 994 667 105 841 281 544 736 830 742 1073 772 517 797 1024 113 343 864 513 863 376 888 0 67 862 745 731 1164 931 570 495
397 830 1071 841 841 923 657 983 424 732 350 248 397 843 302 924 893 608 363 734 1108 699 777 71 99 153 790 86 652 412 944 604 131 777 217 504 670 764 676 1009 705 457 755 957 88 278 796 460 826 321 822 67 0 795 690 675 1099 874 503 430
650 281 360 281 476 141 531 188 377 348 547 715 407 62 654 221 491 654 563 77 322 381 42 759 742 705 304 746 484 383 613 292 874 232 605 643 166 194 189 323 138 435 657 167 791 531 39 559 753 591 214 862 795 0 525 507 380 532 312 422
827 308 881 779 933 554 35 651 512 186 693 785 407 519 398 746 965 953 327 453 791 144 549 704 707 539 257 701 847 442 1077 642 817 711 484 887 569 341 602 848 392 663 1030 592 745 581 559 232 1130 369 358 745 690 525 0 21 898 190 362 319
806 298 864 759 912 540 31 637 490 173 672 766 386 503 386 729 945 931 312 435 778 129 531 687 690 525 246 684 825 420 1056 620 801 691 467 865 548 325 581 830 373 641 1008 578 728 561 541 218 1109 354 345 731 675 507 21 0 882 201 340 299
838 617 28 274 417 360 907 266 680 715 782 953 751 379 1015 178 389 740 930 457 183 753 369 1048 1026 1040 656 1033 563 715 486 498 1150 324 940 782 435 558 424 94 518 659 661 330 1073 820 353 936 725 952 552 1164 1099 380 898 882 0 871 672 786
969 256 859 811 991 511 226 607 640 207 835 947 552 504 588 745 1014 1068 511 477 733 207 567 882 883 725 228 878 939 578 1133 725 999 752 663 1015 627 340 661 839 425 783 1124 543 923 736 571 420 1225 554 323 931 874 532 190 201 871 0 481 474
489 345 648 474 592 426 347 498 159 283 357 490 105 350 343 496 631 593 257 241 634 273 308 480 470 396 316 470 486 106 733 290 601 401 298 534 254 264 280 597 203 304 668 463 518 278 326 279 768 281 323 570 503 312 362 340 672 481 0 113
507 400 762 585 689 526 295 604 207 305 374 472 90 454 231 610 730 645 143 347 743 278 420 422 418 305 360 415 563 132 827 385 543 511 214 572 365 340 390 711 301 357 738 564 462 263 438 176 836 169 396 495 430 422 319 299 786 474 113 0
0 12590
4930 5090
2440 2550
2160 2290
1580 1880
4160 4220
5630 5820
4200 4380
370 540
5130 5410
30 170
7730 7970
9650 9750
3850 3960
6400 6680
2170 2530
8510 8700
1200 1390
6340 6570
4490 4680
2780 2930
5870 5990
3750 3960
7000 7280
7010 7360
6800 7050
5190 5480
7350 7550
750 1070
360 530
