60
0 266 135 70 312 233 272 733 482 410 380 293 439 309 258 211 493 228 271 609 543 539 461 497 272 182 681 233 187 294 657 766 282 512 267 268 700 387 501 267 330 387 379 501 370 490 162 179 319 527 306 732 328 404 76 460 616 278 85 323
266 0 370 214 551 263 534 785 233 427 404 400 414 433 506 394 699 142 521 514 294 729 680 279 294 88 685 56 380 244 610 786 30 721 132 322 683 504 287 32 596 653 529 768 545 673 331 394 123 768 497 810 168 661 205 591 629 373 328 424
135 370 0 205 326 366 241 636 559 535 505 210 569 211 267 299 357 284 151 588 617 404 326 551 248 282 607 351 72 430 608 682 393 376 398 394 635 282 553 362 262 323 259 419 240 356 270 49 445 399 370 625 379 292 210 343 541 206 168 432
70 214 205 0 340 173 321 779 442 357 327 342 379 362 293 203 562 214 340 617 503 607 531 468 296 141 715 173 251 226 679 805 226 582 197 216 730 441 473 222 388 443 439 560 434 557 142 247 252 597 306 783 308 472 8 518 651 322 114 288
312 551 326 340 0 361 114 944 782 421 399 535 483 531 58 181 552 540 307 906 843 618 503 806 563 481 930 504 396 442 934 999 558 561 492 337 960 594 811 562 190 200 555 314 516 591 232 365 555 489 130 921 640 341 348 635 864 532 230 284
233 263 366 173 361 0 396 950 488 187 158 514 206 535 338 180 721 343 481 754 545 771 686 542 458 244 879 207 421 81 830 972 254 739 151 59 889 615 551 289 480 523 612 647 603 723 137 413 211 734 266 956 416 596 172 691 816 494 217 161
272 534 241 321 114 396 0 837 755 496 471 442 552 434 76 230 438 494 195 829 816 504 389 766 489 454 831 494 305 477 845 896 547 447 502 387 864 492 769 538 89 127 448 251 406 477 258 272 563 383 225 811 594 234 329 526 766 444 208 361
733 785 636 779 944 950 837 0 783 1136 1106 439 1152 427 889 932 481 645 646 413 803 426 526 700 499 736 150 814 564 983 285 96 815 493 897 995 199 353 691 755 802 848 389 866 432 408 894 589 908 640 1007 77 639 698 778 311 171 456 798 1056
482 233 559 442 782 488 755 783 0 628 610 506 598 543 735 627 835 275 707 415 61 848 828 94 382 302 652 287 544 448 542 755 235 858 339 545 631 593 105 220 807 867 638 975 671 791 564 568 292 934 730 828 192 849 433 678 612 479 555 649
410 427 535 357 421 187 496 1136 628 0 30 699 67 718 423 269 879 526 627 934 679 934 839 697 646 427 1067 373 596 183 1016 1160 410 895 296 142 1076 797 706 457 586 615 789 735 776 890 269 584 335 869 293 1140 590 723 358 871 1004 680 370 137
380 404 505 327 399 158 471 1106 610 30 0 669 83 688 399 242 849 499 598 908 662 904 810 676 617 400 1038 349 566 162 988 1130 388 866 275 112 1048 767 686 433 561 591 759 711 746 860 239 553 317 841 273 1110 566 695 328 840 975 650 340 116
293 400 210 342 535 514 442 439 506 699 669 0 719 36 476 496 330 262 286 402 554 343 330 464 123 328 397 411 138 557 403 476 430 354 486 557 425 105 461 376 440 498 133 567 166 285 454 170 512 448 577 441 315 405 342 191 331 27 361 616
439 414 569 379 483 206 552 1152 598 67 83 719 0 741 481 322 919 526 672 927 646 972 882 673 656 427 1074 364 626 173 1016 1170 392 937 281 176 1081 820 683 445 642 673 817 794 808 926 312 616 309 918 357 1161 581 774 378 897 1013 699 410 199
309 433 211 362 531 535 434 427 543 718 688 36 741 0 473 505 293 297 267 425 591 306 295 500 160 359 398 442 138 581 415 471 463 317 514 575 430 79 498 411 425 481 97 544 129 248 467 166 543 414 581 423 352 379 363 160 332 64 370 630
258 506 267 293 58 338 76 889 735 423 399 476 481 473 0 162 509 487 258 848 796 573 461 755 505 432 872 461 338 419 875 942 516 519 457 322 902 538 759 515 164 192 500 314 463 544 202 307 520 460 149 867 587 310 301 581 806 473 180 287
211 394 299 203 181 180 230 932 627 269 242 496 322 505 162 0 619 417 364 816 688 677 576 665 483 338 889 341 369 260 868 972 395 633 316 159 910 580 671 410 319 354 558 477 535 638 63 348 379 600 104 924 511 453 209 642 824 484 135 141
493 699 357 562 552 721 438 481 835 879 849 330 919 293 509 619 0 575 256 676 884 68 51 794 453 614 542 693 321 787 621 566 726 23 750 743 592 266 791 681 372 400 206 391 164 76 610 316 792 160 654 429 643 235 566 214 492 356 509 760
228 142 284 214 540 343 494 645 275 526 499 262 526 297 487 417 575 0 432 411 333 599 563 272 151 99 552 170 270 352 490 650 173 598 254 399 555 364 275 115 538 598 394 702 416 542 356 293 263 662 520 667 100 573 208 452 493 234 311 489
271 521 151 340 307 481 195 646 707 627 598 286 672 267 258 364 256 432 0 688 765 317 212 694 369 432 652 499 171 553 682 710 543 270 538 495 689 310 695 513 160 214 259 284 213 285 359 142 590 256 399 617 523 141 347 334 588 296 264 505
609 514 588 617 906 754 829 413 415 934 908 402 927 425 848 816 676 411 688 0 418 656 696 322 343 509 265 563 528 754 134 360 538 697 646 811 229 415 311 482 839 899 479 969 533 607 759 562 630 823 914 477 346 804 612 464 251 392 693 900
543 294 617 503 843 545 816 803 61 679 662 554 646 591 796 688 884 333 765 418 0 895 879 103 430 363 667 347 600 502 550 769 294 907 395 602 642 636 112 281 868 927 684 1034 720 838 625 624 345 988 791 853 244 906 495 720 632 528 616 707
539 729 404 607 618 771 504 426 848 934 904 343 972 306 573 677 68 599 317 656 895 0 119 801 466 647 499 728 359 833 588 514 757 69 789 795 551 261 797 709 440 468 210 456 183 57 664 359 828 215 717 369 658 303 611 192 454 370 563 818
461 680 326 531 503 686 389 526 828 839 810 330 882 295 461 576 51 563 212 696 879 119 0 793 450 594 578 670 299 754 649 607 706 58 723 705 626 281 791 665 321 349 217 343 167 117 570 289 768 127 608 476 636 184 536 243 525 354 472 718
497 279 551 468 806 542 766 700 94 697 676 464 673 500 755 665 794 272 694 322 103 801 793 0 343 327 565 336 525 514 450 667 290 818 401 601 541 541 11 256 809 870 592 971 630 744 601 552 363 906 769 749 173 834 460 622 529 439 576 704
272 294 248 296 563 458 489 499 382 646 617 123 656 160 505 483 453 151 369 343 430 466 450 343 0 236 420 316 198 485 384 514 325 476 398 509 433 217 341 267 508 568 256 654 289 409 431 230 413 563 577 518 192 502 294 305 358 97 354 584
182 88 282 141 481 244 454 736 302 427 400 328 427 359 432 338 614 99 432 509 363 647 594 327 236 0 649 83 294 253 589 746 112 636 161 302 653 433 333 84 511 569 452 682 464 592 275 306 184 679 442 754 175 572 133 519 589 302 252 395
681 685 607 715 930 879 831 150 652 1067 1038 397 1074 398 872 889 542 552 652 265 667 499 578 565 420 649 0 721 535 902 135 103 714 558 806 929 55 341 555 653 812 864 395 903 448 466 843 565 808 702 974 221 528 732 713 337 65 406 755 1001
233 56 351 173 504 207 494 814 287 373 349 411 364 442 461 341 693 170 499 563 347 728 670 336 316 83 721 0 372 191 654 820 54 715 85 265 723 516 344 83 561 616 535 733 545 673 278 381 101 751 443 835 217 636 165 603 663 385 286 368
187 380 72 251 396 421 305 564 544 596 566 138 626 138 338 369 321 270 171 528 600 359 299 525 198 294 535 372 0 477 540 609 406 342 430 454 564 210 525 366 311 372 193 455 183 307 336 33 471 392 443 554 356 308 253 275 469 138 236 499
294 244 430 226 442 81 477 983 448 183 162 557 173 581 419 260 787 352 553 754 502 833 754 514 485 253 902 191 477 0 842 998 226 806 113 114 907 660 523 274 561 605 663 728 661 784 218 473 157 809 341 995 409 673 223 740 841 534 292 214
657 610 608 679 934 830 845 285 542 1016 988 403 1016 415 875 868 621 490 682 134 550 588 649 450 384 589 135 654 540 842 0 225 637 640 739 885 94 380 440 578 841 897 443 952 498 547 815 573 732 776 960 355 444 782 675 406 142 402 737 967
766 786 682 805 999 972 896 96 755 1160 1130 476 1170 471 942 972 566 650 710 360 769 514 607 667 514 746 103 820 609 998 225 0 815 579 905 1021 131 404 657 754 869 917 450 944 498 491 929 637 909 726 1052 173 630 774 804 379 157 488 837 1089
282 30 393 226 558 254 547 815 235 410 388 430 392 463 516 395 726 173 543 538 294 757 706 290 325 112 714 54 406 226 637 815 0 748 113 312 711 534 298 60 612 668 558 784 573 701 333 419 94 792 497 840 193 682 217 621 658 403 340 416
512 721 376 582 561 739 447 493 858 895 866 354 937 317 519 633 23 598 270 697 907 69 58 818 476 636 558 715 342 806 640 579 748 0 771 760 609 289 815 704 378 403 229 387 187 93 626 336 813 147 666 438 666 237 586 234 509 379 526 775
267 132 398 197 492 151 502 897 339 296 275 486 281 514 457 316 750 254 538 646 395 789 723 401 398 161 806 85 430 113 739 905 113 771 0 207 808 591 411 163 577 628 604 750 609 736 259 434 62 794 412 915 299 670 191 675 748 461 297 311
268 322 394 216 337 59 387 995 545 142 112 557 176 575 322 159 743 399 495 811 602 795 705 601 509 302 929 265 454 114 885 1021 312 760 207 0 941 654 610 348 475 513 647 636 634 750 136 442 263 744 227 998 474 601 217 728 866 538 233 104
700 683 635 730 960 889 864 199 631 1076 1048 425 1081 430 902 910 592 555 689 229 642 551 626 541 433 653 55 723 564 907 94 131 711 609 808 941 0 379 531 651 850 903 436 947 490 516 861 595 806 752 998 273 521 775 727 384 103 430 777 1017
387 504 282 441 594 615 492 353 593 797 767 105 820 79 538 580 266 364 310 415 636 261 281 541 217 433 341 516 210 660 380 404 534 289 591 654 379 0 536 479 471 524 64 572 119 206 544 235 617 408 653 345 406 401 442 88 277 131 446 707
501 287 553 473 811 551 769 691 105 706 686 461 683 498 759 671 791 275 695 311 112 797 791 11 341 333 555 344 525 523 440 657 298 815 411 610 531 536 0 264 812 873 588 973 627 741 608 553 373 904 775 741 175 834 466 617 520 437 581 712
267 32 362 222 562 289 538 755 220 457 433 376 445 411 515 410 681 115 513 482 281 709 665 256 267 84 653 83 366 274 578 754 60 704 163 348 651 479 264 0 596 654 507 767 525 653 347 382 155 756 514 781 136 654 213 567 598 349 335 449
330 596 262 388 190 480 89 802 807 586 561 440 642 425 164 319 372 538 160 839 868 440 321 809 508 511 812 561 311 561 841 869 612 378 577 475 850 471 812 596 0 61 419 172 371 421 344 278 637 299 312 769 636 151 396 491 749 447 280 451
387 653 323 443 200 523 127 848 867 615 591 498 673 481 192 354 400 598 214 899 927 468 349 870 568 569 864 616 372 605 897 917 668 403 628 513 903 524 873 654 61 0 469 123 419 456 386 338 689 304 329 810 697 166 451 538 801 506 332 478
379 529 259 439 555 612 448 389 638 789 759 133 817 97 500 558 206 394 259 479 684 210 217 592 256 452 395 535 193 663 443 450 558 229 604 647 436 64 588 507 419 469 0 511 55 153 529 210 636 343 623 368 448 340 441 83 334 160 428 691
501 768 419 560 314 647 251 866 975 735 711 567 794 544 314 477 391 702 284 969 1034 456 343 971 654 682 903 733 455 728 952 944 784 387 750 636 947 572 973 767 172 123 511 0 456 460 509 424 809 255 445 819 798 171 568 567 844 580 452 597
370 545 240 434 516 603 406 432 671 776 746 166 808 129 463 535 164 416 213 533 720 183 167 630 289 464 448 545 183 661 498 498 573 187 609 634 490 119 627 525 371 419 55 456 0 127 511 192 646 291 593 404 479 285 437 120 387 192 408 671
490 673 356 557 591 723 477 408 791 890 860 285 926 248 544 638 76 542 285 607 838 57 117 744 409 592 466 673 307 784 547 491 701 93 736 750 516 206 741 653 421 456 153 460 127 0 621 310 774 236 684 359 601 296 560 142 416 312 519 778
162 331 270 142 232 137 258 894 564 269 239 454 312 467 202 63 610 356 359 759 625 664 570 601 431 275 843 278 336 218 815 929 333 626 259 136 861 544 608 347 344 386 529 509 511 621 0 319 322 607 167 890 448 465 148 612 778 440 102 162
179 394 49 247 365 413 272 589 568 584 553 170 616 166 307 348 316 293 142 562 624 359 289 552 230 306 565 381 33 473 573 637 419 336 434 442 595 235 553 382 278 338 210 424 192 310 319 0 478 373 417 576 382 281 251 293 499 172 218 481
319 123 445 252 555 211 563 908 292 335 317 512 309 543 520 379 792 263 590 630 345 828 768 363 413 184 808 101 471 157 732 909 94 813 62 263 806 617 373 155 637 689 636 809 646 774 322 478 0 844 474 931 287 724 245 703 753 486 357 367
527 768 399 597 489 734 383 640 934 869 841 448 918 414 460 600 160 662 256 823 988 215 127 906 563 679 702 751 392 809 776 726 792 147 794 744 752 408 904 756 299 304 343 255 291 236 607 373 844 0 609 584 743 149 603 370 650 470 517 739
306 497 370 306 130 266 225 1007 730 293 273 577 357 581 149 104 654 520 399 914 791 717 608 769 577 442 974 443 443 341 960 1052 497 666 412 227 998 653 775 514 312 329 623 445 593 684 167 417 474 609 0 992 614 460 312 706 908 568 223 157
732 810 625 783 921 956 811 77 828 1140 1110 441 1161 423 867 924 429 667 617 477 853 369 476 749 518 754 221 835 554 995 355 173 840 438 915 998 273 345 741 781 769 810 368 819 404 359 890 576 931 584 992 0 673 655 783 286 227 461 791 1053
328 168 379 308 640 416 594 639 192 590 566 315 581 352 587 511 643 100 523 346 244 658 636 173 192 175 528 217 356 409 444 630 193 666 299 474 521 406 175 136 636 697 448 798 479 601 448 382 287 743 614 673 0 664 301 493 476 288 410 570
404 661 292 472 341 596 234 698 849 723 695 405 774 379 310 453 235 573 141 804 906 303 184 834 502 572 732 636 308 673 782 774 682 237 670 601 775 401 834 654 151 166 340 171 285 296 465 281 724 149 460 655 664 0 479 396 672 420 381 591
76 205 210 8 348 172 329 778 433 358 328 342 378 363 301 209 566 208 347 612 495 611 536 460 294 133 713 165 253 223 675 804 217 586 191 217 727 442 466 213 396 451 441 568 437 560 148 251 245 603 312 783 301 479 0 520 649 322 123 291
460 591 343 518 635 691 526 311 678 871 840 191 897 160 581 642 214 452 334 464 720 192 243 622 305 519 337 603 275 740 406 379 621 234 675 728 384 88 617 567 491 538 83 567 120 142 612 293 703 370 706 286 493 396 520 0 281 218 511 774
616 629 541 651 864 816 766 171 612 1004 975 331 1013 332 806 824 492 493 588 251 632 454 525 529 358 589 65 663 469 841 142 157 658 509 748 866 103 277 520 598 749 801 334 844 387 416 778 499 753 650 908 227 476 672 649 281 0 340 689 937
278 373 206 322 532 494 444 456 479 680 650 27 699 64 473 484 356 234 296 392 528 370 354 439 97 302 406 385 138 534 402 488 403 379 461 538 430 131 437 349 447 506 160 580 192 312 440 172 486 470 568 461 288 420 322 218 340 0 349 601
85 328 168 114 230 217 208 798 555 370 340 361 410 370 180 135 509 311 264 693 616 563 472 576 354 252 755 286 236 292 737 837 340 526 297 233 777 446 581 335 280 332 428 452 408 519 102 218 357 517 223 791 410 381 123 511 689 349 0 263
323 424 432 288 284 161 361 1056 649 137 116 616 199 630 287 141 760 489 505 900 707 818 718 704 584 395 1001 368 499 214 967 1089 416 775 311 104 1017 707 712 449 451 478 691 597 671 778 162 481 367 739 157 1053 570 591 291 774 937 601 263 0
0 12340
1210 1340
2980 3300
240 390
4580 4750
9670 9880
3710 3880
6420 6660
7300 7510
780 930
8150 8340
1930 2060
790 990
1860 2150
4310 4370
8460 8560
2510 2630
1520 1830
3280 3370
6860 7040
11550 11790
2530 2780
2550 2600
7250 7320
1850 2000
1400 1590
6310 6470
1240 1290
2900 3200
990 1150
# scale factor = 10
