21
0 60 61 77 59 69 53 53 81 54 29 45 82 90 47 52 58 53 38 24 62
60 0 63 100 30 98 7 70 77 85 31 76 38 86 89 73 92 29 47 47 77
61 63 0 38 35 40 60 14 20 34 51 30 51 29 44 19 40 34 24 37 15
77 100 38 0 73 10 96 30 39 23 81 32 89 38 35 29 22 71 54 63 23
59 30 35 73 0 74 29 45 47 64 34 56 23 56 70 49 71 6 28 36 50
69 98 40 10 74 0 93 29 45 15 76 25 91 46 25 25 12 71 51 57 25
53 7 60 96 29 93 0 66 76 80 24 71 42 85 82 68 87 27 42 40 73
53 70 14 30 45 29 66 0 30 20 51 16 64 37 30 5 26 42 24 34 9
81 77 20 39 47 45 76 30 0 45 70 46 55 9 58 35 51 49 44 57 24
54 85 34 23 64 15 80 20 45 0 62 10 83 50 14 15 7 60 38 43 21
29 31 51 81 34 76 24 51 70 62 0 52 56 79 61 52 68 28 27 19 59
45 76 30 32 56 25 71 16 46 10 52 0 77 51 15 11 16 52 29 33 22
82 38 51 89 23 91 42 64 55 83 56 77 0 62 92 68 90 29 51 59 66
90 86 29 38 56 46 85 37 9 50 79 51 62 0 63 40 53 58 53 66 29
47 89 44 35 70 25 82 30 58 14 61 15 92 63 0 25 13 66 43 42 34
52 73 19 29 49 25 68 5 35 15 52 11 68 40 25 0 22 46 26 34 11
58 92 40 22 71 12 87 26 51 7 68 16 90 53 13 22 0 67 45 49 27
53 29 34 71 6 71 27 42 49 60 28 52 29 58 66 46 67 0 23 30 48
38 47 24 54 28 51 42 24 44 38 27 29 51 53 43 26 45 23 0 14 32
24 47 37 63 36 57 40 34 57 43 19 33 59 66 42 34 49 30 14 0 43
62 77 15 23 50 25 73 9 24 21 59 22 66 29 34 11 27 48 32 43 0
0 640
141 332
168 271
68 254
442 640
336 567
162 345
383 616
176 444
398 517
337 622
26 282
58 336
148 348
396 530
364 494
448 640
327 434
65 321
318 534
318 598
