21
0 50 59 24 17 29 28 47 55 34 36 30 62 46 57 13 34 20 29 28 47
50 0 33 29 56 34 46 13 5 84 86 71 15 75 45 37 37 70 79 76 10
59 33 0 48 72 30 39 44 34 83 85 87 25 97 16 49 63 78 83 87 23
24 29 48 0 27 27 36 23 34 58 60 42 43 49 53 11 17 42 53 47 29
17 56 72 27 0 44 45 48 61 43 44 15 70 29 72 23 27 19 32 20 56
29 34 30 27 44 0 12 39 39 54 56 59 40 72 28 22 44 48 53 57 26
28 46 39 36 45 12 0 51 51 44 46 58 52 74 31 27 53 44 46 55 38
47 13 44 23 48 39 51 0 15 81 83 62 27 63 56 34 25 65 76 68 21
55 5 34 34 61 39 51 15 0 89 91 76 12 78 48 42 40 75 84 81 13
34 84 83 58 43 54 44 81 89 0 2 43 93 63 75 47 68 24 11 31 78
36 86 85 60 44 56 46 83 91 2 0 44 95 64 77 49 70 25 12 32 80
30 71 87 42 15 59 58 62 76 43 44 0 85 20 87 38 38 20 32 12 71
62 15 25 43 70 40 52 27 12 93 95 85 0 90 40 49 52 82 90 89 15
46 75 97 49 29 72 74 63 78 63 64 20 90 0 100 50 38 40 52 32 78
57 45 16 53 72 28 31 56 48 75 77 87 40 100 0 50 70 75 77 85 35
13 37 49 11 23 22 27 34 42 47 49 38 49 50 50 0 26 33 42 40 34
34 37 63 17 27 44 53 25 40 68 70 38 52 38 70 26 0 46 59 47 41
20 70 78 42 19 48 44 65 75 24 25 20 82 40 75 33 46 0 13 11 67
29 79 83 53 32 53 46 76 84 11 12 32 90 52 77 42 59 13 0 20 75
28 76 87 47 20 57 55 68 81 31 32 12 89 32 85 40 47 11 20 0 74
47 10 23 29 56 26 38 21 13 78 80 71 15 78 35 34 41 67 75 74 0
0 1108
921 1024
888 962
286 394
522 584
837 976
725 822
764 878
74 155
679 805
277 369
426 591
597 759
474 625
919 987
767 845
404 497
243 339
838 989
462 562
136 205
