21
0 41 32 42 49 33 32 31 28 62 63 44 46 28 22 54 30 63 56 62 56
41 0 11 40 57 73 38 20 14 30 47 73 50 38 30 60 70 60 37 21 19
32 11 0 43 59 63 39 22 4 41 42 62 40 27 19 63 62 52 32 30 24
42 40 43 0 17 72 10 21 41 34 85 86 80 63 53 20 57 94 75 57 59
49 57 59 17 0 73 20 37 56 51 100 92 92 74 64 5 53 108 91 74 76
33 73 63 72 73 0 62 64 59 95 81 27 57 45 46 78 23 74 77 93 86
32 38 39 10 20 62 0 18 36 41 80 76 72 54 44 25 47 88 71 58 57
31 20 22 21 37 64 18 0 20 31 64 73 60 43 33 41 56 73 54 40 39
28 14 4 41 56 59 36 20 0 43 44 59 40 25 16 61 58 53 35 34 28
62 30 41 34 51 95 41 31 43 0 76 102 80 68 59 51 86 90 66 32 39
63 47 42 85 100 81 80 64 44 76 0 64 25 36 41 105 91 18 10 46 37
44 73 62 86 92 27 76 73 59 102 64 0 39 36 43 97 50 52 65 90 81
46 50 40 80 92 57 72 60 40 80 25 39 0 18 28 97 71 17 26 59 50
28 38 27 63 74 45 54 43 25 68 36 36 18 0 10 79 55 35 32 54 45
22 30 19 53 64 46 44 33 16 59 41 43 28 10 0 69 51 44 34 48 40
54 60 63 20 5 78 25 41 61 51 105 97 97 79 69 0 58 113 95 77 79
30 70 62 57 53 23 47 56 58 86 91 50 71 55 51 58 0 88 85 91 86
63 60 52 94 108 74 88 73 53 90 18 52 17 35 44 113 88 0 26 63 54
56 37 32 75 91 77 71 54 35 66 10 65 26 32 34 95 85 26 0 37 28
62 21 30 57 74 93 58 40 34 32 46 90 59 54 48 77 91 63 37 0 9
56 19 24 59 76 86 57 39 28 39 37 81 50 45 40 79 86 54 28 9 0
0 826
127 704
150 734
296 576
102 387
370 826
296 545
39 391
200 550
250 630
79 516
129 590
135 474
125 359
300 704
253 688
232 619
359 671
124 426
221 743
169 499
