21
0 63 84 24 66 92 19 78 42 79 97 63 15 55 63 39 48 55 80 69 44
63 0 67 64 5 65 55 83 73 35 69 44 77 42 27 35 36 17 73 6 21
84 67 0 64 72 14 93 27 54 37 18 24 97 31 93 49 39 81 12 70 57
24 64 64 0 69 75 42 54 18 68 80 48 34 40 74 30 36 64 58 70 43
66 5 72 69 0 69 58 88 78 39 74 49 81 47 24 40 41 16 78 3 26
92 65 14 75 69 0 99 41 67 31 5 29 107 37 92 55 45 81 26 67 60
19 55 93 42 58 99 0 92 60 79 104 70 27 62 48 44 54 43 92 61 42
78 83 27 54 88 41 92 0 37 62 45 40 88 41 105 55 48 93 15 88 67
42 73 54 18 78 67 60 37 0 68 71 45 51 39 88 38 39 77 45 79 53
79 35 37 68 39 31 79 62 68 0 35 24 94 29 62 40 32 52 48 36 37
97 69 18 80 74 5 104 45 71 35 0 34 112 42 96 60 50 86 30 71 65
63 44 24 48 49 29 70 40 45 24 34 0 78 8 69 26 16 57 29 48 33
15 77 97 34 81 107 27 88 51 94 112 78 0 70 75 54 63 69 92 83 59
55 42 31 40 47 37 62 41 39 29 42 8 70 0 65 18 8 53 33 47 27
63 27 93 74 24 92 48 105 88 62 96 69 75 65 0 52 57 12 98 27 38
39 35 49 30 40 55 44 55 38 40 60 26 54 18 52 0 10 40 50 41 15
48 36 39 36 41 45 54 48 39 32 50 16 63 8 57 10 0 45 41 42 19
55 17 81 64 16 81 43 93 77 52 86 57 69 53 12 40 45 0 86 19 26
80 73 12 58 78 26 92 15 45 48 30 29 92 33 98 50 41 86 0 77 60
69 6 70 70 3 67 61 88 79 36 71 48 83 47 27 41 42 19 77 0 27
44 21 57 43 26 60 42 67 53 37 65 33 59 27 38 15 19 26 60 27 0
0 1306
646 875
887 1091
2 356
401 581
992 1306
765 975
752 1073
604 924
801 1146
579 821
744 961
109 273
248 442
27 375
554 933
597 907
964 1246
890 1182
924 1100
389 583
