21
0 49 51 37 38 36 34 18 32 67 28 44 18 51 51 63 10 21 25 35 38
49 0 74 29 87 29 58 66 70 22 63 93 48 77 8 14 39 28 32 80 11
51 74 0 46 56 45 17 57 80 79 24 62 33 3 70 83 55 54 43 37 64
37 29 46 0 71 1 31 55 67 35 40 77 27 49 24 37 32 21 12 59 19
38 87 56 71 0 70 50 23 42 104 36 6 44 53 89 101 48 59 59 19 76
36 29 45 1 70 0 30 54 67 36 39 76 26 48 25 38 32 21 11 58 20
34 58 17 31 50 30 0 45 66 66 14 56 16 19 55 68 38 37 26 33 47
18 66 57 55 23 54 45 0 23 85 33 28 32 57 69 80 27 39 43 30 56
32 70 80 67 42 67 66 23 0 91 56 43 50 80 75 84 35 47 56 53 62
67 22 79 35 104 36 66 85 91 0 75 110 61 82 16 13 58 46 45 94 29
28 63 24 40 36 39 14 33 56 75 0 42 15 24 63 76 35 37 31 19 52
44 93 62 77 6 76 56 28 43 110 42 0 50 59 95 107 54 65 65 25 82
18 48 33 27 44 26 16 32 50 61 15 50 0 34 48 61 22 22 16 33 37
51 77 3 49 53 48 19 57 80 82 24 59 34 0 73 86 56 56 45 34 66
51 8 70 24 89 25 55 69 75 16 63 95 48 73 0 13 42 30 32 81 13
63 14 83 37 101 38 68 80 84 13 76 107 61 86 13 0 53 42 45 94 25
10 39 55 32 48 32 38 27 35 58 35 54 22 56 42 53 0 12 21 45 29
21 28 54 21 59 21 37 39 47 46 37 65 22 56 30 42 12 0 12 53 17
25 32 43 12 59 11 26 43 56 45 31 65 16 45 32 45 21 12 0 49 21
35 80 37 59 19 58 33 30 53 94 19 25 33 34 81 94 45 53 49 0 69
38 11 64 19 76 20 47 56 62 29 52 82 37 66 13 25 29 17 21 69 0
0 1847
289 505
198 371
636 881
958 1138
1295 1387
513 740
244 337
98 221
898 1041
454 552
609 752
1428 1526
118 252
472 662
141 396
969 1128
1114 1224
454 663
751 937
178 443
