21
0 16 71 43 34 44 56 57 55 30 31 42 49 90 4 91 83 64 13 97 49
16 0 61 54 40 31 54 56 67 18 19 52 64 96 15 97 90 73 21 101 48
71 61 0 74 55 37 30 34 84 43 42 70 94 75 73 79 82 75 61 70 33
43 54 74 0 21 70 46 44 13 57 58 4 20 53 47 52 42 23 33 65 41
34 40 55 21 0 50 29 28 33 37 38 17 39 56 38 57 50 33 21 63 22
44 31 37 70 50 0 45 49 83 14 13 67 85 94 45 97 95 81 41 94 41
56 54 30 46 29 45 0 4 55 41 41 42 66 50 59 53 53 45 43 49 7
57 56 34 44 28 49 4 0 52 44 43 40 64 46 60 49 49 41 44 45 8
55 67 84 13 33 83 55 52 0 70 71 16 19 49 59 47 35 18 46 62 51
30 18 43 57 37 14 41 44 70 0 1 54 71 88 31 90 86 70 27 89 36
31 19 42 58 38 13 41 43 71 1 0 55 72 88 32 91 87 71 28 88 35
42 52 70 4 17 67 42 40 16 54 55 0 24 51 46 51 41 22 31 62 37
49 64 94 20 39 85 66 64 19 71 72 24 0 68 52 66 53 37 44 81 61
90 96 75 53 56 94 50 46 49 88 88 51 68 0 94 4 16 31 77 15 53
4 15 73 47 38 45 59 60 59 31 32 46 52 94 0 95 87 68 17 101 52
91 97 79 52 57 97 53 49 47 90 91 51 66 4 95 0 13 30 78 19 56
83 90 82 42 50 95 53 49 35 86 87 41 53 16 87 13 0 19 70 31 54
64 73 75 23 33 81 45 41 18 70 71 22 37 31 68 30 19 0 52 44 43
13 21 61 33 21 41 43 44 46 27 28 31 44 77 17 78 70 52 0 84 36
97 101 70 65 63 94 49 45 62 89 88 62 81 15 101 19 31 44 84 0 53
49 48 33 41 22 41 7 8 51 36 35 37 61 53 52 56 54 43 36 53 0
0 1108
961 1108
36 155
833 958
986 1108
600 756
787 865
58 196
959 1019
337 445
612 759
903 988
939 1001
324 391
655 798
220 337
114 257
855 939
392 511
430 556
624 706
