21
0 61 39 51 61 55 42 39 58 30 43 28 34 51 37 58 25 30 54 23 53
61 0 84 35 22 34 37 82 81 34 56 33 50 14 24 45 80 87 7 70 26
39 84 0 86 72 90 78 75 96 50 82 59 73 80 67 96 18 21 79 60 63
51 35 86 0 53 4 9 54 47 41 24 27 22 21 23 12 75 81 28 47 52
61 22 72 53 0 53 53 91 96 31 71 40 63 32 34 64 74 81 25 77 9
55 34 90 4 53 0 13 58 49 43 27 31 26 21 25 11 79 85 28 51 54
42 37 78 9 53 13 0 46 44 36 19 20 14 23 19 18 66 72 30 38 50
39 82 75 54 91 58 46 0 25 63 31 51 32 68 59 53 57 58 75 16 86
58 81 96 47 96 49 44 25 0 73 25 57 33 67 62 41 79 81 74 36 92
30 34 50 41 31 43 36 63 73 0 49 16 40 30 18 53 46 53 29 47 23
43 56 82 24 71 27 19 31 25 49 0 33 9 42 37 22 67 71 49 28 68
28 33 59 27 40 31 20 51 57 16 33 0 24 23 9 38 50 56 26 37 35
34 50 73 22 63 26 14 32 33 40 9 24 0 36 29 25 59 64 43 25 59
51 14 80 21 32 21 23 68 67 30 42 23 36 0 14 32 73 79 7 57 33
37 24 67 23 34 25 19 59 62 18 37 9 29 14 0 35 59 65 17 46 31
58 45 96 12 64 11 18 53 41 53 22 38 25 32 35 0 83 88 39 50 64
25 80 18 75 74 79 66 57 79 46 67 50 59 73 59 83 0 7 74 43 65
30 87 21 81 81 85 72 58 81 53 71 56 64 79 65 88 7 0 81 45 72
54 7 79 28 25 28 30 75 74 29 49 26 43 7 17 39 74 81 0 63 27
23 70 60 47 77 51 38 16 36 47 28 37 25 57 46 50 43 45 63 0 70
53 26 63 52 9 54 50 86 92 23 68 35 59 33 31 64 65 72 27 70 0
0 692
254 478
254 459
125 504
32 420
342 512
208 415
177 470
231 623
275 653
254 492
174 353
31 373
291 437
265 562
61 459
394 544
124 484
112 365
277 562
74 318
