21
0 80 85 26 15 81 71 38 37 14 74 64 10 79 28 60 61 18 17 35 58
80 0 49 86 65 2 17 50 63 81 16 16 73 1 97 73 20 75 82 45 56
85 49 0 74 73 47 62 76 50 93 33 46 83 48 111 41 54 91 77 55 94
26 86 74 0 31 86 81 57 24 40 74 70 35 85 53 39 69 44 9 41 80
15 65 73 31 0 66 56 26 30 20 59 49 10 64 38 54 46 18 23 20 49
81 2 47 86 66 0 19 51 63 82 15 17 74 2 98 72 21 76 83 46 58
71 17 62 81 56 19 0 37 62 69 29 17 62 17 85 78 12 63 77 40 39
38 50 76 57 26 51 37 0 48 33 52 37 28 49 48 71 30 26 49 24 24
37 63 50 24 30 63 62 48 0 49 50 48 39 62 65 24 50 48 27 25 72
14 81 93 40 20 82 69 33 49 0 78 66 10 80 18 73 61 7 31 40 49
74 16 33 74 59 15 29 52 50 78 0 15 69 15 95 57 23 73 74 39 64
64 16 46 70 49 17 17 37 48 66 15 0 57 15 82 61 8 60 66 29 49
10 73 83 35 10 74 62 28 39 10 69 57 0 72 28 63 53 9 26 30 48
79 1 48 85 64 2 17 49 62 80 15 15 72 0 96 72 19 74 81 44 56
28 97 111 53 38 98 85 48 65 18 95 82 28 96 0 88 77 22 44 58 58
60 73 41 39 54 72 78 71 24 73 57 61 63 72 88 0 66 72 46 47 94
61 20 54 69 46 21 12 30 50 61 23 8 53 19 77 66 0 55 65 28 41
18 75 91 44 18 76 63 26 48 7 73 60 9 74 22 72 55 0 35 36 42
17 82 77 9 23 83 77 49 27 31 74 66 26 81 44 46 65 35 0 37 72
35 45 55 41 20 46 40 24 25 40 39 29 30 44 58 47 28 36 37 0 47
58 56 94 80 49 58 39 24 72 49 64 49 48 56 58 94 41 42 72 47 0
0 826
341 615
259 826
372 652
261 826
59 577
171 691
214 591
52 458
323 826
274 792
174 641
230 579
147 562
293 555
42 398
146 625
186 795
237 589
123 391
177 439
