21
0 31 48 49 39 31 75 40 70 96 40 70 29 29 36 29 58 21 81 72 26
31 0 29 53 36 4 47 26 39 66 24 39 26 2 13 5 27 51 50 41 36
48 29 0 81 64 25 67 8 37 78 53 43 54 29 16 33 32 62 42 49 32
49 53 81 0 18 56 62 77 84 84 33 80 27 52 65 48 72 63 95 76 74
39 36 64 18 0 39 48 61 66 70 15 62 11 35 48 31 54 57 77 59 61
31 4 25 56 39 0 51 22 40 69 28 40 29 4 9 8 28 50 50 43 32
75 47 67 62 48 51 0 69 41 22 36 33 49 49 56 47 36 96 49 25 83
40 26 8 77 61 22 69 0 43 82 50 48 50 26 13 30 36 54 49 53 24
70 39 37 84 66 40 41 43 0 44 51 8 60 41 37 43 12 90 11 16 67
96 66 78 84 70 69 22 82 44 0 58 37 71 68 72 67 46 117 48 29 101
40 24 53 33 15 28 36 50 51 58 0 47 13 24 37 20 39 61 62 44 56
70 39 43 80 62 40 33 48 8 37 47 0 58 41 39 43 12 90 17 8 69
29 26 54 27 11 29 49 50 60 71 13 58 0 25 38 21 48 49 71 56 50
29 2 29 52 35 4 49 26 41 68 24 41 25 0 13 4 29 49 52 43 34
36 13 16 65 48 9 56 13 37 72 37 39 38 13 0 17 27 54 45 44 30
29 5 33 48 31 8 47 30 43 67 20 43 21 4 17 0 31 50 54 44 37
58 27 32 72 54 28 36 36 12 46 39 12 48 29 27 31 0 78 23 17 57
21 51 62 63 57 50 96 54 90 117 61 90 49 49 54 50 78 0 99 92 31
81 50 42 95 77 50 49 49 11 48 62 17 71 52 45 54 23 99 0 24 73
72 41 49 76 59 43 25 53 16 29 44 8 56 43 44 44 17 92 24 0 74
26 36 32 74 61 32 83 24 67 101 56 69 50 34 30 37 57 31 73 74 0
0 1847
1200 1326
436 700
644 754
309 474
178 433
1253 1357
865 1059
894 1119
19 128
371 573
552 709
941 1105
1250 1413
492 763
693 921
543 692
1554 1676
1451 1544
1137 1326
78 311
