21
0 78 81 81 59 58 59 50 49 63 53 77 81 74 75 73 77 46 78 76 77
78 0 72 43 63 27 21 60 39 62 26 18 14 10 5 73 9 75 24 7 40
81 72 0 31 22 83 56 31 87 18 73 88 84 80 75 9 79 38 94 77 32
81 43 31 0 34 60 33 38 66 29 51 61 57 53 48 35 52 53 67 50 4
59 63 22 34 0 67 43 9 69 5 57 76 74 68 65 14 69 20 82 67 32
58 27 83 60 67 0 27 61 12 68 10 19 24 18 22 80 21 73 20 21 56
59 21 56 33 43 27 0 39 33 43 18 33 31 25 22 55 26 54 39 24 29
50 60 31 38 9 61 39 0 62 13 51 72 70 64 61 23 65 16 78 63 35
49 39 87 66 69 12 33 62 0 70 15 30 36 30 34 82 33 71 30 33 62
63 62 18 29 5 68 43 13 70 0 58 76 73 68 64 12 68 25 82 66 28
53 26 73 51 57 10 18 51 15 58 0 25 28 21 23 70 24 63 28 23 47
77 18 88 61 76 19 33 72 30 76 25 0 6 8 13 88 9 86 6 11 57
81 14 84 57 74 24 31 70 36 73 28 6 0 7 9 84 5 85 12 7 53
74 10 80 53 68 18 25 64 30 68 21 8 7 0 5 80 3 79 14 3 49
75 5 75 48 65 22 22 61 34 64 23 13 9 5 0 75 4 76 19 2 44
73 73 9 35 14 80 55 23 82 12 70 88 84 80 75 0 79 29 94 77 35
77 9 79 52 69 21 26 65 33 68 24 9 5 3 4 79 0 80 15 2 48
46 75 38 53 20 73 54 16 71 25 63 86 85 79 76 29 80 0 91 78 51
78 24 94 67 82 20 39 78 30 82 28 6 12 14 19 94 15 91 0 17 63
76 7 77 50 67 21 24 63 33 66 23 11 7 3 2 77 2 78 17 0 46
77 40 32 4 32 56 29 35 62 28 47 57 53 49 44 35 48 51 63 46 0
0 800
228 489
172 434
137 366
307 511
254 419
68 419
488 664
138 334
156 356
108 418
198 460
445 610
296 578
30 350
298 565
538 771
177 304
246 594
281 480
489 800
