21
0 37 35 45 52 5 34 51 2 62 30 23 57 15 52 52 48 21 13 27 32
37 0 62 81 77 34 16 75 36 91 39 60 93 51 59 89 27 29 39 44 59
35 62 0 31 17 40 66 16 37 83 65 34 60 25 32 55 81 33 24 19 3
45 81 31 0 38 50 79 39 47 63 69 26 31 30 63 26 93 56 43 47 32
52 77 17 38 0 57 83 3 54 97 82 50 69 42 33 64 98 48 41 33 20
5 34 40 50 57 0 30 56 3 60 25 26 59 20 57 55 43 24 18 32 37
34 16 66 79 83 30 0 82 32 78 24 56 87 49 71 83 15 36 42 51 63
51 75 16 39 3 56 82 0 53 98 81 50 70 41 30 65 97 46 40 31 19
2 36 37 47 54 3 32 53 0 61 28 24 58 17 54 53 46 22 15 29 34
62 91 83 63 97 60 78 98 61 0 54 49 38 61 111 39 83 83 73 86 82
30 39 65 69 82 25 24 81 28 54 0 43 69 44 81 65 29 46 43 57 62
23 60 34 26 50 26 56 50 24 49 43 0 34 13 63 29 69 41 28 39 33
57 93 60 31 69 59 87 70 58 38 69 34 0 46 92 5 98 74 61 71 60
15 51 25 30 42 20 49 41 17 61 44 13 46 0 50 41 63 28 15 26 22
52 59 32 63 33 57 71 30 54 111 81 63 92 50 0 87 85 35 39 25 32
52 89 55 26 64 55 83 65 53 39 65 29 5 41 87 0 94 69 56 66 55
48 27 81 93 98 43 15 97 46 83 29 69 98 63 85 94 0 51 57 66 78
21 29 33 56 48 24 36 46 22 83 46 41 74 28 35 69 51 0 13 15 30
13 39 24 43 41 18 42 40 15 73 43 28 61 15 39 56 57 13 0 14 21
27 44 19 47 33 32 51 31 29 86 57 39 71 26 25 66 66 15 14 0 16
32 59 3 32 20 37 63 19 34 82 62 33 60 22 32 55 78 30 21 16 0
0 692
43 408
320 612
261 597
387 579
331 609
269 617
124 520
365 521
98 415
150 372
32 428
194 519
56 436
223 522
156 415
203 583
371 592
143 523
411 607
229 537
