21
0 73 35 27 56 19 52 27 55 44 35 38 32 49 29 37 21 55 27 25 36
73 0 103 51 23 90 24 94 94 109 62 40 51 78 77 70 80 32 72 52 41
35 103 0 52 82 16 79 9 41 10 46 73 67 80 60 70 23 90 33 60 62
27 51 52 0 31 40 27 43 51 58 18 28 31 61 47 49 29 45 22 24 10
56 23 82 31 0 71 5 73 71 87 39 33 43 75 66 64 59 37 50 40 21
19 90 16 40 71 0 67 10 47 26 40 57 51 64 44 54 16 74 27 44 50
52 24 79 27 5 67 0 70 71 85 38 28 38 70 61 59 56 33 48 35 17
27 94 9 43 73 10 70 0 38 17 37 64 59 74 54 64 14 82 24 52 53
55 94 41 51 71 47 71 38 0 36 33 79 78 104 84 92 34 95 30 71 56
44 109 10 58 87 26 85 17 36 0 50 81 76 90 70 80 29 99 37 69 68
35 62 46 18 39 40 38 37 33 50 0 46 49 78 62 66 24 62 13 42 23
38 40 73 28 33 57 28 64 79 81 46 0 11 42 37 32 52 18 50 13 25
32 51 67 31 43 51 38 59 78 76 49 11 0 32 26 21 49 25 48 7 31
49 78 80 61 75 64 70 74 104 90 78 42 32 0 20 12 70 47 74 37 63
29 77 60 47 66 44 61 54 84 70 62 37 26 20 0 11 50 49 56 26 51
37 70 70 49 64 54 59 64 92 80 66 32 21 12 11 0 58 40 62 26 52
21 80 23 29 59 16 56 14 34 29 24 52 49 70 50 58 0 70 11 42 39
55 32 90 45 37 74 33 82 95 99 62 18 25 47 49 40 70 0 67 30 39
27 72 33 22 50 27 48 24 30 37 13 50 48 74 56 62 11 67 0 41 31
25 52 60 24 40 44 35 52 71 69 42 13 7 37 26 26 42 30 41 0 26
36 41 62 10 21 50 17 53 56 68 23 25 31 63 51 52 39 39 31 26 0
0 783
228 360
585 705
469 699
275 461
418 600
335 513
440 656
110 330
428 569
366 579
577 745
10 181
355 492
251 449
411 621
357 490
275 408
583 776
186 287
185 358
