21
0 22 47 63 57 24 36 84 48 59 39 55 58 32 83 52 41 49 12 93 40
22 0 56 47 37 5 21 77 50 57 55 64 66 45 67 51 27 35 27 84 56
47 56 0 62 70 61 77 54 15 27 18 8 11 18 75 22 47 48 35 63 19
63 47 62 0 19 50 60 42 47 41 74 68 63 64 20 41 22 15 59 47 75
57 37 70 19 0 38 44 61 57 55 78 78 74 68 35 53 23 24 58 66 79
24 5 61 50 38 0 16 81 55 62 59 69 71 50 70 56 31 39 31 88 60
36 21 77 60 44 16 0 95 71 78 74 85 87 65 79 72 45 53 46 102 75
84 77 54 42 61 81 95 0 41 27 72 55 47 67 39 34 50 42 75 9 73
48 50 15 47 57 55 71 41 0 14 31 21 17 26 60 7 34 34 36 50 32
59 57 27 41 55 62 78 27 14 0 45 31 24 40 50 7 35 31 48 36 46
39 55 18 74 78 59 74 72 31 45 0 21 29 10 90 38 55 59 28 81 1
55 64 8 68 78 69 85 55 21 31 21 0 8 24 81 28 55 55 43 64 22
58 66 11 63 74 71 87 47 17 24 29 8 0 29 74 22 51 51 46 56 30
32 45 18 64 68 50 65 67 26 40 10 24 29 0 82 33 45 49 20 76 11
83 67 75 20 35 70 79 39 60 50 90 81 74 82 0 53 42 34 79 39 91
52 51 22 41 53 56 72 34 7 7 38 28 22 33 53 0 31 29 41 43 39
41 27 47 22 23 31 45 50 34 35 55 55 51 45 42 31 0 8 37 57 56
49 35 48 15 24 39 53 42 34 31 59 55 51 49 34 29 8 0 45 49 60
12 27 35 59 58 31 46 75 36 48 28 43 46 20 79 41 37 45 0 84 29
93 84 63 47 66 88 102 9 50 36 81 64 56 76 39 43 57 49 84 0 82
40 56 19 75 79 60 75 73 32 46 1 22 30 11 91 39 56 60 29 82 0
0 495
13 197
108 242
48 196
6 312
164 445
172 495
69 212
36 383
155 356
123 329
248 417
162 495
227 365
96 241
115 329
137 463
120 292
144 408
79 267
84 281
