21
0 25 27 79 88 130 26 44 65 18 10 85 96 100 53 91 105 97 94 36 84
25 0 8 69 75 109 6 35 42 24 20 63 84 87 41 68 92 76 84 26 60
27 8 0 61 67 103 2 27 39 19 18 58 76 79 33 65 84 70 76 18 64
79 69 61 0 22 70 63 35 58 61 69 50 19 30 29 69 33 49 15 44 100
88 75 67 22 0 48 69 46 49 72 78 34 14 12 35 53 17 28 20 52 91
130 109 103 70 48 0 105 91 70 115 120 47 55 41 78 52 41 33 63 95 96
26 6 2 63 69 105 0 29 39 21 19 59 78 81 35 65 86 72 78 20 62
44 35 27 35 46 91 29 0 44 27 34 52 52 58 13 67 63 59 50 9 82
65 42 39 58 49 70 39 44 0 56 57 23 63 59 35 26 64 37 67 40 42
18 24 19 61 72 115 21 27 56 0 8 72 79 84 37 82 89 82 76 20 83
10 20 18 69 78 120 19 34 57 8 0 75 86 90 43 83 95 87 84 26 80
85 63 58 50 34 47 59 52 23 72 75 0 48 40 39 19 45 14 54 53 59
96 84 76 19 14 55 78 52 63 79 86 48 0 14 43 67 14 41 8 60 105
100 87 79 30 12 41 81 58 59 84 90 40 14 0 47 58 5 30 22 64 99
53 41 33 29 35 78 35 13 35 37 43 39 43 47 0 55 52 46 43 17 76
91 68 65 69 53 52 65 67 26 82 83 19 67 58 55 0 62 28 73 65 44
105 92 84 33 17 41 86 63 64 89 95 45 14 5 52 62 0 34 22 69 104
97 76 70 49 28 33 72 59 37 82 87 14 41 30 46 28 34 0 48 62 71
94 84 76 15 20 63 78 50 67 76 84 54 8 22 43 73 22 48 0 58 109
36 26 18 44 52 95 20 9 40 20 26 53 60 64 17 65 69 62 58 0 76
84 60 64 100 91 96 62 82 42 83 80 59 105 99 76 44 104 71 109 76 0
0 1306
925 1212
909 1081
981 1306
869 1000
451 839
488 662
1019 1257
55 242
668 1008
915 1294
428 605
720 1046
1001 1164
165 313
368 702
720 944
24 183
685 818
102 236
922 1274
