21
0 37 16 61 41 56 17 56 14 10 67 80 69 23 64 69 40 7 73 40 78
37 0 22 72 61 80 37 30 33 37 34 44 68 50 78 32 48 31 69 7 43
16 22 0 70 52 70 26 48 11 15 55 66 73 28 75 54 46 9 76 27 65
61 72 70 0 20 24 44 61 74 71 77 95 25 82 6 92 24 65 30 69 88
41 61 52 20 0 20 26 58 55 51 74 92 38 62 23 85 17 47 43 58 85
56 80 70 24 20 0 44 77 70 65 93 111 49 73 22 105 36 62 54 78 104
17 37 26 44 26 44 0 46 30 27 60 76 52 40 49 67 23 21 56 38 71
56 30 48 61 58 77 46 0 59 62 16 34 46 76 67 31 41 53 46 23 27
14 33 11 74 55 70 30 59 0 6 66 77 80 17 78 65 52 9 84 38 76
10 37 15 71 51 65 27 62 6 0 70 81 79 14 74 69 50 9 83 42 80
67 34 55 77 74 93 60 16 66 70 0 18 62 83 83 17 57 63 61 28 11
80 44 66 95 92 111 76 34 77 81 18 0 79 94 101 13 75 75 78 40 9
69 68 73 25 38 49 52 46 80 79 62 79 0 92 30 77 29 71 5 62 71
23 50 28 82 62 73 40 76 17 14 83 94 92 0 85 82 63 23 96 55 93
64 78 75 6 23 22 49 67 78 74 83 101 30 85 0 98 30 70 35 75 94
69 32 54 92 85 105 67 31 65 69 17 13 77 82 98 0 69 63 77 29 17
40 48 46 24 17 36 23 41 52 50 57 75 29 63 30 69 0 43 33 45 68
7 31 9 65 47 62 21 53 9 9 63 75 71 23 70 63 43 0 75 35 73
73 69 76 30 43 54 56 46 84 83 61 78 5 96 35 77 33 75 0 63 69
40 7 27 69 58 78 38 23 38 42 28 40 62 55 75 29 45 35 63 0 38
78 43 65 88 85 104 71 27 76 80 11 9 71 93 94 17 68 73 69 38 0
0 1847
1342 1575
1003 1220
726 898
341 536
125 256
356 628
437 670
181 349
792 1003
915 1037
1033 1225
532 723
205 431
1100 1261
688 927
1479 1715
1428 1612
1324 1544
1048 1184
741 1017
