31
0 21 16 35 48 42 42 51 7 49 40 29 46 23 67 24 34 9 44 95 57 46 50 89 43 28 24 18 88 52 66
21 0 25 17 27 54 31 40 20 31 42 48 30 39 46 38 36 22 37 74 37 25 30 78 42 10 33 32 78 35 60
16 25 0 31 50 29 55 64 23 56 56 26 38 16 67 13 50 7 58 95 54 47 55 75 59 27 8 34 73 60 50
35 17 31 0 22 57 43 51 36 34 59 57 13 47 36 44 53 32 50 64 23 18 27 61 57 7 36 48 63 40 47
48 27 50 22 0 78 33 39 47 16 56 75 28 66 19 63 51 49 40 47 18 4 6 73 51 23 57 57 76 22 65
42 54 29 57 78 0 83 92 49 85 82 23 60 20 93 18 76 34 86 121 78 75 83 80 85 55 21 55 75 89 52
42 31 55 43 33 83 0 9 36 20 24 71 56 65 50 65 21 49 7 72 51 36 29 104 18 38 63 39 106 17 90
51 40 64 51 39 92 9 0 44 23 26 79 63 74 53 74 25 58 9 72 57 42 33 111 19 47 72 46 113 18 98
7 20 23 36 47 49 36 44 0 45 33 35 49 30 66 31 27 16 37 94 57 45 48 94 36 29 31 12 93 47 73
49 31 56 34 16 85 20 23 45 0 44 78 43 70 30 69 40 53 27 52 34 20 10 89 38 32 64 53 92 6 80
40 42 56 59 56 82 24 26 33 44 0 63 72 62 74 64 6 49 17 96 73 58 53 120 7 52 64 27 120 41 102
29 48 26 57 75 23 71 79 35 78 63 0 64 10 93 16 59 26 71 121 80 73 78 96 68 53 25 36 93 81 70
46 30 38 13 28 60 56 63 49 43 72 64 0 54 35 49 66 41 63 63 19 24 34 48 70 20 40 61 50 49 37
23 39 16 47 66 20 65 74 30 70 62 10 54 0 83 6 57 17 67 111 70 63 69 86 66 43 15 35 83 74 60
67 46 67 36 19 93 50 53 66 30 74 93 35 83 0 80 69 67 57 28 16 21 21 69 68 40 72 76 74 35 69
24 38 13 44 63 18 65 74 31 69 64 16 49 6 80 0 58 16 68 108 66 60 68 80 67 40 9 39 77 73 54
34 36 50 53 51 76 21 25 27 40 6 59 66 57 69 58 0 43 16 92 67 52 48 114 9 46 58 23 114 38 96
9 22 7 32 49 34 49 58 16 53 49 26 41 17 67 16 43 0 52 95 55 47 52 81 52 27 15 27 80 57 57
44 37 58 50 40 86 7 9 37 27 17 71 63 67 57 68 16 52 0 79 58 43 36 111 11 44 66 37 113 24 96
95 74 95 64 47 121 72 72 94 52 96 121 63 111 28 108 92 95 79 0 44 49 46 84 90 68 100 103 90 55 92
57 37 54 23 18 78 51 57 57 34 73 80 19 70 16 66 67 55 58 44 0 15 24 56 69 29 58 69 59 40 53
46 25 47 18 4 75 36 42 45 20 58 73 24 63 21 60 52 47 43 49 15 0 10 69 54 20 54 57 72 26 61
50 30 55 27 6 83 29 33 48 10 53 78 34 69 21 68 48 52 36 46 24 10 0 79 47 28 62 57 82 16 71
89 78 75 61 73 80 104 111 94 89 120 96 48 86 69 80 114 81 111 84 56 69 79 0 118 68 71 106 7 95 28
43 42 59 57 51 85 18 19 36 38 7 68 70 66 68 67 9 52 11 90 69 54 47 118 0 51 67 32 120 35 102
28 10 27 7 23 55 38 47 29 32 52 53 20 43 40 40 46 27 44 68 29 20 28 68 51 0 34 41 69 38 52
24 33 8 36 57 21 63 72 31 64 64 25 40 15 72 9 58 15 66 100 58 54 62 71 67 34 0 42 69 68 46
18 32 34 48 57 55 39 46 12 53 27 36 61 35 76 39 23 27 37 103 69 57 57 106 32 41 42 0 105 53 84
88 78 73 63 76 75 106 113 93 92 120 93 50 83 74 77 114 80 113 90 59 72 82 7 120 69 69 105 0 98 23
52 35 60 40 22 89 17 18 47 6 41 81 49 74 35 73 38 57 24 55 40 26 16 95 35 38 68 53 98 0 86
66 60 50 47 65 52 90 98 73 80 102 70 37 60 69 54 96 57 96 92 53 61 71 28 102 52 46 84 23 86 0
0 2244
1182 1515
261 455
1812 1930
227 364
134 375
454 580
438 636
787 992
1924 2085
1266 1416
1037 1346
623 781
1825 2119
796 967
1343 1601
964 1233
665 940
1720 1890
1698 1877
1646 1880
418 624
1171 1382
1602 1747
700 934
1265 1395
689 881
1484 1733
1605 1798
770 1001
1535 1811
