31
0 65 23 76 58 44 77 51 40 41 36 68 80 33 62 68 45 59 4 47 25 78 57 42 27 83 42 94 47 28 47
65 0 56 83 17 35 15 24 26 99 90 11 25 49 57 89 20 78 61 26 45 35 10 24 44 33 67 46 79 38 20
23 56 0 54 45 50 65 52 30 43 34 56 65 11 39 47 37 37 23 33 34 60 50 32 12 66 20 76 29 19 43
76 83 54 0 66 97 81 92 69 71 62 75 73 48 26 17 75 19 77 60 85 58 86 69 58 66 34 68 34 64 82
58 17 45 66 0 41 20 33 19 88 78 11 22 35 40 72 19 61 56 12 44 25 21 17 33 26 52 39 64 30 24
44 35 50 97 41 0 50 11 28 85 79 45 59 49 72 95 24 83 40 39 19 66 25 28 40 67 68 80 79 33 17
77 15 65 81 20 50 0 39 37 108 98 9 11 55 56 90 33 79 74 32 59 25 25 35 53 19 71 32 83 49 35
51 24 52 92 33 11 39 0 24 90 83 34 48 49 67 94 17 82 47 33 26 58 14 23 40 56 68 69 80 33 10
40 26 30 69 19 28 37 24 0 73 64 28 41 25 44 70 7 58 37 12 26 43 20 2 18 45 44 58 56 12 14
41 99 43 71 88 85 108 90 73 0 10 99 108 53 70 55 80 52 45 76 66 101 93 75 55 108 43 117 37 61 85
36 90 34 62 78 79 98 83 64 10 0 89 98 43 60 47 71 43 40 66 60 91 84 66 46 98 33 107 28 52 77
68 11 56 75 11 45 9 34 28 99 89 0 14 46 49 82 25 71 65 23 51 24 20 26 44 22 63 35 75 40 28
80 25 65 73 22 59 11 48 41 108 98 14 0 55 48 82 39 72 78 33 65 15 34 39 54 8 68 21 80 52 42
33 49 11 48 35 49 55 49 25 53 43 46 55 0 29 46 32 34 32 23 37 49 45 27 10 56 19 65 31 16 39
62 57 39 26 40 72 56 67 44 70 60 49 48 29 0 34 50 24 61 34 65 36 60 45 38 44 27 49 35 43 57
68 89 47 17 72 95 90 94 70 55 47 82 82 46 34 0 77 12 70 64 81 70 89 71 56 78 27 82 21 62 84
45 20 37 75 19 24 33 17 7 80 71 25 39 32 50 77 0 65 41 16 26 44 13 6 25 45 51 58 63 19 7
59 78 37 19 61 83 79 82 58 52 43 71 72 34 24 12 65 0 60 52 71 60 77 59 44 68 17 73 15 50 72
4 61 23 77 56 40 74 47 37 45 40 65 78 32 61 70 41 60 0 45 21 76 53 39 25 81 43 92 49 26 43
47 26 33 60 12 39 32 33 12 76 66 23 33 23 34 64 16 52 45 0 37 32 26 11 21 36 41 48 53 19 23
25 45 34 85 44 19 59 26 26 66 60 51 65 37 65 81 26 71 21 37 0 68 35 27 27 70 54 83 63 22 25
78 35 60 58 25 66 25 58 43 101 91 24 15 49 36 70 44 60 76 32 68 0 44 41 51 8 58 16 69 51 49
57 10 50 86 21 25 25 14 20 93 84 20 34 45 60 89 13 77 53 26 35 44 0 19 38 42 64 55 76 32 10
42 24 32 69 17 28 35 23 2 75 66 26 39 27 45 71 6 59 39 11 27 41 19 0 20 43 46 56 58 14 13
27 44 12 58 33 40 53 40 18 55 46 44 54 10 38 56 25 44 25 21 27 51 38 20 0 57 29 67 40 7 31
83 33 66 66 26 67 19 56 45 108 98 22 8 56 44 78 45 68 81 36 70 8 42 43 57 0 66 13 77 55 50
42 67 20 34 52 68 71 68 44 43 33 63 68 19 27 27 51 17 43 41 54 58 64 46 29 66 0 74 12 35 58
94 46 76 68 39 80 32 69 58 117 107 35 21 65 49 82 58 73 92 48 83 16 55 56 67 13 74 0 84 67 63
47 79 29 34 64 79 83 80 56 37 28 75 80 31 35 21 63 15 49 53 63 69 76 58 40 77 12 84 0 47 70
28 38 19 64 30 33 49 33 12 61 52 40 52 16 43 62 19 50 26 19 22 51 32 14 7 55 35 67 47 0 25
47 20 43 82 24 17 35 10 14 85 77 28 42 39 57 84 7 72 43 23 25 49 10 13 31 50 58 63 70 25 0
0 1003
40 402
478 1003
391 809
377 909
398 702
349 810
233 620
264 947
448 1003
465 743
182 487
101 609
389 989
215 534
476 1003
484 1003
388 1003
107 622
366 1003
125 381
299 928
121 537
300 584
172 712
239 823
55 315
375 963
189 896
187 850
134 672
