31
0 35 48 20 64 43 59 28 19 60 38 63 34 73 48 41 17 53 60 58 32 54 22 57 38 45 57 18 23 19 51
35 0 62 31 91 78 84 23 23 57 52 35 67 86 28 9 52 63 91 76 63 89 15 79 39 68 82 48 53 16 16
48 62 0 67 102 68 98 39 63 107 86 97 37 119 87 71 50 101 92 102 69 76 48 99 85 87 96 32 64 57 75
20 31 67 0 60 52 53 38 8 40 22 47 53 58 31 33 31 36 61 46 35 63 27 48 18 37 51 38 25 16 45
64 91 102 60 0 37 8 92 68 67 44 99 68 37 84 92 52 44 15 26 33 36 85 18 61 23 9 70 41 76 104
43 78 68 52 37 0 38 70 57 80 50 99 31 67 83 82 26 62 24 51 19 11 65 44 64 35 36 41 27 62 94
59 84 98 53 8 38 0 87 61 59 36 91 66 31 76 85 48 36 21 18 29 40 79 10 53 16 2 66 36 69 97
28 23 39 38 92 70 87 0 30 74 60 58 51 96 50 32 44 74 88 84 60 81 11 84 52 72 85 32 51 22 36
19 23 63 8 68 57 61 30 0 44 30 44 53 66 29 25 33 44 69 54 41 68 19 56 22 45 59 37 31 8 37
60 57 107 40 67 80 59 74 44 0 30 39 91 41 31 50 68 23 78 42 61 90 63 49 22 49 59 78 56 52 60
38 52 86 22 44 50 36 60 30 30 0 55 63 36 40 50 40 15 50 24 31 60 49 28 17 21 35 54 26 38 62
63 35 97 47 99 99 91 58 44 39 55 0 97 80 16 26 77 58 105 77 81 110 50 83 38 76 90 80 72 45 29
34 67 37 53 68 31 66 51 53 91 63 97 0 91 82 75 23 78 55 74 38 39 52 70 70 58 64 19 37 53 83
73 86 119 58 37 67 31 96 66 41 36 80 91 0 68 82 70 23 52 17 53 71 85 23 47 33 33 87 55 74 94
48 28 87 31 84 83 76 50 29 31 40 16 82 68 0 19 62 45 89 62 65 94 39 68 23 61 75 66 56 31 29
41 9 71 33 92 82 85 32 25 50 50 26 75 82 19 0 58 59 94 74 66 93 24 78 35 69 83 56 56 22 12
17 52 50 31 52 26 48 44 33 68 40 77 23 70 62 58 0 55 46 53 19 37 39 49 47 37 46 18 15 36 68
53 63 101 36 44 62 36 74 44 23 15 58 78 23 45 59 55 0 55 19 44 69 63 26 24 27 36 69 41 52 71
60 91 92 61 15 24 21 88 69 78 50 105 55 52 89 94 46 55 0 37 28 21 82 29 67 29 19 63 38 75 106
58 76 102 46 26 51 18 84 54 42 24 77 74 17 62 74 53 19 37 0 36 56 73 8 40 16 18 70 38 62 86
32 63 69 35 33 19 29 60 41 61 31 81 38 53 65 66 19 44 28 36 0 29 54 32 45 20 27 37 10 47 78
54 89 76 63 36 11 40 81 68 90 60 110 39 71 94 93 37 69 21 56 29 0 76 48 74 42 38 52 38 73 105
22 15 48 27 85 65 79 11 19 63 49 50 52 85 39 24 39 63 82 73 54 76 0 75 41 63 77 33 44 11 31
57 79 99 48 18 44 10 84 56 49 28 83 70 23 68 78 49 26 29 8 32 48 75 0 45 12 10 67 35 64 90
38 39 85 18 61 64 53 52 22 22 17 38 70 47 23 35 47 24 67 40 45 74 41 45 0 38 52 56 37 30 47
45 68 87 37 23 35 16 72 45 49 21 76 58 33 61 69 37 27 29 16 20 42 63 12 38 0 14 55 23 53 81
57 82 96 51 9 36 2 85 59 59 35 90 64 33 75 83 46 36 19 18 27 38 77 10 52 14 0 64 34 67 95
18 48 32 38 70 41 66 32 37 78 54 80 19 87 66 56 18 69 63 70 37 52 33 67 56 55 64 0 32 35 64
23 53 64 25 41 27 36 51 31 56 26 72 37 55 56 56 15 41 38 38 10 38 44 35 37 23 34 32 0 37 68
19 16 57 16 76 62 69 22 8 52 38 45 53 74 31 22 36 52 75 62 47 73 11 64 30 53 67 35 37 0 32
51 16 75 45 104 94 97 36 37 60 62 29 83 94 29 12 68 71 106 86 78 105 31 90 47 81 95 64 68 32 0
0 841
249 580
448 616
305 716
183 581
47 386
369 617
95 543
450 841
394 647
96 297
326 648
156 603
488 841
439 841
93 281
211 605
351 667
494 803
353 678
6 214
258 495
159 653
286 673
121 339
87 282
239 595
93 395
256 706
482 841
458 841
