31
0 44 22 42 54 26 61 43 17 23 48 40 41 39 33 35 22 32 49 36 35 40 50 60 33 14 34 49 43 39 58
44 0 53 58 93 60 103 82 47 65 81 68 62 6 72 63 56 14 84 24 59 83 94 96 41 39 40 82 82 59 100
22 53 0 64 40 7 67 55 39 36 29 18 63 50 20 13 43 39 31 55 13 34 54 73 21 36 22 30 29 17 66
42 58 64 0 90 67 65 43 25 39 88 82 5 52 70 77 25 57 86 34 77 68 64 48 72 29 73 87 79 81 62
54 93 40 90 0 33 56 59 67 51 15 30 87 89 21 33 65 79 11 90 39 22 42 75 58 67 59 14 11 41 57
26 60 7 67 33 0 63 53 42 36 22 15 66 57 13 10 44 46 24 61 13 28 49 71 27 40 28 23 22 17 63
61 103 67 65 56 63 0 22 57 38 64 73 60 97 52 71 48 93 61 88 76 37 14 24 88 64 89 63 52 80 3
43 82 55 43 59 53 22 0 35 20 64 68 38 76 47 63 26 74 61 66 66 37 22 18 74 43 75 63 52 70 19
17 47 39 25 67 42 57 35 0 20 63 57 24 41 46 52 9 40 62 31 52 48 50 49 49 8 50 63 56 56 54
23 65 36 39 51 36 38 20 20 0 51 51 36 60 33 46 14 55 49 51 49 29 30 38 54 27 55 50 41 53 35
48 81 29 88 15 22 64 64 63 51 0 15 85 79 18 18 63 67 4 83 24 27 50 81 43 62 44 1 12 26 65
40 68 18 82 30 15 73 68 57 51 15 0 81 66 21 5 59 54 19 73 9 36 59 86 28 54 29 16 24 11 74
41 62 63 5 87 66 60 38 24 36 85 81 0 56 67 76 22 59 83 38 76 65 60 43 73 30 74 84 76 80 57
39 6 50 52 89 57 97 76 41 60 79 66 56 0 68 61 50 12 81 18 57 78 89 90 39 33 38 80 78 57 95
33 72 20 70 21 13 52 47 46 33 18 21 67 68 0 19 45 58 16 69 25 15 38 65 40 46 41 17 10 29 53
35 63 13 77 33 10 71 63 52 46 18 5 76 61 19 0 54 49 22 68 6 34 57 81 25 49 26 19 24 10 71
22 56 43 25 65 44 48 26 9 14 63 59 22 50 45 54 0 49 61 40 56 43 43 40 55 17 56 62 54 60 45
32 14 39 57 79 46 93 74 40 55 67 54 59 12 58 49 49 0 70 27 45 70 82 89 27 32 26 68 68 45 90
49 84 31 86 11 24 61 61 62 49 4 19 83 81 16 22 61 70 0 85 28 24 47 78 47 62 48 3 9 30 62
36 24 55 34 90 61 88 66 31 51 83 73 38 18 69 68 40 27 85 0 65 76 81 77 52 25 51 84 79 67 85
35 59 13 77 39 13 76 66 52 49 24 9 76 57 25 6 56 45 28 65 0 40 62 84 19 49 20 25 30 4 76
40 83 34 68 22 28 37 37 48 29 27 36 65 78 15 34 43 70 24 76 40 0 23 54 55 51 56 26 15 44 38
50 94 54 64 42 49 14 22 50 30 50 59 60 89 38 57 43 82 47 81 62 23 0 34 75 57 76 49 38 66 15
60 96 73 48 75 71 24 18 49 38 81 86 43 90 65 81 40 89 78 77 84 54 34 0 92 57 93 80 69 88 21
33 41 21 72 58 27 88 74 49 54 43 28 73 39 40 25 55 27 47 52 19 55 75 92 0 43 1 44 49 19 87
14 39 36 29 67 40 64 43 8 27 62 54 30 33 46 49 17 32 62 25 49 51 57 57 43 0 44 63 56 52 62
34 40 22 73 59 28 89 75 50 55 44 29 74 38 41 26 56 26 48 51 20 56 76 93 1 44 0 45 50 20 88
49 82 30 87 14 23 63 63 63 50 1 16 84 80 17 19 62 68 3 84 25 26 49 80 44 63 45 0 11 27 64
43 82 29 79 11 22 52 52 56 41 12 24 76 78 10 24 54 68 9 79 30 15 38 69 49 56 50 11 0 34 53
39 59 17 81 41 17 80 70 56 53 26 11 80 57 29 10 60 45 30 67 4 44 66 88 19 52 20 27 34 0 80
58 100 66 62 57 63 3 19 54 35 65 74 57 95 53 71 45 90 62 85 76 38 15 21 87 62 88 64 53 80 0
0 602
249 602
10 206
26 336
36 219
156 411
40 441
297 533
285 602
121 533
158 550
47 344
201 509
27 419
271 602
190 480
275 602
173 437
130 367
180 530
190 468
0 174
74 473
220 487
123 532
118 471
286 548
33 406
264 585
104 340
115 524
