31
0 80 18 29 12 2 57 49 78 57 39 8 59 12 38 6 84 43 28 74 98 76 54 68 72 60 51 26 72 47 62
80 0 91 57 92 81 41 71 28 67 46 88 62 72 72 74 10 86 92 6 19 26 49 17 39 68 60 69 48 45 69
18 91 0 34 13 20 61 42 82 50 45 18 55 20 31 22 92 30 44 85 106 82 55 81 89 53 69 44 90 51 55
29 57 34 0 39 30 28 27 49 32 11 37 32 17 21 23 58 34 55 51 72 48 25 51 64 35 56 39 67 18 37
12 92 13 39 0 13 67 54 88 62 50 6 66 22 43 18 96 43 31 86 110 87 64 80 84 65 62 37 84 57 67
2 81 20 30 13 0 58 51 79 59 40 8 61 14 40 7 85 45 26 75 99 77 55 68 71 62 49 24 71 48 64
57 41 61 28 67 58 0 30 22 26 20 65 21 45 35 51 37 48 81 36 51 21 8 43 65 27 70 62 72 10 28
49 71 42 27 54 51 30 0 51 8 31 55 14 39 11 46 67 19 77 66 81 51 22 70 87 11 83 66 92 26 13
78 28 82 49 88 79 22 51 0 45 39 86 39 66 56 72 20 69 98 26 31 2 29 39 62 45 77 76 71 31 45
57 67 50 32 62 59 26 8 45 0 32 63 6 45 19 52 63 27 84 62 75 45 18 68 87 3 86 71 93 24 5
39 46 45 11 50 40 20 31 39 32 0 47 31 28 28 33 47 42 61 40 61 37 18 40 56 35 54 42 61 10 37
8 88 18 37 6 8 65 55 86 63 47 0 66 20 44 14 92 47 26 82 106 84 62 76 79 66 56 31 78 55 68
59 62 55 32 66 61 21 14 39 6 31 66 0 47 24 54 57 33 86 57 69 39 13 63 84 6 85 71 90 21 7
12 72 20 17 22 14 45 39 66 45 28 20 47 0 28 7 74 35 39 66 88 65 42 61 69 48 53 30 70 35 50
38 72 31 21 43 40 35 11 56 19 28 44 24 28 0 35 71 14 66 67 85 56 27 68 84 22 76 57 88 27 24
6 74 22 23 18 7 51 46 72 52 33 14 54 7 35 0 78 42 32 68 92 70 48 62 67 55 48 24 68 41 57
84 10 92 58 96 85 37 67 20 63 47 92 57 74 71 78 0 85 98 13 14 18 45 27 49 63 70 75 58 44 64
43 86 30 34 43 45 48 19 69 27 42 47 33 35 14 42 85 0 71 81 99 69 40 82 98 30 88 65 101 41 31
28 92 44 55 31 26 81 77 98 84 61 26 86 39 66 32 98 71 0 86 111 96 79 76 71 87 43 23 67 71 89
74 6 85 51 86 75 36 66 26 62 40 82 57 66 67 68 13 81 86 0 25 24 44 14 37 63 57 63 46 40 64
98 19 106 72 110 99 51 81 31 75 61 106 69 88 85 92 14 99 111 25 0 30 59 36 56 75 79 88 65 58 76
76 26 82 48 87 77 21 51 2 45 37 84 39 65 56 70 18 69 96 24 30 0 29 37 60 45 75 74 69 31 46
54 49 55 25 64 55 8 22 29 18 18 62 13 42 27 48 45 40 79 44 59 29 0 50 71 19 72 60 77 8 20
68 17 81 51 80 68 43 70 39 68 40 76 63 61 68 62 27 82 76 14 36 37 50 0 23 69 43 53 32 44 70
72 39 89 64 84 71 65 87 62 87 56 79 84 69 84 67 49 98 71 37 56 60 71 23 0 89 29 49 9 63 91
60 68 53 35 65 62 27 11 45 3 35 66 6 48 22 55 63 30 87 63 75 45 19 69 89 0 89 74 95 26 2
51 60 69 56 62 49 70 83 77 86 54 56 85 53 76 48 70 88 43 57 79 75 72 43 29 89 0 25 24 64 91
26 69 44 39 37 24 62 66 76 71 42 31 71 30 57 24 75 65 23 63 88 74 60 53 49 74 25 0 47 52 76
72 48 90 67 84 71 72 92 71 93 61 78 90 70 88 68 58 101 67 46 65 69 77 32 9 95 24 47 0 69 97
47 45 51 18 57 48 10 26 31 24 10 55 21 35 27 41 44 41 71 40 58 31 8 44 63 26 64 52 69 0 28
62 69 55 37 67 64 28 13 45 5 37 68 7 50 24 57 64 31 89 64 76 46 20 70 91 2 91 76 97 28 0
0 1296
466 785
891 1197
452 773
223 737
78 474
510 786
709 1205
755 1296
281 781
901 1103
754 976
871 1207
0 280
759 967
190 478
758 1171
729 1271
485 972
581 923
536 818
413 889
585 1117
382 744
457 944
631 1173
116 346
264 635
448 943
112 457
118 507
