31
0 97 58 50 76 94 46 70 86 90 98 18 57 91 3 69 80 41 78 17 26 67 101 94 27 29 66 78 59 71 93
97 0 55 80 44 8 61 40 31 9 50 89 85 69 95 34 63 56 46 89 71 96 50 60 70 69 95 54 54 97 50
58 55 0 74 66 58 12 15 66 46 86 43 82 94 55 21 84 35 69 43 44 95 89 90 43 44 94 76 1 99 83
50 80 74 0 40 73 66 76 55 77 56 60 8 43 50 69 34 39 40 59 34 21 59 49 35 33 20 36 74 25 51
76 44 66 40 0 36 64 58 15 45 22 76 43 28 74 50 20 40 3 76 50 53 25 24 50 47 52 11 66 53 18
94 8 58 73 36 0 63 44 23 14 42 88 78 61 92 37 55 53 38 88 68 89 42 52 67 66 88 46 57 89 42
46 61 12 66 64 63 0 25 67 52 85 31 74 90 43 27 79 28 67 31 33 87 88 88 32 34 86 73 13 91 82
70 40 15 76 58 44 25 0 55 31 76 56 84 86 67 8 77 38 61 56 51 97 78 82 50 50 96 69 14 100 74
86 31 66 55 15 23 67 55 0 34 21 84 58 38 84 47 33 47 16 83 60 67 23 30 60 57 66 24 65 68 20
90 9 46 77 45 14 52 31 34 0 55 81 83 72 87 25 64 50 47 81 65 95 56 64 64 63 94 55 45 97 54
98 50 86 56 22 42 85 76 21 55 0 98 56 21 96 68 24 62 20 98 72 62 3 12 72 69 61 20 86 61 5
18 89 43 60 76 88 31 56 84 81 98 0 68 96 15 56 85 37 79 1 27 79 101 97 27 30 78 81 44 83 94
57 85 82 8 43 78 74 84 58 83 56 68 0 40 58 77 32 47 42 67 42 13 59 47 43 41 12 37 82 17 51
91 69 94 43 28 61 90 86 38 72 21 96 40 0 91 78 11 63 25 95 69 43 23 9 69 66 42 18 94 40 19
3 95 55 50 74 92 43 67 84 87 96 15 58 91 0 66 80 39 76 14 24 68 99 93 25 27 67 77 56 72 91
69 34 21 69 50 37 27 8 47 25 68 56 77 78 66 0 69 32 53 57 47 90 70 74 46 45 89 61 20 93 66
80 63 84 34 20 55 79 77 33 64 24 85 32 11 80 69 0 52 17 84 58 38 27 15 58 55 37 9 83 37 19
41 56 35 39 40 53 28 38 47 50 62 37 47 63 39 32 52 0 43 36 15 60 65 63 14 13 59 47 35 64 58
78 46 69 40 3 38 67 61 16 47 20 79 42 25 76 53 17 43 0 78 52 51 23 21 52 49 50 8 69 52 15
17 89 43 59 76 88 31 56 83 81 98 1 67 95 14 57 84 36 78 0 26 78 101 96 26 29 77 80 44 82 93
26 71 44 34 50 68 33 51 60 65 72 27 42 69 24 47 58 15 52 26 0 55 75 70 1 3 54 54 45 59 67
67 96 95 21 53 89 87 97 67 95 62 79 13 43 68 90 38 60 51 78 55 0 65 51 56 54 1 44 95 4 57
101 50 89 59 25 42 88 78 23 56 3 101 59 23 99 70 27 65 23 101 75 65 0 14 75 72 64 23 88 63 8
94 60 90 49 24 52 88 82 30 64 12 97 47 9 93 74 15 63 21 96 70 51 14 0 70 67 51 16 90 49 10
27 70 43 35 50 67 32 50 60 64 72 27 43 69 25 46 58 14 52 26 1 56 75 70 0 3 55 54 44 60 67
29 69 44 33 47 66 34 50 57 63 69 30 41 66 27 45 55 13 49 29 3 54 72 67 3 0 53 51 45 58 64
66 95 94 20 52 88 86 96 66 94 61 78 12 42 67 89 37 59 50 77 54 1 64 51 55 53 0 43 94 5 56
78 54 76 36 11 46 73 69 24 55 20 81 37 18 77 61 9 47 8 80 54 44 23 16 54 51 43 0 76 44 15
59 54 1 74 66 57 13 14 65 45 86 44 82 94 56 20 83 35 69 44 45 95 88 90 44 45 94 76 0 99 83
71 97 99 25 53 89 91 100 68 97 61 83 17 40 72 93 37 64 52 82 59 4 63 49 60 58 5 44 99 0 56
93 50 83 51 18 42 82 74 20 54 5 94 51 19 91 66 19 58 15 93 67 57 8 10 67 64 56 15 83 56 0
0 1190
637 842
869 1167
301 542
470 810
34 215
142 497
638 759
75 351
611 837
642 803
296 422
695 883
813 1027
925 1190
0 339
258 565
267 531
358 583
856 1190
539 850
75 416
932 1112
113 364
596 798
338 472
49 328
108 328
558 823
759 913
583 776
