31
0 45 64 51 80 81 76 31 88 86 47 5 78 63 44 47 53 24 52 53 76 37 60 43 31 51 81 69 35 32 56
45 0 21 39 37 36 31 18 44 41 19 44 35 44 55 27 13 41 8 53 39 53 15 31 45 42 38 24 54 18 43
64 21 0 36 16 31 16 39 24 34 19 61 14 33 76 47 28 62 13 52 48 58 22 32 66 62 36 15 60 39 37
51 39 36 0 46 67 51 48 54 70 20 46 44 13 84 65 52 65 36 16 78 27 51 9 72 77 72 51 29 48 5
80 37 16 46 0 30 12 55 8 30 34 77 2 39 92 59 39 78 29 61 53 71 32 45 82 74 36 19 73 55 46
81 36 31 67 30 0 19 50 30 5 48 80 32 64 77 44 28 72 33 83 25 87 21 62 72 58 6 16 88 49 68
76 31 16 51 12 19 0 49 14 19 35 74 13 47 82 49 29 72 24 67 41 74 21 48 74 64 24 8 76 48 53
31 18 39 48 55 50 49 0 62 55 32 32 53 57 38 19 22 23 26 59 45 52 29 39 27 30 50 42 51 1 53
88 44 24 54 8 30 14 62 0 28 42 85 10 47 96 63 43 85 36 69 54 79 35 53 88 78 36 22 81 62 54
86 41 34 70 30 5 19 55 28 0 51 85 32 66 82 49 33 77 37 86 28 91 26 65 77 63 9 19 92 54 71
47 19 19 20 34 48 35 32 42 51 0 44 32 25 70 46 32 54 16 36 58 40 31 14 59 61 52 32 41 32 24
5 44 61 46 77 80 74 32 85 85 44 0 75 58 49 50 54 29 50 48 77 32 59 38 36 54 82 68 30 33 51
78 35 14 44 2 32 13 53 10 32 32 75 0 37 90 59 39 76 27 59 54 69 32 43 80 74 37 20 71 53 44
63 44 33 13 39 64 47 57 47 66 25 58 37 0 95 71 56 76 39 24 80 39 53 20 83 86 69 48 41 57 9
44 55 76 84 92 77 82 38 96 82 70 49 90 95 0 33 53 20 63 93 58 80 61 75 13 20 74 74 78 38 89
47 27 47 65 59 44 49 19 63 49 46 50 59 71 33 0 20 30 35 78 30 71 28 56 28 15 42 41 70 18 69
53 13 28 52 39 28 29 22 43 33 32 54 39 56 53 20 0 45 17 66 26 66 8 44 45 35 28 21 67 21 56
24 41 62 65 78 72 72 23 85 77 54 29 76 76 20 30 45 0 49 73 60 60 52 56 7 28 71 65 58 24 70
52 8 13 36 29 33 24 26 36 37 16 50 27 39 63 35 17 49 0 52 42 54 15 30 53 50 36 19 55 26 40
53 53 52 16 61 83 67 59 69 86 36 48 59 24 93 78 66 73 52 0 92 19 67 22 80 89 88 67 21 60 15
76 39 48 78 53 25 41 45 54 28 58 77 54 80 58 30 26 60 42 92 0 92 27 70 57 38 19 34 93 44 82
37 53 58 27 71 87 74 52 79 91 40 32 69 39 80 71 66 60 54 19 92 0 68 26 67 81 90 72 2 53 30
60 15 22 51 32 21 21 29 35 26 31 59 32 53 61 28 8 52 15 67 27 68 0 45 53 43 23 13 69 28 55
43 31 32 9 45 62 48 39 53 65 14 38 43 20 75 56 44 56 30 22 70 26 45 0 63 68 66 46 28 39 14
31 45 66 72 82 72 74 27 88 77 59 36 80 83 13 28 45 7 53 80 57 67 53 63 0 22 70 66 65 27 77
51 42 62 77 74 58 64 30 78 63 61 54 74 86 20 15 35 28 50 89 38 81 43 68 22 0 54 56 80 29 82
81 38 36 72 36 6 24 50 36 9 52 82 37 69 74 42 28 71 36 88 19 90 23 66 70 54 0 21 91 49 73
69 24 15 51 19 16 8 42 22 19 32 68 20 48 74 41 21 65 19 67 34 72 13 46 66 56 21 0 73 41 52
35 54 60 29 73 88 76 51 81 92 41 30 71 41 78 70 67 58 55 21 93 2 69 28 65 80 91 73 0 52 32
32 18 39 48 55 49 48 1 62 54 32 33 53 57 38 18 21 24 26 60 44 53 28 39 27 29 49 41 52 0 53
56 43 37 5 46 68 53 53 54 71 24 51 44 9 89 69 56 70 40 15 82 30 55 14 77 82 73 52 32 53 0
0 602
70 379
271 543
257 602
256 492
45 346
134 342
0 289
42 348
245 465
215 602
69 289
176 558
263 596
283 602
168 602
288 456
56 463
171 399
14 277
133 403
124 552
234 602
186 391
210 475
219 418
58 362
74 367
37 321
299 515
275 602
