31
0 38 72 21 88 33 45 23 8 36 61 69 74 58 35 56 46 43 13 78 13 28 22 59 40 38 48 56 4 58 69
38 0 68 54 78 69 33 49 38 3 47 89 93 28 62 54 14 15 42 102 25 10 54 26 3 9 80 82 36 52 75
72 68 0 92 19 100 35 95 64 71 25 44 43 52 51 16 60 83 85 57 65 67 94 62 65 59 64 50 75 16 15
21 54 92 0 108 16 65 10 28 51 81 82 87 77 48 76 65 53 12 89 32 44 2 78 56 57 56 68 19 78 88
88 78 19 108 0 117 47 111 80 81 31 62 60 55 70 32 67 93 101 74 79 79 110 65 75 69 83 69 91 30 33
33 69 100 16 117 0 77 24 39 67 93 82 87 91 51 85 79 69 28 87 46 59 17 92 71 71 53 68 33 88 93
45 33 35 65 47 77 0 65 38 36 16 61 64 23 44 21 25 48 55 75 33 32 67 32 30 24 63 57 46 19 42
23 49 95 10 111 24 65 0 31 46 81 89 94 75 55 79 62 46 10 98 32 41 8 75 52 54 65 76 20 81 92
8 38 64 28 80 39 38 31 0 37 54 61 66 55 27 48 45 47 21 70 13 28 30 58 40 38 43 48 12 50 61
36 3 71 51 81 67 36 46 37 0 50 90 94 31 61 57 17 13 39 102 24 9 51 29 6 12 79 81 34 55 78
61 47 25 81 31 93 16 81 54 50 0 61 62 27 53 17 36 62 71 75 49 48 83 37 44 38 70 61 62 12 36
69 89 44 82 62 82 61 89 61 90 61 0 5 84 34 44 85 102 81 14 70 82 84 93 87 82 30 14 73 49 29
74 93 43 87 60 87 64 94 66 94 62 5 0 87 39 45 88 106 86 14 75 86 89 96 91 85 35 19 78 50 28
58 28 52 77 55 91 23 75 55 31 27 84 87 0 67 42 14 43 66 98 45 34 78 10 25 21 86 80 58 38 63
35 62 51 48 70 51 44 55 27 61 53 34 39 67 0 40 62 72 47 43 38 52 50 74 61 56 19 21 39 44 42
56 54 16 76 32 85 21 79 48 57 17 44 45 42 40 0 46 69 69 58 49 52 78 51 51 45 55 45 59 5 21
46 14 60 65 67 79 25 62 45 17 36 85 88 14 62 46 0 29 53 99 33 21 65 13 11 8 81 80 46 44 67
43 15 83 53 93 69 48 46 47 13 62 102 106 43 72 69 29 0 41 114 34 20 53 38 18 24 89 93 40 67 90
13 42 85 12 101 28 55 10 21 39 71 81 86 66 47 69 53 41 0 90 22 32 12 66 44 45 59 68 10 71 82
78 102 57 89 74 87 75 98 70 102 75 14 14 98 43 58 99 114 90 0 81 94 91 107 101 95 34 22 82 63 42
13 25 65 32 79 46 33 32 13 24 49 70 75 45 38 49 33 34 22 81 0 15 34 46 27 25 55 59 13 49 65
28 10 67 44 79 59 32 41 28 9 48 82 86 34 52 52 21 20 32 94 15 0 44 34 12 13 70 73 26 51 71
22 54 94 2 110 17 67 8 30 51 83 84 89 78 50 78 65 53 12 91 34 44 0 78 56 57 58 70 21 80 90
59 26 62 78 65 92 32 75 58 29 37 93 96 10 74 51 13 38 66 107 46 34 78 0 23 21 93 89 59 48 72
40 3 65 56 75 71 30 52 40 6 44 87 91 25 61 51 11 18 44 101 27 12 56 23 0 6 79 80 38 49 72
38 9 59 57 69 71 24 54 38 12 38 82 85 21 56 45 8 24 45 95 25 13 57 21 6 0 75 75 38 43 66
48 80 64 56 83 53 63 65 43 79 70 30 35 86 19 55 81 89 59 34 55 70 58 93 79 75 0 16 52 60 51
56 82 50 68 69 68 57 76 48 81 61 14 19 80 21 45 80 93 68 22 59 73 70 89 80 75 16 0 60 50 36
4 36 75 19 91 33 46 20 12 34 62 73 78 58 39 59 46 40 10 82 13 26 21 59 38 38 52 60 0 61 73
58 52 16 78 30 88 19 81 50 55 12 49 50 38 44 5 44 67 71 63 49 51 80 48 49 43 60 50 61 0 25
69 75 15 88 33 93 42 92 61 78 36 29 28 63 42 21 67 90 82 42 65 71 90 72 72 66 51 36 73 25 0
0 841
68 526
170 406
408 626
473 841
219 694
58 415
273 637
2 390
393 832
186 544
429 651
387 696
71 263
426 666
341 700
398 747
377 840
279 737
467 841
357 715
46 240
131 487
335 801
17 330
345 659
421 716
21 283
397 765
405 699
189 396
