31
0 5 23 76 13 44 48 57 72 52 57 32 60 48 33 76 15 58 8 14 15 26 40 71 21 38 44 61 51 60 70
5 0 18 71 17 40 46 54 67 47 55 27 56 46 29 72 10 55 6 9 11 29 36 66 19 35 39 56 46 55 66
23 18 0 53 32 27 47 50 49 29 54 12 43 48 17 62 9 43 18 11 13 43 24 48 25 32 21 39 28 37 57
76 71 53 0 85 41 75 67 10 24 77 46 33 78 48 56 62 52 71 63 64 95 50 25 70 63 37 31 25 17 59
13 17 32 85 0 57 60 70 80 61 69 43 73 60 46 89 23 60 14 26 28 13 44 77 33 51 51 67 60 69 83
44 40 27 41 57 0 35 30 42 26 39 15 16 37 11 35 36 59 44 31 29 69 44 50 33 22 32 45 22 24 32
48 46 47 75 60 35 0 14 77 60 9 39 43 3 33 38 50 88 52 41 38 73 71 84 27 15 62 79 57 59 30
57 54 50 67 70 30 14 0 70 56 10 39 34 17 33 24 55 88 60 47 44 83 71 80 37 19 62 75 52 52 16
72 67 49 10 80 42 77 70 0 20 79 44 38 79 47 63 58 42 66 60 61 89 42 15 69 63 30 21 22 18 64
52 47 29 24 61 26 60 56 20 0 65 24 30 62 28 55 38 37 47 40 41 71 27 24 49 46 13 20 4 12 55
57 55 54 77 69 39 9 10 79 65 0 46 44 11 40 33 58 95 61 50 47 82 78 89 36 22 69 84 61 61 25
32 27 12 46 43 15 39 39 44 24 46 0 31 40 6 50 21 49 29 18 18 54 32 48 25 24 23 40 22 29 46
60 56 43 33 73 16 43 34 38 30 44 31 0 46 27 25 52 66 60 47 45 85 55 51 49 34 41 49 26 21 26
48 46 48 78 60 37 3 17 79 62 11 40 46 0 34 41 50 89 52 41 38 73 72 86 27 16 63 80 58 61 33
33 29 17 48 46 11 33 33 47 28 40 6 27 34 0 45 25 55 33 20 18 58 38 52 22 18 29 46 25 31 40
76 72 62 56 89 35 38 24 63 55 33 50 25 41 45 0 70 91 77 64 61 101 79 76 57 39 66 74 51 46 8
15 10 9 62 23 36 50 55 58 38 58 21 52 50 25 70 0 45 9 9 12 34 26 56 24 36 29 46 37 46 65
58 55 43 52 60 59 88 88 42 37 95 49 66 89 55 91 45 0 50 53 55 62 19 28 67 73 27 21 40 48 91
8 6 18 71 14 44 52 60 66 47 61 29 60 52 33 77 9 50 0 13 16 25 32 64 25 41 37 54 46 55 71
14 9 11 63 26 31 41 47 60 40 50 18 47 41 20 64 9 53 13 0 3 38 34 59 15 28 32 50 38 47 58
15 11 13 64 28 29 38 44 61 41 47 18 45 38 18 61 12 55 16 3 0 40 36 61 12 25 34 52 39 47 55
26 29 43 95 13 69 73 83 89 71 82 54 85 73 58 101 34 62 25 38 40 0 49 82 46 64 59 72 71 80 95
40 36 24 50 44 44 71 71 42 27 78 32 55 72 38 79 26 19 32 34 36 49 0 33 48 56 14 23 30 39 76
71 66 48 25 77 50 84 80 15 24 89 48 51 86 52 76 56 28 64 59 61 82 33 0 73 70 27 10 28 30 77
21 19 25 70 33 33 27 37 69 49 36 25 49 27 22 57 24 67 25 15 12 46 48 73 0 18 46 64 47 53 50
38 35 32 63 51 22 15 19 63 46 22 24 34 16 18 39 36 73 41 28 25 64 56 70 18 0 47 64 42 46 32
44 39 21 37 51 32 62 62 30 13 69 23 41 63 29 66 29 27 37 32 34 59 14 27 46 47 0 18 16 25 64
61 56 39 31 67 45 79 75 21 20 84 40 49 80 46 74 46 21 54 50 52 72 23 10 64 64 18 0 24 29 75
51 46 28 25 60 22 57 52 22 4 61 22 26 58 25 51 37 40 46 38 39 71 30 28 47 42 16 24 0 10 51
60 55 37 17 69 24 59 52 18 12 61 29 21 61 31 46 46 48 55 47 47 80 39 30 53 46 25 29 10 0 47
70 66 57 59 83 32 30 16 64 55 25 46 26 33 40 8 65 91 71 58 55 95 76 77 50 32 64 75 51 47 0
0 841
58 371
353 664
142 362
121 558
386 750
113 567
114 367
146 525
465 841
288 629
16 379
231 485
37 234
107 414
16 488
501 670
367 582
440 729
74 332
438 841
167 447
501 688
32 297
427 841
375 608
153 643
157 520
464 823
112 574
16 209
