31
0 20 36 41 70 64 35 26 17 25 65 67 35 12 73 48 43 73 37 13 30 17 11 74 49 65 46 50 34 22 10
20 0 56 41 90 84 55 22 3 29 66 84 32 10 89 68 46 92 36 9 21 37 19 94 53 85 65 70 41 42 30
36 56 0 52 34 30 12 51 53 54 69 36 54 48 42 12 50 47 53 49 64 20 42 38 51 31 11 15 39 14 27
41 41 52 0 81 82 61 19 42 65 26 62 9 46 64 64 6 99 5 45 62 48 51 83 13 83 54 67 13 45 44
70 90 34 81 0 16 37 84 87 84 91 31 85 81 36 22 77 36 83 82 97 53 75 4 75 15 27 21 68 48 60
64 84 30 82 16 0 29 81 81 75 97 44 84 75 50 18 80 21 83 76 89 47 68 19 80 1 30 15 69 44 54
35 55 12 61 37 29 0 55 52 47 80 48 60 46 54 15 60 39 60 47 60 18 39 41 62 30 23 16 49 16 25
26 22 51 19 84 81 55 0 23 47 44 71 10 28 74 63 24 94 14 27 43 39 34 87 31 82 57 66 22 39 33
17 3 53 42 87 81 52 23 0 26 67 83 33 7 88 65 47 89 37 6 20 34 16 91 54 82 63 67 41 39 27
25 29 54 65 84 75 47 47 26 0 90 88 57 19 95 62 68 76 60 20 16 34 14 88 74 76 65 63 59 41 29
65 66 69 26 91 97 80 44 67 90 0 64 34 71 63 79 22 114 30 71 87 70 76 92 18 97 67 82 33 65 68
67 84 36 62 31 44 48 71 83 88 64 0 68 79 7 34 56 65 65 80 97 54 76 30 52 43 25 37 50 47 60
35 32 54 9 85 84 60 10 33 57 34 68 0 38 71 66 15 99 4 37 53 45 44 88 22 85 58 69 18 44 40
12 10 48 46 81 75 46 28 7 19 71 79 38 0 85 59 50 82 41 1 18 28 9 85 56 76 58 61 43 34 21
73 89 42 64 36 50 54 74 88 95 63 7 71 85 0 41 58 71 68 86 103 61 82 35 53 50 31 44 53 54 66
48 68 12 64 22 18 15 63 65 62 79 34 66 59 41 0 62 35 65 60 75 31 53 26 62 19 12 3 51 26 38
43 46 50 6 77 80 60 24 47 68 22 56 15 50 58 62 0 97 11 50 67 48 54 79 7 81 51 65 11 44 46
73 92 47 99 36 21 39 94 89 76 114 65 99 82 71 35 97 0 99 83 92 56 73 39 97 22 47 32 86 55 63
37 36 53 5 83 83 60 14 37 60 30 65 4 41 68 65 11 99 0 41 57 46 47 85 18 84 56 68 15 44 42
13 9 49 45 82 76 47 27 6 20 71 80 37 1 86 60 50 83 41 0 18 29 10 86 56 77 59 62 42 35 22
30 21 64 62 97 89 60 43 20 16 87 97 53 18 103 75 67 92 57 18 0 44 22 101 74 90 75 76 60 51 38
17 37 20 48 53 47 18 39 34 34 70 54 45 28 61 31 48 56 46 29 44 0 22 57 52 48 31 33 37 7 7
11 19 42 51 75 68 39 34 16 14 76 76 44 9 82 53 54 73 47 10 22 22 0 79 60 69 53 55 45 29 16
74 94 38 83 4 19 41 87 91 88 92 30 88 85 35 26 79 39 85 86 101 57 79 0 77 18 30 25 70 52 64
49 53 51 13 75 80 62 31 54 74 18 52 22 56 53 62 7 97 18 56 74 52 60 77 0 80 50 65 15 47 50
65 85 31 83 15 1 30 82 82 76 97 43 85 76 50 19 81 22 84 77 90 48 69 18 80 0 30 16 70 45 55
46 65 11 54 27 30 23 57 63 65 67 25 58 58 31 12 51 47 56 59 75 31 53 30 50 30 0 15 41 24 37
50 70 15 67 21 15 16 66 67 63 82 37 69 61 44 3 65 32 68 62 76 33 55 25 65 16 15 0 54 29 40
34 41 39 13 68 69 49 22 41 59 33 50 18 43 53 51 11 86 15 42 60 37 45 70 15 70 41 54 0 33 35
22 42 14 45 48 44 16 39 39 41 65 47 44 34 54 26 44 55 44 35 51 7 29 52 47 45 24 29 33 0 13
10 30 27 44 60 54 25 33 27 29 68 60 40 21 66 38 46 63 42 22 38 7 16 64 50 55 37 40 35 13 0
0 1003
34 690
226 901
136 845
479 769
396 896
135 516
451 792
315 1003
467 911
50 593
44 695
100 759
485 816
436 1003
416 873
84 374
129 477
458 1003
167 909
274 1003
114 587
271 620
29 760
314 973
171 653
30 387
390 837
405 689
254 511
112 607
