31
0 97 48 76 87 86 73 32 26 85 68 85 87 39 94 93 57 83 59 109 92 75 59 76 83 74 85 49 89 47 105
97 0 67 32 25 21 50 78 76 43 29 17 60 73 28 43 67 40 78 14 35 27 46 32 63 66 59 50 10 51 9
48 67 0 63 47 48 25 16 48 38 42 50 39 57 52 46 9 75 17 75 79 59 53 63 35 83 87 22 57 41 76
76 32 63 0 45 41 60 68 51 61 24 35 76 44 50 63 69 12 80 46 16 7 17 0 77 34 30 41 33 29 35
87 25 47 45 0 4 26 61 72 18 26 10 35 72 7 18 45 57 55 29 56 38 51 45 38 79 75 38 15 49 34
86 21 48 41 4 0 30 62 71 22 22 6 39 69 10 22 48 53 58 27 52 34 47 41 42 75 71 37 11 46 30
73 50 25 60 26 30 0 41 66 13 36 33 17 72 29 21 20 72 29 55 75 54 58 60 17 89 90 31 40 50 59
32 78 16 68 61 62 41 0 38 54 50 62 55 50 67 62 25 79 27 88 84 64 54 68 51 81 88 28 69 41 87
26 76 48 51 72 71 66 38 0 76 49 67 83 13 79 83 57 58 64 90 67 53 34 51 81 48 59 36 70 25 83
85 43 38 61 18 22 13 54 76 0 37 28 17 79 18 8 33 73 42 45 73 54 62 61 20 92 91 40 33 56 52
68 29 42 24 26 22 36 50 49 37 0 18 52 47 32 42 46 36 57 41 40 18 25 24 53 55 54 22 21 24 37
85 17 50 35 10 6 33 62 67 28 18 0 45 65 15 28 50 47 61 26 46 28 43 35 48 69 65 36 7 42 26
87 60 39 76 35 39 17 55 83 17 52 45 0 89 34 20 30 88 34 61 90 69 75 76 5 106 106 48 50 67 69
39 73 57 44 72 69 72 50 13 79 47 65 89 0 79 86 66 47 74 87 56 46 27 44 88 35 46 41 68 23 77
94 28 52 50 7 10 29 67 79 18 32 15 34 79 0 15 49 62 58 27 60 43 57 50 38 84 80 45 19 56 36
93 43 46 63 18 22 21 62 83 8 42 28 20 86 15 0 41 75 50 42 74 56 67 63 25 97 93 47 33 63 51
57 67 9 69 45 48 20 25 57 33 46 50 30 66 49 41 0 81 11 74 85 63 60 69 26 91 94 29 57 49 76
83 40 75 12 57 53 72 79 58 73 36 47 88 47 62 75 81 0 92 54 9 19 25 12 89 27 19 53 44 38 40
59 78 17 80 55 58 29 27 64 42 57 61 34 74 58 50 11 92 0 84 96 74 70 80 29 100 104 39 68 58 87
109 14 75 46 29 27 55 88 90 45 41 26 61 87 27 42 74 54 84 0 48 41 60 46 65 80 73 61 20 65 15
92 35 79 16 56 52 75 84 67 73 40 46 90 56 60 74 85 9 96 48 0 22 33 16 92 36 26 57 41 45 33
75 27 59 7 38 34 54 64 53 54 18 28 69 46 43 56 63 19 74 41 22 0 19 7 71 41 37 37 26 28 31
59 46 53 17 51 47 58 54 34 62 25 43 75 27 57 67 60 25 70 60 33 19 0 17 75 31 34 31 43 13 50
76 32 63 0 45 41 60 68 51 61 24 35 76 44 50 63 69 12 80 46 16 7 17 0 77 34 30 41 33 29 35
83 63 35 77 38 42 17 51 81 20 53 48 5 88 38 25 26 89 29 65 92 71 75 77 0 106 107 47 53 67 72
74 66 83 34 79 75 89 81 48 92 55 69 106 35 84 97 91 27 100 80 36 41 31 34 106 0 13 62 67 42 67
85 59 87 30 75 71 90 88 59 91 54 65 106 46 80 93 94 19 104 73 26 37 34 30 107 13 0 65 63 47 59
49 50 22 41 38 37 31 28 36 40 22 36 48 41 45 47 29 53 39 61 57 37 31 41 47 62 65 0 41 20 59
89 10 57 33 15 11 40 69 70 33 21 7 50 68 19 33 57 44 68 20 41 26 43 33 53 67 63 41 0 45 19
47 51 41 29 49 46 50 41 25 56 24 42 67 23 56 63 49 38 58 65 45 28 13 29 67 42 47 20 45 0 58
105 9 76 35 34 30 59 87 83 52 37 26 69 77 36 51 76 40 87 15 33 31 50 35 72 67 59 59 19 58 0
0 952
287 396
242 448
747 952
36 252
120 229
150 362
750 921
260 517
710 942
369 609
60 299
354 479
666 916
615 827
121 369
381 563
632 869
240 523
164 332
429 686
274 482
92 232
384 586
384 649
77 271
632 832
379 525
758 889
499 738
263 458
