31
0 74 38 50 74 70 72 27 44 48 83 52 27 84 96 91 85 19 41 58 56 71 94 35 17 33 77 75 73 77 78
74 0 42 78 21 19 40 74 62 55 9 23 58 11 44 42 49 64 51 78 80 9 29 48 60 48 3 17 41 30 17
38 42 0 39 36 48 61 32 23 52 50 19 39 53 58 53 48 23 12 41 41 43 69 36 33 6 45 51 62 59 54
50 78 39 0 65 86 100 23 16 87 84 56 69 89 74 69 58 34 27 8 6 80 106 71 58 35 80 88 101 98 91
74 21 36 65 0 39 60 68 50 69 21 24 65 30 26 23 28 59 41 63 64 29 48 58 64 42 20 38 61 50 38
70 19 48 86 39 0 21 78 70 39 27 30 48 21 63 61 67 65 59 88 88 10 25 38 54 53 22 6 22 12 9
72 40 61 100 60 21 0 87 84 29 48 46 46 39 84 82 88 73 73 102 102 31 35 37 55 65 43 25 1 13 26
27 74 32 23 68 78 87 0 23 69 82 51 49 85 84 79 71 14 27 31 29 75 101 53 38 26 77 83 88 89 86
44 62 23 16 50 70 84 23 0 73 68 40 57 73 63 58 48 25 11 18 18 64 90 57 48 20 64 72 85 82 75
48 55 52 87 69 39 29 69 73 0 64 47 21 60 95 92 93 55 63 91 91 47 61 16 32 53 58 45 30 39 48
83 9 50 84 21 27 48 82 68 64 0 32 67 10 38 38 47 73 58 83 84 18 28 57 69 56 6 23 49 35 22
52 23 19 56 24 30 46 51 40 47 32 0 41 34 50 46 46 41 29 58 58 24 50 34 40 25 26 32 47 42 35
27 58 39 69 65 48 46 49 57 21 67 41 0 66 91 87 86 35 48 74 74 52 73 10 11 38 61 54 47 53 57
84 11 53 89 30 21 39 85 73 60 10 34 66 0 48 48 57 75 62 89 91 14 18 56 70 59 10 15 40 26 13
96 44 58 74 26 63 84 84 63 95 38 50 91 48 0 5 17 80 58 69 71 53 65 84 89 63 42 61 85 73 60
91 42 53 69 23 61 82 79 58 92 38 46 87 48 5 0 12 75 53 64 66 51 65 80 85 58 40 59 83 71 58
85 49 48 58 28 67 88 71 48 93 47 46 86 57 17 12 0 68 45 53 55 57 74 80 81 52 48 66 89 78 66
19 64 23 34 59 65 73 14 25 55 73 41 35 75 80 75 68 0 23 40 39 64 89 39 25 17 67 70 74 75 73
41 51 12 27 41 59 73 27 11 63 58 29 48 62 58 53 45 23 0 29 29 53 79 47 41 10 53 61 74 71 64
58 78 41 8 63 88 102 31 18 91 83 58 74 89 69 64 53 40 29 0 2 82 107 75 65 38 80 90 103 100 93
56 80 41 6 64 88 102 29 18 91 84 58 74 91 71 66 55 39 29 2 0 82 108 75 64 38 81 90 103 100 93
71 9 43 80 29 10 31 75 64 47 18 24 52 14 53 51 57 64 53 82 82 0 26 42 56 49 12 9 32 21 11
94 29 69 106 48 25 35 101 90 61 28 50 73 18 65 65 74 89 79 107 108 26 0 63 79 75 28 19 36 22 16
35 48 36 71 58 38 37 53 57 16 57 34 10 56 84 80 80 39 47 75 75 42 63 0 18 37 51 44 38 43 47
17 60 33 58 64 54 55 38 48 32 69 40 11 70 89 85 81 25 41 65 64 56 79 18 0 31 63 60 56 61 63
33 48 6 35 42 53 65 26 20 53 56 25 38 59 63 58 52 17 10 38 38 49 75 37 31 0 51 57 66 64 60
77 3 45 80 20 22 43 77 64 58 6 26 61 10 42 40 48 67 53 80 81 12 28 51 63 51 0 19 44 31 18
75 17 51 88 38 6 25 83 72 45 23 32 54 15 61 59 66 70 61 90 90 9 19 44 60 57 19 0 26 13 3
73 41 62 101 61 22 1 88 85 30 49 47 47 40 85 83 89 74 74 103 103 32 36 38 56 66 44 26 0 14 27
77 30 59 98 50 12 13 89 82 39 35 42 53 26 73 71 78 75 71 100 100 21 22 43 61 64 31 13 14 0 13
78 17 54 91 38 9 26 86 75 48 22 35 57 13 60 58 66 73 64 93 93 11 16 47 63 60 18 3 27 13 0
0 602
247 542
150 349
53 317
292 602
242 417
280 513
162 595
288 602
1 396
188 437
0 396
260 483
183 602
140 588
141 407
2 284
5 207
285 506
64 496
270 602
45 440
281 595
110 390
89 336
267 602
270 470
71 389
71 382
264 573
144 478
