31
0 33 56 43 34 34 28 48 18 70 43 25 31 22 16 39 69 63 17 47 28 11 28 39 50 28 49 48 56 46 73
33 0 39 37 23 58 51 33 17 37 21 12 17 52 41 22 47 53 28 18 50 44 10 14 40 29 20 43 23 13 40
56 39 0 76 62 58 52 72 50 51 18 49 27 78 71 19 17 14 39 26 50 62 33 25 79 28 27 14 38 38 44
43 37 76 0 14 77 71 13 30 60 58 27 50 46 36 57 83 89 52 54 71 51 43 51 7 60 56 76 53 44 69
34 23 62 14 0 68 61 14 18 50 44 13 36 44 33 43 69 75 40 40 60 44 29 37 18 46 42 62 40 30 57
34 58 58 77 68 0 7 82 50 92 56 57 46 43 45 50 75 58 30 64 9 28 48 55 84 34 66 45 76 69 90
28 51 52 71 61 7 0 75 43 85 49 50 39 41 41 43 69 54 23 57 2 24 41 48 78 27 59 40 69 62 83
48 33 72 13 14 82 75 0 32 48 54 27 49 56 45 55 77 86 54 48 74 58 42 47 8 60 49 75 43 36 58
18 17 50 30 18 50 43 32 0 54 34 7 24 35 24 31 60 63 22 35 42 29 17 28 35 30 37 49 40 30 57
70 37 51 60 50 92 85 48 54 0 39 47 46 89 78 44 43 65 63 29 83 81 45 37 56 59 27 63 16 24 11
43 21 18 58 44 56 49 54 34 39 0 32 12 65 57 6 26 32 29 11 47 52 17 7 61 22 12 24 24 22 36
25 12 49 27 13 57 50 27 7 47 32 0 23 42 31 30 58 62 27 30 48 36 16 25 31 33 32 49 34 24 51
31 17 27 50 36 46 39 49 24 46 12 23 0 53 45 8 38 39 17 18 37 40 7 9 54 13 20 26 30 24 44
22 52 78 46 44 43 41 56 35 89 65 42 53 0 11 61 91 85 39 68 41 17 49 60 53 50 70 70 75 65 92
16 41 71 36 33 45 41 45 24 78 57 31 45 11 0 53 83 79 33 59 41 17 40 51 43 44 61 64 64 54 81
39 22 19 57 43 50 43 55 31 44 6 30 8 61 53 0 31 32 24 16 41 47 14 8 61 16 17 21 29 25 41
69 47 17 83 69 75 69 77 60 43 26 58 38 91 83 31 0 25 54 29 67 77 43 33 85 44 28 31 35 41 33
63 53 14 89 75 58 54 86 63 65 32 62 39 85 79 32 25 0 46 40 52 69 46 39 93 35 41 15 52 52 57
17 28 39 52 40 30 23 54 22 63 29 27 17 39 33 24 54 46 0 35 22 23 18 26 57 11 37 31 47 39 61
47 18 26 54 40 64 57 48 35 29 11 30 18 68 59 16 29 40 35 0 55 57 19 9 56 31 2 35 13 12 26
28 50 50 71 60 9 2 74 42 83 47 48 37 41 41 41 67 52 22 55 0 24 40 46 77 25 57 38 67 61 81
11 44 62 51 44 28 24 58 29 81 52 36 40 17 17 47 77 69 23 57 24 0 38 49 58 34 59 54 67 57 83
28 10 33 43 29 48 41 42 17 45 17 16 7 49 40 14 43 46 18 19 40 38 0 11 47 19 21 33 29 21 45
39 14 25 51 37 55 48 47 28 37 7 25 9 60 51 8 33 39 26 9 46 49 11 0 54 22 11 29 21 17 35
50 40 79 7 18 84 78 8 35 56 61 31 54 53 43 61 85 93 57 56 77 58 47 54 0 64 57 80 51 44 66
28 29 28 60 46 34 27 60 30 59 22 33 13 50 44 16 44 35 11 31 25 34 19 22 64 0 33 20 43 37 57
49 20 27 56 42 66 59 49 37 27 12 32 20 70 61 17 28 41 37 2 57 59 21 11 57 33 0 36 12 13 24
48 43 14 76 62 45 40 75 49 63 24 49 26 70 64 21 31 15 31 35 38 54 33 29 80 20 36 0 48 46 57
56 23 38 53 40 76 69 43 40 16 24 34 30 75 64 29 35 52 47 13 67 67 29 21 51 43 12 48 0 10 17
46 13 38 44 30 69 62 36 30 24 22 24 24 65 54 25 41 52 39 12 61 57 21 17 44 37 13 46 10 0 27
73 40 44 69 57 90 83 58 57 11 36 51 44 92 81 41 33 57 61 26 81 83 45 35 66 57 24 57 17 27 0
0 1346
827 945
280 351
697 871
506 637
928 1113
665 863
1028 1106
638 779
1083 1272
1086 1229
241 314
618 744
450 649
16 172
319 400
28 220
970 1157
260 453
120 248
707 898
898 1015
215 416
774 901
527 647
571 763
208 282
46 184
504 589
796 924
1171 1323
