31
0 33 30 37 61 52 13 64 61 30 26 7 62 29 36 27 32 35 29 40 28 63 28 22 34 45 26 14 61 35 21
33 0 45 25 43 35 46 53 69 3 57 26 43 60 14 57 57 64 61 45 60 37 51 54 17 78 54 22 66 23 46
30 45 0 62 50 41 34 43 31 42 26 29 86 28 56 25 17 27 48 13 35 58 11 43 33 58 20 26 32 60 13
37 25 62 0 68 60 47 78 90 27 63 34 26 66 12 64 68 72 57 66 63 61 64 51 41 74 63 36 88 2 57
61 43 50 68 0 9 73 18 51 41 75 54 81 77 56 74 67 77 90 38 83 15 61 83 28 105 69 47 45 66 61
52 35 41 60 9 0 64 20 47 33 66 45 75 68 49 65 58 68 81 31 74 18 52 74 19 96 60 38 42 58 52
13 46 34 47 73 64 0 74 65 43 18 20 73 20 48 19 29 27 17 46 16 76 28 10 47 32 21 27 66 46 22
64 53 43 78 18 20 74 0 35 51 69 58 95 71 67 68 59 70 91 30 78 33 54 84 37 101 63 51 29 76 56
61 69 31 90 51 47 65 35 0 66 52 60 112 54 82 51 39 48 77 24 61 65 37 73 53 84 47 55 6 88 43
30 3 42 27 41 33 43 51 66 0 54 24 46 57 17 54 54 61 59 42 58 37 48 52 14 75 51 19 63 25 43
26 57 26 63 75 66 18 69 52 54 0 31 88 3 62 1 13 9 25 39 9 81 16 22 52 32 6 35 55 61 14
7 26 29 34 54 45 20 58 60 24 31 0 59 34 31 32 34 39 36 36 34 56 30 29 27 52 29 7 58 32 23
62 43 86 26 81 75 73 95 112 46 88 59 0 91 30 89 93 97 82 88 89 69 89 76 60 98 88 61 109 27 82
29 60 28 66 77 68 20 71 54 57 3 34 91 0 65 3 15 8 25 41 9 83 18 24 55 31 8 38 57 64 16
36 14 56 12 56 49 48 67 82 17 62 31 30 65 0 63 65 70 61 58 64 49 61 54 31 78 60 31 80 10 54
27 57 25 64 74 65 19 68 51 54 1 32 89 3 63 0 12 8 26 38 10 80 15 23 52 33 5 35 54 62 13
32 57 17 68 67 58 29 59 39 54 13 34 93 15 65 12 0 11 38 29 22 75 6 35 48 45 8 35 42 66 11
35 64 27 72 77 68 27 70 48 61 9 39 97 8 70 8 11 0 33 40 17 85 16 31 57 37 10 42 52 70 18
29 61 48 57 90 81 17 91 77 59 25 36 82 25 61 26 38 33 0 61 16 92 41 7 63 17 31 43 80 56 35
40 45 13 66 38 31 46 30 24 42 39 36 88 41 58 38 29 40 61 0 48 49 24 56 30 71 33 31 22 64 26
28 60 35 63 83 74 16 78 61 58 9 34 89 9 64 10 22 17 16 48 0 88 25 16 59 23 15 39 64 62 23
63 37 58 61 15 18 76 33 65 37 81 56 69 83 49 80 75 85 92 49 88 0 69 85 29 108 75 49 59 59 67
28 51 11 64 61 52 28 54 37 48 16 30 89 18 61 15 6 16 41 24 25 69 0 36 42 48 10 30 39 62 7
22 54 43 51 83 74 10 84 73 52 22 29 76 24 54 23 35 31 7 56 16 85 36 0 56 24 27 36 75 50 30
34 17 33 41 28 19 47 37 53 14 52 27 60 55 31 52 48 57 63 30 59 29 42 56 0 79 47 20 49 39 39
45 78 58 74 105 96 32 101 84 75 32 52 98 31 78 33 45 37 17 71 23 108 48 24 79 0 38 59 87 73 46
26 54 20 63 69 60 21 63 47 51 6 29 88 8 60 5 8 10 31 33 15 75 10 27 47 38 0 32 49 61 8
14 22 26 36 47 38 27 51 55 19 35 7 61 38 31 35 35 42 43 31 39 49 30 36 20 59 32 0 53 34 24
61 66 32 88 45 42 66 29 6 63 55 58 109 57 80 54 42 52 80 22 64 59 39 75 49 87 49 53 0 86 45
35 23 60 2 66 58 46 76 88 25 61 32 27 64 10 62 66 70 56 64 62 59 62 50 39 73 61 34 86 0 55
21 46 13 57 61 52 22 56 43 43 14 23 82 16 54 13 11 18 35 26 23 67 7 30 39 46 8 24 45 55 0
0 1346
1022 1171
408 528
19 92
897 1015
1048 1184
415 531
950 1035
309 500
48 122
64 217
91 281
220 359
969 1121
294 384
206 369
34 189
1170 1337
98 196
4 153
866 975
1064 1254
439 565
488 637
633 722
678 790
667 790
28 195
1069 1155
662 786
269 365
