31
0 65 53 87 48 51 13 48 35 38 57 8 38 44 28 55 71 32 54 13 36 73 29 39 59 64 45 53 46 90 45
65 0 32 28 60 28 70 79 82 83 81 70 54 66 68 41 6 54 19 71 89 13 47 40 63 39 90 25 67 31 90
53 32 0 38 28 5 63 49 56 56 49 53 25 36 44 9 36 60 40 64 64 30 25 15 31 12 63 45 36 40 63
87 28 38 0 64 37 94 85 94 94 84 89 63 73 80 43 24 82 47 95 101 16 61 51 63 34 101 53 72 3 101
48 60 28 64 0 32 61 21 34 32 21 44 10 9 24 21 64 68 63 61 42 58 23 22 11 30 37 67 8 66 37
51 28 5 37 32 0 60 52 57 58 53 52 27 39 43 14 32 55 35 61 64 27 24 14 36 17 65 40 39 40 65
13 70 63 94 61 60 0 60 46 49 69 19 51 57 40 66 76 25 55 1 46 79 40 49 72 74 56 53 59 97 56
48 79 49 85 21 52 60 0 18 15 9 41 25 13 20 42 84 76 79 61 25 79 36 39 26 51 17 82 13 87 17
35 82 56 94 34 57 46 18 0 3 27 27 31 25 14 52 87 66 78 47 8 84 35 43 41 62 10 79 26 96 10
38 83 56 94 32 58 49 15 3 0 24 30 31 23 15 52 88 69 79 50 10 85 36 44 40 62 7 81 25 96 7
57 81 49 84 21 53 69 9 27 24 0 50 27 16 29 42 85 84 82 70 34 79 40 41 21 50 25 85 14 86 25
8 70 53 89 44 52 19 41 27 30 50 0 35 38 21 54 76 40 60 20 28 76 28 38 55 63 37 59 40 92 37
38 54 25 63 10 27 51 25 31 31 27 35 0 12 19 21 59 58 55 51 39 54 13 14 21 31 38 58 13 65 38
44 66 36 73 9 39 57 13 25 23 16 38 12 0 17 30 71 69 67 57 33 66 25 26 17 39 28 70 2 75 28
28 68 44 80 24 43 40 20 14 15 29 21 19 17 0 40 73 56 64 41 21 70 21 29 34 50 22 66 19 83 22
55 41 9 43 21 14 66 42 52 52 42 54 21 30 40 0 45 67 49 67 60 38 26 17 22 10 58 54 29 45 58
71 6 36 24 64 32 76 84 87 88 85 76 59 71 73 45 0 60 24 77 94 10 52 45 67 41 95 30 71 27 95
32 54 60 82 68 55 25 76 66 69 84 40 58 69 56 67 60 0 36 26 68 66 45 50 79 72 76 32 71 85 76
54 19 40 47 63 35 55 79 78 79 82 60 55 67 64 49 24 36 0 56 83 32 43 41 71 51 86 6 68 50 86
13 71 64 95 61 61 1 61 47 50 70 20 51 57 41 67 77 26 56 0 46 80 41 50 72 75 57 54 59 98 57
36 89 64 101 42 64 46 25 8 10 34 28 39 33 21 60 94 68 83 46 0 91 42 50 49 70 12 84 34 104 12
73 13 30 16 58 27 79 79 84 85 79 76 54 66 70 38 10 66 32 80 91 0 50 41 60 32 92 38 66 19 92
29 47 25 61 23 24 40 36 35 36 40 28 13 25 21 26 52 45 43 41 42 50 0 10 34 35 43 46 26 64 43
39 40 15 51 22 14 49 39 43 44 41 38 14 26 29 17 45 50 41 50 50 41 10 0 30 25 51 45 27 54 51
59 63 31 63 11 36 72 26 41 40 21 55 21 17 34 22 67 79 71 72 49 60 34 30 0 29 43 75 15 65 43
64 39 12 34 30 17 74 51 62 62 50 63 31 39 50 10 41 72 51 75 70 32 35 25 29 0 67 56 38 36 67
45 90 63 101 37 65 56 17 10 7 25 37 38 28 22 58 95 76 86 57 12 92 43 51 43 67 0 88 29 103 0
53 25 45 53 67 40 53 82 79 81 85 59 58 70 66 54 30 32 6 54 84 38 46 45 75 56 88 0 71 56 88
46 67 36 72 8 39 59 13 26 25 14 40 13 2 19 29 71 71 68 59 34 66 26 27 15 38 29 71 0 74 29
90 31 40 3 66 40 97 87 96 96 86 92 65 75 83 45 27 85 50 98 104 19 64 54 65 36 103 56 74 0 103
45 90 63 101 37 65 56 17 10 7 25 37 38 28 22 58 95 76 86 57 12 92 43 51 43 67 0 88 29 103 0
0 673
373 515
387 673
260 461
394 673
83 302
295 610
62 344
374 583
146 464
103 332
234 586
107 253
313 460
245 509
145 357
230 541
397 673
92 480
402 549
306 659
172 475
96 395
87 349
171 340
49 255
40 312
311 666
395 603
182 317
97 251
