31
0 39 30 30 51 60 50 10 47 36 15 48 12 27 34 48 13 13 41 30 30 51 49 25 43 46 42 13 51 37 43
39 0 69 50 61 80 69 29 64 71 36 40 40 35 73 87 26 41 46 58 17 76 63 64 69 83 71 42 80 70 25
30 69 0 52 49 47 42 40 42 34 33 62 39 42 8 20 43 39 49 20 60 36 45 15 29 34 49 27 30 37 73
30 50 52 0 81 90 80 33 77 30 45 75 18 55 50 63 29 17 70 59 33 80 79 38 72 44 22 43 79 27 36
51 61 49 81 0 21 12 50 7 80 37 26 63 28 57 66 55 64 15 29 67 23 4 61 23 83 92 38 33 83 81
60 80 47 90 21 0 11 63 16 80 49 47 72 45 55 59 68 73 34 31 83 11 17 61 18 81 95 47 20 83 97
50 69 42 80 12 11 0 52 5 74 38 37 62 34 50 57 57 63 24 23 72 12 8 55 13 76 88 37 22 77 86
10 29 40 33 50 63 52 0 48 45 14 42 16 22 44 58 5 17 37 34 22 55 50 35 47 56 48 16 56 46 35
47 64 42 77 7 16 5 48 0 73 35 32 59 29 50 59 53 60 19 22 68 16 3 54 16 76 87 34 26 76 82
36 71 34 30 80 80 74 45 73 0 49 82 31 61 28 36 45 30 74 51 57 70 76 19 62 14 17 45 64 4 64
15 36 33 45 37 49 38 14 35 49 0 33 27 12 40 53 19 28 26 22 35 42 36 35 35 58 57 6 44 51 49
48 40 62 75 26 47 37 42 32 82 33 0 58 21 70 82 46 59 14 43 52 48 30 67 45 90 90 38 56 84 65
12 40 39 18 63 72 62 16 59 31 27 58 0 38 40 53 14 1 53 42 26 63 61 28 55 44 32 25 63 30 36
27 35 42 55 28 45 34 22 29 61 12 21 38 0 50 62 27 39 15 26 39 41 29 46 35 69 69 17 46 63 53
34 73 8 50 57 55 50 44 50 28 40 70 40 50 0 14 47 40 57 28 64 44 53 12 37 26 45 34 36 32 76
48 87 20 63 66 59 57 58 59 36 53 82 53 62 14 0 61 53 68 39 78 48 62 25 44 28 53 47 39 40 89
13 26 43 29 55 68 57 5 53 45 19 46 14 27 47 61 0 15 42 39 17 60 55 38 52 57 46 21 61 44 30
13 41 39 17 64 73 63 17 60 30 28 59 1 39 40 53 15 0 54 43 27 64 62 28 56 43 31 26 63 29 37
41 46 49 70 15 34 24 37 19 74 26 14 53 15 57 68 42 54 0 29 53 35 17 57 31 80 83 29 42 76 67
30 58 20 59 29 31 23 34 22 51 22 43 42 26 28 39 39 43 29 0 56 21 25 32 13 54 65 18 22 54 69
30 17 60 33 67 83 72 22 68 57 35 52 26 39 64 78 17 27 53 56 0 77 68 54 69 70 55 38 78 56 14
51 76 36 80 23 11 12 55 16 70 42 48 63 41 44 48 60 64 35 21 77 0 19 51 8 70 85 39 10 73 90
49 63 45 79 4 17 8 50 3 76 36 30 61 29 53 62 55 62 17 25 68 19 0 57 19 79 89 36 29 79 82
25 64 15 38 61 61 55 35 54 19 35 67 28 46 12 25 38 28 57 32 54 51 57 0 43 23 34 29 45 22 64
43 69 29 72 23 18 13 47 16 62 35 45 55 35 37 44 52 56 31 13 69 8 19 43 0 63 77 31 11 65 82
46 83 34 44 83 81 76 56 76 14 58 90 44 69 26 28 57 43 80 54 70 70 79 23 63 0 28 52 62 17 78
42 71 49 22 92 95 88 48 87 17 57 90 32 69 45 53 46 31 83 65 55 85 89 34 77 28 0 54 79 13 57
13 42 27 43 38 47 37 16 34 45 6 38 25 17 34 47 21 26 29 18 38 39 36 29 31 52 54 0 40 47 51
51 80 30 79 33 20 22 56 26 64 44 56 63 46 36 39 61 63 42 22 78 10 29 45 11 62 79 40 0 67 91
37 70 37 27 83 83 77 46 76 4 51 84 30 63 32 40 44 29 76 54 56 73 79 22 65 17 13 47 67 0 62
43 25 73 36 81 97 86 35 82 64 49 65 36 53 76 89 30 37 67 69 14 90 82 64 82 78 57 51 91 62 0
0 952
652 820
597 788
383 643
93 256
125 256
648 833
186 390
658 816
420 680
391 545
493 765
234 349
356 553
381 607
373 611
593 708
42 319
70 325
130 230
378 487
188 458
470 671
717 952
690 839
500 769
125 401
232 439
277 408
637 757
341 491
