31
0 79 18 65 10 50 24 65 60 92 76 62 73 46 43 77 81 54 77 41 5 28 52 45 32 95 20 35 35 70 62
79 0 90 26 70 58 83 65 71 81 11 41 67 41 40 4 2 52 64 45 79 57 77 35 70 36 63 60 44 77 45
18 90 0 72 20 50 13 62 53 87 89 79 70 62 58 88 92 71 76 48 13 35 43 58 28 101 37 36 46 63 79
65 26 72 0 55 32 62 39 45 57 34 53 41 43 38 22 26 60 39 24 64 37 51 32 47 31 55 37 31 51 57
10 70 20 55 0 40 20 55 50 82 69 59 63 42 38 68 72 54 67 31 9 18 43 38 23 85 20 25 26 60 61
50 58 50 32 40 0 37 15 14 42 64 72 23 57 51 54 58 74 27 21 48 24 19 46 22 55 53 15 34 24 75
24 83 13 62 20 37 0 49 40 74 83 78 57 61 56 80 84 74 63 39 19 26 30 55 15 90 40 25 41 50 80
65 65 62 39 55 15 49 0 10 27 73 86 8 71 65 61 65 88 14 35 62 39 21 60 35 52 68 30 49 12 89
60 71 53 45 50 14 40 10 0 34 78 86 18 71 65 67 71 88 24 35 56 36 11 60 28 62 65 26 48 10 89
92 81 87 57 82 42 74 27 34 0 90 108 19 95 90 77 80 112 18 61 89 66 45 84 62 55 95 57 75 25 112
76 11 89 34 69 64 83 73 78 90 0 31 75 34 34 14 13 42 72 47 78 57 82 31 72 47 59 62 43 85 35
62 41 79 53 59 72 78 86 86 108 31 0 91 17 22 42 43 12 90 51 66 54 86 26 70 76 42 63 39 96 4
73 67 70 41 63 23 57 8 18 19 75 91 0 77 71 63 66 94 6 42 70 47 29 66 43 49 76 38 56 13 95
46 41 62 43 42 57 61 71 71 95 34 17 77 0 6 41 43 17 77 36 49 38 70 11 54 72 26 47 23 81 20
43 40 58 38 38 51 56 65 65 90 34 22 71 6 0 39 42 23 72 30 46 32 64 6 48 68 25 41 17 75 25
77 4 88 22 68 54 80 61 67 77 14 42 63 41 39 0 4 53 60 41 77 54 73 34 66 34 62 56 42 73 46
81 2 92 26 72 58 84 65 71 80 13 43 66 43 42 4 0 54 63 45 81 58 77 37 70 34 65 60 46 77 47
54 52 71 60 54 74 74 88 88 112 42 12 94 17 23 53 54 0 94 53 58 54 87 28 70 86 34 64 40 98 10
77 64 76 39 67 27 63 14 24 18 72 90 6 77 72 60 63 94 0 43 75 51 35 66 48 43 79 42 57 19 94
41 45 48 24 31 21 39 35 35 61 47 51 42 36 30 41 45 53 43 0 40 13 36 25 25 54 36 15 14 45 54
5 79 13 64 9 48 19 62 56 89 78 66 70 49 46 77 81 58 75 40 0 27 47 47 28 94 24 33 35 66 66
28 57 35 37 18 24 26 39 36 66 57 54 47 38 32 54 58 54 51 13 27 0 33 29 16 67 29 10 15 46 57
52 77 43 51 43 19 30 21 11 45 82 86 29 70 64 73 77 87 35 36 47 33 0 61 20 72 61 23 47 20 89
45 35 58 32 38 46 55 60 60 84 31 26 66 11 6 34 37 28 66 25 47 29 61 0 45 62 28 38 14 70 29
32 70 28 47 23 22 15 35 28 62 72 70 43 54 48 66 70 70 48 25 28 16 20 45 0 75 41 10 31 38 73
95 36 101 31 85 55 90 52 62 55 47 76 49 72 68 34 34 86 43 54 94 67 72 62 75 0 86 65 62 62 80
20 63 37 55 20 53 40 68 65 95 59 42 76 26 25 62 65 34 79 36 24 29 61 28 41 86 0 39 24 75 42
35 60 36 37 25 15 25 30 26 57 62 63 38 47 41 56 60 64 42 15 33 10 23 38 10 65 39 0 24 36 66
35 44 46 31 26 34 41 49 48 75 43 39 56 23 17 42 46 40 57 14 35 15 47 14 31 62 24 24 0 58 42
70 77 63 51 60 24 50 12 10 25 85 96 13 81 75 73 77 98 19 45 66 46 20 70 38 62 75 36 58 0 99
62 45 79 57 61 75 80 89 89 112 35 4 95 20 25 46 47 10 94 54 66 57 89 29 73 80 42 66 42 99 0
0 1683
1137 1372
434 591
179 360
231 480
1224 1329
1375 1497
653 814
723 961
1065 1277
879 1108
727 865
59 262
734 909
450 630
177 371
556 689
472 662
196 351
250 386
918 1022
1098 1255
961 1136
1145 1345
1131 1355
1472 1581
811 953
1434 1551
837 1033
238 442
920 1077
