41
0 93 59 50 62 78 73 46 82 80 59 84 67 25 37 69 8 31 37 18 27 11 61 75 70 94 27 43 61 53 66 6 50 40 49 47 32 64 40 75 7
93 0 34 45 38 18 37 64 23 69 64 38 49 75 90 65 93 63 84 108 72 89 32 64 40 25 74 53 90 51 53 89 51 91 52 50 68 66 67 47 100
59 34 0 14 18 19 31 38 29 59 45 40 36 42 61 51 59 29 55 74 39 55 2 51 30 41 42 20 68 27 39 55 24 63 25 20 36 47 39 38 66
50 45 14 0 12 28 44 24 43 69 52 54 47 30 62 61 49 19 56 67 27 45 15 41 42 55 29 22 73 35 49 45 31 64 32 25 23 35 41 31 57
62 38 18 12 0 20 48 26 44 77 62 57 54 39 74 69 59 31 68 79 37 55 17 33 47 55 38 34 84 44 57 57 41 76 42 35 32 29 53 20 69
78 18 19 28 20 0 39 46 28 70 61 43 49 58 80 64 76 47 74 93 55 73 17 48 39 37 57 39 86 44 52 73 42 81 43 38 51 48 57 31 85
73 37 31 44 48 39 0 68 14 32 27 11 12 66 58 28 76 51 52 83 64 74 31 81 3 23 67 32 53 20 16 72 23 58 24 27 63 77 37 67 80
46 64 38 24 26 46 68 0 67 91 73 78 70 21 72 82 41 25 67 64 19 37 39 29 66 79 19 42 89 56 72 40 52 75 53 46 15 18 57 31 52
82 23 29 43 44 28 14 67 0 46 41 15 26 70 71 42 83 55 65 94 68 81 28 76 17 12 71 39 67 32 30 79 33 72 34 35 65 73 49 59 89
80 69 59 69 77 70 32 91 46 0 21 32 23 83 51 11 85 68 47 84 81 85 60 110 31 48 84 49 33 35 20 81 39 49 39 45 80 104 40 97 86
59 64 45 52 62 61 27 73 41 21 0 34 15 62 34 10 64 49 28 64 61 64 46 93 25 50 64 31 26 18 11 60 21 32 20 27 61 86 19 82 65
84 38 40 54 57 43 11 78 15 32 34 0 20 77 68 32 87 62 62 94 75 85 40 90 14 16 78 43 59 31 23 83 34 66 35 38 74 86 48 74 91
67 49 36 47 54 49 12 70 26 23 15 20 0 63 48 16 71 48 42 75 61 70 37 87 10 35 64 29 41 15 4 67 19 47 19 24 60 82 28 74 73
25 75 42 30 39 58 66 21 70 83 62 77 63 0 53 72 20 15 50 43 3 16 44 50 63 82 2 34 74 48 64 19 44 56 45 39 7 39 44 50 31
37 90 61 62 74 80 58 72 71 51 34 68 48 53 0 42 45 47 6 34 54 46 63 99 55 81 55 41 24 39 45 41 39 3 38 42 57 90 23 93 39
69 65 51 61 69 64 28 82 42 11 10 32 16 72 42 0 74 59 37 74 71 74 52 102 26 48 74 40 27 26 12 70 30 39 29 36 71 95 29 89 75
8 93 59 49 59 76 76 41 83 85 64 87 71 20 45 74 0 30 44 24 22 4 61 69 73 95 22 44 68 56 70 4 53 48 52 49 27 58 45 70 12
31 63 29 19 31 47 51 25 55 68 49 62 48 15 47 59 30 0 42 48 13 26 31 52 48 67 16 19 64 33 49 26 29 50 30 24 12 43 32 48 38
37 84 55 56 68 74 52 67 65 47 28 62 42 50 6 37 44 42 0 37 50 45 57 94 49 75 52 35 24 33 39 40 33 8 32 36 53 85 17 87 40
18 108 74 67 79 93 83 64 94 84 64 94 75 43 34 74 24 48 37 0 45 28 76 93 80 106 45 56 58 63 73 24 61 37 60 60 50 82 47 93 12
27 72 39 27 37 55 64 19 68 81 61 75 61 3 54 71 22 13 50 45 0 18 41 48 61 80 3 32 74 46 62 21 42 57 43 37 5 37 43 48 33
11 89 55 45 55 73 74 37 81 85 64 85 70 16 46 74 4 26 45 28 18 0 57 65 71 93 18 42 69 55 70 5 51 49 51 47 23 54 45 66 16
61 32 2 15 17 17 31 39 28 60 46 40 37 44 63 52 61 31 57 76 41 57 0 50 30 40 44 22 70 28 40 57 26 64 27 21 38 46 40 37 68
75 64 51 41 33 48 81 29 76 110 93 90 87 50 99 102 69 52 94 93 48 65 50 0 80 85 48 63 114 76 90 69 72 102 73 66 44 11 82 17 81
70 40 30 42 47 39 3 66 17 31 25 14 10 63 55 26 73 48 49 80 61 71 30 80 0 26 64 29 51 17 14 69 20 55 21 24 60 76 34 67 77
94 25 41 55 55 37 23 79 12 48 50 16 35 82 81 48 95 67 75 106 80 93 40 85 26 0 83 51 75 43 39 91 45 81 46 47 77 84 60 68 101
27 74 42 29 38 57 67 19 71 84 64 78 64 2 55 74 22 16 52 45 3 18 44 48 64 83 0 35 76 49 65 21 45 58 46 40 6 37 46 49 33
43 53 20 22 34 39 32 42 39 49 31 43 29 34 41 40 44 19 35 56 32 42 22 63 29 51 35 0 51 14 30 40 10 43 11 5 31 56 19 53 50
61 90 68 73 84 86 53 89 67 33 26 59 41 74 24 27 68 64 24 58 74 69 70 114 51 75 76 51 0 42 37 64 44 21 43 49 76 106 32 104 63
53 51 27 35 44 44 20 56 32 35 18 31 15 48 39 26 56 33 33 63 46 55 28 76 17 43 49 14 42 0 16 52 4 40 4 10 45 69 17 64 60
66 53 39 49 57 52 16 72 30 20 11 23 4 64 45 12 70 49 39 73 62 70 40 90 14 39 65 30 37 16 0 66 20 43 19 26 61 84 26 77 72
6 89 55 45 57 73 72 40 79 81 60 83 67 19 41 70 4 26 40 24 21 5 57 69 69 91 21 40 64 52 66 0 49 44 48 45 26 58 41 69 12
50 51 24 31 41 42 23 52 33 39 21 34 19 44 39 30 53 29 33 61 42 51 26 72 20 45 45 10 44 4 20 49 0 40 1 6 41 65 16 61 57
40 91 63 64 76 81 58 75 72 49 32 66 47 56 3 39 48 50 8 37 57 49 64 102 55 81 58 43 21 40 43 44 40 0 39 43 60 93 24 95 42
49 52 25 32 42 43 24 53 34 39 20 35 19 45 38 29 52 30 32 60 43 51 27 73 21 46 46 11 43 4 19 48 1 39 0 7 42 66 15 62 56
47 50 20 25 35 38 27 46 35 45 27 38 24 39 42 36 49 24 36 60 37 47 21 66 24 47 40 5 49 10 26 45 6 43 7 0 36 59 19 55 54
32 68 36 23 32 51 63 15 65 80 61 74 60 7 57 71 27 12 53 50 5 23 38 44 60 77 6 31 76 45 61 26 41 60 42 36 0 33 44 43 38
64 66 47 35 29 48 77 18 73 104 86 86 82 39 90 95 58 43 85 82 37 54 46 11 76 84 37 56 106 69 84 58 65 93 66 59 33 0 74 21 70
40 67 39 41 53 57 37 57 49 40 19 48 28 44 23 29 45 32 17 47 43 45 40 82 34 60 46 19 32 17 26 41 16 24 15 19 44 74 0 72 46
75 47 38 31 20 31 67 31 59 97 82 74 74 50 93 89 70 48 87 93 48 66 37 17 67 68 49 53 104 64 77 69 61 95 62 55 43 21 72 0 81
7 100 66 57 69 85 80 52 89 86 65 91 73 31 39 75 12 38 40 12 33 16 68 81 77 101 33 50 63 60 72 12 57 42 56 54 38 70 46 81 0
0 1936
128 311
1416 1697
609 874
260 495
1104 1294
1391 1657
243 445
1244 1507
210 470
85 356
956 1111
135 316
1207 1367
773 956
216 472
178 366
1059 1327
1718 1892
884 1025
1513 1624
423 554
1482 1619
1626 1903
1347 1532
495 726
847 1083
1246 1352
1559 1734
631 840
1274 1447
1495 1765
943 1090
1522 1732
1135 1258
739 957
1656 1823
868 1039
557 756
295 439
979 1126
