41
0 40 99 89 94 12 107 35 105 72 76 25 94 82 108 88 68 69 39 27 23 39 84 81 36 75 41 51 100 68 81 60 45 21 53 96 75 86 75 53 43
40 0 80 51 61 29 67 15 65 63 43 31 56 42 68 74 54 31 27 23 23 26 46 43 8 41 4 11 60 28 44 28 31 20 32 63 41 74 44 15 3
99 80 0 99 118 87 60 70 71 33 106 75 102 75 60 17 32 87 60 72 98 61 94 91 75 46 83 71 71 63 98 53 54 92 49 33 47 22 39 84 77
89 51 99 0 20 79 52 64 41 98 20 80 5 25 53 102 89 20 73 72 67 72 5 8 57 53 48 44 37 38 9 54 74 68 69 69 52 106 61 36 49
94 61 118 20 0 86 71 76 60 115 18 92 20 44 72 121 106 34 87 84 71 86 24 27 69 72 57 58 56 56 20 71 88 73 86 88 71 124 80 47 61
12 29 87 79 86 0 95 23 93 62 68 15 84 70 96 77 57 59 27 15 18 27 74 71 24 63 31 39 88 56 72 48 33 13 41 84 63 76 63 43 31
107 67 60 52 71 95 0 72 13 76 69 87 51 33 1 71 68 53 73 81 90 73 50 49 71 33 69 56 15 39 57 47 69 87 61 27 32 76 38 61 64
35 15 70 64 76 23 72 0 72 49 58 17 69 51 73 61 41 44 12 9 28 11 59 56 7 40 19 20 67 35 58 25 17 22 21 61 40 61 40 29 15
105 65 71 41 60 93 13 72 0 84 58 89 40 25 14 81 75 45 75 81 88 75 39 39 69 37 66 54 5 37 46 49 72 85 65 38 36 86 44 55 62
72 63 33 98 115 62 76 49 84 0 101 47 102 76 77 17 9 82 37 49 76 38 93 90 56 48 67 59 81 60 95 44 32 70 31 51 49 14 40 72 61
76 43 106 20 18 68 69 58 58 101 0 74 25 37 70 108 92 19 70 66 53 69 19 20 51 60 39 42 54 43 12 57 72 55 70 80 59 110 67 29 43
25 31 75 80 92 15 87 17 89 47 74 0 85 68 88 63 43 60 15 8 32 15 75 72 23 55 35 37 84 52 74 40 21 26 29 73 55 61 52 45 31
94 56 102 5 20 84 51 69 40 102 25 85 0 27 52 105 93 25 78 77 72 77 10 13 62 56 53 49 36 42 14 58 79 73 74 71 55 109 64 41 54
82 42 75 25 44 70 33 51 25 76 37 68 27 0 34 78 67 20 57 60 63 57 20 18 46 29 41 31 20 17 26 33 55 61 49 44 28 82 37 30 39
108 68 60 53 72 96 1 73 14 77 70 88 52 34 0 71 69 54 74 82 91 74 51 50 72 34 70 57 16 40 58 48 70 88 62 27 33 76 39 62 65
88 74 17 102 121 77 71 61 81 17 108 63 105 78 71 0 20 89 50 62 89 51 97 94 68 49 78 68 80 65 101 51 44 83 42 44 50 5 41 81 72
68 54 32 89 106 57 68 41 75 9 92 43 93 67 69 20 0 73 30 42 69 31 84 81 48 39 58 50 72 51 86 35 24 63 22 44 40 20 31 63 52
69 31 87 20 34 59 53 44 45 82 19 60 25 20 54 89 73 0 54 52 48 53 15 12 37 41 28 25 40 24 14 38 55 48 52 61 40 91 48 16 29
39 27 60 73 87 27 73 12 75 37 70 15 78 57 74 50 30 54 0 12 39 1 68 65 19 40 31 29 71 40 68 26 6 33 14 58 41 50 37 41 27
27 23 72 72 84 15 81 9 81 49 66 8 77 60 82 62 42 52 12 0 27 12 67 64 15 49 27 29 76 44 66 34 18 21 26 69 49 62 48 37 23
23 23 98 67 71 18 90 28 88 76 53 32 72 63 91 89 69 48 39 27 0 38 63 60 23 64 22 34 83 51 59 49 45 6 49 86 64 89 65 33 26
39 26 61 72 86 27 73 11 75 38 69 15 77 57 74 51 31 53 1 12 38 0 67 64 18 40 30 28 71 40 67 26 7 32 14 58 41 51 37 40 26
84 46 94 5 24 74 50 59 39 93 19 75 10 20 51 97 84 15 68 67 63 67 0 3 52 48 43 39 35 33 7 49 69 63 64 64 47 101 56 31 44
81 43 91 8 27 71 49 56 39 90 20 72 13 18 50 94 81 12 65 64 60 64 3 0 49 45 40 36 34 30 8 46 66 60 61 62 44 98 53 28 41
36 8 75 57 69 24 71 7 69 56 51 23 62 46 72 68 48 37 19 15 23 18 52 49 0 41 12 15 64 32 51 26 24 19 26 63 41 68 42 22 8
75 41 46 53 72 63 33 40 37 48 60 55 56 29 34 49 39 41 40 49 64 40 48 45 41 0 43 30 33 17 52 15 36 60 28 22 1 53 8 40 38
41 4 83 48 57 31 69 19 66 67 39 35 53 41 70 78 58 28 31 27 22 30 43 40 12 43 0 13 61 30 41 31 35 20 36 65 43 78 47 12 6
51 11 71 44 58 39 56 20 54 59 42 37 49 31 57 68 50 25 29 29 34 28 39 36 15 30 13 0 49 17 39 18 30 31 28 52 30 70 34 13 8
100 60 71 37 56 88 15 67 5 81 54 84 36 20 16 80 72 40 71 76 83 71 35 34 64 33 61 49 0 32 42 45 68 80 61 38 32 84 41 50 57
68 28 63 38 56 56 39 35 37 60 43 52 42 17 40 65 51 24 40 44 51 40 33 30 32 17 30 17 32 0 36 16 38 48 32 39 17 68 24 23 25
81 44 98 9 20 72 57 58 46 95 12 74 14 26 58 101 86 14 68 66 59 67 7 8 51 52 41 39 42 36 0 51 69 60 66 70 52 104 60 29 43
60 28 53 54 71 48 47 25 49 44 57 40 58 33 48 51 35 38 26 34 49 26 49 46 26 15 31 18 45 16 51 0 23 45 16 37 15 53 16 31 25
45 31 54 74 88 33 69 17 72 32 72 21 79 55 70 44 24 55 6 18 45 7 69 66 24 36 35 30 68 38 69 23 0 39 8 52 37 44 31 43 30
21 20 92 68 73 13 87 22 85 70 55 26 73 61 88 83 63 48 33 21 6 32 63 60 19 60 20 31 80 48 60 45 39 0 43 82 60 83 61 32 23
53 32 49 69 86 41 61 21 65 31 70 29 74 49 62 42 22 52 14 26 49 14 64 61 26 28 36 28 61 32 66 16 8 43 0 44 29 42 23 41 30
96 63 33 69 88 84 27 61 38 51 80 73 71 44 27 44 44 61 58 69 86 58 64 62 63 22 65 52 38 39 70 37 52 82 44 0 23 49 21 62 60
75 41 47 52 71 63 32 40 36 49 59 55 55 28 33 50 40 40 41 49 64 41 47 44 41 1 43 30 32 17 52 15 37 60 29 23 0 54 9 40 38
86 74 22 106 124 76 76 61 86 14 110 61 109 82 76 5 20 91 50 62 89 51 101 98 68 53 78 70 84 68 104 53 44 83 42 49 54 0 45 83 72
75 44 39 61 80 63 38 40 44 40 67 52 64 37 39 41 31 48 37 48 65 37 56 53 42 8 47 34 41 24 60 16 31 61 23 21 9 45 0 45 41
53 15 84 36 47 43 61 29 55 72 29 45 41 30 62 81 63 16 41 37 33 40 31 28 22 40 12 13 50 23 29 31 43 32 41 62 40 83 45 0 14
43 3 77 49 61 31 64 15 62 61 43 31 54 39 65 72 52 29 27 23 26 26 44 41 8 38 6 8 57 25 43 25 30 23 30 60 38 72 41 14 0
0 1825
1096 1429
1057 1528
276 777
934 1257
936 1449
567 940
1350 1819
515 779
597 927
959 1176
146 652
454 737
833 1213
756 966
1111 1334
263 567
420 655
1242 1613
923 1261
1253 1643
873 1103
973 1232
1367 1825
677 976
967 1389
701 996
1308 1662
934 1295
811 1184
672 859
215 754
562 763
1275 1566
101 398
683 1067
1181 1494
43 436
219 664
147 651
1271 1815
