41
0 49 22 47 30 51 84 51 72 46 67 80 32 69 73 85 66 66 18 70 29 12 111 6 26 73 15 26 66 62 100 11 33 65 17 42 76 43 63 78 78
49 0 27 9 19 2 44 52 40 54 63 40 19 38 73 56 30 17 54 70 47 46 72 55 47 77 62 38 20 31 61 39 19 18 54 18 62 20 18 43 52
22 27 0 27 8 29 67 42 52 41 58 63 14 49 65 68 49 44 28 62 26 22 91 28 31 67 37 24 46 46 80 14 12 43 31 25 63 23 41 62 61
47 9 27 0 20 8 40 59 49 60 70 36 15 47 80 65 24 19 55 77 50 42 80 53 41 84 59 32 19 23 69 36 22 25 50 9 70 27 26 37 61
30 19 8 20 0 21 60 43 46 43 57 56 10 43 66 62 43 36 35 63 31 29 84 36 35 68 44 27 38 41 73 21 6 35 38 20 60 17 33 56 55
51 2 29 8 21 0 42 54 41 56 65 38 20 39 75 57 28 15 56 72 49 47 72 57 48 79 64 39 18 29 61 41 21 17 55 17 64 22 18 41 53
84 44 67 40 60 42 0 96 73 98 105 4 53 72 115 89 18 30 95 112 90 76 91 89 69 120 93 62 25 22 83 73 62 45 81 42 100 64 48 9 85
51 52 42 59 43 54 96 0 39 6 16 92 53 36 23 43 82 67 36 20 22 60 74 56 72 25 65 66 71 82 64 53 38 54 68 63 26 32 51 95 36
72 40 52 49 46 41 73 39 0 45 37 69 55 3 47 16 65 43 65 44 51 74 39 78 81 53 87 73 48 68 28 66 40 28 83 58 29 29 25 74 12
46 54 41 60 43 56 98 6 45 0 22 94 53 42 27 49 84 69 31 24 17 56 80 51 68 27 60 64 73 83 70 49 38 58 63 63 32 34 55 97 42
67 63 58 70 57 65 105 16 37 22 0 101 67 35 10 35 93 75 52 7 38 76 67 72 88 16 81 82 80 93 57 69 51 60 84 76 13 43 57 106 29
80 40 63 36 56 38 4 92 69 94 101 0 49 68 111 85 14 26 91 108 86 72 88 85 66 116 89 59 21 19 80 69 58 41 78 38 96 60 44 8 81
32 19 14 15 10 20 53 53 55 53 67 49 0 52 76 71 35 34 42 73 40 27 91 38 28 78 44 19 34 32 80 21 16 37 35 11 70 26 37 48 64
69 38 49 47 43 39 72 36 3 42 35 68 52 0 45 19 64 42 62 42 48 71 42 75 78 51 84 70 47 67 31 63 37 27 80 55 28 26 24 73 14
73 73 65 80 66 75 115 23 47 27 10 111 76 45 0 43 103 85 58 3 44 83 75 78 95 6 87 89 90 103 66 76 60 70 90 85 21 53 67 116 39
85 56 68 65 62 57 89 43 16 49 35 85 71 19 43 0 81 59 76 40 61 90 32 91 97 49 100 89 64 84 23 82 56 44 99 74 22 45 41 90 7
66 30 49 24 43 28 18 82 65 84 93 14 35 64 103 81 0 22 77 100 74 58 90 71 52 107 75 45 17 5 81 55 46 37 64 24 91 50 40 13 77
66 17 44 19 36 15 30 67 43 69 75 26 34 42 85 59 22 0 71 82 64 61 68 72 59 91 78 50 5 26 59 55 36 15 69 27 70 35 18 31 55
18 54 28 55 35 56 95 36 65 31 52 91 42 62 58 76 77 71 0 55 15 30 104 22 44 56 30 43 73 74 93 27 35 67 35 53 62 41 64 90 69
70 70 62 77 63 72 112 20 44 24 7 108 73 42 3 40 100 82 55 0 41 80 72 75 92 9 84 86 87 100 63 73 57 67 87 82 18 50 64 113 36
29 47 26 50 31 49 90 22 51 17 38 86 40 48 44 61 74 64 15 41 0 39 90 34 51 44 43 48 67 72 79 32 28 56 46 51 48 30 53 87 54
12 46 22 42 29 47 76 60 74 56 76 72 27 71 83 90 58 61 30 80 39 0 113 14 14 83 17 14 61 54 102 8 34 64 9 35 83 45 62 70 83
111 72 91 80 84 72 91 74 39 80 67 88 91 42 75 32 90 68 104 72 90 113 0 117 119 81 126 110 73 94 11 105 79 55 122 89 54 68 54 96 38
6 55 28 53 36 57 89 56 78 51 72 85 38 75 78 91 71 72 22 75 34 14 117 0 26 77 9 28 72 68 106 17 39 71 15 48 82 49 69 84 84
26 47 31 41 35 48 69 72 81 68 88 66 28 78 95 97 52 59 44 92 51 14 119 26 0 95 25 9 58 47 108 19 41 65 13 32 94 52 65 63 90
73 77 67 84 68 79 120 25 53 27 16 116 78 51 6 49 107 91 56 9 44 83 81 77 95 0 86 91 95 107 72 76 63 76 90 88 27 57 73 120 45
15 62 37 59 44 64 93 65 87 60 81 89 44 84 87 100 75 78 30 84 43 17 126 9 25 86 0 31 78 71 115 23 48 79 12 52 91 58 77 87 93
26 38 24 32 27 39 62 66 73 64 82 59 19 70 89 89 45 50 43 86 48 14 110 28 9 91 31 0 49 40 99 16 33 56 19 23 87 44 56 56 82
66 20 46 19 38 18 25 71 48 73 80 21 34 47 90 64 17 5 73 87 67 61 73 72 58 95 78 49 0 21 64 55 39 20 68 26 75 39 23 26 60
62 31 46 23 41 29 22 82 68 83 93 19 32 67 103 84 5 26 74 100 72 54 94 68 47 107 71 40 21 0 85 51 45 41 59 21 93 50 43 16 80
100 61 80 69 73 61 83 64 28 70 57 80 80 31 66 23 81 59 93 63 79 102 11 106 108 72 115 99 64 85 0 94 68 45 111 78 45 57 43 88 28
11 39 14 36 21 41 73 53 66 49 69 69 21 63 76 82 55 55 27 73 32 8 105 17 19 76 23 16 55 51 94 0 26 56 17 31 75 37 54 67 75
33 19 12 22 6 21 62 38 40 38 51 58 16 37 60 56 46 36 35 57 28 34 79 39 41 63 48 33 39 45 68 26 0 32 43 25 54 11 30 59 49
65 18 43 25 35 17 45 54 28 58 60 41 37 27 70 44 37 15 67 67 56 64 55 71 65 76 79 56 20 41 45 56 32 0 72 34 55 26 3 46 40
17 54 31 50 38 55 81 68 83 63 84 78 35 80 90 99 64 69 35 87 46 9 122 15 13 90 12 19 68 59 111 17 43 72 0 42 92 54 71 75 92
42 18 25 9 20 17 42 63 58 63 76 38 11 55 85 74 24 27 53 82 51 35 89 48 32 88 52 23 26 21 78 31 25 34 42 0 77 33 35 37 69
76 62 63 70 60 64 100 26 29 32 13 96 70 28 21 22 91 70 62 18 48 83 54 82 94 27 91 87 75 93 45 75 54 55 92 77 0 44 52 101 18
43 20 23 27 17 22 64 32 29 34 43 60 26 26 53 45 50 35 41 50 30 45 68 49 52 57 58 44 39 50 57 37 11 26 54 33 44 0 23 63 38
63 18 41 26 33 18 48 51 25 55 57 44 37 24 67 41 40 18 64 64 53 62 54 69 65 73 77 56 23 43 43 54 30 3 71 35 52 23 0 49 37
78 43 62 37 56 41 9 95 74 97 106 8 48 73 116 90 13 31 90 113 87 70 96 84 63 120 87 56 26 16 88 67 59 46 75 37 101 63 49 0 86
78 52 61 61 55 53 85 36 12 42 29 81 64 14 39 7 77 55 69 36 54 83 38 84 90 45 93 82 60 80 28 75 49 40 92 69 18 38 37 86 0
0 1290
273 539
393 777
715 1290
206 834
455 962
770 1290
702 1290
22 605
101 746
390 1003
396 906
110 446
572 1290
17 565
459 1155
629 1151
385 918
262 917
151 638
608 1004
478 1181
625 1161
106 725
656 1116
733 1217
607 882
228 945
65 601
732 1192
469 773
470 1164
205 810
513 1188
339 1098
71 559
125 534
741 1105
211 844
285 777
493 1115
