41
0 66 34 38 64 44 68 53 49 42 73 33 25 66 67 94 69 20 25 77 96 73 55 48 8 4 53 105 30 88 34 56 67 79 51 64 69 72 49 38 59
66 0 59 44 37 48 7 25 62 62 19 38 43 30 24 29 24 61 62 37 30 8 53 57 59 70 19 42 66 41 56 13 31 19 61 7 46 18 17 65 68
34 59 0 15 38 14 56 35 15 8 55 23 40 43 47 88 72 49 9 51 88 61 23 71 35 37 54 86 8 62 59 54 75 77 17 53 83 72 46 7 25
38 44 15 0 26 8 41 20 21 19 40 11 34 30 33 73 59 47 20 39 73 46 20 64 36 42 41 72 22 50 54 40 62 63 22 38 72 58 32 21 30
64 37 38 26 0 24 30 16 33 37 21 32 54 7 13 60 61 70 46 13 58 33 21 80 61 68 46 50 46 24 73 42 66 55 31 30 78 55 37 41 35
44 48 14 8 24 0 44 23 14 14 42 19 42 29 34 76 66 55 22 37 76 49 12 72 43 48 48 73 22 48 62 47 69 67 14 41 80 65 39 18 22
68 7 56 41 30 44 0 21 58 58 12 37 46 23 17 32 31 64 60 30 32 5 49 63 61 72 25 38 63 34 61 19 38 25 57 4 53 25 20 62 64
53 25 35 20 16 23 21 0 37 37 20 20 38 14 14 53 46 56 40 25 53 26 28 64 49 57 30 52 42 36 57 27 51 44 36 18 62 43 21 41 43
49 62 15 21 33 14 58 37 0 7 54 32 54 40 46 90 80 64 24 45 90 63 12 85 50 51 62 83 19 56 73 61 83 81 2 55 93 79 53 11 10
42 62 8 19 37 14 58 37 7 0 56 30 48 43 48 90 78 57 17 50 90 63 18 79 43 44 60 87 12 61 67 59 81 81 9 55 91 77 51 4 17
73 19 55 40 21 42 12 20 54 56 0 40 55 14 8 39 43 73 60 18 37 13 42 74 68 77 36 32 62 22 71 30 50 36 52 15 65 37 30 60 56
33 38 23 11 32 19 37 20 32 30 40 0 23 33 34 67 49 38 24 44 68 42 31 53 29 37 31 72 28 55 43 31 52 54 33 33 61 49 23 30 41
25 43 40 34 54 42 46 38 54 48 55 23 0 52 52 70 44 18 36 63 72 51 54 31 17 28 28 84 41 74 20 32 42 54 55 42 45 47 26 47 63
66 30 43 30 7 29 23 14 40 43 14 33 52 0 6 53 54 70 50 11 51 26 28 77 62 70 42 44 51 22 71 37 61 48 38 24 74 48 33 47 42
67 24 47 33 13 34 17 14 46 48 8 34 52 6 0 47 48 70 53 14 45 20 34 74 63 71 38 39 55 22 70 32 55 42 44 18 69 42 30 52 48
94 29 88 73 60 76 32 53 90 90 39 67 70 53 47 0 31 86 91 56 5 28 81 72 87 98 42 36 95 54 77 38 38 17 89 35 52 24 46 94 95
69 24 72 59 61 66 31 46 80 78 43 49 44 54 48 31 0 57 73 61 35 32 74 41 61 72 18 61 77 65 47 19 7 14 80 31 22 8 27 79 88
20 61 49 47 70 55 64 56 64 57 73 38 18 70 70 86 57 0 41 81 89 69 67 28 14 21 44 102 46 92 14 49 54 69 66 60 52 62 44 54 74
25 62 9 20 46 22 60 40 24 17 60 24 36 50 53 91 73 41 0 59 92 65 32 66 27 28 55 92 5 70 53 55 75 78 26 57 81 73 47 13 34
77 37 51 39 13 37 30 25 45 50 18 44 63 11 14 56 61 81 59 0 53 31 33 88 73 81 52 38 59 11 82 46 68 54 43 32 83 55 44 54 46
96 30 88 73 58 76 32 53 90 90 37 68 72 51 45 5 35 89 92 53 0 27 79 76 89 100 45 31 95 51 81 40 42 21 89 35 57 28 47 94 93
73 8 61 46 33 49 5 26 63 63 13 42 51 26 20 28 32 69 65 31 27 0 53 65 66 77 27 34 68 34 64 21 39 23 62 9 54 25 25 67 68
55 53 23 20 21 12 49 28 12 18 42 31 54 28 34 81 74 67 32 33 79 53 0 84 55 59 57 71 30 44 74 55 78 72 10 46 89 71 48 22 15
48 57 71 64 80 72 63 64 85 79 74 53 31 77 74 72 41 28 66 88 76 65 84 0 41 49 38 99 71 96 14 44 35 55 86 59 27 49 44 78 94
8 59 35 36 61 43 61 49 50 43 68 29 17 62 63 87 61 14 27 73 89 66 55 41 0 11 45 99 32 84 27 49 59 71 52 57 61 64 42 40 60
4 70 37 42 68 48 72 57 51 44 77 37 28 70 71 98 72 21 28 81 100 77 59 49 11 0 56 109 32 92 35 60 70 82 53 68 72 75 53 40 61
53 19 54 41 46 48 25 30 62 60 36 31 28 42 38 42 18 44 55 52 45 27 57 38 45 56 0 61 59 58 37 6 21 26 62 21 32 20 9 61 70
105 42 86 72 50 73 38 52 83 87 32 72 84 44 39 36 61 102 92 38 31 34 71 99 99 109 61 0 94 29 98 55 68 47 81 42 83 53 58 91 84
30 66 8 22 46 22 63 42 19 12 62 28 41 51 55 95 77 46 5 59 95 68 30 71 32 32 59 94 0 70 58 59 80 82 21 60 86 77 51 8 29
88 41 62 50 24 48 34 36 56 61 22 55 74 22 22 54 65 92 70 11 51 34 44 96 84 92 58 29 70 0 92 52 72 57 54 37 87 59 52 65 56
34 56 59 54 73 62 61 57 73 67 71 43 20 71 70 77 47 14 53 82 81 64 74 14 27 35 37 98 58 92 0 43 42 60 75 57 38 53 41 66 83
56 13 54 40 42 47 19 27 61 59 30 31 32 37 32 38 19 49 55 46 40 21 55 44 49 60 6 55 59 52 43 0 24 23 61 15 37 18 8 61 69
67 31 75 62 66 69 38 51 83 81 50 52 42 61 55 38 7 54 75 68 42 39 78 35 59 70 21 68 80 72 42 24 0 21 83 37 15 15 30 82 91
79 19 77 63 55 67 25 44 81 81 36 54 54 48 42 17 14 69 78 54 21 23 72 55 71 82 26 47 82 57 60 23 21 0 80 26 36 7 31 84 87
51 61 17 22 31 14 57 36 2 9 52 33 55 38 44 89 80 66 26 43 89 62 10 86 52 53 62 81 21 54 75 61 83 80 0 54 94 79 53 13 8
64 7 53 38 30 41 4 18 55 55 15 33 42 24 18 35 31 60 57 32 35 9 46 59 57 68 21 42 60 37 57 15 37 26 54 0 51 25 16 59 61
69 46 83 72 78 80 53 62 93 91 65 61 45 74 69 52 22 52 81 83 57 54 89 27 61 72 32 83 86 87 38 37 15 36 94 51 0 30 41 90 102
72 18 72 58 55 65 25 43 79 77 37 49 47 48 42 24 8 62 73 55 28 25 71 49 64 75 20 53 77 59 53 18 15 7 79 25 30 0 26 79 86
49 17 46 32 37 39 20 21 53 51 30 23 26 33 30 46 27 44 47 44 47 25 48 44 42 53 9 58 51 52 41 8 30 31 53 16 41 26 0 53 61
38 65 7 21 41 18 62 41 11 4 60 30 47 47 52 94 79 54 13 54 94 67 22 78 40 40 61 91 8 65 66 61 82 84 13 59 90 79 53 0 21
59 68 25 30 35 22 64 43 10 17 56 41 63 42 48 95 88 74 34 46 93 68 15 94 60 61 70 84 29 56 83 69 91 87 8 61 102 86 61 21 0
0 894
558 894
537 893
491 719
372 573
456 776
200 557
117 411
439 715
435 718
217 464
3 333
540 737
212 398
340 726
436 620
10 173
320 647
256 492
307 622
611 798
619 884
413 635
179 521
602 894
292 551
348 649
179 417
48 317
174 503
546 890
10 349
554 773
497 826
582 874
459 696
519 775
559 787
33 305
189 589
525 814
