41
0 44 55 47 75 58 52 35 76 64 61 25 28 41 11 64 16 38 47 58 41 41 70 54 39 35 16 55 51 68 43 21 44 22 65 36 10 62 37 61 43
44 0 60 45 44 16 16 31 66 82 49 58 69 20 50 34 28 31 45 19 21 7 36 28 24 15 56 27 68 89 62 49 13 59 28 51 54 32 66 32 51
55 60 0 15 51 61 53 79 27 23 24 80 79 40 66 46 53 30 15 58 39 53 96 87 37 47 70 87 15 32 17 34 49 41 58 19 55 92 30 92 13
47 45 15 0 41 46 38 66 29 38 16 72 74 25 58 32 40 15 0 43 24 38 81 72 22 32 63 72 26 47 23 29 34 39 44 16 50 77 34 77 10
75 44 51 41 0 30 28 75 35 74 27 96 103 34 84 11 61 39 41 26 34 40 71 70 36 42 90 68 66 83 64 66 34 77 17 57 82 70 75 71 51
58 16 61 46 30 0 8 47 59 84 44 74 84 23 65 24 42 34 46 5 24 17 41 40 27 24 71 38 71 92 66 58 15 68 13 56 68 40 73 41 54
52 16 53 38 28 8 0 47 52 76 36 71 79 15 60 18 37 26 38 6 16 13 48 44 19 17 66 42 63 84 58 50 8 61 13 48 61 46 65 46 46
35 31 79 66 75 47 47 0 90 94 73 33 49 45 32 64 27 51 66 50 46 35 38 21 46 36 36 23 80 100 73 52 41 57 59 62 44 30 70 28 66
76 66 27 29 35 59 52 90 0 47 17 101 103 46 87 35 68 40 29 54 45 59 100 94 44 55 92 93 42 56 44 58 53 66 48 43 79 98 57 98 36
64 82 23 38 74 84 76 94 47 0 47 86 82 62 75 69 67 51 38 81 61 75 118 107 58 68 76 107 14 9 22 43 71 44 81 32 60 114 29 113 31
61 49 24 16 27 44 36 73 17 47 0 86 89 29 72 22 52 24 16 39 28 42 84 77 27 38 77 76 39 56 38 45 36 55 35 32 65 81 50 81 26
25 58 80 72 96 74 71 33 101 86 86 0 16 62 14 85 35 62 72 76 62 58 71 54 61 54 10 56 75 88 67 46 63 42 84 61 26 63 57 61 68
28 69 79 74 103 84 79 49 103 82 89 16 0 69 19 92 42 66 74 85 69 67 87 70 67 62 13 72 71 83 65 45 71 39 92 60 24 79 53 77 67
41 20 40 25 34 23 15 45 46 62 29 62 69 0 50 23 27 11 25 21 1 13 56 48 4 9 56 47 48 69 43 35 9 46 26 33 49 52 50 52 31
11 50 66 58 84 65 60 32 87 75 72 14 19 50 0 73 23 49 58 66 50 48 70 53 49 43 6 55 62 77 54 32 52 31 73 47 15 62 46 60 54
64 34 46 32 11 24 18 64 35 69 22 85 92 23 73 0 50 28 32 19 23 29 65 62 25 31 79 60 58 78 55 55 23 66 13 47 71 64 65 64 42
16 28 53 40 61 42 37 27 68 67 52 35 42 27 23 50 0 28 40 43 27 25 57 42 26 20 29 43 53 73 46 25 29 32 50 35 26 50 43 49 40
38 31 30 15 39 34 26 51 40 51 24 62 66 11 49 28 28 0 15 32 10 24 67 57 7 17 54 57 37 58 32 27 20 38 36 22 44 63 39 63 20
47 45 15 0 41 46 38 66 29 38 16 72 74 25 58 32 40 15 0 43 24 38 81 72 22 32 63 72 26 47 23 29 34 39 44 16 50 77 34 77 10
58 19 58 43 26 5 6 50 54 81 39 76 85 21 66 19 43 32 43 0 22 18 46 44 25 23 72 43 69 90 64 56 14 67 9 54 67 45 71 46 52
41 21 39 24 34 24 16 46 45 61 28 62 69 1 50 23 27 10 24 22 0 14 57 49 3 10 56 48 47 68 42 35 10 46 27 32 49 53 49 53 30
41 7 53 38 40 17 13 35 59 75 42 58 67 13 48 29 25 24 38 18 14 0 43 35 17 8 54 34 61 82 55 43 6 53 26 44 51 39 59 39 44
70 36 96 81 71 41 48 38 100 118 84 71 87 56 70 65 57 67 81 46 57 43 0 17 60 51 74 15 104 125 98 82 49 89 54 87 80 8 100 10 87
54 28 87 72 70 40 44 21 94 107 77 54 70 48 53 62 42 57 72 44 49 35 17 0 51 40 57 2 93 114 86 67 41 74 53 75 64 9 85 7 77
39 24 37 22 36 27 19 46 44 58 27 61 67 4 49 25 26 7 22 25 3 17 60 51 0 11 55 51 44 65 39 32 13 43 30 29 46 56 46 56 27
35 15 47 32 42 24 17 36 55 68 38 54 62 9 43 31 20 17 32 23 10 8 51 40 11 0 49 40 54 75 47 35 9 45 30 36 44 46 51 46 37
16 56 70 63 90 71 66 36 92 76 77 10 13 56 6 79 29 54 63 72 56 54 74 57 55 49 0 59 65 78 57 36 58 32 79 51 16 66 47 64 58
55 27 87 72 68 38 42 23 93 107 76 56 72 47 55 60 43 57 72 43 48 34 15 2 51 40 59 0 93 114 86 68 40 75 51 75 65 7 86 6 77
51 68 15 26 66 71 63 80 42 14 39 75 71 48 62 58 53 37 26 69 47 61 104 93 44 54 65 93 0 21 8 30 57 33 70 18 49 100 18 99 17
68 89 32 47 83 92 84 100 56 9 56 88 83 69 77 78 73 58 47 90 68 82 125 114 65 75 78 114 21 0 28 48 78 46 90 39 62 121 31 120 38
43 62 17 23 64 66 58 73 44 22 38 67 65 43 54 55 46 32 23 64 42 55 98 86 39 47 57 86 8 28 0 22 52 26 66 11 41 93 13 92 13
21 49 34 29 66 58 50 52 58 43 45 46 45 35 32 55 25 27 29 56 35 43 82 67 32 35 36 68 30 48 22 0 43 11 61 15 21 75 18 74 22
44 13 49 34 34 15 8 41 53 71 36 63 71 9 52 23 29 20 34 14 10 6 49 41 13 9 58 40 57 78 52 43 0 53 21 42 53 45 58 45 40
22 59 41 39 77 68 61 57 66 44 55 42 39 46 31 66 32 38 39 67 46 53 89 74 43 45 32 75 33 46 26 11 53 0 72 23 16 82 15 81 30
65 28 58 44 17 13 13 59 48 81 35 84 92 26 73 13 50 36 44 9 27 26 54 53 30 30 79 51 70 90 66 61 21 72 0 57 74 53 75 54 53
36 51 19 16 57 56 48 62 43 32 32 61 60 33 47 47 35 22 16 54 32 44 87 75 29 36 51 75 18 39 11 15 42 23 57 0 36 82 18 81 7
10 54 55 50 82 68 61 44 79 60 65 26 24 49 15 71 26 44 50 67 49 51 80 64 46 44 16 65 49 62 41 21 53 16 74 36 0 72 31 71 43
62 32 92 77 70 40 46 30 98 114 81 63 79 52 62 64 50 63 77 45 53 39 8 9 56 46 66 7 100 121 93 75 45 82 53 82 72 0 93 2 83
37 66 30 34 75 73 65 70 57 29 50 57 53 50 46 65 43 39 34 71 49 59 100 85 46 51 47 86 18 31 13 18 58 15 75 18 31 93 0 92 24
61 32 92 77 71 41 46 28 98 113 81 61 77 52 60 64 49 63 77 46 53 39 10 7 56 46 64 6 99 120 92 74 45 81 54 81 71 2 92 0 83
43 51 13 10 51 54 46 66 36 31 26 68 67 31 54 42 40 20 10 52 30 44 87 77 27 37 58 77 17 38 13 22 40 30 53 7 43 83 24 83 0
0 865
427 864
19 447
274 822
267 639
238 496
339 742
199 775
356 865
34 314
309 527
271 724
406 865
90 411
8 375
119 725
2 248
260 524
322 591
150 643
109 405
46 666
293 643
318 836
190 793
235 828
363 648
36 418
346 780
80 437
64 585
98 577
271 860
351 865
174 676
15 349
349 610
100 557
213 549
391 740
338 865
