41
0 61 16 22 39 69 44 49 34 77 34 60 22 57 75 67 52 16 30 80 38 23 67 78 37 67 72 13 110 29 22 109 63 25 42 53 37 19 27 30 31
61 0 45 39 69 75 74 27 54 23 27 72 50 55 31 21 19 48 61 45 68 55 88 41 53 18 45 62 67 70 42 67 78 39 68 76 32 60 36 31 51
16 45 0 6 38 63 43 36 28 61 18 56 14 49 61 52 37 5 28 67 37 19 65 64 30 51 59 18 96 32 9 95 60 11 40 51 24 20 11 14 23
22 39 6 0 43 66 48 30 31 55 12 59 19 49 57 46 33 11 33 65 42 24 70 61 33 45 57 24 93 38 10 92 63 10 45 56 18 26 7 8 26
39 69 38 43 0 32 5 70 15 91 50 23 24 30 65 84 52 33 10 62 1 19 28 62 17 83 53 26 91 11 33 90 25 35 4 15 59 20 39 46 19
69 75 63 66 32 0 31 88 36 98 69 9 49 20 56 94 56 58 39 46 33 47 20 47 33 92 38 56 68 43 56 67 11 56 28 20 80 50 60 67 40
44 74 43 48 5 31 0 75 20 96 55 22 29 32 68 89 56 38 15 64 6 24 23 64 21 88 55 31 93 15 38 92 21 40 6 11 64 25 44 51 24
49 27 36 30 70 88 75 0 57 29 20 83 46 68 57 18 36 41 60 69 69 52 96 65 58 19 66 54 94 67 38 93 89 35 71 82 12 56 31 24 52
34 54 28 31 15 36 20 57 0 76 37 28 14 23 52 69 37 23 8 51 14 11 39 50 3 68 42 23 81 17 21 80 32 22 15 25 46 17 26 33 5
77 23 61 55 91 98 96 29 76 0 43 95 69 78 51 11 42 65 82 65 90 75 111 61 76 10 67 79 82 90 61 81 101 58 91 99 41 79 54 47 72
34 27 18 12 50 69 55 20 37 43 0 63 26 50 47 34 23 22 40 57 49 32 76 53 38 33 52 36 84 47 18 83 69 15 51 62 11 36 11 4 32
60 72 56 59 23 9 22 83 28 95 63 0 42 18 56 91 53 51 30 49 24 38 16 49 26 89 40 47 74 34 49 73 6 49 19 12 73 41 53 60 33
22 50 14 19 24 49 29 46 14 69 26 42 0 35 56 60 35 9 14 59 23 6 51 57 16 59 50 14 89 21 9 88 46 11 26 37 35 10 15 22 9
57 55 49 49 30 20 32 68 23 78 50 18 35 0 38 74 36 44 30 32 30 34 34 32 20 72 23 46 61 39 40 60 24 39 26 26 61 40 43 49 26
75 31 61 57 65 56 68 57 52 51 47 56 56 38 0 52 24 59 60 14 65 59 72 10 49 49 18 70 37 69 53 36 62 50 62 64 58 65 50 50 51
67 21 52 46 84 94 89 18 69 11 34 91 60 74 52 0 39 56 74 66 83 66 107 62 69 3 66 70 86 81 52 85 97 49 84 93 30 70 45 38 65
52 19 37 33 52 56 56 36 37 42 23 53 35 36 24 39 0 36 44 34 51 40 69 30 35 36 30 49 61 53 30 60 59 27 50 57 34 45 26 26 34
16 48 5 11 33 58 38 41 23 65 22 51 9 44 59 56 36 0 23 64 32 14 60 62 25 55 56 15 94 27 6 93 55 9 35 46 29 15 12 18 18
30 61 28 33 10 39 15 60 8 82 40 30 14 30 60 74 44 23 0 59 9 9 37 58 11 73 50 17 89 9 23 88 33 25 12 23 49 11 29 36 10
80 45 67 65 62 46 64 69 51 65 57 49 59 32 14 66 34 64 59 0 61 60 65 4 48 63 9 72 30 68 58 29 55 56 58 58 68 66 58 60 52
38 68 37 42 1 33 6 69 14 90 49 24 23 30 65 83 51 32 9 61 0 18 29 61 16 82 52 25 91 10 32 90 25 34 5 15 58 19 38 45 18
23 55 19 24 19 47 24 52 11 75 32 38 6 34 59 66 40 14 9 60 18 0 46 59 14 65 51 12 90 15 15 89 42 17 21 32 41 6 21 28 8
67 88 65 70 28 20 23 96 39 111 76 16 51 34 72 107 69 60 37 65 29 46 0 65 38 105 56 54 88 38 60 87 10 61 25 14 85 48 65 72 44
78 41 64 61 62 47 64 65 50 61 53 49 57 32 10 62 30 62 58 4 61 59 65 0 47 59 9 71 32 67 56 31 55 53 58 58 64 65 54 56 51
37 53 30 33 17 33 21 58 3 76 38 26 16 20 49 69 35 25 11 48 16 14 38 47 0 68 39 26 78 20 23 77 31 23 15 24 47 20 27 34 7
67 18 51 45 83 92 88 19 68 10 33 89 59 72 49 3 36 55 73 63 82 65 105 59 68 0 63 69 83 80 51 82 95 48 83 92 31 69 44 37 64
72 45 59 57 53 38 55 66 42 67 52 40 50 23 18 66 30 56 50 9 52 51 56 9 39 63 0 63 39 59 50 38 46 48 49 49 63 57 50 54 43
13 62 18 24 26 56 31 54 23 79 36 47 14 46 70 70 49 15 17 72 25 12 54 71 26 69 63 0 102 16 20 101 50 23 29 40 42 6 27 32 20
110 67 96 93 91 68 93 94 81 82 84 74 89 61 37 86 61 94 89 30 91 90 88 32 78 83 39 102 0 98 88 1 79 85 87 85 95 96 86 87 82
29 70 32 38 11 43 15 67 17 90 47 34 21 39 69 81 53 27 9 68 10 15 38 67 20 80 59 16 98 0 30 97 35 32 15 25 56 12 36 43 19
22 42 9 10 33 56 38 38 21 61 18 49 9 40 53 52 30 6 23 58 32 15 60 56 23 51 50 20 88 30 0 87 53 3 35 46 27 18 7 14 16
109 67 95 92 90 67 92 93 80 81 83 73 88 60 36 85 60 93 88 29 90 89 87 31 77 82 38 101 1 97 87 0 78 84 86 84 94 95 85 86 81
63 78 60 63 25 11 21 89 32 101 69 6 46 24 62 97 59 55 33 55 25 42 10 55 31 95 46 50 79 35 53 78 0 54 21 10 78 44 58 65 37
25 39 11 10 35 56 40 35 22 58 15 49 11 39 50 49 27 9 25 56 34 17 61 53 23 48 48 23 85 32 3 84 54 0 36 47 24 21 4 11 17
42 68 40 45 4 28 6 71 15 91 51 19 26 26 62 84 50 35 12 58 5 21 25 58 15 83 49 29 87 15 35 86 21 36 0 11 60 23 40 47 19
53 76 51 56 15 20 11 82 25 99 62 12 37 26 64 93 57 46 23 58 15 32 14 58 24 92 49 40 85 25 46 84 10 47 11 0 71 34 51 58 30
37 32 24 18 59 80 64 12 46 41 11 73 35 61 58 30 34 29 49 68 58 41 85 64 47 31 63 42 95 56 27 94 78 24 60 71 0 44 20 13 41
19 60 20 26 20 50 25 56 17 79 36 41 10 40 65 70 45 15 11 66 19 6 48 65 20 69 57 6 96 12 18 95 44 21 23 34 44 0 25 32 14
27 36 11 7 39 60 44 31 26 54 11 53 15 43 50 45 26 12 29 58 38 21 65 54 27 44 50 27 86 36 7 85 58 4 40 51 20 25 0 7 21
30 31 14 8 46 67 51 24 33 47 4 60 22 49 50 38 26 18 36 60 45 28 72 56 34 37 54 32 87 43 14 86 65 11 47 58 13 32 7 0 28
31 51 23 26 19 40 24 52 5 72 32 33 9 26 51 65 34 18 10 52 18 8 44 51 7 64 43 20 82 19 16 81 37 17 19 30 41 14 21 28 0
0 692
82 434
33 226
166 462
263 652
115 530
344 604
259 605
99 543
151 361
130 464
101 498
47 454
199 627
325 692
183 373
136 368
293 692
276 692
304 692
133 589
16 243
279 576
237 692
344 692
219 692
346 573
202 546
237 455
21 432
120 553
312 486
162 393
146 608
229 692
268 454
255 505
298 628
146 483
49 304
251 654
