41
0 68 42 27 80 74 45 22 30 15 30 28 51 39 13 28 15 53 43 49 14 38 62 72 36 13 84 6 36 23 78 69 42 53 63 10 60 26 76 73 52
68 0 55 50 36 18 34 76 39 54 83 45 56 42 64 50 72 69 61 59 55 43 53 80 56 57 29 72 33 49 88 2 28 52 32 77 24 69 54 9 52
42 55 0 17 49 49 56 31 41 31 36 20 9 57 29 51 33 16 6 8 39 56 20 33 63 31 55 41 42 44 41 57 31 73 32 44 63 62 34 54 10
27 50 17 0 55 51 42 26 25 14 33 5 26 42 16 34 23 32 21 25 22 41 36 50 46 14 60 28 28 27 57 50 22 58 38 31 52 45 49 52 26
80 36 49 55 0 18 65 79 61 66 84 52 43 73 71 75 78 55 52 46 73 72 32 56 86 67 10 82 57 70 63 38 43 85 17 86 60 93 24 27 39
74 18 49 51 18 0 49 76 49 59 83 46 47 57 66 61 73 60 55 50 62 57 40 67 71 61 12 76 43 59 75 20 32 69 19 81 42 80 37 9 43
45 34 56 42 65 49 0 59 17 35 67 37 63 8 46 19 54 72 62 63 31 9 66 88 22 38 61 50 14 22 96 33 27 20 53 55 16 37 74 43 60
22 76 31 26 79 76 59 0 42 24 8 31 40 56 13 46 7 37 30 37 32 55 51 55 58 21 84 17 48 39 60 76 48 71 62 17 72 48 65 78 41
30 39 41 25 61 49 17 42 0 18 50 21 49 17 29 14 37 57 46 48 16 16 54 74 26 21 61 35 6 10 81 39 18 33 46 40 30 32 64 45 46
15 54 31 14 66 59 35 24 18 0 32 14 40 32 11 22 19 46 35 39 8 31 50 64 34 3 69 18 24 15 71 54 27 47 49 23 48 31 62 58 40
30 83 36 33 84 83 67 8 50 32 0 38 43 64 21 54 15 37 33 40 40 63 55 54 66 29 90 24 56 47 58 83 55 79 67 23 80 55 69 85 46
28 45 20 5 52 46 37 31 21 14 38 0 29 37 20 32 27 36 25 28 22 36 36 53 44 15 56 30 23 25 61 45 17 53 35 35 47 45 48 47 27
51 56 9 26 43 47 63 40 49 40 43 29 0 66 38 60 42 13 10 3 48 65 12 25 72 40 51 50 49 53 33 58 37 82 28 53 69 71 26 53 4
39 42 57 42 73 57 8 56 17 32 64 37 66 0 43 11 51 73 62 65 26 1 70 90 14 35 69 45 17 17 98 41 31 16 59 49 24 29 78 51 63
13 64 29 16 71 66 46 13 29 11 21 20 38 43 0 33 8 40 30 36 19 42 49 59 45 8 76 12 35 26 65 64 36 58 54 15 59 38 63 67 39
28 50 51 34 75 61 19 46 14 22 54 32 60 11 33 0 40 66 55 59 15 10 67 84 12 25 73 34 18 7 91 50 32 25 60 38 35 19 78 57 59
15 72 33 23 78 73 54 7 37 19 15 27 42 51 8 40 0 41 33 39 25 50 53 60 51 16 83 10 43 34 65 72 44 65 61 12 67 41 67 74 43
53 69 16 32 55 60 72 37 57 46 37 36 13 73 40 66 41 0 11 10 54 72 23 19 78 44 64 51 58 59 25 71 47 89 41 53 79 77 35 66 17
43 61 6 21 52 55 62 30 46 35 33 25 10 62 30 55 33 11 0 7 43 61 22 29 67 33 60 42 48 48 36 63 37 78 37 45 69 66 36 60 13
49 59 8 25 46 50 63 37 48 39 40 28 3 65 36 59 39 10 7 0 47 64 15 26 71 39 54 48 49 52 33 61 38 81 31 51 70 70 29 56 7
14 55 39 22 73 62 31 32 16 8 40 22 48 26 19 15 25 54 43 47 0 25 58 72 26 11 73 19 22 9 79 55 30 40 56 24 46 23 70 61 48
38 43 56 41 72 57 9 55 16 31 63 36 65 1 42 10 50 72 61 64 25 0 69 89 14 34 69 44 16 16 97 42 30 17 58 48 25 28 77 51 62
62 53 20 36 32 40 66 51 54 50 55 36 12 70 49 67 53 23 22 15 58 69 0 27 79 50 41 61 53 61 35 55 39 86 21 64 68 81 14 48 10
72 80 33 50 56 67 88 55 74 64 54 53 25 90 59 84 60 19 29 26 72 89 27 0 96 62 66 70 74 77 8 81 62 106 48 72 94 95 32 75 29
36 56 63 46 86 71 22 58 26 34 66 44 72 14 45 12 51 78 67 71 26 14 79 96 0 37 83 42 29 19 103 55 43 17 71 46 38 17 90 65 71
13 57 31 14 67 61 38 21 21 3 29 15 40 35 8 25 16 44 33 39 11 34 50 62 37 0 71 15 27 18 69 57 29 50 50 20 51 33 63 60 40
84 29 55 60 10 12 61 84 61 69 90 56 51 69 76 73 83 64 60 54 73 69 41 66 83 71 0 86 55 70 73 31 43 81 23 91 53 92 34 20 47
6 72 41 28 82 76 50 17 35 18 24 30 50 45 12 34 10 51 42 48 19 44 61 70 42 15 86 0 41 28 75 72 44 59 65 5 65 31 75 75 51
36 33 42 28 57 43 14 48 6 24 56 23 49 17 35 18 43 58 48 49 22 16 53 74 29 27 55 41 0 16 82 33 14 33 42 46 25 37 61 39 46
23 49 44 27 70 59 22 39 10 15 47 25 53 17 26 7 34 59 48 52 9 16 61 77 19 18 70 28 16 0 84 49 27 32 55 33 37 23 72 55 52
78 88 41 57 63 75 96 60 81 71 58 61 33 98 65 91 65 25 36 33 79 97 35 8 103 69 73 75 82 84 0 89 70 114 56 77 102 102 39 83 37
69 2 57 50 38 20 33 76 39 54 83 45 58 41 64 50 72 71 63 61 55 42 55 81 55 57 31 72 33 49 89 0 28 50 34 77 22 69 56 11 54
42 28 31 22 43 32 27 48 18 27 55 17 37 31 36 32 44 47 37 38 30 30 39 62 43 29 43 44 14 27 70 28 0 47 28 49 32 50 47 31 33
53 52 73 58 85 69 20 71 33 47 79 53 82 16 58 25 65 89 78 81 40 17 86 106 17 50 81 59 33 32 114 50 47 0 73 63 28 34 94 61 79
63 32 32 38 17 19 53 62 46 49 67 35 28 59 54 60 61 41 37 31 56 58 21 48 71 50 23 65 42 55 56 34 28 73 0 69 51 78 22 27 24
10 77 44 31 86 81 55 17 40 23 23 35 53 49 15 38 12 53 45 51 24 48 64 72 46 20 91 5 46 33 77 77 49 63 69 0 70 33 78 80 54
60 24 63 52 60 42 16 72 30 48 80 47 69 24 59 35 67 79 69 70 46 25 68 94 38 51 53 65 25 37 102 22 32 28 51 70 0 53 73 33 65
26 69 62 45 93 80 37 48 32 31 55 45 71 29 38 19 41 77 66 70 23 28 81 95 17 33 92 31 37 23 102 69 50 34 78 33 53 0 93 76 71
76 54 34 49 24 37 74 65 64 62 69 48 26 78 63 78 67 35 36 29 70 77 14 32 90 63 34 75 61 72 39 56 47 94 22 78 73 93 0 46 24
73 9 54 52 27 9 43 78 45 58 85 47 53 51 67 57 74 66 60 56 61 51 48 75 65 60 20 75 39 55 83 11 31 61 27 80 33 76 46 0 49
52 52 10 26 39 43 60 41 46 40 46 27 4 63 39 59 43 17 13 7 48 62 10 29 71 40 47 51 46 52 37 54 33 79 24 54 65 71 24 49 0
0 968
348 809
453 807
213 682
241 705
356 925
56 473
129 691
555 879
323 527
382 867
540 887
379 830
113 449
346 661
22 349
6 491
122 341
10 276
202 462
361 617
363 643
167 726
392 843
394 618
317 528
543 885
349 914
70 548
457 818
255 696
249 750
229 439
354 850
299 547
62 548
535 875
180 600
53 280
500 955
124 686
