41
0 68 45 54 12 22 33 66 51 37 69 27 69 59 47 64 36 35 39 17 48 49 24 5 36 24 8 65 26 70 51 46 43 34 56 52 4 34 41 63 42
68 0 39 82 62 67 35 69 51 49 2 95 80 55 77 16 91 38 54 51 49 27 84 63 42 72 70 72 48 11 23 61 82 49 12 26 72 87 76 37 53
45 39 0 43 47 34 21 84 64 10 38 68 93 72 80 47 57 39 15 35 61 12 69 40 46 38 52 85 19 48 42 69 43 12 30 46 49 52 76 62 14
54 82 43 0 63 32 56 116 96 35 81 60 121 104 100 90 34 72 29 58 93 55 76 51 78 30 62 116 43 91 82 97 12 37 73 85 56 29 94 101 29
12 62 47 63 0 31 29 54 39 41 63 36 58 47 37 55 48 25 45 12 36 46 22 12 26 35 8 53 29 61 42 34 54 38 50 42 14 46 31 53 48
22 67 34 32 31 0 33 85 66 24 68 36 89 74 68 69 24 45 22 27 63 43 45 19 49 5 30 84 19 73 59 65 23 22 55 61 25 20 62 75 25
33 35 21 56 29 33 0 63 43 22 36 60 72 51 59 36 57 18 27 17 40 17 51 28 25 38 36 64 14 40 26 48 52 19 23 29 37 53 56 45 29
66 69 84 116 54 85 63 0 20 84 71 85 12 14 28 54 101 45 89 58 23 77 59 66 38 89 59 4 73 60 47 20 108 81 63 43 66 100 33 33 91
51 51 64 96 39 66 43 20 0 64 53 74 29 8 28 38 87 25 69 39 3 57 50 50 18 71 46 21 53 45 29 12 89 61 45 25 53 84 30 20 71
37 49 10 35 41 24 22 84 64 0 48 59 93 72 76 55 47 40 6 30 61 22 61 32 46 28 44 85 12 57 47 68 34 3 39 51 41 42 71 67 7
69 2 38 81 63 68 36 71 53 48 0 96 82 57 79 18 92 39 53 52 51 26 85 64 44 73 71 74 49 13 25 63 81 48 13 28 73 88 78 39 52
27 95 68 60 36 36 60 85 74 59 96 0 84 81 60 91 27 61 58 44 71 75 27 32 62 33 28 83 51 97 78 65 48 56 83 78 23 31 54 89 61
69 80 93 121 58 89 72 12 29 93 82 84 0 25 24 65 104 54 98 64 32 86 57 70 47 93 62 8 81 72 58 25 112 90 74 54 69 103 30 44 100
59 55 72 104 47 74 51 14 8 72 57 81 25 0 31 40 95 33 77 47 11 63 56 58 26 79 53 17 61 47 33 16 97 69 49 29 60 92 34 20 79
47 77 80 100 37 68 59 28 28 76 79 60 24 31 0 65 81 43 80 46 28 75 33 49 37 71 39 24 64 72 54 16 90 73 69 51 46 80 6 48 83
64 16 47 90 55 69 36 54 38 55 18 91 65 40 65 0 93 30 61 47 37 35 76 60 32 74 63 57 50 7 13 49 88 54 17 14 68 89 65 21 61
36 91 57 34 48 24 57 101 87 47 92 27 104 95 81 93 0 67 43 49 84 67 50 37 71 19 42 100 43 97 83 81 22 46 79 84 35 5 75 97 46
35 38 39 72 25 45 18 45 25 40 39 61 54 33 43 30 67 0 45 18 22 32 46 31 7 50 33 46 29 36 17 30 66 37 27 17 39 64 41 30 47
39 54 15 29 45 22 27 89 69 6 53 58 98 77 80 61 43 45 0 34 66 27 63 34 51 25 46 90 17 63 53 73 28 8 45 56 43 38 75 72 3
17 51 35 58 12 27 17 58 39 30 52 44 64 47 46 47 49 18 34 0 36 34 34 13 22 32 19 58 18 53 34 39 50 27 39 35 21 46 41 48 37
48 49 61 93 36 63 40 23 3 61 51 71 32 11 28 37 84 22 66 36 0 54 48 47 15 68 43 24 50 44 27 12 86 58 43 23 50 81 29 21 68
49 27 12 55 46 43 17 77 57 22 26 75 86 63 75 35 67 32 27 34 54 0 68 44 39 48 53 78 24 36 31 62 55 22 18 35 53 63 73 51 26
24 84 69 76 22 45 51 59 50 61 85 27 57 56 33 76 50 46 63 34 48 68 0 29 44 46 17 56 50 82 63 40 65 58 72 62 20 51 27 69 66
5 63 40 51 12 19 28 66 50 32 64 32 70 58 49 60 37 31 34 13 47 44 29 0 34 23 12 65 21 66 47 46 42 29 51 48 9 34 43 61 37
36 42 46 78 26 49 25 38 18 46 44 62 47 26 37 32 71 7 51 22 15 39 44 34 0 54 34 39 35 38 19 23 72 43 32 18 40 68 35 27 53
24 72 38 30 35 5 38 89 71 28 73 33 93 79 71 74 19 50 25 32 68 48 46 23 54 0 32 88 24 78 64 69 19 27 60 66 26 15 65 80 28
8 70 52 62 8 30 36 59 46 44 71 28 62 53 39 63 42 33 46 19 43 53 17 12 34 32 0 58 33 69 50 39 51 41 58 50 7 41 33 61 49
65 72 85 116 53 84 64 4 21 85 74 83 8 17 24 57 100 46 90 58 24 78 56 65 39 88 58 0 74 64 50 19 107 82 66 46 65 99 30 36 92
26 48 19 43 29 19 14 73 53 12 49 51 81 61 64 50 43 29 17 18 50 24 50 21 35 24 33 74 0 54 40 56 38 9 36 43 30 39 59 59 19
70 11 48 91 61 73 40 60 45 57 13 97 72 47 72 7 97 36 63 53 44 36 82 66 38 78 69 64 54 0 19 56 90 56 18 21 74 93 72 28 62
51 23 42 82 42 59 26 47 29 47 25 78 58 33 54 13 83 17 53 34 27 31 63 47 19 64 50 50 40 19 0 39 78 45 16 4 55 79 53 20 54
46 61 69 97 34 65 48 20 12 68 63 65 25 16 16 49 81 30 73 39 12 62 40 46 23 69 39 19 56 56 39 0 88 65 54 35 46 80 18 32 75
43 82 43 12 54 23 52 108 89 34 81 48 112 97 90 88 22 66 28 50 86 55 65 42 72 19 51 107 38 90 78 88 0 34 72 81 45 17 84 96 30
34 49 12 37 38 22 19 81 61 3 48 56 90 69 73 54 46 37 8 27 58 22 58 29 43 27 41 82 9 56 45 65 34 0 38 48 38 41 68 64 10
56 12 30 73 50 55 23 63 45 39 13 83 74 49 69 17 79 27 45 39 43 18 72 51 32 60 58 66 36 18 16 54 72 38 0 20 60 75 67 35 44
52 26 46 85 42 61 29 43 25 51 28 78 54 29 51 14 84 17 56 35 23 35 62 48 18 66 50 46 43 21 4 35 81 48 20 0 56 81 51 16 58
4 72 49 56 14 25 37 66 53 41 73 23 69 60 46 68 35 39 43 21 50 53 20 9 40 26 7 65 30 74 55 46 45 38 60 56 0 34 40 67 46
34 87 52 29 46 20 53 100 84 42 88 31 103 92 80 89 5 64 38 46 81 63 51 34 68 15 41 99 39 93 79 80 17 41 75 81 34 0 74 94 41
41 76 76 94 31 62 56 33 30 71 78 54 30 34 6 65 75 41 75 41 29 73 27 43 35 65 33 30 59 72 53 18 84 68 67 51 40 74 0 50 78
63 37 62 101 53 75 45 33 20 67 39 89 44 20 48 21 97 30 72 48 21 51 69 61 27 80 61 36 59 28 20 32 96 64 35 16 67 94 50 0 74
42 53 14 29 48 25 29 91 71 7 52 61 100 79 83 61 46 47 3 37 68 26 66 37 53 28 49 92 19 62 54 75 30 10 44 58 46 41 78 74 0
0 774
92 365
310 633
396 660
406 774
13 229
360 668
177 555
364 688
268 503
423 774
441 774
253 627
266 597
136 376
177 519
1 164
391 577
438 630
122 308
280 546
217 542
59 263
363 746
433 745
109 409
434 756
252 643
285 607
181 347
434 612
441 774
380 610
461 666
145 580
447 774
125 340
62 244
183 473
415 774
412 766
