41
0 49 30 38 37 23 35 48 38 46 37 32 27 41 22 37 26 30 47 38 23 47 57 39 34 33 54 42 40 39 58 6 34 36 57 55 41 32 46 36 32
49 0 44 42 75 66 81 97 47 88 83 21 75 89 32 73 52 73 88 30 30 72 50 14 52 70 80 91 33 27 52 49 80 71 52 63 80 57 90 58 75
30 44 0 9 34 53 44 69 8 47 64 40 54 54 15 30 54 60 47 16 17 28 27 30 61 63 84 59 55 19 28 36 44 28 27 26 39 60 51 64 37
38 42 9 0 41 61 52 78 5 54 73 43 63 62 20 37 61 68 54 12 22 31 19 29 67 71 91 67 60 15 20 44 52 35 19 22 46 67 58 71 45
37 75 34 41 0 51 14 42 36 13 50 65 41 25 43 4 63 55 13 50 45 21 54 62 71 62 85 30 77 53 54 43 15 6 53 40 5 68 17 72 8
23 66 53 61 51 0 41 38 61 54 18 45 14 41 45 52 19 7 55 61 45 67 80 59 27 11 34 38 44 62 81 19 40 53 80 78 53 21 52 25 43
35 81 44 52 14 41 0 28 48 13 38 67 29 11 49 18 57 44 14 60 51 35 68 68 65 51 74 16 74 63 67 39 1 20 66 54 13 61 11 65 7
48 97 69 78 42 38 28 0 74 36 24 79 24 18 69 46 57 37 37 83 70 63 94 87 65 44 64 12 81 85 95 49 27 48 94 82 41 59 32 63 35
38 47 8 5 36 61 48 74 0 49 71 47 61 58 22 32 62 68 49 17 24 26 20 34 69 71 92 63 62 20 21 44 48 30 20 18 41 68 53 72 41
46 88 47 54 13 54 13 36 49 0 51 77 42 18 56 17 70 57 1 63 58 31 67 75 78 64 87 24 86 66 67 51 14 19 66 52 8 74 4 78 14
37 83 64 73 50 18 38 24 71 51 0 63 10 33 59 54 37 13 52 75 60 70 91 75 43 20 40 28 62 76 92 35 37 55 91 85 51 36 47 40 42
32 21 40 43 65 45 67 79 47 77 63 0 56 73 25 64 31 52 78 34 23 68 57 20 32 49 59 74 17 32 59 30 66 62 58 65 70 36 78 37 63
27 75 54 63 41 14 29 24 61 42 10 56 0 27 49 44 33 15 43 65 50 60 81 66 41 22 45 24 57 66 82 26 28 45 81 75 42 35 40 39 33
41 89 54 62 25 41 11 18 58 18 33 73 27 0 58 29 59 42 19 70 59 46 78 77 67 49 72 6 79 72 78 44 10 31 77 65 23 62 14 66 18
22 32 15 20 43 45 49 69 22 56 59 25 49 58 0 41 41 52 56 16 2 43 38 19 47 54 71 60 40 17 39 26 48 39 38 40 48 47 58 51 43
37 73 30 37 4 52 18 46 32 17 54 64 44 29 41 0 63 57 17 46 43 17 50 60 71 63 86 34 76 49 50 43 19 2 49 36 9 69 21 73 12
26 52 54 61 63 19 57 57 62 70 37 31 33 59 41 63 0 24 71 57 40 73 79 49 8 19 30 57 25 57 80 20 56 62 79 80 66 6 68 10 56
30 73 60 68 55 7 44 37 68 57 13 52 15 42 52 57 24 0 58 68 52 72 87 66 30 8 30 39 49 69 88 26 43 58 87 84 57 23 55 27 47
47 88 47 54 13 55 14 37 49 1 52 78 43 19 56 17 71 58 0 63 58 30 67 75 79 65 88 25 87 66 67 52 15 19 66 51 8 75 5 79 15
38 30 16 12 50 61 60 83 17 63 75 34 65 70 16 46 57 68 63 0 17 43 23 17 62 70 87 74 51 3 25 42 60 44 24 33 55 63 67 67 53
23 30 17 22 45 45 51 70 24 58 60 23 50 59 2 43 40 52 58 17 0 45 39 18 45 53 70 62 38 17 41 26 50 41 40 42 50 46 60 50 45
47 72 28 31 21 67 35 63 26 31 70 68 60 46 43 17 73 72 30 43 45 0 38 58 81 78 101 51 83 46 37 53 36 15 36 21 24 79 35 83 29
57 50 27 19 54 80 68 94 20 67 91 57 81 78 38 50 79 87 67 23 39 38 0 39 84 90 109 83 74 25 2 63 68 48 2 18 59 85 71 89 61
39 14 30 29 62 59 68 87 34 75 75 20 66 77 19 60 49 66 75 17 18 58 39 0 51 66 79 79 37 14 41 40 67 58 40 50 67 55 77 57 62
34 52 61 67 71 27 65 65 69 78 43 32 41 67 47 71 8 30 79 62 45 81 84 51 0 24 28 65 21 61 86 28 64 70 85 87 74 7 76 6 64
33 70 63 71 62 11 51 44 71 64 20 49 22 49 54 63 19 8 65 70 53 78 90 66 24 0 23 46 44 70 91 28 50 64 90 88 64 17 62 20 54
54 80 84 91 85 34 74 64 92 87 40 59 45 72 71 86 30 30 88 87 70 101 109 79 28 23 0 68 48 87 110 48 73 87 109 109 87 24 85 22 77
42 91 59 67 30 38 16 12 63 24 28 74 24 6 60 34 57 39 25 74 62 51 83 79 65 46 68 0 79 76 83 45 15 36 82 70 29 59 20 63 23
40 33 55 60 77 44 74 81 62 86 62 17 57 79 40 76 25 49 87 51 38 83 74 37 21 44 48 79 0 49 76 35 73 75 75 80 81 27 85 27 72
39 27 19 15 53 62 63 85 20 66 76 32 66 72 17 49 57 69 66 3 17 46 25 14 61 70 87 76 49 0 27 43 62 47 26 36 58 63 70 66 56
58 52 28 20 54 81 67 95 21 67 92 59 82 78 39 50 80 88 67 25 41 37 2 41 86 91 110 83 76 27 0 64 68 48 1 17 59 86 71 90 60
6 49 36 44 43 19 39 49 44 51 35 30 26 44 26 43 20 26 52 42 26 53 63 40 28 28 48 45 35 43 64 0 38 42 63 61 47 26 50 30 37
34 80 44 52 15 40 1 27 48 14 37 66 28 10 48 19 56 43 15 60 50 36 68 67 64 50 73 15 73 62 68 38 0 21 67 55 14 60 12 64 8
36 71 28 35 6 53 20 48 30 19 55 62 45 31 39 2 62 58 19 44 41 15 48 58 70 64 87 36 75 47 48 42 21 0 47 34 11 68 23 72 14
57 52 27 19 53 80 66 94 20 66 91 58 81 77 38 49 79 87 66 24 40 36 2 40 85 90 109 82 75 26 1 63 67 47 0 16 58 85 70 89 59
55 63 26 22 40 78 54 82 18 52 85 65 75 65 40 36 80 84 51 33 42 21 18 50 87 88 109 70 80 36 17 61 55 34 16 0 45 86 56 90 48
41 80 39 46 5 53 13 41 41 8 51 70 42 23 48 9 66 57 8 55 50 24 59 67 74 64 87 29 81 58 59 47 14 11 58 45 0 71 12 75 10
32 57 60 67 68 21 61 59 68 74 36 36 35 62 47 69 6 23 75 63 46 79 85 55 7 17 24 59 27 63 86 26 60 68 85 86 71 0 72 4 61
46 90 51 58 17 52 11 32 53 4 47 78 40 14 58 21 68 55 5 67 60 35 71 77 76 62 85 20 85 70 71 50 12 23 70 56 12 72 0 76 15
36 58 64 71 72 25 65 63 72 78 40 37 39 66 51 73 10 27 79 67 50 83 89 57 6 20 22 63 27 66 90 30 64 72 89 90 75 4 76 0 65
32 75 37 45 8 43 7 35 41 14 42 63 33 18 43 12 56 47 15 53 45 29 61 62 64 54 77 23 72 56 60 37 8 14 59 48 10 61 15 65 0
0 1095
731 1012
766 977
428 737
43 181
114 409
11 305
218 364
780 1095
871 1072
538 714
781 1073
221 370
151 265
379 697
762 1030
651 909
601 824
474 618
633 819
585 701
835 1095
467 692
788 915
802 1080
56 296
179 481
151 400
238 407
633 916
116 289
554 773
225 535
168 460
714 1004
685 958
847 1095
127 386
757 889
454 644
866 999
