41
0 42 65 24 54 9 30 23 58 18 73 28 88 81 72 67 58 28 1 45 61 41 18 32 73 68 65 54 25 53 65 41 15 35 57 84 26 26 69 60 66
42 0 92 66 81 51 67 29 67 57 45 68 82 72 82 35 63 68 41 49 83 15 31 10 94 77 34 38 60 12 67 25 28 65 77 80 58 64 94 81 68
65 92 0 57 11 61 82 63 35 73 91 43 65 66 31 91 41 42 65 48 11 80 62 84 15 33 89 70 40 104 45 72 72 30 17 60 39 41 6 13 45
24 66 57 0 48 15 25 45 65 18 95 14 99 95 74 89 67 15 25 59 57 64 40 56 69 71 87 75 23 77 74 63 39 32 56 94 26 18 63 57 75
54 81 11 48 0 50 73 52 29 63 83 34 63 61 30 82 35 33 54 39 9 70 51 73 21 30 80 61 30 93 39 61 61 19 12 58 28 31 15 9 40
9 51 61 15 50 0 26 31 59 14 81 20 92 85 72 75 60 20 10 49 57 50 26 41 69 68 73 62 21 62 67 49 24 31 55 87 22 20 65 56 68
30 67 82 25 73 26 0 53 85 12 103 39 118 111 97 97 86 40 31 75 82 70 48 58 94 94 95 84 45 75 93 71 43 56 80 113 48 42 88 81 94
23 29 63 45 52 31 53 0 43 41 50 42 68 59 58 44 40 41 22 26 55 20 5 21 67 53 42 31 32 41 47 18 15 36 50 64 31 37 66 54 48
58 67 35 65 29 59 85 43 0 73 57 51 35 32 15 58 6 50 57 18 24 52 45 63 30 10 56 37 42 77 10 42 56 33 18 30 39 47 35 22 11
18 57 73 18 63 14 12 41 73 0 91 30 106 99 86 85 74 31 19 63 71 58 36 47 83 82 83 72 34 66 81 59 31 45 69 101 36 32 78 70 82
73 45 91 95 83 81 103 50 57 91 0 88 50 40 68 11 51 87 72 44 80 36 55 51 87 63 11 22 78 49 50 32 62 76 74 50 75 83 91 78 51
28 68 43 14 34 20 39 42 51 30 88 0 86 82 60 84 54 1 28 47 43 61 37 58 55 57 82 66 10 79 61 59 41 18 42 81 13 5 49 43 62
88 82 65 99 63 92 118 68 35 106 50 86 0 10 34 58 32 85 87 43 55 68 72 83 54 33 56 44 76 91 25 58 83 68 51 5 73 81 63 54 24
81 72 66 95 61 85 111 59 32 99 40 82 10 0 36 48 28 81 80 36 55 58 64 73 56 33 46 34 72 81 22 48 74 65 50 10 69 77 64 54 22
72 82 31 74 30 72 97 58 15 86 68 60 34 36 0 71 19 59 71 33 22 67 60 78 20 5 69 50 52 92 18 57 71 42 19 29 50 56 29 21 17
67 35 91 89 82 75 97 44 58 85 11 84 58 48 71 0 52 83 66 43 80 27 49 41 88 66 2 21 74 38 54 26 54 74 74 58 72 79 91 78 55
58 63 41 67 35 60 86 40 6 74 51 54 32 28 19 52 0 53 57 15 30 48 43 60 36 14 50 31 44 73 7 38 54 37 24 27 41 49 41 28 8
28 68 42 15 33 20 40 41 50 31 87 1 85 81 59 83 53 0 28 46 42 61 37 58 54 56 81 65 9 78 60 58 40 17 41 80 12 4 48 42 61
1 41 65 25 54 10 31 22 57 19 72 28 87 80 71 66 57 28 0 44 61 40 17 31 73 67 64 53 25 52 64 40 14 35 57 83 26 27 69 59 65
45 49 48 59 39 49 75 26 18 63 44 47 43 36 33 43 15 46 44 0 37 34 29 45 48 28 41 22 37 59 21 24 40 33 31 39 34 42 48 35 22
61 83 11 57 9 57 82 55 24 71 80 43 55 55 22 80 30 42 61 37 0 70 55 76 12 22 78 59 37 95 34 61 66 26 6 50 35 40 11 2 34
41 15 80 64 70 50 70 20 52 58 36 61 68 58 67 27 48 61 40 34 70 0 24 16 81 62 25 24 52 25 52 10 27 56 64 65 51 57 81 68 53
18 31 62 40 51 26 48 5 45 36 55 37 72 64 60 49 43 37 17 29 55 24 0 23 67 55 47 36 29 43 50 23 11 34 50 68 27 33 66 54 51
32 10 84 56 73 41 58 21 63 47 51 58 83 73 78 41 60 58 31 45 76 16 23 0 88 73 40 39 51 21 65 25 18 57 71 80 50 55 87 75 66
73 94 15 69 21 69 94 67 30 83 87 55 54 56 20 88 36 54 73 48 12 81 67 88 0 24 86 67 49 106 37 72 77 38 17 49 47 52 9 14 37
68 77 33 71 30 68 94 53 10 82 63 57 33 33 5 66 14 56 67 28 22 62 55 73 24 0 64 45 49 87 13 52 66 39 18 28 46 53 31 21 13
65 34 89 87 80 73 95 42 56 83 11 82 56 46 69 2 50 81 64 41 78 25 47 40 86 64 0 19 72 38 52 24 52 72 72 56 70 77 89 76 53
54 38 70 75 61 62 84 31 37 72 22 66 44 34 50 21 31 65 53 22 59 24 36 39 67 45 19 0 56 47 33 14 44 54 53 42 53 61 70 57 34
25 60 40 23 30 21 45 32 42 34 78 10 76 72 52 74 44 9 25 37 37 52 29 51 49 49 72 56 0 72 51 49 34 11 35 71 3 5 45 36 52
53 12 104 77 93 62 75 41 77 66 49 79 91 81 92 38 73 78 52 59 95 25 43 21 106 87 38 47 72 0 77 35 38 77 89 89 70 76 106 93 78
65 67 45 74 39 67 93 47 10 81 50 61 25 22 18 54 7 60 64 21 34 52 50 65 37 13 52 33 51 77 0 42 61 43 28 20 48 56 44 32 1
41 25 72 63 61 49 71 18 42 59 32 59 58 48 57 26 38 58 40 24 61 10 23 25 72 52 24 14 49 35 42 0 30 50 55 55 46 54 72 59 43
15 28 72 39 61 24 43 15 56 31 62 41 83 74 71 54 54 40 14 40 66 27 11 18 77 66 52 44 34 38 61 30 0 42 60 79 34 38 76 64 62
35 65 30 32 19 31 56 36 33 45 76 18 68 65 42 74 37 17 35 33 26 56 34 57 38 39 72 54 11 77 43 50 42 0 24 63 9 14 34 25 44
57 77 17 56 12 55 80 50 18 69 74 42 51 50 19 74 24 41 57 31 6 64 50 71 17 18 72 53 35 89 28 55 60 24 0 46 33 38 17 4 28
84 80 60 94 58 87 113 64 30 101 50 81 5 10 29 58 27 80 83 39 50 65 68 80 49 28 56 42 71 89 20 55 79 63 46 0 68 76 58 49 19
26 58 39 26 28 22 48 31 39 36 75 13 73 69 50 72 41 12 26 34 35 51 27 50 47 46 70 53 3 70 48 46 34 9 33 68 0 8 43 34 49
26 64 41 18 31 20 42 37 47 32 83 5 81 77 56 79 49 4 27 42 40 57 33 55 52 53 77 61 5 76 56 54 38 14 38 76 8 0 46 39 57
69 94 6 63 15 65 88 66 35 78 91 49 63 64 29 91 41 48 69 48 11 81 66 87 9 31 89 70 45 106 44 72 76 34 17 58 43 46 0 13 44
60 81 13 57 9 56 81 54 22 70 78 43 54 54 21 78 28 42 59 35 2 68 54 75 14 21 76 57 36 93 32 59 64 25 4 49 34 39 13 0 32
66 68 45 75 40 68 94 48 11 82 51 62 24 22 17 55 8 61 65 22 34 53 51 66 37 13 53 34 52 78 1 43 62 44 28 19 49 57 44 32 0
0 1936
177 401
579 816
1731 1900
251 441
1218 1404
236 418
1146 1287
472 607
895 1006
995 1274
825 1033
1100 1207
968 1149
369 575
878 1034
263 512
735 839
629 851
1012 1243
686 896
476 695
290 503
1224 1407
411 524
695 951
732 1021
89 257
867 995
1123 1283
1622 1795
762 1036
722 959
1479 1727
141 313
1393 1682
1434 1628
1720 1832
704 912
1419 1546
1418 1571
