41
0 40 44 69 47 18 54 42 22 74 29 51 38 62 25 13 30 15 59 44 51 18 64 42 14 42 59 21 30 14 32 47 56 44 60 58 9 19 41 64 45
40 0 20 41 15 55 27 42 59 49 17 16 35 26 65 33 14 26 19 76 69 44 43 42 52 67 57 54 40 49 45 78 37 79 20 18 31 59 41 43 68
44 20 0 25 35 51 10 25 65 33 32 35 52 21 69 31 30 29 27 66 54 54 24 25 50 54 37 49 28 55 32 66 17 72 27 31 35 59 24 24 82
69 41 25 0 54 73 15 36 90 8 56 52 76 20 94 56 53 54 34 81 64 79 9 36 73 68 35 69 46 80 49 81 14 89 33 40 60 82 36 9 107
47 15 35 54 0 63 41 57 60 62 18 5 27 36 70 42 17 34 23 86 83 44 57 57 60 80 72 64 54 51 59 89 52 89 24 17 38 66 56 57 63
18 55 51 73 63 0 61 39 31 76 45 67 56 72 26 22 46 29 73 26 36 34 66 39 4 26 55 5 27 28 26 29 59 26 74 73 25 10 38 66 59
54 27 10 15 41 61 0 28 75 23 41 39 61 15 79 41 38 39 26 73 57 64 16 28 60 60 36 58 35 65 39 73 11 79 26 32 45 69 28 16 92
42 42 25 36 57 39 28 0 64 38 47 58 67 43 63 29 46 34 52 45 29 57 28 0 40 32 17 35 12 56 14 45 22 53 52 56 37 49 1 28 86
22 59 65 90 60 31 75 64 0 96 43 65 40 83 12 35 45 36 77 54 67 16 86 64 27 57 81 36 52 10 54 57 78 51 78 74 30 23 63 86 28
74 49 33 8 62 76 23 38 96 0 64 60 84 28 99 61 61 62 42 83 65 87 10 38 77 70 35 72 49 88 52 83 18 91 41 48 68 86 39 10 115
29 17 32 56 18 45 41 47 43 64 0 23 20 43 52 25 3 17 35 69 69 27 56 47 42 63 64 47 41 33 45 72 49 71 36 32 20 48 46 56 51
51 16 35 52 5 67 39 58 65 60 23 0 32 32 75 46 21 38 18 90 85 49 55 58 64 82 72 68 56 56 61 93 50 93 19 12 42 70 57 55 68
38 35 52 76 27 56 61 67 40 84 20 32 0 61 51 41 23 33 50 82 85 24 76 67 52 78 84 59 58 32 62 85 69 82 51 44 33 55 66 76 36
62 26 21 20 36 72 15 43 83 28 43 32 61 0 87 51 40 47 14 87 72 69 27 43 71 75 51 70 49 73 53 87 25 93 13 20 53 79 43 27 94
25 65 69 94 70 26 79 63 12 99 52 75 51 87 0 38 54 40 84 46 62 27 89 63 23 51 80 31 51 19 51 49 81 41 85 83 34 16 62 89 39
13 33 31 56 42 22 41 29 35 61 25 46 41 51 38 0 25 8 51 44 44 28 51 29 20 38 46 22 18 27 22 47 43 47 52 51 8 28 28 51 57
30 14 30 53 17 46 38 46 45 61 3 21 23 40 54 25 0 17 32 69 68 30 54 46 43 63 63 47 39 35 44 72 47 72 33 29 21 49 45 54 54
15 26 29 54 34 29 39 34 36 62 17 38 33 47 40 8 17 0 44 52 52 25 52 34 26 46 51 30 25 26 29 55 44 55 45 44 6 34 33 52 54
59 19 27 34 23 73 26 52 77 42 35 18 50 14 84 51 32 44 0 92 81 62 41 52 70 81 62 72 54 67 59 93 37 97 1 6 50 78 51 41 85
44 76 66 81 86 26 73 45 54 83 69 90 82 87 46 44 69 52 92 0 23 60 73 45 30 13 52 23 38 54 34 3 67 9 92 94 50 31 45 73 82
51 69 54 64 83 36 57 29 67 65 69 85 85 72 62 44 68 52 81 23 0 69 55 29 40 11 31 31 29 64 24 21 51 32 81 85 52 46 30 55 95
18 44 54 79 44 34 64 57 16 87 27 49 24 69 27 28 30 25 62 60 69 0 77 57 30 60 74 39 46 8 50 63 69 60 63 59 20 31 56 77 29
64 43 24 9 57 66 16 28 86 10 56 55 76 27 89 51 54 52 41 73 55 77 0 28 67 60 26 62 39 78 42 73 8 81 40 47 58 76 29 0 106
42 42 25 36 57 39 28 0 64 38 47 58 67 43 63 29 46 34 52 45 29 57 28 0 40 32 17 35 12 56 14 45 22 53 52 56 37 49 1 28 86
14 52 50 73 60 4 60 40 27 77 42 64 52 71 23 20 43 26 70 30 40 30 67 40 0 30 57 9 28 24 28 33 60 30 71 70 22 9 39 67 55
42 67 54 68 80 26 60 32 57 70 63 82 78 75 51 38 63 46 81 13 11 60 60 32 30 0 39 21 27 54 22 13 54 22 81 83 45 35 32 60 85
59 57 37 35 72 55 36 17 81 35 64 72 84 51 80 46 63 51 62 52 31 74 26 17 57 39 0 50 29 73 29 52 26 61 62 68 54 65 18 26 103
21 54 49 69 64 5 58 35 36 72 47 68 59 70 31 22 47 30 72 23 31 39 62 35 9 21 50 0 23 33 22 26 55 25 73 72 27 15 34 62 64
30 40 28 46 54 27 35 12 52 49 41 56 58 49 51 18 39 25 54 38 29 46 39 12 28 27 29 23 0 44 5 39 32 44 54 56 26 37 11 39 75
14 49 55 80 51 28 65 56 10 88 33 56 32 73 19 27 35 26 67 54 64 8 78 56 24 54 73 33 44 0 46 57 70 52 68 64 20 23 55 78 31
32 45 32 49 59 26 39 14 54 52 45 61 62 53 51 22 44 29 59 34 24 50 42 14 28 22 29 22 5 46 0 34 35 40 59 61 30 36 13 42 77
47 78 66 81 89 29 73 45 57 83 72 93 85 87 49 47 72 55 93 3 21 63 73 45 33 13 52 26 39 57 34 0 67 12 93 95 53 34 45 73 85
56 37 17 14 52 59 11 22 78 18 49 50 69 25 81 43 47 44 37 67 51 69 8 22 60 54 26 55 32 70 35 67 0 75 37 43 50 69 22 8 98
44 79 72 89 89 26 79 53 51 91 71 93 82 93 41 47 72 55 97 9 32 60 81 53 30 22 61 25 44 52 40 12 75 0 98 97 51 29 53 81 79
60 20 27 33 24 74 26 52 78 41 36 19 51 13 85 52 33 45 1 92 81 63 40 52 71 81 62 73 54 68 59 93 37 98 0 7 51 79 51 40 86
58 18 31 40 17 73 32 56 74 48 32 12 44 20 83 51 29 44 6 94 85 59 47 56 70 83 68 72 56 64 61 95 43 97 7 0 49 77 55 47 80
9 31 35 60 38 25 45 37 30 68 20 42 33 53 34 8 21 6 50 50 52 20 58 37 22 45 54 27 26 20 30 53 50 51 51 49 0 28 36 58 49
19 59 59 82 66 10 69 49 23 86 48 70 55 79 16 28 49 34 78 31 46 31 76 49 9 35 65 15 37 23 36 34 69 29 79 77 28 0 48 76 51
41 41 24 36 56 38 28 1 63 39 46 57 66 43 62 28 45 33 51 45 30 56 29 1 39 32 18 34 11 55 13 45 22 53 51 55 36 48 0 29 85
64 43 24 9 57 66 16 28 86 10 56 55 76 27 89 51 54 52 41 73 55 77 0 28 67 60 26 62 39 78 42 73 8 81 40 47 58 76 29 0 106
45 68 82 107 63 59 92 86 28 115 51 68 36 94 39 57 54 54 85 82 95 29 106 86 55 85 103 64 75 31 77 85 98 79 86 80 49 51 85 106 0
0 1095
194 425
501 694
63 346
464 715
285 593
596 722
747 888
403 583
167 371
164 359
32 330
389 693
194 460
865 1017
403 612
323 608
493 607
419 718
831 1093
851 1095
169 336
365 535
455 564
353 545
223 372
135 371
846 1095
2 275
791 1095
290 560
3 223
522 718
239 564
699 835
111 336
848 972
304 428
850 993
687 799
848 1022
