41
0 72 73 97 59 28 65 17 68 37 68 61 84 83 54 61 55 91 42 18 59 19 91 59 71 77 9 28 14 102 47 87 45 21 61 58 72 37 26 26 18
72 0 82 63 28 63 17 71 55 82 55 98 83 15 18 64 17 70 52 63 13 53 64 17 22 50 73 57 60 58 65 60 29 72 78 83 81 57 47 51 79
73 82 0 48 54 45 91 56 30 41 30 31 13 97 70 18 76 37 38 83 79 65 42 84 63 40 81 46 61 60 26 41 79 91 12 18 1 38 74 53 59
97 63 48 0 46 71 80 84 29 80 29 79 39 76 63 42 68 13 56 101 69 83 6 75 43 20 104 69 83 12 56 10 79 110 55 63 49 60 86 71 91
59 28 54 46 0 41 38 53 27 58 27 70 55 43 18 36 24 47 26 58 26 41 43 32 12 27 63 36 45 46 37 39 33 67 50 55 53 31 42 33 61
28 63 45 71 41 0 63 13 42 19 42 40 56 77 45 33 49 65 16 39 53 23 65 56 53 52 36 6 16 77 19 61 45 46 33 32 44 11 33 14 20
65 17 91 80 38 63 0 69 65 82 65 101 93 19 21 73 15 85 56 53 12 47 79 7 37 64 65 57 56 75 69 75 20 61 85 88 90 59 39 50 76
17 71 56 84 53 13 69 0 55 20 55 44 68 84 53 46 56 78 29 33 60 22 78 62 65 65 26 17 13 90 32 74 49 38 44 41 55 24 32 20 8
68 55 30 29 27 42 65 55 0 52 0 53 28 69 45 15 51 23 27 74 53 56 23 59 33 11 76 40 55 36 27 19 58 83 30 37 29 31 62 44 62
37 82 41 80 58 19 82 20 52 0 52 24 54 96 64 38 68 72 32 53 72 41 74 75 70 63 46 25 32 88 25 71 64 58 30 24 40 27 51 33 19
68 55 30 29 27 42 65 55 0 52 0 53 28 69 45 15 51 23 27 74 53 56 23 59 33 11 76 40 55 36 27 19 58 83 30 37 29 31 62 44 62
61 98 31 79 70 40 101 44 53 24 53 0 44 113 81 38 86 68 46 77 90 63 73 94 82 64 70 46 56 89 33 70 85 82 24 16 30 42 73 54 43
84 83 13 39 55 56 93 68 28 54 28 44 0 97 73 24 79 26 46 94 81 76 33 87 61 36 92 57 72 51 37 32 85 102 25 31 14 48 84 63 72
83 15 97 76 43 77 19 84 69 96 69 113 97 0 32 79 28 83 67 72 24 64 77 24 36 64 83 71 72 69 80 73 38 80 93 98 96 71 57 64 92
54 18 70 63 18 45 21 53 45 64 45 81 73 32 0 52 6 65 35 47 9 35 60 14 21 45 57 39 42 60 48 56 16 56 64 67 69 39 31 33 61
61 64 18 42 36 33 73 46 15 38 15 38 24 79 52 0 58 34 22 70 61 52 36 66 45 26 69 33 48 51 14 33 62 78 15 22 17 24 60 39 51
55 17 76 68 24 49 15 56 51 68 51 86 79 28 6 58 0 71 41 47 4 36 66 8 26 51 57 43 44 65 54 62 13 56 70 73 75 44 31 36 64
91 70 37 13 47 65 85 78 23 72 23 68 26 83 65 34 71 0 50 97 73 79 7 79 48 21 99 63 78 25 48 10 80 106 45 53 38 54 85 67 85
42 52 38 56 26 16 56 29 27 32 27 46 46 67 35 22 41 50 0 48 44 30 50 49 38 36 49 14 28 61 13 46 41 57 29 32 37 5 38 17 36
18 63 83 101 58 39 53 33 74 53 74 77 94 72 47 70 47 97 48 0 50 18 97 48 67 81 13 37 23 104 57 93 34 9 72 71 82 46 16 31 36
59 13 79 69 26 53 12 60 53 72 53 90 81 24 9 61 4 73 44 50 0 40 67 6 26 52 60 47 48 65 57 63 16 59 73 76 78 48 34 40 68
19 53 65 83 41 23 47 22 56 41 56 63 76 64 35 52 36 79 30 18 40 0 79 41 52 63 22 19 9 87 39 75 27 27 55 55 64 28 10 13 29
91 64 42 6 43 65 79 78 23 74 23 73 33 77 60 36 66 7 50 97 67 79 0 73 42 16 99 63 78 18 50 4 76 106 49 57 43 54 82 66 85
59 17 84 75 32 56 7 62 59 75 59 94 87 24 14 66 8 79 49 48 6 41 73 0 32 58 59 50 49 71 62 69 14 57 78 81 83 52 33 43 69
71 22 63 43 12 53 37 65 33 70 33 82 61 36 21 45 26 48 38 67 26 52 42 32 0 28 74 48 57 39 49 38 37 76 60 66 62 43 51 45 73
77 50 40 20 27 52 64 65 11 63 11 64 36 64 45 26 51 21 36 81 52 63 16 58 28 0 84 50 63 26 38 12 60 90 41 48 40 41 66 51 72
9 73 81 104 63 36 65 26 76 46 76 70 92 83 57 69 57 99 49 13 60 22 99 59 74 84 0 36 21 109 55 95 45 12 69 67 80 45 26 33 27
28 57 46 69 36 6 57 17 40 25 40 46 57 71 39 33 43 63 14 37 47 19 63 50 48 50 36 0 15 75 20 59 39 45 36 36 45 9 29 8 25
14 60 61 83 45 16 56 13 55 32 55 56 72 72 42 48 44 78 28 23 48 9 78 49 57 63 21 15 0 88 35 74 36 30 49 48 60 24 19 12 20
102 58 60 12 46 77 75 90 36 88 36 89 51 69 60 51 65 25 61 104 65 87 18 71 39 26 109 75 88 0 63 19 76 113 65 73 60 66 88 76 97
47 65 26 56 37 19 69 32 27 25 27 33 37 80 48 14 54 48 13 57 57 39 50 62 49 38 55 20 35 63 0 46 54 65 16 19 25 12 48 27 37
87 60 41 10 39 61 75 74 19 71 19 70 32 73 56 33 62 10 46 93 63 75 4 69 38 12 95 59 74 19 46 0 72 102 46 54 41 50 78 62 81
45 29 79 79 33 45 20 49 58 64 58 85 85 38 16 62 13 80 41 34 16 27 76 14 37 60 45 39 36 76 54 72 0 43 70 73 78 43 19 31 56
21 72 91 110 67 46 61 38 83 58 83 82 102 80 56 78 56 106 57 9 59 27 106 57 76 90 12 45 30 113 65 102 43 0 79 78 90 54 25 40 39
61 78 12 55 50 33 85 44 30 30 30 24 25 93 64 15 70 45 29 72 73 55 49 78 60 41 69 36 49 65 16 46 70 79 0 8 11 28 64 43 47
58 83 18 63 55 32 88 41 37 24 37 16 31 98 67 22 73 53 32 71 76 55 57 81 66 48 67 36 48 73 19 54 73 78 8 0 17 30 65 44 42
72 81 1 49 53 44 90 55 29 40 29 30 14 96 69 17 75 38 37 82 78 64 43 83 62 40 80 45 60 60 25 41 78 90 11 17 0 37 73 52 58
37 57 38 60 31 11 59 24 31 27 31 42 48 71 39 24 44 54 5 46 48 28 54 52 43 41 45 9 24 66 12 50 43 54 28 30 37 0 36 15 31
26 47 74 86 42 33 39 32 62 51 62 73 84 57 31 60 31 85 38 16 34 10 82 33 51 66 26 29 19 88 48 78 19 25 64 65 73 36 0 21 39
26 51 53 71 33 14 50 20 44 33 44 54 63 64 33 39 36 67 17 31 40 13 66 43 45 51 33 8 12 76 27 62 31 40 43 44 52 15 21 0 28
18 79 59 91 61 20 76 8 62 19 62 43 72 92 61 51 64 85 36 36 68 29 85 69 73 72 27 25 20 97 37 81 56 39 47 42 58 31 39 28 0
0 1549
1016 1154
703 892
1238 1464
1242 1374
150 376
963 1179
979 1057
792 1016
251 422
932 1018
1298 1431
258 473
1063 1286
831 957
730 836
1395 1549
664 854
786 905
236 461
966 1107
95 209
81 202
1015 1243
1280 1437
1169 1284
953 1076
1390 1549
1032 1232
617 704
613 844
588 743
1329 1522
283 487
84 220
437 615
313 438
497 675
747 896
173 324
1321 1400
