41
0 87 35 90 54 88 24 26 47 26 44 39 43 67 70 33 9 23 32 3 49 87 18 2 43 45 75 71 58 61 65 67 17 69 18 19 71 94 36 33 61
87 0 92 92 59 82 68 110 53 62 69 60 45 59 30 59 95 68 59 88 51 87 70 85 64 100 21 76 78 46 32 51 84 75 99 68 55 7 100 74 27
35 92 0 60 37 60 51 31 39 46 73 65 59 48 85 34 39 50 56 38 41 58 45 35 28 11 86 44 30 83 60 51 18 42 24 40 53 96 8 65 70
90 92 60 0 43 10 94 91 55 85 114 102 86 35 105 66 96 94 93 93 55 5 90 90 50 57 101 20 32 111 63 43 73 22 84 84 38 93 65 110 88
54 59 37 43 0 38 52 65 12 43 72 60 43 13 64 24 62 52 51 56 12 39 49 53 11 44 62 23 19 68 27 14 40 21 55 43 17 63 45 68 47
88 82 60 10 38 0 90 91 50 81 109 97 80 27 96 62 95 90 89 91 49 5 86 88 46 60 92 17 31 104 54 34 72 19 84 80 29 83 67 106 79
24 68 51 94 52 90 0 50 41 9 23 15 23 65 47 28 31 1 9 24 42 90 6 22 44 62 53 74 64 37 53 61 33 72 41 11 65 75 55 16 41
26 110 31 91 65 91 50 0 62 51 70 65 68 78 96 51 21 49 58 27 64 89 44 28 54 35 100 75 61 87 83 79 26 73 11 44 82 116 26 59 85
47 53 39 55 12 50 41 62 0 32 60 48 31 24 53 14 55 41 39 48 2 51 39 45 11 47 52 35 30 56 21 20 36 33 51 33 25 57 47 57 36
26 62 46 85 43 81 9 51 32 0 30 19 17 56 45 19 34 9 10 27 33 81 8 24 35 57 49 65 55 38 44 52 29 63 41 7 56 69 51 25 35
44 69 73 114 72 109 23 70 60 30 0 12 31 83 41 48 49 23 21 43 60 110 28 42 64 84 50 94 84 26 64 78 55 92 62 33 83 76 77 11 44
39 60 65 102 60 97 15 65 48 19 12 0 19 71 35 36 46 16 9 39 48 98 21 37 52 76 43 82 72 22 52 66 48 80 56 25 71 67 70 14 34
43 45 59 86 43 80 23 68 31 17 31 19 0 54 28 25 51 23 14 44 31 82 25 41 40 70 32 66 60 25 33 48 45 64 58 24 53 52 65 32 18
67 59 48 35 13 27 65 78 24 56 83 71 54 0 70 37 75 65 63 69 23 30 62 66 24 53 66 17 22 77 28 8 53 16 68 56 5 61 56 81 53
70 30 85 105 64 96 47 96 53 45 41 35 28 70 0 51 78 48 38 71 52 100 52 68 64 96 9 86 83 16 42 62 73 84 86 52 67 36 93 49 17
33 59 34 66 24 62 28 51 14 19 48 36 25 37 51 0 42 28 27 35 16 62 25 32 16 45 52 46 36 50 32 34 25 44 40 19 39 65 42 44 36
9 95 39 96 62 95 31 21 55 34 49 46 51 75 78 42 0 30 40 7 57 93 26 10 51 46 83 78 64 68 73 75 23 76 16 27 79 102 37 38 69
23 68 50 94 52 90 1 49 41 9 23 16 23 65 48 28 30 0 10 23 42 90 5 21 44 61 54 74 63 38 53 61 32 72 40 10 65 75 54 16 41
32 59 56 93 51 89 9 58 39 10 21 9 14 63 38 27 40 10 0 33 40 89 14 30 43 67 44 73 63 29 46 58 39 71 49 16 63 66 61 19 32
3 88 38 93 56 91 24 27 48 27 43 39 44 69 71 35 7 23 33 0 50 90 19 3 45 48 76 74 61 61 66 68 20 72 20 20 73 95 39 32 62
49 51 41 55 12 49 42 64 2 33 60 48 31 23 52 16 57 42 40 50 0 51 40 47 13 49 51 35 31 56 19 19 38 33 53 35 23 55 49 58 35
87 87 58 5 39 5 90 89 51 81 110 98 82 30 100 62 93 90 89 90 51 0 86 87 46 56 96 16 29 107 58 38 70 18 82 80 33 88 64 106 83
18 70 45 90 49 86 6 44 39 8 28 21 25 62 52 25 26 5 14 19 40 86 0 16 40 56 57 70 59 43 52 59 27 68 35 6 63 77 49 21 43
2 85 35 90 53 88 22 28 45 24 42 37 41 66 68 32 10 21 30 3 47 87 16 0 42 46 73 71 58 59 63 65 17 69 20 17 70 92 37 32 59
43 64 28 50 11 46 44 54 11 35 64 52 40 24 64 16 51 44 43 45 13 46 40 42 0 36 63 30 20 65 32 25 29 28 44 34 28 68 36 60 47
45 100 11 57 44 60 62 35 47 57 84 76 70 53 96 45 46 61 67 48 49 56 56 46 36 0 97 44 31 94 68 58 29 43 30 51 58 104 9 76 81
75 21 86 101 62 92 53 100 52 49 50 43 32 66 9 52 83 54 44 76 51 96 57 73 63 97 0 83 81 25 38 58 77 82 90 56 63 27 94 57 16
71 76 44 20 23 17 74 75 35 65 94 82 66 17 86 46 78 74 73 74 35 16 70 71 30 44 83 0 14 91 45 25 55 2 67 64 22 78 51 90 69
58 78 30 32 19 31 64 61 30 55 84 72 60 22 83 36 64 63 63 61 31 29 59 58 20 31 81 14 0 85 46 29 41 12 53 53 27 82 37 79 66
61 46 83 111 68 104 37 87 56 38 26 22 25 77 16 50 68 38 29 61 56 107 43 59 65 94 25 91 85 0 51 70 67 89 78 45 75 52 89 35 26
65 32 60 63 27 54 53 83 21 44 64 52 33 28 42 32 73 53 46 66 19 58 52 63 32 68 38 45 46 51 0 20 57 44 72 48 25 36 68 65 25
67 51 51 43 14 34 61 79 20 52 78 66 48 8 62 34 75 61 58 68 19 38 59 65 25 58 58 25 29 70 20 0 54 24 69 53 5 53 59 77 45
17 84 18 73 40 72 33 26 36 29 55 48 45 53 73 25 23 32 39 20 38 70 27 17 29 29 77 55 41 67 57 54 0 53 15 23 57 90 22 47 61
69 75 42 22 21 19 72 73 33 63 92 80 64 16 84 44 76 72 71 72 33 18 68 69 28 43 82 2 12 89 44 24 53 0 65 62 21 77 49 88 67
18 99 24 84 55 84 41 11 51 41 62 56 58 68 86 40 16 40 49 20 53 82 35 20 44 30 90 67 53 78 72 69 15 65 0 34 72 105 21 51 74
19 68 40 84 43 80 11 44 33 7 33 25 24 56 52 19 27 10 16 20 35 80 6 17 34 51 56 64 53 45 48 53 23 62 34 0 58 75 45 26 42
71 55 53 38 17 29 65 82 25 56 83 71 53 5 67 39 79 65 63 73 23 33 63 70 28 58 63 22 27 75 25 5 57 21 72 58 0 57 61 81 50
94 7 96 93 63 83 75 116 57 69 76 67 52 61 36 65 102 75 66 95 55 88 77 92 68 104 27 78 82 52 36 53 90 77 105 75 57 0 104 81 34
36 100 8 65 45 67 55 26 47 51 77 70 65 56 93 42 37 54 61 39 49 64 49 37 36 9 94 51 37 89 68 59 22 49 21 45 61 104 0 69 78
33 74 65 110 68 106 16 59 57 25 11 14 32 81 49 44 38 16 19 32 58 106 21 32 60 76 57 90 79 35 65 77 47 88 51 26 81 81 69 0 48
61 27 70 88 47 79 41 85 36 35 44 34 18 53 17 36 69 41 32 62 35 83 43 59 47 81 16 69 66 26 25 45 61 67 74 42 50 34 78 48 0
0 1549
1227 1363
1280 1457
168 369
343 458
1214 1433
499 699
523 733
525 716
682 841
661 752
1099 1297
1073 1150
771 898
1052 1164
233 419
843 949
1150 1287
585 793
1081 1238
81 162
1374 1549
989 1212
875 980
1343 1533
964 1186
305 514
836 947
774 872
1144 1276
695 890
778 955
278 450
1375 1515
805 1016
1195 1325
769 961
149 272
1344 1504
469 585
706 820
