41
0 65 88 87 74 99 50 29 86 50 38 29 63 57 86 37 49 28 73 20 92 75 42 66 62 27 18 78 51 58 68 15 83 80 69 56 61 20 107 74 56
65 0 23 52 32 82 66 64 26 56 48 41 85 16 78 47 50 44 83 45 69 10 53 28 59 57 76 27 80 10 55 73 20 77 84 36 56 61 83 22 61
88 23 0 57 40 89 85 84 22 75 69 63 104 34 88 66 69 67 99 68 76 13 74 41 75 77 99 33 100 31 68 96 17 89 101 53 72 84 87 30 79
87 52 57 0 20 32 52 102 35 45 50 78 65 66 35 90 41 59 55 74 19 53 49 26 35 95 85 25 67 61 24 85 40 39 59 31 33 71 31 30 42
74 32 40 20 0 50 51 84 19 41 40 60 68 46 48 71 36 46 61 58 37 34 42 8 37 77 76 7 66 41 28 75 23 49 63 20 34 61 51 10 42
99 82 89 32 50 0 52 120 67 50 61 98 54 95 15 112 50 73 39 92 13 84 57 54 37 114 92 57 62 89 32 93 72 22 45 51 38 80 11 60 44
50 66 85 52 51 52 0 77 70 10 21 60 19 71 37 74 16 32 23 51 49 75 14 46 17 72 40 58 15 68 28 41 70 30 20 32 19 30 62 57 10
29 64 84 102 84 120 77 0 89 73 59 24 91 50 108 19 70 47 100 28 112 73 65 76 84 7 47 84 80 55 88 44 84 103 97 71 82 48 127 80 79
86 26 22 35 19 67 70 89 0 60 58 65 87 42 67 73 54 60 80 67 54 22 60 24 56 82 91 12 85 36 47 90 6 68 82 38 53 76 65 13 61
50 56 75 45 41 50 10 73 60 0 14 54 29 62 36 68 6 26 30 45 44 65 8 36 13 67 43 48 25 59 21 43 60 30 28 22 12 30 58 47 6
38 48 69 50 40 61 21 59 58 14 0 40 40 50 49 54 11 12 44 31 54 57 7 34 25 53 36 46 33 48 30 35 57 44 41 20 23 21 69 45 20
29 41 63 78 60 98 60 24 65 54 40 0 78 29 88 14 50 28 83 10 89 50 46 52 64 17 45 60 67 32 66 42 61 83 80 48 62 36 104 56 60
63 85 104 65 68 54 19 91 87 29 40 78 0 90 39 91 35 50 15 68 57 94 33 65 31 87 47 75 12 87 41 49 89 32 9 51 34 43 65 76 26
57 16 34 66 46 95 71 50 42 62 50 29 90 0 88 32 56 43 91 37 83 23 57 41 68 43 71 43 83 6 65 68 36 86 90 45 65 59 97 38 67
86 78 88 35 48 15 37 108 67 36 49 88 39 88 0 102 38 61 24 80 19 82 44 50 24 102 77 55 47 83 23 78 71 7 30 43 26 66 26 58 30
37 47 66 90 71 112 74 19 73 68 54 14 91 32 102 0 64 42 97 23 102 55 60 64 78 12 55 71 80 37 80 52 67 97 94 61 76 49 117 66 74
49 50 69 41 36 50 16 70 54 6 11 50 35 56 38 64 0 23 35 42 43 59 8 30 14 64 44 42 31 53 19 44 54 33 34 16 12 31 58 41 11
28 44 67 59 46 73 32 47 60 26 12 28 50 43 61 42 23 0 55 19 66 54 18 38 37 41 32 50 41 42 42 30 58 56 52 28 35 17 81 47 32
73 83 99 55 61 39 23 100 80 30 44 83 15 91 24 97 35 55 0 74 42 90 37 58 24 95 60 68 26 88 33 62 82 17 6 47 27 53 50 69 24
20 45 68 74 58 92 51 28 67 45 31 10 68 37 80 23 42 19 74 0 84 55 37 50 56 22 35 61 57 38 60 32 63 75 71 43 54 26 99 56 51
92 69 76 19 37 13 49 112 54 44 54 89 57 83 19 102 43 66 42 84 0 71 51 42 32 106 87 44 63 77 24 87 59 25 48 41 32 74 15 47 39
75 10 13 53 34 84 75 73 22 65 57 50 94 23 82 55 59 54 90 55 71 0 63 33 66 66 86 28 90 18 60 83 16 82 92 43 63 71 84 24 69
42 53 74 49 42 57 14 65 60 8 7 46 33 57 44 60 8 18 37 37 51 63 0 36 20 59 36 48 27 54 27 36 60 38 34 22 19 23 65 47 14
66 28 41 26 8 54 46 76 24 36 34 52 65 41 50 64 30 38 58 50 42 33 36 0 34 69 69 12 61 35 27 68 24 49 60 14 31 54 56 11 39
62 59 75 35 37 37 17 84 56 13 25 64 31 68 24 78 14 37 24 56 32 66 20 34 0 78 55 44 32 64 11 56 58 19 26 23 3 43 45 45 7
27 57 77 95 77 114 72 7 82 67 53 17 87 43 102 12 64 41 95 22 106 66 59 69 78 0 45 77 76 48 82 42 77 97 92 65 76 44 121 73 73
18 76 99 85 76 92 40 47 91 43 36 45 47 71 77 55 44 32 60 35 87 86 36 69 55 45 0 81 35 71 63 3 90 70 55 56 55 15 100 79 48
78 27 33 25 7 57 58 84 12 48 46 60 75 43 55 71 42 50 68 61 44 28 48 12 44 77 81 0 73 37 35 80 16 56 70 26 41 66 56 5 49
51 80 100 67 66 62 15 80 85 25 33 67 12 83 47 80 31 41 26 57 63 90 27 61 32 76 35 73 0 81 43 37 85 40 20 47 34 32 73 72 25
58 10 31 61 41 89 68 55 36 59 48 32 87 6 83 37 53 42 88 38 77 18 54 35 64 48 71 37 81 0 60 69 30 82 87 41 61 58 91 32 64
68 55 68 24 28 32 28 88 47 21 30 66 41 65 23 80 19 42 33 60 24 60 27 27 11 82 63 35 43 60 0 63 51 22 36 20 9 50 39 38 18
15 73 96 85 75 93 41 44 90 43 35 42 49 68 78 52 44 30 62 32 87 83 36 68 56 42 3 80 37 69 63 0 88 71 57 55 55 14 101 77 49
83 20 17 40 23 72 70 84 6 60 57 61 89 36 71 67 54 58 82 63 59 16 60 24 58 77 90 16 85 30 51 88 0 72 84 38 55 75 71 13 63
80 77 89 39 49 22 30 103 68 30 44 83 32 86 7 97 33 56 17 75 25 82 38 49 19 97 70 56 40 82 22 71 72 0 23 41 22 60 33 59 24
69 84 101 59 63 45 20 97 82 28 41 80 9 90 30 94 34 52 6 71 48 92 34 60 26 92 55 70 20 87 36 57 84 23 0 49 29 49 56 71 23
56 36 53 31 20 51 32 71 38 22 20 48 51 45 43 61 16 28 47 43 41 43 22 14 23 65 56 26 47 41 20 55 38 41 49 0 20 41 56 25 26
61 56 72 33 34 38 19 82 53 12 23 62 34 65 26 76 12 35 27 54 32 63 19 31 3 76 55 41 34 61 9 55 55 22 29 20 0 42 46 42 9
20 61 84 71 61 80 30 48 76 30 21 36 43 59 66 49 31 17 53 26 74 71 23 54 43 44 15 66 32 58 50 14 75 60 49 41 42 0 88 64 36
107 83 87 31 51 11 62 127 65 58 69 104 65 97 26 117 58 81 50 99 15 84 65 56 45 121 100 56 73 91 39 101 71 33 56 56 46 88 0 61 52
74 22 30 30 10 60 57 80 13 47 45 56 76 38 58 66 41 47 69 56 47 24 47 11 45 73 79 5 72 32 38 77 13 59 71 25 42 64 61 0 50
56 61 79 42 42 44 10 79 61 6 20 60 26 67 30 74 11 32 24 51 39 69 14 39 7 73 48 49 25 64 18 49 63 24 23 26 9 36 52 50 0
0 1290
768 1135
249 527
606 872
397 1012
168 837
740 1183
245 523
627 1035
168 463
300 1024
650 1242
555 908
161 901
524 1154
481 1137
735 1290
248 724
214 771
497 884
558 1244
252 717
449 813
288 724
668 1045
391 845
32 722
576 915
224 816
388 646
170 486
459 886
742 1187
734 1290
688 1216
660 1153
397 1048
437 1053
180 479
110 754
384 814
