41
0 42 82 76 71 86 99 40 92 75 84 62 50 42 62 73 97 69 76 69 56 81 62 56 103 89 63 109 48 27 64 33 8 50 23 39 71 23 80 39 65
42 0 94 43 83 83 79 68 94 45 77 20 10 56 77 87 74 76 46 55 14 86 29 61 84 86 25 87 40 51 71 65 50 44 59 10 90 28 82 56 27
82 94 0 85 11 30 68 47 22 80 40 105 104 42 20 9 72 18 79 55 103 15 83 33 68 31 93 76 54 55 23 54 77 50 64 84 15 71 19 44 92
76 43 85 0 76 61 39 82 74 5 50 36 48 61 73 80 33 67 6 30 39 72 14 55 44 62 21 46 37 69 64 83 79 40 82 39 86 53 67 64 18
71 83 11 76 0 27 64 38 25 71 36 94 93 31 9 4 68 9 70 46 92 14 73 22 64 29 82 72 43 44 12 45 67 39 54 73 13 60 16 33 81
86 83 30 61 27 0 39 60 13 56 11 90 93 45 33 31 43 22 55 32 89 15 64 30 38 3 75 46 43 60 25 66 83 39 73 73 40 68 11 49 73
99 79 68 39 64 39 0 89 51 34 28 74 85 68 67 68 6 56 33 30 77 54 50 54 5 39 59 10 51 82 57 92 100 50 96 72 77 77 49 72 56
40 68 47 82 38 60 89 0 62 79 65 86 78 22 29 38 90 40 79 61 82 51 73 35 92 63 81 99 45 17 35 7 32 43 17 60 32 40 52 18 81
92 94 22 74 25 13 51 62 0 69 24 103 104 50 33 27 55 23 68 45 102 11 77 36 49 12 88 57 54 65 28 69 88 50 77 84 36 76 12 53 86
75 45 80 5 71 56 34 79 69 0 45 40 51 57 69 75 29 62 1 25 43 67 16 51 39 57 25 42 34 66 59 80 78 36 80 41 81 52 62 61 22
84 77 40 50 36 11 28 65 24 45 0 80 86 45 39 40 32 28 44 22 80 26 54 30 28 12 65 36 38 60 30 69 83 35 73 67 49 64 21 49 63
62 20 105 36 94 90 74 86 103 40 80 0 15 71 90 98 69 87 41 58 6 97 26 72 79 92 15 82 51 69 82 83 70 55 77 26 103 46 93 72 18
50 10 104 48 93 93 85 78 104 51 86 15 0 66 87 97 80 86 52 64 9 96 35 71 90 96 27 93 50 61 81 75 58 54 69 20 100 38 92 66 30
42 56 42 61 31 45 68 22 50 57 45 71 66 0 22 33 68 27 58 39 67 39 53 15 71 48 62 78 24 15 22 24 38 21 28 46 34 29 38 4 61
62 77 20 73 9 33 67 29 33 69 39 90 87 22 0 11 70 11 69 45 88 22 69 18 67 35 78 75 39 35 10 36 58 35 45 67 13 51 23 24 77
73 87 9 80 4 31 68 38 27 75 40 98 97 33 11 0 72 13 74 50 96 17 77 26 68 33 86 76 47 46 16 45 68 43 55 77 9 62 20 35 85
97 74 72 33 68 43 6 90 55 29 32 69 80 68 70 72 0 59 28 29 72 58 45 55 11 43 54 13 49 81 60 92 98 49 95 68 80 75 53 72 51
69 76 18 67 9 22 56 40 23 62 28 87 86 27 11 13 59 0 61 37 85 12 65 15 56 24 75 64 36 42 5 46 65 32 54 66 21 55 12 30 74
76 46 79 6 70 55 33 79 68 1 44 41 52 58 69 74 28 61 0 24 44 66 17 51 38 56 26 41 34 67 59 80 79 37 80 42 81 53 61 61 23
69 55 55 30 46 32 30 61 45 25 22 58 64 39 45 50 29 37 24 0 58 42 32 28 34 34 43 40 21 52 35 63 70 20 66 46 57 47 37 43 41
56 14 103 39 92 89 77 82 102 43 80 6 9 67 88 96 72 85 44 58 0 95 27 70 82 92 18 85 49 65 80 79 64 53 73 22 101 42 91 68 21
81 86 15 72 14 15 54 51 11 67 26 97 96 39 22 17 58 12 66 42 95 0 72 27 53 16 83 61 46 54 17 58 77 42 66 76 26 67 5 42 81
62 29 83 14 73 64 50 73 77 16 54 26 35 53 69 77 45 65 17 32 27 72 0 51 55 66 11 58 30 58 61 72 66 34 70 25 82 40 68 56 9
56 61 33 55 22 30 54 35 36 51 30 72 71 15 18 26 55 15 51 28 70 27 51 0 57 33 60 64 21 30 10 39 53 17 43 51 31 40 24 19 59
103 84 68 44 64 38 5 92 49 39 28 79 90 71 67 68 11 56 38 34 82 53 55 57 0 37 64 8 55 85 58 95 104 54 99 77 77 81 49 75 61
89 86 31 62 29 3 39 63 12 57 12 92 96 48 35 33 43 24 56 34 92 16 66 33 37 0 77 45 46 63 28 69 86 42 76 76 42 71 13 52 75
63 25 93 21 82 75 59 81 88 25 65 15 27 62 78 86 54 75 26 43 18 83 11 60 64 77 0 67 39 64 70 78 69 43 74 24 91 43 79 64 3
109 87 76 46 72 46 10 99 57 42 36 82 93 78 75 76 13 64 41 40 85 61 58 64 8 45 67 0 61 92 66 102 110 60 106 81 85 87 57 82 64
48 40 54 37 43 43 51 45 54 34 38 51 50 24 39 47 49 36 34 21 49 46 30 21 55 46 39 61 0 33 31 46 49 4 47 30 52 26 42 27 38
27 51 55 69 44 60 82 17 65 66 60 69 61 15 35 46 81 42 67 52 65 54 58 30 85 63 64 92 33 0 37 14 23 32 14 43 44 23 53 12 65
64 71 23 64 12 25 57 35 28 59 30 82 81 22 10 16 60 5 59 35 80 17 61 10 58 28 70 66 31 37 0 41 60 27 49 61 22 50 17 25 69
33 65 54 83 45 66 92 7 69 80 69 83 75 24 36 45 92 46 80 63 79 58 72 39 95 69 78 102 46 14 41 0 25 44 10 57 39 37 58 20 79
8 50 77 79 67 83 100 32 88 78 83 70 58 38 58 68 98 65 79 70 64 77 66 53 104 86 69 110 49 23 60 25 0 50 15 45 64 26 76 35 71
50 44 50 40 39 39 50 43 50 36 35 55 54 21 35 43 49 32 37 20 53 42 34 17 54 42 43 60 4 32 27 44 50 0 46 34 48 29 38 25 42
23 59 64 82 54 73 96 17 77 80 73 77 69 28 45 55 95 54 80 66 73 66 70 43 99 76 74 106 47 14 49 10 15 46 0 51 49 31 66 24 76
39 10 84 39 73 73 72 60 84 41 67 26 20 46 67 77 68 66 42 46 22 76 25 51 77 76 24 81 30 43 61 57 45 34 51 0 80 20 72 47 26
71 90 15 86 13 40 77 32 36 81 49 103 100 34 13 9 80 21 81 57 101 26 82 31 77 42 91 85 52 44 22 39 64 48 49 80 0 63 29 34 90
23 28 71 53 60 68 77 40 76 52 64 46 38 29 51 62 75 55 53 47 42 67 40 40 81 71 43 87 26 23 50 37 26 29 31 20 63 0 64 29 45
80 82 19 67 16 11 49 52 12 62 21 93 92 38 23 20 53 12 61 37 91 5 68 24 49 13 79 57 42 53 17 58 76 38 66 72 29 64 0 42 77
39 56 44 64 33 49 72 18 53 61 49 72 66 4 24 35 72 30 61 43 68 42 56 19 75 52 64 82 27 12 25 20 35 25 24 47 34 29 42 0 64
65 27 92 18 81 73 56 81 86 22 63 18 30 61 77 85 51 74 23 41 21 81 9 59 61 75 3 64 38 65 69 79 71 42 76 26 90 45 77 64 0
0 1369
327 726
455 682
373 758
760 937
955 1177
112 455
960 1351
650 886
544 685
429 793
224 377
83 370
285 559
212 582
186 456
220 553
281 524
747 1130
47 215
991 1179
648 821
38 234
775 970
458 740
731 1038
362 740
1000 1267
818 1079
45 326
85 296
297 651
470 854
371 765
588 981
731 989
608 882
100 390
812 1129
264 597
644 844
