51
0 35 34 45 21 48 59 65 74 26 71 51 44 60 8 26 78 53 26 72 48 4 13 22 67 16 83 77 46 27 69 39 64 10 2 49 7 8 64 18 33 57 27 36 59 24 26 50 34 24 29
35 0 67 78 17 13 46 75 88 56 87 56 77 54 41 18 103 29 59 82 79 31 27 16 89 41 74 72 38 53 93 67 41 43 33 73 28 42 79 44 63 77 61 46 55 58 59 50 61 36 6
34 67 0 12 51 78 78 63 62 16 57 58 12 72 26 60 54 80 24 67 16 36 46 52 50 28 93 86 65 23 49 20 88 25 36 33 41 28 54 26 16 42 15 45 70 10 8 61 39 39 61
45 78 12 0 62 89 82 60 57 23 52 60 2 74 37 71 43 88 36 62 5 47 58 63 41 38 95 87 70 28 39 17 95 36 47 28 52 40 49 35 17 37 27 49 72 22 20 65 51 46 72
21 17 51 62 0 27 40 59 72 39 70 41 60 44 26 24 86 32 47 66 62 17 21 1 72 24 66 62 28 36 76 50 43 27 21 56 18 29 62 27 46 60 48 30 44 43 43 37 53 19 12
48 13 78 89 27 0 42 77 92 66 93 58 87 53 53 31 112 21 72 84 89 44 40 26 97 51 70 70 38 63 101 77 32 54 46 83 41 55 85 54 73 85 74 52 54 70 70 51 74 46 19
59 46 78 82 40 42 0 43 58 62 61 26 80 13 60 62 88 22 84 49 81 55 61 40 72 51 28 28 13 55 77 66 17 59 60 63 58 66 54 52 65 61 81 33 15 74 70 20 93 39 46
65 75 63 60 59 77 43 0 15 49 18 20 58 30 59 83 48 62 80 7 56 62 74 60 32 49 39 31 39 42 37 43 60 57 67 32 68 67 13 48 47 24 73 30 28 65 59 26 94 42 71
74 88 62 57 72 92 58 15 0 53 5 35 55 45 67 95 35 77 84 10 53 72 84 73 21 58 52 44 54 48 26 42 75 65 76 29 78 75 10 56 48 20 76 42 43 68 62 41 99 53 84
26 56 16 23 39 66 62 49 53 0 49 42 21 56 18 52 52 66 32 54 23 28 39 40 43 15 77 70 49 7 44 13 73 16 28 25 33 24 43 12 7 34 24 29 54 16 10 45 46 24 51
71 87 57 52 70 93 61 18 5 49 0 36 50 48 64 93 30 79 79 15 48 70 82 71 16 55 57 49 56 44 21 37 78 62 73 24 76 72 8 53 43 15 71 41 46 63 57 43 94 51 82
51 56 58 60 41 58 26 20 35 42 36 0 58 14 47 65 62 43 70 27 58 47 59 42 46 37 35 28 20 35 51 43 43 46 52 38 53 55 28 37 44 35 66 15 12 58 52 7 82 27 52
44 77 12 2 60 87 80 58 55 21 50 58 0 72 36 70 42 86 36 60 4 46 57 61 39 36 93 85 68 26 38 15 93 35 46 26 51 40 47 33 15 35 27 47 70 22 19 63 51 44 71
60 54 72 74 44 53 13 30 45 56 48 14 72 0 58 68 76 34 82 36 72 56 65 44 60 48 23 18 16 49 65 57 30 57 61 52 60 66 41 49 58 49 78 27 2 71 66 11 93 37 52
8 41 26 37 26 53 60 59 67 18 64 47 36 58 0 34 70 58 24 66 40 10 21 27 60 10 81 75 47 20 62 31 67 2 10 42 15 8 57 11 25 50 22 32 57 17 18 48 35 22 35
26 18 60 71 24 31 62 83 95 52 93 65 70 68 34 0 103 47 46 90 74 25 14 24 91 40 90 86 52 51 93 65 59 36 24 73 19 32 85 42 59 81 51 54 68 50 52 61 44 42 16
78 103 54 43 86 112 88 48 35 52 30 62 42 76 70 103 0 103 78 45 38 78 90 87 16 64 87 79 80 52 11 39 104 68 80 30 84 76 35 61 45 27 69 60 74 63 58 68 93 67 98
53 29 80 88 32 21 22 62 77 66 79 43 86 34 58 47 103 0 79 69 88 49 52 31 88 52 50 50 23 60 92 74 12 58 53 75 50 61 71 55 71 76 80 43 36 75 72 36 85 42 31
26 59 24 36 47 72 84 80 84 32 79 70 36 82 24 46 78 79 0 86 40 30 33 48 72 34 104 98 71 38 73 42 90 25 26 55 31 18 75 33 36 64 9 55 80 16 22 71 15 45 53
72 82 67 62 66 84 49 7 10 54 15 27 60 36 66 90 45 69 86 0 58 69 81 67 31 56 42 34 46 48 36 47 66 64 74 34 75 74 13 55 51 25 78 37 34 70 64 33 100 49 78
48 79 16 5 62 89 81 56 53 23 48 58 4 72 40 74 38 88 40 58 0 50 61 63 36 38 93 85 70 28 34 15 95 38 50 24 55 44 45 35 17 33 31 48 70 26 23 63 55 46 74
4 31 36 47 17 44 55 62 72 28 70 47 46 56 10 25 78 49 30 69 50 0 12 18 66 15 79 73 42 26 68 40 60 12 5 48 6 12 62 17 35 56 31 32 55 27 28 46 38 20 25
13 27 46 58 21 40 61 74 84 39 82 59 57 65 21 14 90 52 33 81 61 12 0 22 78 27 87 83 49 38 80 52 63 23 11 60 6 18 74 29 46 68 37 44 65 36 39 57 34 32 21
22 16 52 63 1 26 40 60 73 40 71 42 61 44 27 24 87 31 48 67 63 18 22 0 73 25 66 62 28 37 77 51 42 28 22 57 19 30 63 28 47 61 49 31 44 44 44 38 54 20 11
67 89 50 41 72 97 72 32 21 43 16 46 39 60 60 91 16 88 72 31 36 66 78 73 0 52 71 63 65 40 5 30 89 58 69 18 72 67 19 49 36 12 64 45 58 56 50 53 87 53 84
16 41 28 38 24 51 51 49 58 15 55 37 36 48 10 40 64 52 34 56 38 15 27 25 52 0 71 65 38 12 54 26 60 9 18 34 21 18 48 3 22 42 30 22 47 23 20 38 45 12 36
83 74 93 95 66 70 28 39 52 77 57 35 93 23 81 90 87 50 104 42 93 79 87 66 71 71 0 8 38 70 76 78 40 79 84 69 83 88 52 71 79 63 100 49 24 93 87 33 115 59 74
77 72 86 87 62 70 28 31 44 70 49 28 85 18 75 86 79 50 98 34 85 73 83 62 63 65 8 0 34 63 68 70 42 73 78 61 78 82 44 65 72 55 94 43 19 86 80 27 109 53 70
46 38 65 70 28 38 13 39 54 49 56 20 68 16 47 52 80 23 71 46 70 42 49 28 65 38 38 34 0 42 69 55 25 46 47 53 45 53 48 39 53 53 68 22 17 61 57 13 80 26 36
27 53 23 28 36 63 55 42 48 7 44 35 26 49 20 51 52 60 38 48 28 26 38 37 40 12 70 63 42 0 42 14 67 18 29 22 32 28 38 9 11 30 31 22 47 23 17 38 52 18 48
69 93 49 39 76 101 77 37 26 44 21 51 38 65 62 93 11 92 73 36 34 68 80 77 5 54 76 68 69 42 0 31 93 60 71 20 74 68 24 51 37 16 64 49 63 57 51 57 88 57 88
39 67 20 17 50 77 66 43 42 13 37 43 15 57 31 65 39 74 42 47 15 40 52 51 30 26 78 70 55 14 31 0 80 29 41 13 46 37 34 23 6 22 34 33 55 26 20 48 57 32 62
64 41 88 95 43 32 17 60 75 73 78 43 93 30 67 59 104 12 90 66 95 60 63 42 89 60 40 42 25 67 93 80 0 67 64 78 61 72 71 62 78 77 89 47 32 83 80 36 96 49 43
10 43 25 36 27 54 59 57 65 16 62 46 35 57 2 36 68 58 25 64 38 12 23 28 58 9 79 73 46 18 60 29 67 0 12 40 17 10 55 9 23 48 22 31 55 17 17 46 37 20 37
2 33 36 47 21 46 60 67 76 28 73 52 46 61 10 24 80 53 26 74 50 5 11 22 69 18 84 78 47 29 71 41 64 12 0 51 5 9 66 20 35 59 28 37 60 26 28 51 33 25 27
49 73 33 28 56 83 63 32 29 25 24 38 26 52 42 73 30 75 55 34 24 48 60 57 18 34 69 61 53 22 20 13 78 40 51 0 54 49 21 31 19 9 47 32 50 39 33 43 70 37 68
7 28 41 52 18 41 58 68 78 33 76 53 51 60 15 19 84 50 31 75 55 6 6 19 72 21 83 78 45 32 74 46 61 17 5 54 0 14 68 23 40 62 33 38 60 31 33 51 35 26 22
8 42 28 40 29 55 66 67 75 24 72 55 40 66 8 32 76 61 18 74 44 12 18 30 67 18 88 82 53 28 68 37 72 10 9 49 14 0 65 19 31 58 19 40 64 18 21 55 27 29 36
64 79 54 49 62 85 54 13 10 43 8 28 47 41 57 85 35 71 75 13 45 62 74 63 19 48 52 44 48 38 24 34 71 55 66 21 68 65 0 46 39 12 67 33 39 59 53 35 89 43 74
18 44 26 35 27 54 52 48 56 12 53 37 33 49 11 42 61 55 33 55 35 17 29 28 49 3 71 65 39 9 51 23 62 9 20 31 23 19 46 0 19 39 29 22 47 22 18 38 46 13 39
33 63 16 17 46 73 65 47 48 7 43 44 15 58 25 59 45 71 36 51 17 35 46 47 36 22 79 72 53 11 37 6 78 23 35 19 40 31 39 19 0 28 28 32 56 20 14 48 51 29 58
57 77 42 37 60 85 61 24 20 34 15 35 35 49 50 81 27 76 64 25 33 56 68 61 12 42 63 55 53 30 16 22 77 48 59 9 62 58 12 39 28 0 56 33 47 48 42 41 79 41 72
27 61 15 27 48 74 81 73 76 24 71 66 27 78 22 51 69 80 9 78 31 31 37 49 64 30 100 94 68 31 64 34 89 22 28 47 33 19 67 29 28 56 0 51 76 8 14 67 24 42 55
36 46 45 49 30 52 33 30 42 29 41 15 47 27 32 54 60 43 55 37 48 32 44 31 45 22 49 43 22 22 49 33 47 31 37 32 38 40 33 22 32 33 51 0 25 44 39 16 67 12 42
59 55 70 72 44 54 15 28 43 54 46 12 70 2 57 68 74 36 80 34 70 55 65 44 58 47 24 19 17 47 63 55 32 55 60 50 60 64 39 47 56 47 76 25 0 69 64 9 91 35 53
24 58 10 22 43 70 74 65 68 16 63 58 22 71 17 50 63 75 16 70 26 27 36 44 56 23 93 86 61 23 57 26 83 17 26 39 31 18 59 22 20 48 8 44 69 0 6 60 31 35 52
26 59 8 20 43 70 70 59 62 10 57 52 19 66 18 52 58 72 22 64 23 28 39 44 50 20 87 80 57 17 51 20 80 17 28 33 33 21 53 18 14 42 14 39 64 6 0 55 37 31 53
50 50 61 65 37 51 20 26 41 45 43 7 63 11 48 61 68 36 71 33 63 46 57 38 53 38 33 27 13 38 57 48 36 46 51 43 51 55 35 38 48 41 67 16 9 60 55 0 82 26 48
34 61 39 51 53 74 93 94 99 46 94 82 51 93 35 44 93 85 15 100 55 38 34 54 87 45 115 109 80 52 88 57 96 37 33 70 35 27 89 46 51 79 24 67 91 31 37 82 0 56 55
24 36 39 46 19 46 39 42 53 24 51 27 44 37 22 42 67 42 45 49 46 20 32 20 53 12 59 53 26 18 57 32 49 20 25 37 26 29 43 13 29 41 42 12 35 35 31 26 56 0 31
29 6 61 72 12 19 46 71 84 51 82 52 71 52 35 16 98 31 53 78 74 25 21 11 84 36 74 70 36 48 88 62 43 37 27 68 22 36 74 39 58 72 55 42 53 52 53 48 55 31 0
0 1527
293 733
485 918
733 1137
30 422
600 782
1142 1527
139 513
203 412
702 884
515 960
188 514
981 1292
259 446
288 705
604 1057
105 320
428 637
642 1032
575 894
1006 1250
838 1020
997 1293
995 1199
839 993
548 1005
462 615
696 943
74 302
998 1366
558 867
69 285
1024 1209
1191 1527
974 1290
703 951
987 1326
724 1177
693 1029
661 1065
71 480
362 807
235 472
569 790
692 1071
279 602
1182 1527
830 1034
390 589
333 521
68 398
