51
0 46 28 44 12 40 60 72 42 5 21 17 83 58 24 13 89 68 58 61 81 31 53 43 51 16 41 37 70 58 12 53 33 48 22 46 32 37 26 13 49 52 3 55 41 58 36 33 67 5 43
46 0 71 11 52 7 37 41 70 50 64 29 52 15 70 59 52 30 50 16 50 77 30 25 59 32 25 73 31 12 50 28 79 77 68 0 78 10 64 36 11 47 49 73 55 12 73 59 59 41 5
28 71 0 67 19 66 88 90 28 24 30 45 100 84 25 25 107 88 63 84 98 10 71 61 49 44 60 19 90 83 21 71 13 31 24 71 9 64 14 35 72 58 26 43 39 83 17 27 70 33 67
44 11 67 0 48 15 48 34 62 46 64 28 45 26 68 57 47 25 39 17 43 74 19 14 48 32 14 65 27 21 46 17 76 69 66 11 74 18 57 32 5 36 47 64 46 20 65 51 48 39 7
12 52 19 48 0 47 71 72 30 8 27 26 83 65 28 19 89 70 51 65 81 26 53 43 41 26 41 25 72 64 2 53 29 36 26 52 26 45 14 16 53 45 12 43 31 64 24 21 60 15 48
40 7 66 15 47 0 34 47 68 44 57 23 58 18 63 52 59 37 53 23 56 71 34 28 60 25 27 70 38 19 45 32 73 75 61 7 72 3 60 31 17 50 43 73 55 19 70 57 62 35 8
60 37 88 48 71 34 0 76 96 65 68 46 85 27 75 66 84 63 87 47 84 89 67 62 93 45 61 95 64 36 69 65 90 103 74 37 91 33 84 56 48 84 63 105 87 38 94 85 96 56 41
72 41 90 34 72 47 76 0 73 73 93 60 11 49 96 85 17 14 33 29 9 98 19 29 50 64 31 80 13 40 70 19 101 80 94 41 98 50 76 59 30 36 75 67 55 38 81 66 35 67 39
42 70 28 62 30 68 96 73 0 37 55 50 81 85 52 47 89 76 42 79 79 38 56 50 25 52 50 9 77 82 30 58 41 7 50 70 37 67 17 40 67 37 41 15 18 82 11 11 47 43 65
5 50 24 46 8 44 65 73 37 0 21 21 84 62 24 13 90 70 56 63 82 28 54 44 47 20 42 33 72 62 7 54 30 44 22 50 29 41 22 14 51 50 4 50 37 62 32 28 65 9 46
21 64 30 64 27 57 68 93 55 21 0 36 104 74 7 8 110 89 77 80 102 25 74 64 68 33 62 48 91 76 28 74 25 60 7 64 27 54 38 34 69 71 18 70 58 76 46 48 86 26 62
17 29 45 28 26 23 46 60 50 21 36 0 71 41 41 30 75 53 52 44 69 48 42 32 51 4 30 49 55 41 24 41 50 57 39 29 49 20 39 10 33 47 20 60 43 41 49 39 61 12 26
83 52 100 45 83 58 85 11 81 84 104 71 0 58 107 96 8 22 40 38 2 109 30 40 58 75 42 89 21 49 81 30 112 88 105 52 109 61 86 70 41 44 86 75 63 47 90 75 40 78 50
58 15 84 26 65 18 27 49 85 62 74 41 58 0 80 70 57 36 65 20 57 89 44 40 74 43 40 88 37 9 63 42 91 92 79 15 90 21 78 49 25 62 61 88 70 11 88 74 73 53 20
24 70 25 68 28 63 75 96 52 24 7 41 107 80 0 11 113 92 79 85 105 19 77 67 68 38 65 44 94 82 29 77 18 56 2 70 21 60 35 37 73 73 21 67 58 82 42 47 87 29 67
13 59 25 57 19 52 66 85 47 13 8 30 96 70 11 0 102 81 69 74 94 23 66 56 60 27 54 41 83 71 20 66 24 53 9 59 25 49 30 26 62 63 10 62 50 71 39 40 78 18 56
89 52 107 47 89 59 84 17 89 90 110 75 8 57 113 102 0 23 48 37 10 115 36 46 66 79 48 97 21 48 87 36 118 96 111 52 115 62 93 76 43 52 92 83 71 46 98 83 48 84 52
68 30 88 25 70 37 63 14 76 70 89 53 22 36 92 81 23 0 40 16 21 96 20 27 56 57 29 81 2 27 68 18 99 83 90 30 96 40 76 56 20 42 71 73 58 25 82 67 45 63 29
58 50 63 39 51 53 87 33 42 56 77 52 40 65 79 69 48 40 0 48 38 73 22 25 18 56 26 50 42 58 50 24 76 48 77 50 72 54 49 46 41 6 60 35 24 56 51 36 9 54 46
61 16 84 17 65 23 47 29 79 63 80 44 38 20 85 74 37 16 48 0 37 91 26 29 62 47 29 82 17 11 63 24 93 86 83 16 91 26 74 49 12 48 64 79 61 9 82 68 55 56 18
81 50 98 43 81 56 84 9 79 82 102 69 2 57 105 94 10 21 38 37 0 107 28 38 56 73 40 87 20 48 79 28 110 86 103 50 107 59 84 68 39 42 84 73 61 46 88 73 38 76 48
31 77 10 74 26 71 89 98 38 28 25 48 109 89 19 23 115 96 73 91 107 0 79 69 59 47 67 29 98 89 28 79 3 41 18 77 2 68 24 42 79 68 28 53 49 89 27 37 80 36 74
53 30 71 19 53 34 67 19 56 54 74 42 30 44 77 66 36 20 22 26 28 79 0 10 36 46 12 61 21 36 51 2 82 63 75 30 79 37 57 40 19 22 56 53 38 34 62 47 29 48 26
43 25 61 14 43 28 62 29 50 44 64 32 40 40 67 56 46 27 25 29 38 69 10 0 34 36 2 54 29 35 41 10 72 57 65 25 69 30 49 30 17 22 46 50 32 33 55 40 34 38 21
51 59 49 48 41 60 93 50 25 47 68 51 58 74 68 60 66 56 18 62 56 59 36 34 0 54 34 33 57 69 40 38 62 30 66 59 58 60 35 42 51 14 51 17 10 67 35 22 22 49 54
16 32 44 32 26 25 45 64 52 20 33 4 75 43 38 27 79 57 56 47 73 47 46 36 54 0 34 50 59 44 24 45 49 59 36 32 48 22 39 12 37 51 19 62 45 44 49 41 65 11 29
41 25 60 14 41 27 61 31 50 42 62 30 42 40 65 54 48 29 26 29 40 67 12 2 34 34 0 53 31 35 39 12 70 57 63 25 67 28 47 28 17 23 44 50 32 33 54 39 35 36 20
37 73 19 65 25 70 95 80 9 33 48 49 89 88 44 41 97 81 50 82 87 29 61 54 33 50 53 0 82 85 26 63 32 12 43 73 28 68 11 39 70 45 36 24 26 85 2 14 55 39 68
70 31 90 27 72 38 64 13 77 72 91 55 21 37 94 83 21 2 42 17 20 98 21 29 57 59 31 82 0 28 70 20 101 84 92 31 98 41 78 58 22 43 73 74 59 26 83 68 46 65 31
58 12 83 21 64 19 36 40 82 62 76 41 49 9 82 71 48 27 58 11 48 89 36 35 69 44 35 85 28 0 62 34 91 89 80 12 90 22 76 48 18 57 61 85 67 2 85 71 65 53 17
12 50 21 46 2 45 69 70 30 7 28 24 81 63 29 20 87 68 50 63 79 28 51 41 40 24 39 26 70 62 0 51 31 37 27 50 28 43 15 14 51 44 11 43 30 62 25 21 58 13 46
53 28 71 17 53 32 65 19 58 54 74 41 30 42 77 66 36 18 24 24 28 79 2 10 38 45 12 63 20 34 51 0 82 65 75 28 79 35 58 40 17 24 56 55 40 32 64 49 31 48 24
33 79 13 76 29 73 90 101 41 30 25 50 112 91 18 24 118 99 76 93 110 3 82 72 62 49 70 32 101 91 31 82 0 44 18 79 4 70 27 44 81 71 30 56 52 91 30 40 83 38 76
48 77 31 69 36 75 103 80 7 44 60 57 88 92 56 53 96 83 48 86 86 41 63 57 30 59 57 12 84 89 37 65 44 0 55 77 40 74 23 47 74 44 48 16 25 89 14 18 52 50 72
22 68 24 66 26 61 74 94 50 22 7 39 105 79 2 9 111 90 77 83 103 18 75 65 66 36 63 43 92 80 27 75 18 55 0 68 20 58 33 35 71 71 19 65 56 80 41 45 85 27 65
46 0 71 11 52 7 37 41 70 50 64 29 52 15 70 59 52 30 50 16 50 77 30 25 59 32 25 73 31 12 50 28 79 77 68 0 78 10 64 36 11 47 49 73 55 12 73 59 59 41 5
32 78 9 74 26 72 91 98 37 29 27 49 109 90 21 25 115 96 72 91 107 2 79 69 58 48 67 28 98 90 28 79 4 40 20 78 0 69 23 42 79 67 29 52 48 90 26 36 79 37 74
37 10 64 18 45 3 33 50 67 41 54 20 61 21 60 49 62 40 54 26 59 68 37 30 60 22 28 68 41 22 43 35 70 74 58 10 69 0 58 29 20 51 40 72 54 22 68 56 63 32 11
26 64 14 57 14 60 84 76 17 22 38 39 86 78 35 30 93 76 49 74 84 24 57 49 35 39 47 11 78 76 15 58 27 23 33 64 23 58 0 29 62 44 25 32 25 76 10 13 56 28 59
13 36 35 32 16 31 56 59 40 14 34 10 70 49 37 26 76 56 46 49 68 42 40 30 42 12 28 39 58 48 14 40 44 47 35 36 42 29 29 0 37 40 16 50 33 48 39 29 55 8 32
49 11 72 5 53 17 48 30 67 51 69 33 41 25 73 62 43 20 41 12 39 79 19 17 51 37 17 70 22 18 51 17 81 74 71 11 79 20 62 37 0 39 52 67 49 16 70 56 48 44 9
52 47 58 36 45 50 84 36 37 50 71 47 44 62 73 63 52 42 6 48 42 68 22 22 14 51 23 45 43 57 44 24 71 44 71 47 67 51 44 40 39 0 54 31 19 55 46 31 15 48 43
3 49 26 47 12 43 63 75 41 4 18 20 86 61 21 10 92 71 60 64 84 28 56 46 51 19 44 36 73 61 11 56 30 48 19 49 29 40 25 16 52 54 0 54 41 61 35 32 69 8 46
55 73 43 64 43 73 105 67 15 50 70 60 75 88 67 62 83 73 35 79 73 53 53 50 17 62 50 24 74 85 43 55 56 16 65 73 52 72 32 50 67 31 54 0 18 83 26 22 36 55 68
41 55 39 46 31 55 87 55 18 37 58 43 63 70 58 50 71 58 24 61 61 49 38 32 10 45 32 26 59 67 30 40 52 25 56 55 48 54 25 33 49 19 41 18 0 65 27 12 31 39 50
58 12 83 20 64 19 38 38 82 62 76 41 47 11 82 71 46 25 56 9 46 89 34 33 67 44 33 85 26 2 62 32 91 89 80 12 90 22 76 48 16 55 61 83 65 0 85 71 63 53 17
36 73 17 65 24 70 94 81 11 32 46 49 90 88 42 39 98 82 51 82 88 27 62 55 35 49 54 2 83 85 25 64 30 14 41 73 26 68 10 39 70 46 35 26 27 85 0 15 57 38 68
33 59 27 51 21 57 85 66 11 28 48 39 75 74 47 40 83 67 36 68 73 37 47 40 22 41 39 14 68 71 21 49 40 18 45 59 36 56 13 29 56 31 32 22 12 71 15 0 43 33 54
67 59 70 48 60 62 96 35 47 65 86 61 40 73 87 78 48 45 9 55 38 80 29 34 22 65 35 55 46 65 58 31 83 52 85 59 79 63 56 55 48 15 69 36 31 63 57 43 0 63 55
5 41 33 39 15 35 56 67 43 9 26 12 78 53 29 18 84 63 54 56 76 36 48 38 49 11 36 39 65 53 13 48 38 50 27 41 37 32 28 8 44 48 8 55 39 53 38 33 63 0 38
43 5 67 7 48 8 41 39 65 46 62 26 50 20 67 56 52 29 46 18 48 74 26 21 54 29 20 68 31 17 46 24 76 72 65 5 74 11 59 32 9 43 46 68 50 17 68 54 55 38 0
0 1221
924 1149
740 1100
563 893
746 1062
167 484
228 492
685 849
339 608
939 1167
87 338
70 372
28 191
818 1102
276 481
506 803
210 570
575 836
48 319
685 909
433 587
829 1077
415 635
572 883
391 718
226 458
416 661
969 1221
118 452
181 443
284 413
465 716
187 408
157 418
489 793
689 973
931 1216
215 370
357 561
542 771
800 982
896 1091
508 761
652 856
1 149
36 187
974 1221
680 868
503 667
910 1111
139 306
