51
0 19 50 58 35 79 8 23 101 66 68 33 36 87 37 74 39 60 30 15 67 44 45 40 60 38 45 86 22 80 19 71 76 85 48 80 69 63 19 53 25 13 72 77 5 57 42 23 55 55 35
19 0 36 43 16 61 26 38 83 48 49 27 17 68 39 59 32 53 11 7 48 26 40 27 41 23 29 68 39 66 37 52 57 69 31 62 54 49 36 45 17 32 53 58 14 38 28 37 36 41 23
50 36 0 56 30 61 53 57 84 48 28 23 31 60 74 24 62 80 35 35 41 40 71 10 26 46 7 37 58 78 58 29 34 75 10 32 65 13 56 21 51 63 37 50 46 21 8 55 32 5 15
58 43 56 0 30 25 66 81 43 20 45 63 29 41 45 67 28 31 32 50 29 18 34 56 36 20 51 67 80 23 77 49 52 27 46 62 11 69 77 76 34 66 40 36 54 40 56 80 27 61 55
35 16 30 30 0 46 42 53 69 32 35 33 1 52 45 50 32 50 6 22 32 12 41 26 26 16 23 56 54 53 52 39 43 55 21 50 41 43 51 46 22 47 37 42 30 25 26 52 20 35 25
79 61 61 25 46 0 87 99 23 14 39 77 45 18 70 62 53 53 50 68 20 35 59 65 35 43 57 57 100 25 98 42 42 15 52 54 20 69 97 82 57 89 30 18 74 40 63 98 30 65 67
8 26 53 66 42 87 0 15 109 74 73 33 43 94 44 77 47 68 37 20 74 52 53 43 66 46 49 90 14 88 11 76 81 93 53 84 77 65 11 53 33 13 78 84 13 62 45 15 62 58 38
23 38 57 81 53 99 15 0 121 85 81 34 54 105 59 80 62 83 49 31 85 64 68 47 75 61 54 94 2 103 6 83 88 107 59 89 92 66 4 51 48 25 87 95 27 71 49 2 73 59 42
101 83 84 43 69 23 109 121 0 37 59 100 68 30 86 82 70 63 72 90 43 57 73 88 58 63 80 75 122 28 120 62 60 17 75 72 33 91 119 105 77 109 50 36 96 63 86 120 53 88 90
66 48 48 20 32 14 74 85 37 0 29 63 31 23 63 52 46 51 37 54 10 22 53 51 23 32 43 49 86 32 84 32 33 27 38 45 21 57 83 68 46 77 21 16 61 28 49 84 16 53 53
68 49 28 45 35 39 73 81 59 29 0 48 34 32 78 24 62 75 41 53 19 35 71 35 9 45 27 22 82 61 83 4 8 54 22 17 50 32 81 48 57 81 9 23 63 11 33 79 18 30 39
33 27 23 63 33 77 33 34 100 63 48 0 34 77 65 46 59 80 33 21 58 45 67 13 43 47 21 60 36 86 37 50 55 88 26 55 74 32 35 20 44 46 55 67 31 38 15 32 47 25 10
36 17 31 29 1 45 43 54 68 31 34 34 0 51 46 50 32 50 7 23 31 11 41 27 25 16 24 55 55 52 53 38 42 54 22 49 40 44 52 47 23 48 36 41 31 24 27 53 19 36 26
87 68 60 41 52 18 94 105 30 23 32 77 51 0 86 54 69 71 58 74 20 45 75 64 34 55 56 45 106 43 104 34 32 32 51 43 38 64 103 80 69 99 23 10 82 39 62 104 32 62 68
37 39 74 45 45 70 44 59 86 63 78 65 46 86 0 94 17 28 39 44 70 43 13 66 69 33 67 100 58 60 54 82 86 69 66 95 53 87 55 84 23 35 77 79 37 70 67 59 60 79 62
74 59 24 67 50 62 77 80 82 52 24 46 50 54 94 0 82 96 55 59 42 55 91 34 31 65 30 15 82 84 82 20 22 77 29 12 73 16 80 35 71 87 32 46 70 27 32 78 40 21 39
39 32 62 28 32 53 47 62 70 46 62 59 32 69 17 82 0 21 28 39 53 27 9 57 53 17 55 84 61 45 58 66 70 53 53 79 37 75 58 77 15 43 61 62 36 55 57 62 44 67 54
60 53 80 31 50 53 68 83 63 51 75 80 50 71 28 96 21 0 48 60 60 41 16 76 66 34 73 97 82 35 79 79 83 46 71 92 33 93 79 96 36 62 71 67 57 69 76 83 57 85 74
30 11 35 32 6 50 37 49 72 37 41 33 7 58 39 55 28 48 0 18 38 15 37 29 32 14 28 62 50 55 48 45 49 58 27 56 43 48 47 49 16 41 43 48 25 31 29 48 26 40 26
15 7 35 50 22 68 20 31 90 54 53 21 23 74 44 59 39 60 18 0 54 33 47 25 46 30 30 71 32 73 30 56 61 76 33 65 61 48 29 41 24 28 58 64 11 42 27 30 42 40 20
67 48 41 29 32 20 74 85 43 10 19 58 31 20 70 42 53 60 38 54 0 27 61 45 15 37 37 39 86 42 84 22 23 35 32 35 31 49 83 62 51 79 11 10 62 20 43 84 12 45 49
44 26 40 18 12 35 52 64 57 22 35 45 11 45 43 55 27 41 15 33 27 0 36 38 26 10 34 57 65 41 63 39 43 43 30 52 29 53 62 58 24 55 34 37 39 28 38 63 17 45 37
45 40 71 34 41 59 53 68 73 53 71 67 41 75 13 91 9 16 37 47 61 36 0 66 62 26 64 93 67 47 64 75 79 56 62 88 41 84 64 85 23 46 70 69 43 64 66 68 53 76 63
40 27 10 56 26 65 43 47 88 51 35 13 27 64 66 34 57 76 29 25 45 38 66 0 30 42 8 47 48 79 48 37 42 78 13 42 67 23 46 20 44 53 42 54 36 25 2 45 35 15 5
60 41 26 36 26 35 66 75 58 23 9 43 25 34 69 31 53 66 32 46 15 26 62 30 0 36 22 31 76 55 76 13 17 50 17 26 43 34 74 47 48 73 12 24 55 5 28 74 9 30 34
38 23 46 20 16 43 46 61 63 32 45 47 16 55 33 65 17 34 14 30 37 10 26 42 36 0 39 67 60 43 57 49 53 47 37 62 31 59 57 62 14 46 44 47 34 38 42 60 27 51 40
45 29 7 51 23 57 49 54 80 43 27 21 24 56 67 30 55 73 28 30 37 34 64 8 22 39 0 41 55 73 56 29 34 70 5 35 60 20 54 25 44 58 34 46 41 17 6 52 27 12 12
86 68 37 67 56 57 90 94 75 49 22 60 55 45 100 15 84 97 62 71 39 57 93 47 31 67 41 0 95 81 95 18 16 72 38 6 70 31 93 50 78 99 28 39 82 31 45 92 40 35 52
22 39 58 80 54 100 14 2 122 86 82 36 55 106 58 82 61 82 50 32 86 65 67 48 76 60 55 95 0 102 4 84 89 107 60 90 91 68 3 53 47 23 88 96 26 72 50 4 74 61 43
80 66 78 23 53 25 88 103 28 32 61 86 52 43 60 84 45 35 55 73 42 41 47 79 55 43 73 81 102 0 99 64 65 12 68 77 13 89 99 98 55 87 53 43 77 60 79 103 47 83 78
19 37 58 77 52 98 11 6 120 84 83 37 53 104 54 82 58 79 48 30 84 63 64 48 76 57 56 95 4 99 0 85 90 104 61 90 88 69 2 54 44 19 88 94 24 72 50 7 72 62 44
71 52 29 49 39 42 76 83 62 32 4 50 38 34 82 20 66 79 45 56 22 39 75 37 13 49 29 18 84 64 85 0 5 57 24 13 53 31 83 48 61 84 12 26 66 14 35 81 22 30 41
76 57 34 52 43 42 81 88 60 33 8 55 42 32 86 22 70 83 49 61 23 43 79 42 17 53 34 16 89 65 90 5 0 57 29 12 54 35 88 53 65 89 12 24 71 19 40 86 26 35 46
85 69 75 27 55 15 93 107 17 27 54 88 54 32 69 77 53 46 58 76 35 43 56 78 50 47 70 72 107 12 104 57 57 0 65 69 16 84 104 95 61 93 45 33 81 55 76 106 43 80 78
48 31 10 46 21 52 53 59 75 38 22 26 22 51 66 29 53 71 27 33 32 30 62 13 17 37 5 38 60 68 61 24 29 65 0 32 55 23 59 30 43 61 29 41 44 12 11 57 22 15 17
80 62 32 62 50 54 84 89 72 45 17 55 49 43 95 12 79 92 56 65 35 52 88 42 26 62 35 6 90 77 90 13 12 69 32 0 66 28 88 47 72 93 24 36 76 25 40 87 35 31 47
69 54 65 11 41 20 77 92 33 21 50 74 40 38 53 73 37 33 43 61 31 29 41 67 43 31 60 70 91 13 88 53 54 16 55 66 0 76 88 85 45 77 42 35 65 47 66 91 34 70 66
63 49 13 69 43 69 65 66 91 57 32 32 44 64 87 16 75 93 48 48 49 53 84 23 34 59 20 31 68 89 69 31 35 84 23 28 76 0 67 19 64 76 41 55 59 29 21 64 42 8 28
19 36 56 77 51 97 11 4 119 83 81 35 52 103 55 80 58 79 47 29 83 62 64 46 74 57 54 93 3 99 2 83 88 104 59 88 88 67 0 52 44 21 86 93 23 70 48 5 71 60 42
53 45 21 76 46 82 53 51 105 68 48 20 47 80 84 35 77 96 49 41 62 58 85 20 47 62 25 50 53 98 54 48 53 95 30 47 85 19 52 0 62 66 57 71 51 42 20 49 52 18 23
25 17 51 34 22 57 33 48 77 46 57 44 23 69 23 71 15 36 16 24 51 24 23 44 48 14 44 78 47 55 44 61 65 61 43 72 45 64 44 62 0 32 58 61 22 47 45 48 41 56 40
13 32 63 66 47 89 13 25 109 77 81 46 48 99 35 87 43 62 41 28 79 55 46 53 73 46 58 99 23 87 19 84 89 93 61 93 77 76 21 66 32 0 84 89 18 70 55 26 67 68 48
72 53 37 40 37 30 78 87 50 21 9 55 36 23 77 32 61 71 43 58 11 34 70 42 12 44 34 28 88 53 88 12 12 45 29 24 42 41 86 57 58 84 0 14 67 17 40 86 17 39 46
77 58 50 36 42 18 84 95 36 16 23 67 41 10 79 46 62 67 48 64 10 37 69 54 24 47 46 39 96 43 94 26 24 33 41 36 35 55 93 71 61 89 14 0 72 29 52 94 22 53 58
5 14 46 54 30 74 13 27 96 61 63 31 31 82 37 70 36 57 25 11 62 39 43 36 55 34 41 82 26 77 24 66 71 81 44 76 65 59 23 51 22 18 67 72 0 52 38 27 50 51 31
57 38 21 40 25 40 62 71 63 28 11 38 24 39 70 27 55 69 31 42 20 28 64 25 5 38 17 31 72 60 72 14 19 55 12 25 47 29 70 42 47 70 17 29 52 0 23 69 13 25 29
42 28 8 56 26 63 45 49 86 49 33 15 27 62 67 32 57 76 29 27 43 38 66 2 28 42 6 45 50 79 50 35 40 76 11 40 66 21 48 20 45 55 40 52 38 23 0 47 33 13 7
23 37 55 80 52 98 15 2 120 84 79 32 53 104 59 78 62 83 48 30 84 63 68 45 74 60 52 92 4 103 7 81 86 106 57 87 91 64 5 49 48 26 86 94 27 69 47 0 72 57 40
55 36 32 27 20 30 62 73 53 16 18 47 19 32 60 40 44 57 26 42 12 17 53 35 9 27 27 40 74 47 72 22 26 43 22 35 34 42 71 52 41 67 17 22 50 13 33 72 0 37 37
55 41 5 61 35 65 58 59 88 53 30 25 36 62 79 21 67 85 40 40 45 45 76 15 30 51 12 35 61 83 62 30 35 80 15 31 70 8 60 18 56 68 39 53 51 25 13 57 37 0 20
35 23 15 55 25 67 38 42 90 53 39 10 26 68 62 39 54 74 26 20 49 37 63 5 34 40 12 52 43 78 44 41 46 78 17 47 66 28 42 23 40 48 46 58 31 29 7 40 37 20 0
0 2159
246 394
1156 1283
140 323
1434 1697
1566 1682
1259 1578
1753 1929
28 337
77 245
1895 2104
760 926
687 907
1418 1636
1515 1704
1835 2104
1687 1923
1230 1525
65 315
301 622
611 782
469 766
1031 1251
1479 1619
1733 2014
758 997
1278 1571
508 746
136 381
1324 1571
822 936
1494 1673
1076 1364
20 337
1932 2159
798 1050
1460 1606
1856 2017
710 974
1737 2035
1746 2022
1600 1708
1450 1662
993 1221
381 653
872 1048
1112 1256
1010 1277
829 980
1386 1628
585 716
