51
0 60 58 39 73 82 25 22 56 25 79 13 41 62 34 51 24 55 37 23 77 54 64 18 63 78 42 42 56 9 53 31 62 16 57 67 18 33 10 57 50 37 45 66 16 83 69 35 43 63 76
60 0 18 82 57 76 64 75 32 56 90 73 33 32 55 41 46 23 76 60 49 25 7 51 47 50 38 88 63 55 7 56 21 49 33 41 53 27 70 11 13 44 38 20 76 77 59 49 51 77 48
58 18 0 72 39 59 55 68 15 47 73 71 21 14 43 24 38 6 65 65 32 8 14 44 30 33 50 79 47 51 15 64 4 51 16 23 46 28 68 7 11 32 23 8 74 60 42 37 36 61 31
39 82 72 0 66 63 18 19 61 26 51 38 51 67 29 53 36 66 7 62 77 64 83 33 61 79 79 7 40 36 75 70 74 54 61 68 31 59 36 76 69 40 49 78 34 64 60 35 39 37 77
73 57 39 66 0 21 58 73 26 52 40 85 36 25 43 23 49 35 60 89 14 34 52 55 11 15 83 73 26 64 54 92 37 74 25 16 57 56 82 46 47 36 29 39 85 22 6 39 31 35 15
82 76 59 63 21 0 61 75 44 57 22 90 52 45 48 40 59 53 58 102 35 52 72 64 29 36 99 69 26 73 72 106 57 87 43 37 64 72 87 65 65 47 45 60 89 1 17 47 39 26 36
25 64 55 18 58 61 0 15 47 8 55 30 34 53 16 40 18 50 13 48 66 48 65 15 50 67 61 24 35 18 57 55 58 36 47 56 13 41 27 58 51 26 35 62 28 62 53 21 28 39 65
22 75 68 19 73 75 15 0 61 22 66 19 47 67 31 54 30 63 19 44 80 61 77 24 64 81 64 20 49 22 68 53 71 38 61 70 22 50 17 70 63 40 49 75 15 76 68 35 43 51 79
56 32 15 61 26 44 47 61 0 39 58 68 15 6 32 9 32 9 54 68 22 8 29 38 15 24 59 68 32 47 28 69 15 53 1 12 40 32 65 21 21 21 12 19 69 45 27 26 23 46 22
25 56 47 26 52 57 8 22 39 0 54 33 26 45 9 32 10 42 20 46 58 40 57 9 42 59 56 32 31 16 49 53 50 34 39 48 8 33 30 50 43 18 27 54 33 58 47 13 21 38 57
79 90 73 51 40 22 55 66 58 54 0 85 59 60 46 49 59 67 47 100 54 65 87 62 44 55 106 56 27 70 84 106 72 87 57 53 62 79 82 79 77 50 52 75 81 21 34 48 41 16 55
13 73 71 38 85 90 30 19 68 33 85 0 53 74 42 63 36 68 38 26 89 66 77 30 75 90 51 39 64 21 66 36 75 26 69 79 28 46 3 70 63 49 57 79 5 91 80 46 54 69 88
41 33 21 51 36 52 34 47 15 26 59 53 0 21 22 13 17 16 44 53 37 14 33 23 25 39 47 58 32 32 27 56 24 38 16 27 25 20 50 25 20 11 7 28 54 53 36 16 19 45 37
62 32 14 67 25 45 53 67 6 45 60 74 21 0 38 14 38 10 60 73 19 10 27 44 16 20 61 74 37 53 29 73 12 58 6 9 46 36 71 21 23 27 18 15 75 46 28 32 28 51 18
34 55 43 29 43 48 16 31 32 9 46 42 22 38 0 25 13 37 22 55 50 35 55 16 34 52 60 36 22 25 49 60 45 41 32 41 16 36 39 47 42 11 20 49 42 49 38 6 12 30 50
51 41 24 53 23 40 40 54 9 32 49 63 13 14 25 0 27 18 46 66 26 16 38 33 12 27 60 60 23 42 35 69 24 51 8 16 35 33 60 30 28 15 6 28 64 41 23 19 14 37 25
24 46 38 36 49 59 18 30 32 10 59 36 17 38 13 27 0 33 30 43 53 31 47 6 39 54 47 42 33 15 39 47 41 28 33 43 8 23 33 40 33 13 21 45 37 60 46 12 20 43 52
55 23 6 66 35 53 50 63 9 42 67 68 16 10 37 18 33 0 59 64 29 2 20 39 24 30 51 73 41 47 19 64 8 49 10 19 41 27 65 12 13 26 17 12 70 54 36 31 30 55 28
37 76 65 7 60 58 13 19 54 20 47 38 44 60 22 46 30 59 0 60 70 57 77 28 54 72 74 14 34 31 69 68 67 49 54 61 26 53 36 69 63 33 42 71 34 59 54 28 32 32 70
23 60 65 62 89 102 48 44 68 46 100 26 53 73 55 66 43 64 60 0 90 63 66 39 78 92 28 64 76 30 55 10 69 15 69 80 39 37 27 62 55 56 60 73 31 103 89 55 63 84 90
77 49 32 77 14 35 66 80 22 58 54 89 37 19 50 26 53 29 70 90 0 29 43 59 16 2 80 84 38 68 47 91 29 75 21 10 61 54 86 39 42 41 32 29 90 36 20 45 38 49 1
54 25 8 64 34 52 48 61 8 40 65 66 14 10 35 16 31 2 57 63 29 0 22 37 23 30 52 71 39 45 20 63 10 48 9 19 39 26 63 14 13 24 15 14 68 53 35 29 28 53 28
64 7 14 83 52 72 65 77 29 57 87 77 33 27 55 38 47 20 77 66 43 22 0 53 43 44 45 89 61 58 11 63 15 53 30 36 55 31 74 8 14 44 37 14 80 73 55 49 50 75 42
18 51 44 33 55 64 15 24 38 9 62 30 23 44 16 33 6 39 28 39 59 37 53 0 45 60 47 39 38 9 44 44 47 25 39 49 2 26 27 46 39 19 27 51 31 65 51 17 25 46 58
63 47 30 61 11 29 50 64 15 42 44 75 25 16 34 12 39 24 54 78 16 23 43 45 0 18 72 68 23 54 43 81 28 63 14 9 47 45 72 36 36 26 18 31 75 30 12 29 22 36 16
78 50 33 79 15 36 67 81 24 59 55 90 39 20 52 27 54 30 72 92 2 30 44 60 18 0 81 86 40 69 48 93 30 77 23 12 62 56 87 40 43 42 33 30 91 37 21 46 40 50 2
42 38 50 79 83 99 61 64 59 56 106 51 47 61 60 60 47 51 74 28 80 52 45 47 72 81 0 83 79 43 35 20 54 26 60 70 49 27 51 44 39 56 54 55 56 100 83 58 65 90 79
42 88 79 7 73 69 24 20 68 32 56 39 58 74 36 60 42 73 14 64 84 71 89 39 68 86 83 0 47 40 81 73 81 58 68 75 37 65 37 82 75 47 56 85 34 70 67 42 46 43 84
56 63 47 40 26 26 35 49 32 31 27 64 32 37 22 23 33 41 34 76 38 39 61 38 23 40 79 47 0 47 57 80 47 61 31 32 38 52 61 53 50 23 25 51 63 27 20 21 14 14 39
9 55 51 36 64 73 18 22 47 16 70 21 32 53 25 42 15 47 31 30 68 45 58 9 54 69 43 40 47 0 48 37 55 18 48 58 9 28 18 51 44 28 36 59 23 74 60 26 34 54 67
53 7 15 75 54 72 57 68 28 49 84 66 27 29 49 35 39 19 69 55 47 20 11 44 43 48 35 81 57 48 0 52 19 42 29 38 46 20 63 9 7 38 32 20 69 73 55 43 45 71 46
31 56 64 70 92 106 55 53 69 53 106 36 56 73 60 69 47 64 68 10 91 63 63 44 81 93 20 73 80 37 52 0 68 19 70 81 45 37 37 60 53 59 63 71 41 107 92 59 67 90 91
62 21 4 74 37 57 58 71 15 50 72 75 24 12 45 24 41 8 67 69 29 10 15 47 28 30 54 81 47 55 19 68 0 55 16 21 49 32 72 10 15 34 25 4 78 58 40 39 38 61 28
16 49 51 54 74 87 36 38 53 34 87 26 38 58 41 51 28 49 49 15 75 48 53 25 63 77 26 58 61 18 42 19 55 0 54 65 26 23 25 48 41 41 45 59 31 88 74 40 48 71 75
57 33 16 61 25 43 47 61 1 39 57 69 16 6 32 8 33 10 54 69 21 9 30 39 14 23 60 68 31 48 29 70 16 54 0 11 41 33 66 22 22 21 12 20 70 44 26 26 22 45 21
67 41 23 68 16 37 56 70 12 48 53 79 27 9 41 16 43 19 61 80 10 19 36 49 9 12 70 75 32 58 38 81 21 65 11 0 51 44 76 30 32 31 22 23 80 38 20 35 29 45 10
18 53 46 31 57 64 13 22 40 8 62 28 25 46 16 35 8 41 26 39 61 39 55 2 47 62 49 37 38 9 46 45 49 26 41 51 0 28 25 48 41 21 29 53 29 65 52 18 26 46 60
33 27 28 59 56 72 41 50 32 33 79 46 20 36 36 33 23 27 53 37 54 26 31 26 45 56 27 65 52 28 20 37 32 23 33 44 28 0 43 25 18 29 27 36 49 73 56 32 38 64 54
10 70 68 36 82 87 27 17 65 30 82 3 50 71 39 60 33 65 36 27 86 63 74 27 72 87 51 37 61 18 63 37 72 25 66 76 25 43 0 67 60 46 54 76 6 88 77 43 51 66 85
57 11 7 76 46 65 58 70 21 50 79 70 25 21 47 30 40 12 69 62 39 14 8 46 36 40 44 82 53 51 9 60 10 48 22 30 48 25 67 0 7 36 29 11 73 66 48 41 42 67 38
50 13 11 69 47 65 51 63 21 43 77 63 20 23 42 28 33 13 63 55 42 13 14 39 36 43 39 75 50 44 7 53 15 41 22 32 41 18 60 7 0 31 25 18 66 66 48 36 38 64 41
37 44 32 40 36 47 26 40 21 18 50 49 11 27 11 15 13 26 33 56 41 24 44 19 26 42 56 47 23 28 38 59 34 41 21 31 21 29 46 36 31 0 9 38 50 48 33 5 9 35 40
45 38 23 49 29 45 35 49 12 27 52 57 7 18 20 6 21 17 42 60 32 15 37 27 18 33 54 56 25 36 32 63 25 45 12 22 29 27 54 29 25 9 0 29 58 46 29 14 13 39 31
66 20 8 78 39 60 62 75 19 54 75 79 28 15 49 28 45 12 71 73 29 14 14 51 31 30 55 85 51 59 20 71 4 59 20 23 53 36 76 11 18 38 29 0 82 61 43 43 42 65 28
16 76 74 34 85 89 28 15 69 33 81 5 54 75 42 64 37 70 34 31 90 68 80 31 75 91 56 34 63 23 69 41 78 31 70 80 29 49 6 73 66 50 58 82 0 90 80 46 54 66 89
83 77 60 64 22 1 62 76 45 58 21 91 53 46 49 41 60 54 59 103 36 53 73 65 30 37 100 70 27 74 73 107 58 88 44 38 65 73 88 66 66 48 46 61 90 0 18 48 40 27 37
69 59 42 60 6 17 53 68 27 47 34 80 36 28 38 23 46 36 54 89 20 35 55 51 12 21 83 67 20 60 55 92 40 74 26 20 52 56 77 48 48 33 29 43 80 18 0 34 26 29 21
35 49 37 35 39 47 21 35 26 13 48 46 16 32 6 19 12 31 28 55 45 29 49 17 29 46 58 42 21 26 43 59 39 40 26 35 18 32 43 41 36 5 14 43 46 48 34 0 8 32 44
43 51 36 39 31 39 28 43 23 21 41 54 19 28 12 14 20 30 32 63 38 28 50 25 22 40 65 46 14 34 45 67 38 48 22 29 26 38 51 42 38 9 13 42 54 40 26 8 0 26 38
63 77 61 37 35 26 39 51 46 38 16 69 45 51 30 37 43 55 32 84 49 53 75 46 36 50 90 43 14 54 71 90 61 71 45 45 46 64 66 67 64 35 39 65 66 27 29 32 26 0 50
76 48 31 77 15 36 65 79 22 57 55 88 37 18 50 25 52 28 70 90 1 28 42 58 16 2 79 84 39 67 46 91 28 75 21 10 60 54 85 38 41 40 31 28 89 37 21 44 38 50 0
0 1221
569 892
669 967
865 999
916 1138
775 1052
760 985
209 428
803 1140
233 418
645 938
434 708
406 572
33 205
605 827
661 844
517 704
125 408
248 510
605 922
71 344
974 1221
144 417
720 961
917 1206
679 858
316 598
113 438
324 571
692 902
744 984
892 1112
317 543
456 763
29 227
350 672
771 894
784 971
61 284
855 1109
392 691
258 417
125 373
112 247
495 801
349 484
305 576
278 593
244 399
440 679
629 949
