51
0 96 37 95 85 80 69 26 45 68 38 78 66 79 65 65 66 61 87 52 50 23 70 95 70 41 100 88 70 59 38 45 76 27 61 47 26 97 28 44 66 30 43 58 21 42 57 71 26 79 94
96 0 106 78 31 92 38 70 90 35 85 87 79 59 93 85 30 71 9 44 54 81 105 23 105 58 6 61 37 62 69 51 84 99 36 74 71 90 71 55 67 66 58 54 93 56 39 106 71 54 9
37 106 0 77 87 53 72 52 22 74 22 55 48 69 38 42 76 48 100 63 54 28 38 99 38 48 110 78 73 51 37 62 56 10 70 36 53 75 38 51 54 49 70 56 18 66 69 38 39 72 104
95 78 77 0 47 28 47 83 56 52 61 23 30 22 40 35 60 34 79 63 52 72 48 57 48 59 76 17 47 38 58 74 21 79 60 48 85 12 70 60 30 76 91 44 79 85 64 49 72 27 69
85 31 87 47 0 61 16 64 67 18 65 56 51 28 65 57 24 44 32 35 35 66 77 12 77 44 29 30 15 37 52 45 53 83 27 51 65 59 58 41 39 57 61 31 77 55 31 78 59 23 22
80 92 53 28 61 0 55 75 35 60 42 5 15 33 15 15 68 24 89 61 47 57 20 73 20 52 90 36 55 33 46 70 8 57 64 34 77 23 58 54 26 68 86 42 59 80 66 21 60 38 83
69 38 72 47 16 55 0 48 52 5 50 50 41 25 55 47 13 33 35 20 19 50 67 27 67 28 39 32 1 24 36 31 47 67 13 36 50 58 42 25 29 41 47 16 61 41 17 68 43 21 32
26 70 52 83 64 75 48 0 47 46 39 72 60 63 64 60 42 52 61 29 32 24 73 72 73 24 74 72 49 45 29 19 70 42 37 41 2 90 17 24 54 7 18 40 34 16 33 74 15 61 70
45 90 22 56 67 35 52 47 0 56 8 35 26 47 20 21 60 26 84 48 36 24 26 79 26 33 91 56 53 31 22 52 35 23 54 16 49 55 30 36 32 42 63 36 24 59 54 27 32 50 84
68 35 74 52 18 60 5 46 56 0 52 55 46 30 59 51 8 37 31 17 20 50 71 27 71 27 37 36 5 28 37 27 52 68 9 40 47 63 41 24 34 39 43 20 62 37 13 72 42 26 30
38 85 22 61 65 42 50 39 8 52 0 41 31 49 28 27 55 28 79 42 32 16 34 77 34 27 89 58 51 30 16 45 41 19 49 15 41 61 22 30 34 34 55 34 18 51 48 35 24 51 82
78 87 55 23 56 5 50 72 35 55 41 0 12 28 17 14 63 21 84 58 44 55 25 68 25 49 85 31 50 30 43 67 3 58 59 31 74 20 55 51 21 65 83 38 59 77 62 26 57 33 78
66 79 48 30 51 15 41 60 26 46 31 12 0 25 14 6 53 9 76 46 32 43 26 63 26 37 79 31 42 18 31 55 10 49 49 19 62 31 43 39 12 53 71 27 49 65 51 27 45 30 72
79 59 69 22 28 33 25 63 47 30 49 28 25 0 39 31 38 21 58 41 31 56 51 40 51 40 57 9 25 20 41 52 25 68 38 34 65 33 52 39 15 56 69 23 65 63 42 52 54 5 50
65 93 38 40 65 15 55 64 20 59 28 17 14 39 0 8 66 22 90 57 43 44 12 77 12 44 93 45 56 31 36 63 19 42 61 24 66 37 47 47 26 58 78 40 44 72 62 13 49 44 86
65 85 42 35 57 15 47 60 21 51 27 14 6 31 8 0 58 14 82 50 36 42 20 69 20 39 85 37 48 23 31 58 14 44 54 19 62 34 43 42 18 53 73 32 45 67 55 21 45 36 78
66 30 76 60 24 68 13 42 60 8 55 63 53 38 66 58 0 44 24 14 24 51 78 30 78 28 34 44 13 35 39 23 60 69 6 45 43 71 41 25 42 36 37 26 63 32 9 79 41 34 28
61 71 48 34 44 24 33 52 26 37 28 21 9 21 22 14 44 0 68 37 23 38 34 56 34 28 72 30 34 9 24 46 19 47 40 14 54 39 36 30 6 45 62 18 45 56 42 35 38 24 65
87 9 100 79 32 89 35 61 84 31 79 84 76 58 90 82 24 68 0 38 48 75 102 28 102 52 15 62 34 59 63 42 81 93 30 69 62 91 65 49 64 57 49 50 87 47 32 103 65 53 15
52 44 63 63 35 61 20 29 48 17 42 58 46 41 57 50 14 37 38 0 14 37 69 44 69 15 48 49 21 29 26 11 56 56 9 35 30 73 27 12 38 22 28 21 49 22 6 70 27 38 42
50 54 54 52 35 47 19 32 36 20 32 44 32 31 43 36 24 23 48 14 0 31 55 46 55 9 57 40 20 15 17 23 42 48 18 21 34 60 23 8 24 25 40 8 42 34 19 56 24 29 50
23 81 28 72 66 57 50 24 24 50 16 55 43 56 44 42 51 38 75 37 31 0 50 77 50 23 85 65 51 36 15 34 53 19 45 24 26 74 10 26 43 21 42 37 12 38 43 51 11 57 79
70 105 38 48 77 20 67 73 26 71 34 25 26 51 12 20 78 34 102 69 55 50 0 89 0 55 105 56 68 43 46 74 28 45 73 35 75 43 56 58 38 68 89 52 49 83 74 1 58 56 98
95 23 99 57 12 73 27 72 79 27 77 68 63 40 77 69 30 56 28 44 46 77 89 0 89 54 20 40 26 49 63 53 65 94 35 63 73 69 68 51 51 66 67 43 88 62 39 90 69 35 14
70 105 38 48 77 20 67 73 26 71 34 25 26 51 12 20 78 34 102 69 55 50 0 89 0 55 105 56 68 43 46 74 28 45 73 35 75 43 56 58 38 68 89 52 49 83 74 1 58 56 98
41 58 48 59 44 52 28 24 33 27 27 49 37 40 44 39 28 28 52 15 9 23 55 54 55 0 62 49 29 21 11 19 47 41 22 20 26 66 14 3 30 17 34 17 35 28 21 56 15 38 56
100 6 110 76 29 90 39 74 91 37 89 85 79 57 93 85 34 72 15 48 57 85 105 20 105 62 0 59 38 63 73 55 82 103 40 75 75 88 75 59 67 70 64 55 97 61 43 106 75 52 7
88 61 78 17 30 36 32 72 56 36 58 31 31 9 45 37 44 30 62 49 40 65 56 40 56 49 59 0 31 29 50 60 28 77 45 43 74 29 61 48 24 65 77 32 74 71 49 57 63 11 52
70 37 73 47 15 55 1 49 53 5 51 50 42 25 56 48 13 34 34 21 20 51 68 26 68 29 38 31 0 25 37 32 47 68 14 37 51 58 43 26 30 42 48 17 62 42 18 69 44 21 31
59 62 51 38 37 33 24 45 31 28 30 30 18 20 31 23 35 9 59 29 15 36 43 49 43 21 63 29 25 0 21 38 27 49 31 15 47 45 32 22 9 38 55 9 46 49 33 44 34 21 56
38 69 37 58 52 46 36 29 22 37 16 43 31 41 36 31 39 24 63 26 17 15 46 63 46 11 73 50 37 21 0 30 41 31 33 12 31 62 12 14 29 22 43 22 25 37 32 47 14 42 67
45 51 62 74 45 70 31 19 52 27 45 67 55 52 63 58 23 46 42 11 23 34 74 53 74 19 55 60 32 38 30 0 65 53 18 39 20 83 24 16 47 15 17 31 46 11 14 75 23 49 51
76 84 56 21 53 8 47 70 35 52 41 3 10 25 19 14 60 19 81 56 42 53 28 65 28 47 82 28 47 27 41 65 0 58 56 29 72 21 53 49 18 63 81 35 59 75 59 29 55 30 75
27 99 10 79 83 57 67 42 23 68 19 58 49 68 42 44 69 47 93 56 48 19 45 94 45 41 103 77 68 49 31 53 58 0 63 34 43 78 29 44 53 40 60 52 8 57 62 46 30 70 97
61 36 70 60 27 64 13 37 54 9 49 59 49 38 61 54 6 40 30 9 18 45 73 35 73 22 40 45 14 31 33 18 56 63 0 39 38 71 36 19 38 31 34 22 57 28 4 74 36 34 34
47 74 36 48 51 34 36 41 16 40 15 31 19 34 24 19 45 14 69 35 21 24 35 63 35 20 75 43 37 15 12 39 29 34 39 0 43 50 24 23 19 34 54 20 31 48 40 36 26 36 68
26 71 53 85 65 77 50 2 49 47 41 74 62 65 66 62 43 54 62 30 34 26 75 73 75 26 75 74 51 47 31 20 72 43 38 43 0 92 19 26 56 9 17 42 35 16 34 76 17 63 71
97 90 75 12 59 23 58 90 55 63 61 20 31 33 37 34 71 39 91 73 60 74 43 69 43 66 88 29 58 45 62 83 21 78 71 50 92 0 74 67 36 83 100 52 79 94 75 44 76 38 81
28 71 38 70 58 58 42 17 30 41 22 55 43 52 47 43 41 36 65 27 23 10 56 68 56 14 75 61 43 32 12 24 53 29 36 24 19 74 0 17 40 12 33 30 22 29 33 57 2 51 69
44 55 51 60 41 54 25 24 36 24 30 51 39 39 47 42 25 30 49 12 8 26 58 51 58 3 59 48 26 22 14 16 49 44 19 23 26 67 17 0 31 17 33 16 38 27 18 59 18 37 53
66 67 54 30 39 26 29 54 32 34 34 21 12 15 26 18 42 6 64 38 24 43 38 51 38 30 67 24 30 9 29 47 18 53 38 19 56 36 40 31 0 47 64 17 50 58 41 39 42 18 60
30 66 49 76 57 68 41 7 42 39 34 65 53 56 58 53 36 45 57 22 25 21 68 66 68 17 70 65 42 38 22 15 63 40 31 34 9 83 12 17 47 0 21 33 33 17 27 69 10 54 64
43 58 70 91 61 86 47 18 63 43 55 83 71 69 78 73 37 62 49 28 40 42 89 67 89 34 64 77 48 55 43 17 81 60 34 54 17 100 33 33 64 21 0 48 52 6 30 90 31 66 61
58 54 56 44 31 42 16 40 36 20 34 38 27 23 40 32 26 18 50 21 8 37 52 43 52 17 55 32 17 9 22 31 35 52 22 20 42 52 30 16 17 33 48 0 47 42 24 53 32 21 48
21 93 18 79 77 59 61 34 24 62 18 59 49 65 44 45 63 45 87 49 42 12 49 88 49 35 97 74 62 46 25 46 59 8 57 31 35 79 22 38 50 33 52 47 0 49 55 50 23 67 91
42 56 66 85 55 80 41 16 59 37 51 77 65 63 72 67 32 56 47 22 34 38 83 62 83 28 61 71 42 49 37 11 75 57 28 48 16 94 29 27 58 17 6 42 49 0 24 84 27 60 58
57 39 69 64 31 66 17 33 54 13 48 62 51 42 62 55 9 42 32 6 19 43 74 39 74 21 43 49 18 33 32 14 59 62 4 40 34 75 33 18 41 27 30 24 55 24 0 75 33 38 37
71 106 38 49 78 21 68 74 27 72 35 26 27 52 13 21 79 35 103 70 56 51 1 90 1 56 106 57 69 44 47 75 29 46 74 36 76 44 57 59 39 69 90 53 50 84 75 0 59 57 99
26 71 39 72 59 60 43 15 32 42 24 57 45 54 49 45 41 38 65 27 24 11 58 69 58 15 75 63 44 34 14 23 55 30 36 26 17 76 2 18 42 10 31 32 23 27 33 59 0 53 69
79 54 72 27 23 38 21 61 50 26 51 33 30 5 44 36 34 24 53 38 29 57 56 35 56 38 52 11 21 21 42 49 30 70 34 36 63 38 51 37 18 54 66 21 67 60 38 57 53 0 45
94 9 104 69 22 83 32 70 84 30 82 78 72 50 86 78 28 65 15 42 50 79 98 14 98 56 7 52 31 56 67 51 75 97 34 68 71 81 69 53 60 64 61 48 91 58 37 99 69 45 0
0 772
106 645
383 772
58 531
128 578
379 772
258 506
270 763
271 705
171 408
117 443
35 614
176 699
302 764
332 704
196 433
175 658
311 767
252 723
74 269
155 458
381 772
217 759
194 568
302 772
213 530
9 406
116 604
119 360
27 238
228 520
159 655
48 603
175 639
241 612
77 590
44 367
55 586
50 467
217 576
345 548
87 628
256 692
304 772
20 592
266 476
358 586
320 699
170 432
371 581
0 269
