51
0 47 12 24 63 11 22 59 21 48 66 6 80 25 75 26 21 29 50 28 56 56 45 42 68 38 35 38 47 27 29 46 36 75 44 43 47 34 32 37 78 42 22 50 28 20 46 47 55 10 20
47 0 38 57 35 45 55 61 63 28 82 45 80 22 68 29 68 20 39 20 75 60 37 88 96 81 82 77 9 34 32 4 83 96 20 16 25 81 77 62 58 14 28 8 75 64 32 73 8 54 65
12 38 0 34 61 7 32 64 25 46 75 7 85 16 78 24 32 23 50 22 65 61 45 53 78 50 46 50 38 29 29 37 45 85 32 38 35 43 43 46 78 31 20 42 39 32 45 57 46 22 27
24 57 34 0 59 35 2 41 40 45 43 30 60 41 57 29 22 37 43 37 33 37 38 35 44 25 33 20 61 25 28 57 40 51 62 47 66 33 25 14 69 58 29 57 27 14 42 23 65 15 36
63 35 61 59 0 68 58 37 84 15 60 65 50 47 37 37 78 38 17 40 56 38 21 94 81 84 91 78 44 37 34 39 96 74 55 23 60 90 84 54 23 49 41 27 84 71 17 61 35 64 83
11 45 7 35 68 0 33 69 18 53 77 5 90 23 85 31 29 30 57 29 67 66 52 50 79 48 43 48 44 35 36 44 40 86 37 45 39 40 40 48 85 37 27 49 36 30 52 58 53 21 21
22 55 32 2 58 33 0 42 38 44 44 28 61 39 58 27 22 35 42 35 34 38 37 36 46 27 34 22 59 23 26 55 40 53 60 45 64 33 26 15 69 56 27 55 27 14 41 25 63 13 35
59 61 64 41 37 69 42 0 79 33 23 64 21 58 16 41 63 50 23 51 21 4 24 73 46 62 73 54 69 36 36 64 81 37 77 45 82 74 65 29 33 71 45 54 68 55 29 30 64 54 76
21 63 25 40 84 18 38 79 0 69 82 19 99 41 95 47 22 48 71 47 72 75 66 40 80 41 32 45 62 48 50 62 25 91 55 63 55 28 32 53 99 55 43 67 27 28 67 63 71 25 6
48 28 46 45 15 53 44 33 69 0 54 50 52 34 40 22 63 24 11 26 48 32 9 80 73 70 77 65 36 22 19 31 81 68 45 12 50 76 70 42 34 39 26 21 70 57 4 50 31 49 68
66 82 75 43 60 77 44 23 82 54 0 72 24 74 32 57 64 66 45 67 10 22 45 66 25 55 69 47 90 51 52 85 77 14 93 66 98 70 61 29 53 88 61 75 65 56 50 22 85 57 79
6 45 7 30 65 5 28 64 19 50 72 0 85 23 80 28 25 29 53 28 62 61 48 46 74 43 39 43 45 31 32 44 38 81 39 44 42 36 36 43 81 38 24 49 32 25 49 53 53 16 20
80 80 85 60 50 90 61 21 99 52 24 85 0 79 13 62 82 70 41 72 31 24 44 87 49 76 90 68 88 57 57 83 98 34 97 64 102 91 82 47 35 91 66 73 86 74 48 43 83 74 96
25 22 16 41 47 23 39 58 41 34 74 23 79 0 71 17 46 10 42 8 65 56 37 67 83 62 60 60 22 23 22 21 61 86 21 24 25 59 57 49 68 17 13 26 53 44 35 60 30 34 43
75 68 78 57 37 85 58 16 95 40 32 80 13 71 0 54 79 61 30 63 34 20 34 89 57 78 89 70 76 50 49 71 97 45 85 52 90 90 81 45 22 79 58 61 84 71 37 45 71 70 92
26 29 24 29 37 31 27 41 47 22 57 28 62 17 54 0 42 9 26 10 48 39 21 61 68 54 56 49 34 6 5 30 60 69 36 19 41 55 50 34 54 31 4 28 49 37 21 45 37 28 46
21 68 32 22 78 29 22 63 22 63 64 25 82 46 79 42 0 48 63 48 54 59 58 21 58 19 14 23 68 41 44 67 18 70 64 61 67 13 11 36 91 63 40 69 7 8 61 43 76 14 16
29 20 23 37 38 30 35 50 48 24 66 29 70 10 61 9 48 0 32 2 57 48 27 68 77 61 62 57 25 15 14 21 65 78 28 15 33 61 57 43 58 22 8 21 55 44 25 54 28 34 49
50 39 50 43 17 57 42 23 71 11 45 53 41 42 30 26 63 32 0 34 40 23 5 78 65 68 76 61 47 23 21 42 81 59 56 23 61 75 68 37 28 50 30 32 69 56 7 44 42 50 70
28 20 22 37 40 29 35 51 47 26 67 28 72 8 63 10 48 2 34 0 58 49 29 68 78 61 62 57 24 16 15 20 64 79 26 17 31 61 57 44 60 21 8 22 55 44 27 55 28 34 48
56 75 65 33 56 67 34 21 72 48 10 62 31 65 34 48 54 57 40 58 0 18 39 56 25 45 59 37 82 42 44 77 67 21 84 59 89 60 51 19 54 79 52 69 55 46 44 12 79 47 69
56 60 61 37 38 66 38 4 75 32 22 61 24 56 20 39 59 48 23 49 18 0 23 69 43 58 69 50 68 33 34 63 77 36 75 44 80 70 61 25 36 69 43 53 64 51 28 26 63 50 72
45 37 45 38 21 52 37 24 66 9 45 48 44 37 34 21 58 27 5 29 39 23 0 73 64 63 71 57 45 18 16 40 76 59 53 21 58 70 63 33 33 47 25 30 64 51 5 41 40 45 65
42 88 53 35 94 50 36 73 40 80 66 46 87 67 89 61 21 68 78 68 56 69 73 0 50 11 8 19 89 59 62 88 18 66 85 80 88 12 11 44 103 84 60 89 14 24 77 44 96 34 34
68 96 78 44 81 79 46 46 80 73 25 74 49 83 57 68 58 77 65 78 25 43 64 50 0 42 56 35 102 62 64 97 66 17 104 82 108 59 50 34 78 99 70 92 55 52 69 23 102 58 74
38 81 50 25 84 48 27 62 41 70 55 43 76 62 78 54 19 61 68 61 45 58 63 11 42 0 14 8 84 50 53 81 24 57 82 72 85 17 9 33 93 79 53 82 14 18 67 33 89 28 35
35 82 46 33 91 43 34 73 32 77 69 39 90 60 89 56 14 62 76 62 59 69 71 8 56 14 0 22 82 55 58 81 11 71 78 75 81 4 8 44 102 77 54 83 7 20 74 47 90 28 26
38 77 50 20 78 48 22 54 45 65 47 43 68 60 70 49 23 57 61 57 37 50 57 19 35 8 22 0 81 45 48 77 31 49 81 67 84 24 15 25 85 77 49 77 20 18 62 25 85 28 39
47 9 38 61 44 44 59 69 62 36 90 45 88 22 76 34 68 25 47 24 82 68 45 89 102 84 82 81 0 40 38 5 83 103 11 24 16 81 79 68 67 7 32 17 75 66 40 79 14 56 65
27 34 29 25 37 35 23 36 48 22 51 31 57 23 50 6 41 15 23 16 42 33 18 59 62 50 55 45 40 0 3 36 59 63 42 22 47 54 48 28 51 37 10 32 48 35 20 39 42 27 47
29 32 29 28 34 36 26 36 50 19 52 32 57 22 49 5 44 14 21 15 44 34 16 62 64 53 58 48 38 3 0 33 62 65 41 19 46 57 51 30 49 36 9 29 51 38 17 41 39 30 49
46 4 37 57 39 44 55 64 62 31 85 44 83 21 71 30 67 21 42 20 77 63 40 88 97 81 81 77 5 36 33 0 82 98 16 19 21 80 77 63 62 10 28 12 74 64 35 74 11 54 64
36 83 45 40 96 40 40 81 25 81 77 38 98 61 97 60 18 65 81 64 67 77 76 18 66 24 11 31 83 59 62 82 0 80 77 79 79 7 16 52 109 76 58 86 13 26 79 55 91 32 20
75 96 85 51 74 86 53 37 91 68 14 81 34 86 45 69 70 78 59 79 21 36 59 66 17 57 71 49 103 63 65 98 80 0 105 80 110 73 64 39 67 100 73 89 69 63 64 28 99 66 86
44 20 32 62 55 37 60 77 55 45 93 39 97 21 85 36 64 28 56 26 84 75 53 85 104 82 78 81 11 42 41 16 77 105 0 33 5 75 75 70 78 6 34 28 71 64 49 81 25 54 58
43 16 38 47 23 45 45 45 63 12 66 44 64 24 52 19 61 15 23 17 59 44 21 80 82 72 75 67 24 22 19 19 79 80 33 0 38 74 69 49 45 27 21 10 68 56 16 59 20 47 63
47 25 35 66 60 39 64 82 55 50 98 42 102 25 90 41 67 33 61 31 89 80 58 88 108 85 81 84 16 47 46 21 79 110 5 38 0 78 78 74 83 11 38 33 74 67 54 85 30 57 60
34 81 43 33 90 40 33 74 28 76 70 36 91 59 90 55 13 61 75 61 60 70 70 12 59 17 4 24 81 54 57 80 7 73 75 74 78 0 9 45 102 74 53 82 6 19 73 48 89 27 22
32 77 43 25 84 40 26 65 32 70 61 36 82 57 81 50 11 57 68 57 51 61 63 11 50 9 8 15 79 48 51 77 16 64 75 69 78 9 0 36 94 74 49 78 5 13 67 39 85 23 26
37 62 46 14 54 48 15 29 53 42 29 43 47 49 45 34 36 43 37 44 19 25 33 44 34 33 44 25 68 28 30 63 52 39 70 49 74 45 36 0 60 65 36 59 39 28 38 11 69 28 50
78 58 78 69 23 85 69 33 99 34 53 81 35 68 22 54 91 58 28 60 54 36 33 103 78 93 102 85 67 51 49 62 109 67 78 45 83 102 94 60 0 72 58 50 96 83 33 62 58 78 98
42 14 31 58 49 37 56 71 55 39 88 38 91 17 79 31 63 22 50 21 79 69 47 84 99 79 77 77 7 37 36 10 76 100 6 27 11 74 74 65 72 0 29 22 70 61 43 76 21 51 58
22 28 20 29 41 27 27 45 43 26 61 24 66 13 58 4 40 8 30 8 52 43 25 60 70 53 54 49 32 10 9 28 58 73 34 21 38 53 49 36 58 29 0 29 47 36 25 47 36 26 42
50 8 42 57 27 49 55 54 67 21 75 49 73 26 61 28 69 21 32 22 69 53 30 89 92 82 83 77 17 32 29 12 86 89 28 10 33 82 78 59 50 22 29 0 76 65 25 69 10 55 69
28 75 39 27 84 36 27 68 27 70 65 32 86 53 84 49 7 55 69 55 55 64 64 14 55 14 7 20 75 48 51 74 13 69 71 68 74 6 5 39 96 70 47 76 0 13 67 43 83 21 21
20 64 32 14 71 30 14 55 28 57 56 25 74 44 71 37 8 44 56 44 46 51 51 24 52 18 20 18 66 35 38 64 26 63 64 56 67 19 13 28 83 61 36 65 13 0 54 35 72 10 23
46 32 45 42 17 52 41 29 67 4 50 49 48 35 37 21 61 25 7 27 44 28 5 77 69 67 74 62 40 20 17 35 79 64 49 16 54 73 67 38 33 43 25 25 67 54 0 46 35 47 66
47 73 57 23 61 58 25 30 63 50 22 53 43 60 45 45 43 54 44 55 12 26 41 44 23 33 47 25 79 39 41 74 55 28 81 59 85 48 39 11 62 76 47 69 43 35 46 0 79 38 58
55 8 46 65 35 53 63 64 71 31 85 53 83 30 71 37 76 28 42 28 79 63 40 96 102 89 90 85 14 42 39 11 91 99 25 20 30 89 85 69 58 21 36 10 83 72 35 79 0 62 73
10 54 22 15 64 21 13 54 25 49 57 16 74 34 70 28 14 34 50 34 47 50 45 34 58 28 28 28 56 27 30 54 32 66 54 47 57 27 23 28 78 51 26 55 21 10 47 38 62 0 22
20 65 27 36 83 21 35 76 6 68 79 20 96 43 92 46 16 49 70 48 69 72 65 34 74 35 26 39 65 47 49 64 20 86 58 63 60 22 26 50 98 58 42 69 21 23 66 58 73 22 0
0 2159
1029 1348
901 1085
1388 1574
960 1169
1010 1307
1902 2084
1419 1692
781 1042
1451 1575
1509 1828
742 1006
1570 1677
1388 1508
886 1003
1687 1818
1700 1978
1730 1887
1586 1715
96 236
925 1109
895 1071
1649 1957
337 547
1852 2001
1235 1377
831 942
759 1005
1296 1553
1528 1695
941 1254
1093 1237
1154 1339
1291 1444
882 1192
1072 1300
1817 1971
257 483
1104 1289
546 777
1431 1656
383 581
816 1115
1347 1545
673 923
1636 1808
296 456
76 327
1694 1923
1847 2123
651 908
