51
0 9 26 39 60 28 46 69 74 79 85 40 17 40 62 63 75 74 70 8 39 24 33 74 18 54 21 94 61 15 14 43 37 37 31 54 90 50 9 12 23 28 55 48 10 14 78 81 62 54 43
9 0 20 36 51 19 52 61 73 70 84 31 14 39 53 66 66 65 67 17 38 15 37 73 20 45 30 91 60 24 5 34 41 28 25 60 89 42 14 18 30 25 47 56 6 15 69 77 53 50 34
26 20 0 54 59 26 72 70 92 72 103 31 33 58 50 86 68 66 85 26 57 18 57 91 40 46 45 109 79 41 22 42 61 32 5 80 107 51 21 38 49 5 56 74 16 35 70 92 59 66 41
39 36 54 0 39 32 41 38 39 61 49 41 22 6 58 40 57 62 31 47 7 38 26 37 23 47 44 55 26 38 32 30 29 36 59 49 53 26 47 30 37 59 28 52 41 25 66 43 42 17 31
60 51 59 39 0 33 80 17 64 23 67 29 46 44 29 76 19 24 47 68 46 41 65 57 56 19 74 64 54 68 46 17 68 27 62 88 68 13 65 59 71 64 11 91 56 52 28 46 4 30 18
28 19 26 32 33 0 63 44 71 51 79 13 20 37 35 71 47 46 59 36 38 8 47 67 31 26 48 83 58 42 14 16 51 9 31 71 81 25 33 33 45 31 30 70 23 26 50 66 34 40 15
46 52 72 41 80 63 0 78 52 102 65 76 43 36 97 28 98 103 60 47 34 64 16 57 32 86 30 79 43 31 52 69 12 71 77 8 70 67 52 34 23 74 69 11 56 37 107 74 83 55 70
69 61 70 38 17 44 78 0 51 33 52 44 53 42 45 70 30 37 33 77 44 52 64 43 59 36 80 47 46 74 56 30 66 40 75 86 52 19 75 65 74 75 14 89 66 58 40 29 20 23 31
74 73 92 39 64 71 52 51 0 84 13 78 59 34 90 27 81 88 18 81 35 77 46 8 56 79 71 28 13 69 70 64 45 73 97 55 18 55 83 63 62 97 53 63 78 60 91 29 68 34 65
79 70 72 61 23 51 102 33 84 0 85 41 67 67 25 99 4 8 66 87 68 57 87 76 77 26 95 79 77 89 65 37 90 42 74 110 85 35 84 80 92 77 34 113 74 73 8 62 19 53 37
85 84 103 49 67 79 65 52 13 85 0 85 70 45 95 40 82 89 20 93 47 87 59 12 68 84 84 16 25 81 81 70 58 80 108 68 5 60 94 75 75 108 57 76 89 71 92 25 71 39 71
40 31 31 41 29 13 76 44 78 41 85 0 33 47 22 81 37 35 65 47 48 16 60 74 44 15 61 86 66 55 27 15 64 5 33 84 87 26 43 46 58 36 31 83 33 39 39 69 28 46 14
17 14 33 22 46 20 43 53 59 67 70 33 0 25 55 54 63 64 53 25 24 22 27 59 11 45 28 77 46 22 11 30 31 29 38 51 75 34 25 13 25 38 39 50 19 6 68 64 49 37 31
40 39 58 6 44 37 36 42 34 67 45 47 25 0 64 34 63 68 30 48 2 43 22 34 23 53 43 54 21 38 36 36 24 42 63 44 50 32 49 30 35 63 33 47 44 26 72 43 48 19 37
62 53 50 58 29 35 97 45 90 25 95 22 55 64 0 98 23 18 75 69 65 38 81 84 66 11 83 92 80 77 49 28 85 26 50 105 97 35 65 68 80 54 38 105 55 61 20 74 25 56 27
63 66 86 40 76 71 28 70 27 99 40 81 54 34 98 0 95 100 41 68 33 76 30 35 46 87 54 55 24 53 65 70 26 76 91 28 45 65 72 51 45 90 65 38 71 51 104 55 80 47 71
75 66 68 57 19 47 98 30 81 4 82 37 63 63 23 95 0 8 63 83 64 53 83 73 73 22 91 76 73 85 61 33 86 38 70 106 82 31 80 76 88 73 30 109 70 69 10 59 15 49 33
74 65 66 62 24 46 103 37 88 8 89 35 64 68 18 100 8 0 70 82 69 51 87 80 75 20 92 84 78 86 60 34 91 37 67 111 89 36 78 77 89 71 35 113 68 70 4 66 20 54 34
70 67 85 31 47 59 60 33 18 66 20 65 53 30 75 41 63 70 0 78 32 67 49 10 53 64 73 24 17 68 63 50 50 60 90 64 22 40 78 60 65 90 37 71 72 56 73 14 51 19 51
8 17 26 47 68 36 47 77 81 87 93 47 25 48 69 68 83 82 78 0 46 31 39 81 25 62 19 102 68 16 22 51 42 45 31 55 97 58 5 18 24 27 63 49 14 22 86 89 70 62 51
39 38 57 7 46 38 34 44 35 68 47 48 24 2 65 33 64 69 32 46 0 43 20 35 21 54 41 56 22 36 35 37 22 43 62 42 51 33 48 28 33 62 35 45 43 25 73 45 49 21 38
24 15 18 38 41 8 64 52 77 57 87 16 22 43 38 76 53 51 67 31 43 0 49 75 32 31 45 91 64 39 12 24 53 15 23 72 89 33 27 32 44 23 38 70 17 27 55 74 42 48 23
33 37 57 26 65 47 16 64 46 87 59 60 27 22 81 30 83 87 49 39 20 49 0 49 17 70 25 71 34 23 37 53 4 55 62 24 64 52 42 21 16 61 54 26 42 22 91 63 68 41 54
74 73 91 37 57 67 57 43 8 76 12 74 59 34 84 35 73 80 10 81 35 75 49 0 56 73 74 22 15 71 69 59 49 69 96 61 16 49 83 63 65 96 46 68 78 60 83 21 61 28 60
18 20 40 23 56 31 32 59 56 77 68 44 11 23 66 46 73 75 53 25 21 32 17 56 0 56 21 77 43 15 20 41 21 40 45 40 72 43 27 7 15 44 46 39 25 5 79 66 58 40 41
54 45 46 47 19 26 86 36 79 26 84 15 45 53 11 87 22 20 64 62 54 31 70 73 56 0 73 82 69 67 40 17 74 17 48 94 86 24 58 58 70 51 27 95 48 51 24 64 16 45 16
21 30 45 44 74 48 30 80 71 95 84 61 28 43 83 54 91 92 73 19 41 45 25 74 21 73 0 96 59 6 34 58 28 57 50 37 89 62 24 15 9 46 67 30 31 22 96 86 77 61 59
94 91 109 55 64 83 79 47 28 79 16 86 77 54 92 55 76 84 24 102 56 91 71 22 77 82 96 0 37 92 87 71 71 81 114 83 11 60 102 84 87 114 56 90 96 80 86 18 67 43 72
61 60 79 26 54 58 43 46 13 77 25 66 46 21 80 24 73 78 17 68 22 64 34 15 43 69 59 37 0 56 57 53 34 61 84 47 30 45 70 50 50 84 43 54 65 47 82 31 58 24 54
15 24 41 38 68 42 31 74 69 89 81 55 22 38 77 53 85 86 68 16 36 39 23 71 15 67 6 92 56 0 28 52 27 51 46 39 86 56 21 9 8 43 61 33 25 16 90 81 71 55 53
14 5 22 32 46 14 52 56 70 65 81 27 11 36 49 65 61 60 63 22 35 12 37 69 20 40 34 87 57 28 0 29 41 23 27 60 85 37 19 20 32 27 42 58 10 15 64 72 48 45 29
43 34 42 30 17 16 69 30 64 37 70 15 30 36 28 70 33 34 50 51 37 24 53 59 41 17 58 71 53 52 29 0 57 10 45 77 72 11 48 43 55 47 16 79 39 36 38 54 19 31 1
37 41 61 29 68 51 12 66 45 90 58 64 31 24 85 26 86 91 50 42 22 53 4 49 21 74 28 71 34 27 41 57 0 59 66 20 63 55 46 25 19 65 57 23 46 26 95 64 71 43 58
37 28 32 36 27 9 71 40 73 42 80 5 29 42 26 76 38 37 60 45 43 15 55 69 40 17 57 81 61 51 23 10 59 0 35 79 82 21 42 42 54 37 26 79 32 35 41 64 27 41 9
31 25 5 59 62 31 77 75 97 74 108 33 38 63 50 91 70 67 90 31 62 23 62 96 45 48 50 114 84 46 27 45 66 35 0 85 112 56 26 43 54 4 61 79 21 40 70 97 61 71 44
54 60 80 49 88 71 8 86 55 110 68 84 51 44 105 28 106 111 64 55 42 72 24 61 40 94 37 83 47 39 60 77 20 79 85 0 73 75 60 42 31 82 77 10 64 45 115 78 91 63 78
90 89 107 53 68 81 70 52 18 85 5 87 75 50 97 45 82 89 22 97 51 89 64 16 72 86 89 11 30 86 85 72 63 82 112 73 0 62 99 79 80 112 59 81 94 76 92 23 72 41 73
50 42 51 26 13 25 67 19 55 35 60 26 34 32 35 65 31 36 40 58 33 33 52 49 43 24 62 60 45 56 37 11 55 21 56 75 62 0 56 47 58 56 5 78 47 40 40 43 16 21 12
9 14 21 47 65 33 52 75 83 84 94 43 25 49 65 72 80 78 78 5 48 27 42 83 27 58 24 102 70 21 19 48 46 42 26 60 99 56 0 21 29 22 61 54 10 23 82 89 67 62 48
12 18 38 30 59 33 34 65 63 80 75 46 13 30 68 51 76 77 60 18 28 32 21 63 7 58 15 84 50 9 20 43 25 42 43 42 79 47 21 0 12 40 52 38 22 7 81 73 62 47 44
23 30 49 37 71 45 23 74 62 92 75 58 25 35 80 45 88 89 65 24 33 44 16 65 15 70 9 87 50 8 32 55 19 54 54 31 80 58 29 12 0 51 61 26 33 19 93 78 73 54 56
28 25 5 59 64 31 74 75 97 77 108 36 38 63 54 90 73 71 90 27 62 23 61 96 44 51 46 114 84 43 27 47 65 37 4 82 112 56 22 40 51 0 61 76 19 39 74 97 64 71 46
55 47 56 28 11 30 69 14 53 34 57 31 39 33 38 65 30 35 37 63 35 38 54 46 46 27 67 56 43 61 42 16 57 26 61 77 59 5 61 52 61 61 0 80 52 45 39 38 15 19 17
48 56 74 52 91 70 11 89 63 113 76 83 50 47 105 38 109 113 71 49 45 70 26 68 39 95 30 90 54 33 58 79 23 79 79 10 81 78 54 38 26 76 80 0 58 44 117 85 94 66 80
10 6 16 41 56 23 56 66 78 74 89 33 19 44 55 71 70 68 72 14 43 17 42 78 25 48 31 96 65 25 10 39 46 32 21 64 94 47 10 22 33 19 52 58 0 20 72 82 57 55 38
14 15 35 25 52 26 37 58 60 73 71 39 6 26 61 51 69 70 56 22 25 27 22 60 5 51 22 80 47 16 15 36 26 35 40 45 76 40 23 7 19 39 45 44 20 0 74 68 55 41 37
78 69 70 66 28 50 107 40 91 8 92 39 68 72 20 104 10 4 73 86 73 55 91 83 79 24 96 86 82 90 64 38 95 41 70 115 92 40 82 81 93 74 39 117 72 74 0 69 24 58 38
81 77 92 43 46 66 74 29 29 62 25 69 64 43 74 55 59 66 14 89 45 74 63 21 66 64 86 18 31 81 72 54 64 64 97 78 23 43 89 73 78 97 38 85 82 68 69 0 49 27 55
62 53 59 42 4 34 83 20 68 19 71 28 49 48 25 80 15 20 51 70 49 42 68 61 58 16 77 67 58 71 48 19 71 27 61 91 72 16 67 62 73 64 15 94 57 55 24 49 0 34 19
54 50 66 17 30 40 55 23 34 53 39 46 37 19 56 47 49 54 19 62 21 48 41 28 40 45 61 43 24 55 45 31 43 41 71 63 41 21 62 47 54 71 19 66 55 41 58 27 34 0 32
43 34 41 31 18 15 70 31 65 37 71 14 31 37 27 71 33 34 51 51 38 23 54 60 41 16 59 72 54 53 29 1 58 9 44 78 73 12 48 44 56 46 17 80 38 37 38 55 19 32 0
0 2036
142 698
1282 1492
1434 1748
593 904
948 1437
821 1244
1249 1806
876 1275
772 1028
1109 1685
1113 1421
1073 1653
1629 1906
1077 1569
1009 1379
392 929
394 979
322 744
864 1283
1397 1796
540 1053
1560 1966
1576 1825
1338 1661
1372 1787
595 1090
135 579
1197 1478
1118 1597
664 933
1597 2036
657 944
694 945
76 683
161 476
499 720
106 620
313 825
703 979
1612 1919
821 1313
301 598
1402 1778
651 981
484 937
879 1149
1282 1684
327 629
1477 1740
296 721
