51
0 12 40 63 55 37 23 82 17 8 43 54 42 30 22 11 30 28 18 14 34 31 9 6 33 59 43 6 24 32 55 9 25 23 36 23 28 45 25 54 36 16 39 43 38 22 45 64 5 54 26
12 0 41 75 58 34 21 93 18 20 44 66 33 41 34 20 19 29 30 11 23 43 15 7 21 71 49 9 33 20 67 3 29 31 48 11 16 44 25 62 31 19 48 50 26 31 53 76 17 63 14
40 41 0 78 94 17 62 106 56 43 82 68 34 36 46 50 57 67 51 52 38 34 49 43 54 63 16 45 23 52 78 41 15 61 34 40 44 84 16 92 21 24 71 21 41 60 83 80 39 83 52
63 75 78 0 71 87 74 30 68 55 73 10 100 43 41 57 91 70 46 72 96 44 62 69 96 21 66 68 56 95 15 72 67 53 44 86 91 80 75 57 89 68 39 61 100 52 54 2 58 31 89
55 58 94 71 0 91 37 66 40 51 15 70 91 70 54 44 59 29 46 47 79 72 46 53 67 82 94 51 74 67 56 57 79 33 77 68 71 20 80 15 89 71 34 92 83 34 17 70 55 41 60
37 34 17 87 91 0 55 114 51 43 77 77 17 44 52 48 45 62 53 45 22 44 46 38 40 75 32 40 31 38 86 35 20 60 47 28 30 78 14 91 4 23 74 37 24 59 82 89 39 88 40
23 21 62 74 37 55 0 84 7 25 23 68 54 49 37 18 22 8 29 10 42 51 15 19 30 74 66 17 47 30 62 21 48 21 56 31 34 23 46 45 52 38 39 66 46 22 37 75 26 54 23
82 93 106 30 66 114 84 0 80 74 75 40 123 70 62 73 105 78 64 87 116 72 78 86 111 51 96 84 83 111 28 90 94 63 74 104 109 82 100 51 113 91 45 91 119 63 53 28 78 30 104
17 18 56 68 40 51 7 80 0 18 26 61 51 42 30 11 25 11 22 7 40 44 8 13 31 67 60 11 40 31 57 17 42 17 49 28 32 28 40 45 49 32 35 59 43 17 36 69 19 50 24
8 20 43 55 51 43 25 74 18 0 41 46 49 24 14 8 38 28 10 20 42 26 10 14 41 51 43 13 23 40 47 17 28 18 31 31 36 45 29 49 41 20 31 42 46 17 40 56 4 46 34
43 44 82 73 15 77 23 75 26 41 0 70 77 62 46 33 44 15 38 33 65 64 34 39 52 81 84 37 64 53 58 43 68 25 69 54 57 7 66 26 75 58 34 83 69 26 22 72 44 46 46
54 66 68 10 70 77 68 40 61 46 70 0 91 33 32 50 84 65 39 65 87 34 55 60 87 13 56 59 46 86 18 63 57 48 34 77 82 77 65 58 79 59 36 51 91 47 53 12 49 33 80
42 33 34 100 91 17 54 123 51 49 77 91 0 58 61 52 37 62 59 44 12 58 47 39 30 89 49 41 45 28 95 35 34 63 61 23 21 77 26 94 13 32 80 53 10 63 85 102 45 95 33
30 41 36 43 70 44 49 70 42 24 62 33 58 0 16 32 60 52 24 44 55 2 34 36 62 31 27 36 13 61 42 38 24 37 7 49 54 68 32 65 46 27 41 23 59 36 56 45 25 49 55
22 34 46 41 54 52 37 62 30 14 46 32 61 16 0 19 52 37 8 34 55 18 24 28 55 37 42 27 23 54 34 31 33 21 23 45 50 52 38 49 51 29 25 39 59 20 40 42 17 37 48
11 20 50 57 44 48 18 73 11 8 33 50 52 32 19 0 34 20 11 15 43 34 5 13 39 56 51 11 31 39 48 17 35 12 39 31 36 37 36 43 47 27 28 50 46 11 34 58 11 43 32
30 19 57 91 59 45 22 105 25 38 44 84 37 60 52 34 0 30 45 19 25 61 29 24 8 89 67 25 52 9 82 22 47 42 66 17 16 41 42 67 41 38 60 69 27 42 59 92 35 75 5
28 29 67 70 29 62 8 78 11 28 15 65 62 52 37 20 30 0 29 18 50 54 19 24 38 73 71 22 51 38 57 28 53 17 59 39 42 17 51 37 60 43 33 70 54 18 29 71 30 48 31
18 30 51 46 46 53 29 64 22 10 38 39 59 24 8 11 45 29 0 26 52 26 16 23 50 45 48 22 28 50 37 27 36 13 31 41 46 44 39 42 51 30 21 46 56 12 33 47 14 36 43
14 11 52 72 47 45 10 87 7 20 33 65 44 44 34 15 19 18 26 0 33 45 10 9 24 71 57 8 38 24 63 11 38 24 50 21 25 33 36 52 42 28 42 57 36 24 43 73 19 57 17
34 23 38 96 79 22 42 116 40 42 65 87 12 55 55 43 25 50 52 33 0 55 38 30 19 86 52 32 43 17 89 26 34 54 59 12 9 65 26 85 18 28 71 56 4 54 76 97 38 86 21
31 43 34 44 72 44 51 72 44 26 64 34 58 2 18 34 61 54 26 45 55 0 36 37 64 31 25 37 13 62 44 40 24 39 5 50 55 70 32 67 46 27 43 21 59 38 58 46 27 51 57
9 15 49 62 46 46 15 78 8 10 34 55 47 34 24 5 29 19 16 10 38 36 0 8 34 61 52 6 32 34 53 12 34 16 41 26 31 36 34 47 44 25 33 51 41 16 38 63 11 48 27
6 7 43 69 53 38 19 86 13 14 39 60 39 36 28 13 24 24 23 9 30 37 8 0 28 65 49 2 30 27 60 4 29 24 42 18 23 41 27 55 36 19 41 49 33 24 46 70 11 56 21
33 21 54 96 67 40 30 111 31 41 52 87 30 62 55 39 8 38 50 24 19 64 34 28 0 92 65 29 52 2 87 24 45 48 68 14 10 49 39 75 36 37 66 67 20 48 67 97 38 81 7
59 71 63 21 82 75 74 51 67 51 81 13 89 31 37 56 89 73 45 71 86 31 61 65 92 0 48 64 44 91 31 68 55 56 29 80 85 87 63 71 77 58 48 43 90 55 65 23 54 46 85
43 49 16 66 94 32 66 96 60 43 84 56 49 27 42 51 67 71 48 57 52 25 52 49 65 48 0 49 20 63 68 47 20 61 22 51 55 88 26 90 36 30 67 5 55 60 81 68 41 76 62
6 9 45 68 51 40 17 84 11 13 37 59 41 36 27 11 25 22 22 8 32 37 6 2 29 64 49 0 30 28 59 6 31 22 42 20 25 39 29 53 38 21 39 49 35 22 44 69 11 54 22
24 33 23 56 74 31 47 83 40 23 64 46 45 13 23 31 52 51 28 38 43 13 32 30 52 44 20 30 0 50 55 30 11 41 16 38 43 68 19 70 33 15 48 19 47 40 61 58 21 60 47
32 20 52 95 67 38 30 111 31 40 53 86 28 61 54 39 9 38 50 24 17 62 34 27 2 91 63 28 50 0 87 23 43 48 66 12 8 50 37 75 34 35 66 65 18 48 67 96 37 81 7
55 67 78 15 56 86 62 28 57 47 58 18 95 42 34 48 82 57 37 63 89 44 53 60 87 31 68 59 55 87 0 64 66 41 46 78 83 65 72 42 85 63 24 63 93 40 39 14 51 16 80
9 3 41 72 57 35 21 90 17 17 43 63 35 38 31 17 22 28 27 11 26 40 12 4 24 68 47 6 30 23 64 0 27 28 45 14 19 44 25 59 32 17 45 48 29 28 50 73 14 60 17
25 29 15 67 79 20 48 94 42 28 68 57 34 24 33 35 47 53 36 38 34 24 34 29 45 55 20 31 11 43 66 27 0 46 27 31 36 70 8 77 22 10 57 22 37 45 68 69 24 70 42
23 31 61 53 33 60 21 63 17 18 25 48 63 37 21 12 42 17 13 24 54 39 16 24 48 56 61 22 41 48 41 28 46 0 44 42 47 31 47 31 59 38 18 59 57 1 22 54 22 33 41
36 48 34 44 77 47 56 74 49 31 69 34 61 7 23 39 66 59 31 50 59 5 41 42 68 29 22 42 16 66 46 45 27 44 0 54 59 75 35 72 49 31 48 17 63 43 63 46 32 55 62
23 11 40 86 68 28 31 104 28 31 54 77 23 49 45 31 17 39 41 21 12 50 26 18 14 80 51 20 38 12 78 14 31 42 54 0 5 54 25 73 24 23 59 53 15 42 64 87 28 74 12
28 16 44 91 71 30 34 109 32 36 57 82 21 54 50 36 16 42 46 25 9 55 31 23 10 85 55 25 43 8 83 19 36 47 59 5 0 56 29 77 26 28 64 58 12 47 68 92 33 79 12
45 44 84 80 20 78 23 82 28 45 7 77 77 68 52 37 41 17 44 33 65 70 36 41 49 87 88 39 68 50 65 44 70 31 75 54 56 0 68 33 75 60 41 87 68 32 29 79 47 53 44
25 25 16 75 80 14 46 100 40 29 66 65 26 32 38 36 42 51 39 36 26 32 34 27 39 63 26 29 19 37 72 25 8 47 35 25 29 68 0 78 14 9 60 30 29 46 69 77 25 74 37
54 62 92 57 15 91 45 51 45 49 26 58 94 65 49 43 67 37 42 52 85 67 47 55 75 71 90 53 70 75 42 59 77 31 72 73 77 33 78 0 90 69 24 88 88 32 9 56 53 26 68
36 31 21 89 89 4 52 113 49 41 75 79 13 46 51 47 41 60 51 42 18 46 44 36 36 77 36 38 33 34 85 32 22 59 49 24 26 75 14 90 0 22 72 40 20 58 81 91 37 87 36
16 19 24 68 71 23 38 91 32 20 58 59 32 27 29 27 38 43 30 28 28 27 25 19 37 58 30 21 15 35 63 17 10 38 31 23 28 60 9 69 22 0 51 31 32 37 60 70 16 66 33
39 48 71 39 34 74 39 45 35 31 34 36 80 41 25 28 60 33 21 42 71 43 33 41 66 48 67 39 48 66 24 45 57 18 48 59 64 41 60 24 72 51 0 64 74 18 17 38 35 15 59
43 50 21 61 92 37 66 91 59 42 83 51 53 23 39 50 69 70 46 57 56 21 51 49 67 43 5 49 19 65 63 48 22 59 17 53 58 87 30 88 40 31 64 0 59 58 79 63 40 72 64
38 26 41 100 83 24 46 119 43 46 69 91 10 59 59 46 27 54 56 36 4 59 41 33 20 90 55 35 47 18 93 29 37 57 63 15 12 68 29 88 20 32 74 59 0 57 79 101 42 89 24
22 31 60 52 34 59 22 63 17 17 26 47 63 36 20 11 42 18 12 24 54 38 16 24 48 55 60 22 40 48 40 28 45 1 43 42 47 32 46 32 58 37 18 58 57 0 23 53 21 33 41
45 53 83 54 17 82 37 53 36 40 22 53 85 56 40 34 59 29 33 43 76 58 38 46 67 65 81 44 61 67 39 50 68 22 63 64 68 29 69 9 81 60 17 79 79 23 0 53 44 24 60
64 76 80 2 70 89 75 28 69 56 72 12 102 45 42 58 92 71 47 73 97 46 63 70 97 23 68 69 58 96 14 73 69 54 46 87 92 79 77 56 91 70 38 63 101 53 53 0 59 30 90
5 17 39 58 55 39 26 78 19 4 44 49 45 25 17 11 35 30 14 19 38 27 11 11 38 54 41 11 21 37 51 14 24 22 32 28 33 47 25 53 37 16 35 40 42 21 44 59 0 50 31
54 63 83 31 41 88 54 30 50 46 46 33 95 49 37 43 75 48 36 57 86 51 48 56 81 46 76 54 60 81 16 60 70 33 55 74 79 53 74 26 87 66 15 72 89 33 24 30 50 0 74
26 14 52 89 60 40 23 104 24 34 46 80 33 55 48 32 5 31 43 17 21 57 27 21 7 85 62 22 47 7 80 17 42 41 62 12 12 44 37 68 36 33 59 64 24 41 60 90 31 74 0
0 772
107 444
358 740
343 772
116 504
337 772
131 488
311 689
132 453
302 632
211 507
217 686
30 518
204 575
145 387
330 632
348 772
40 499
57 386
373 772
381 691
299 587
228 512
324 588
156 639
99 515
354 609
213 697
35 569
307 710
46 396
300 704
324 676
296 768
254 743
258 472
380 753
71 560
19 416
63 282
355 772
228 635
128 363
126 527
122 333
188 736
366 723
318 643
211 745
205 722
66 374
