51
0 8 33 32 62 52 68 109 22 10 81 47 47 67 21 52 36 78 66 43 36 43 80 42 55 73 26 46 23 51 51 16 42 30 78 73 61 66 35 23 93 59 24 35 52 60 13 52 71 72 35
8 0 30 40 67 58 75 114 26 17 84 45 53 65 18 58 40 75 74 40 42 51 85 40 52 80 34 53 16 57 53 21 39 38 77 80 67 72 40 28 98 58 16 41 57 68 10 57 77 71 32
33 30 0 47 47 44 69 88 18 29 54 15 38 35 12 44 20 45 75 12 33 58 62 10 23 75 47 43 44 43 24 23 9 46 47 75 48 58 22 20 73 28 40 32 34 74 20 37 63 41 2
32 40 47 0 44 33 37 92 29 24 73 53 30 71 43 33 35 82 34 59 22 11 61 51 69 41 8 24 55 32 49 26 55 2 76 41 42 45 33 27 75 59 56 22 44 28 40 39 50 70 47
62 67 47 44 0 11 34 49 41 52 31 38 15 44 54 11 28 52 47 54 26 47 18 41 55 40 52 20 83 12 26 46 49 46 41 40 2 13 27 39 32 33 81 27 14 55 59 10 17 36 45
52 58 44 33 11 0 27 59 33 42 42 40 6 49 49 0 24 59 38 54 16 36 28 41 57 33 41 9 74 1 28 37 49 35 50 33 9 14 23 31 42 37 73 17 17 44 51 11 19 44 42
68 75 69 37 34 27 0 70 54 58 65 66 32 76 70 27 50 86 14 80 37 31 43 67 84 6 45 26 91 27 55 56 75 39 75 6 32 23 48 52 54 64 91 38 44 26 72 38 24 70 68
109 114 88 92 49 59 70 0 88 101 36 75 64 64 100 59 74 65 84 90 75 94 31 80 85 73 100 68 130 60 64 93 87 94 51 73 50 50 74 86 17 62 128 76 57 96 106 58 47 53 86
22 26 18 29 41 33 54 88 0 14 60 27 27 47 16 33 15 58 58 30 17 40 59 23 40 59 29 28 42 32 29 6 26 28 57 59 41 47 14 2 72 38 40 16 31 56 18 31 52 51 18
10 17 29 24 52 42 58 101 14 0 73 41 37 61 20 42 28 72 58 41 26 35 70 37 52 63 20 36 33 41 43 8 38 23 71 63 51 56 27 15 84 52 33 25 44 52 16 43 61 65 30
81 84 54 73 31 42 65 36 60 73 0 39 43 28 66 42 45 31 78 54 52 78 25 44 49 70 80 51 98 43 31 65 51 75 16 70 33 42 46 58 27 26 94 53 30 86 74 34 43 17 52
47 45 15 53 38 40 66 75 27 41 39 0 34 20 27 40 18 31 74 16 32 61 50 5 18 72 56 41 59 39 12 33 12 53 32 72 39 51 20 28 61 13 55 32 24 75 35 29 55 26 13
47 53 38 30 15 6 32 64 27 37 43 34 0 46 43 6 18 57 41 48 11 35 33 35 52 38 37 8 69 5 24 32 43 32 48 38 14 20 17 25 47 34 67 12 15 45 45 9 25 42 36
67 65 35 71 44 49 76 64 47 61 28 20 46 0 47 49 36 11 87 30 49 78 49 25 21 82 74 54 79 49 22 53 28 71 14 82 46 57 38 48 55 12 74 49 32 91 55 38 61 11 33
21 18 12 43 54 49 70 100 16 20 66 27 43 47 0 49 26 57 74 22 33 54 71 22 34 75 40 44 32 48 36 17 21 41 59 75 55 63 27 18 84 40 28 32 43 71 8 44 68 53 14
52 58 44 33 11 0 27 59 33 42 42 40 6 49 49 0 24 59 38 54 16 36 28 41 57 33 41 9 74 1 28 37 49 35 50 33 9 14 23 31 42 37 73 17 17 44 51 11 19 44 42
36 40 20 35 28 24 50 74 15 28 45 18 18 36 26 24 0 47 56 30 14 43 45 17 35 56 38 24 56 23 15 20 25 35 43 56 29 38 2 13 58 25 54 14 17 57 32 18 43 37 18
78 75 45 82 52 59 86 65 58 72 31 31 57 11 57 59 47 0 97 38 60 89 54 36 27 92 85 65 89 59 33 64 37 82 15 92 54 65 49 59 58 23 83 60 42 102 65 48 68 16 43
66 74 75 34 47 38 14 84 58 58 78 74 41 87 74 38 56 97 0 86 42 24 57 73 91 12 41 33 89 38 65 58 81 36 88 12 45 37 54 56 68 75 90 43 55 12 74 49 38 82 73
43 40 12 59 54 54 80 90 30 41 54 16 48 30 22 54 30 38 86 0 44 70 66 13 12 86 59 54 52 53 28 35 5 58 44 86 55 66 32 32 77 28 45 43 40 86 30 44 71 39 13
36 42 33 22 26 16 37 75 17 26 52 32 11 49 33 16 14 60 42 44 0 30 44 31 49 43 28 11 58 15 27 21 39 23 54 43 25 30 12 15 58 37 57 1 22 43 35 18 35 48 31
43 51 58 11 47 36 31 94 40 35 78 61 35 78 54 36 43 89 24 70 30 0 64 60 78 33 17 27 65 35 56 37 66 13 83 33 45 44 41 38 77 66 67 29 50 17 51 44 48 77 58
80 85 62 61 18 28 43 31 59 70 25 50 33 49 71 28 45 54 57 66 44 64 0 54 65 47 69 37 101 29 38 64 62 63 40 47 19 21 45 57 14 41 99 45 28 68 77 28 19 38 60
42 40 10 51 41 41 67 80 23 37 44 5 35 25 22 41 17 36 73 13 31 60 54 0 18 73 52 41 54 40 16 29 8 50 37 73 42 53 19 24 65 18 50 31 27 74 30 31 58 31 8
55 52 23 69 55 57 84 85 40 52 49 18 52 21 34 57 35 27 91 12 49 78 65 18 0 90 69 59 64 57 29 45 14 68 35 90 56 68 37 42 74 24 57 49 41 92 42 46 72 32 22
73 80 75 41 40 33 6 73 59 63 70 72 38 82 75 33 56 92 12 86 43 33 47 73 90 0 49 32 96 33 61 61 81 43 81 0 38 28 54 57 58 70 96 43 50 24 77 44 28 76 74
26 34 47 8 52 41 45 100 29 20 80 56 37 74 40 41 38 85 41 59 28 17 69 52 69 49 0 32 48 40 53 24 55 6 81 49 50 53 36 28 83 63 50 27 50 34 36 46 58 75 47
46 53 43 24 20 9 26 68 28 36 51 41 8 54 44 9 24 65 33 54 11 27 37 41 59 32 32 0 69 8 32 32 49 26 56 32 18 22 22 26 51 42 68 12 23 37 46 17 27 50 42
23 16 44 55 83 74 91 130 42 33 98 59 69 79 32 74 56 89 89 52 58 65 101 54 64 96 48 69 0 73 68 37 52 53 91 96 83 88 56 44 114 72 8 57 73 82 25 73 93 85 46
51 57 43 32 12 1 27 60 32 41 43 39 5 49 48 1 23 59 38 53 15 35 29 40 57 33 40 8 73 0 28 36 48 34 50 33 10 15 22 30 43 37 72 16 17 44 50 11 20 44 41
51 53 24 49 26 28 55 64 29 43 31 12 24 22 36 28 15 33 65 28 27 56 38 16 29 61 53 32 68 28 0 35 24 49 28 61 27 39 17 28 49 10 64 27 12 69 43 17 43 22 22
16 21 23 26 46 37 56 93 6 8 65 33 32 53 17 37 20 64 58 35 21 37 64 29 45 61 24 32 37 36 35 0 31 24 63 61 46 51 19 7 77 44 37 20 36 54 16 36 56 57 23
42 39 9 55 49 49 75 87 26 38 51 12 43 28 21 49 25 37 81 5 39 66 62 8 14 81 55 49 52 48 24 31 0 54 42 81 50 61 27 28 73 25 46 39 35 82 29 39 66 36 8
30 38 46 2 46 35 39 94 28 23 75 53 32 71 41 35 35 82 36 58 23 13 63 50 68 43 6 26 53 34 49 24 54 0 77 43 44 47 33 26 77 59 54 22 45 30 38 41 52 71 46
78 77 47 76 41 50 75 51 57 71 16 32 48 14 59 50 43 15 88 44 54 83 40 37 35 81 81 56 91 50 28 63 42 77 0 81 43 53 45 56 43 19 87 55 33 93 67 39 55 6 45
73 80 75 41 40 33 6 73 59 63 70 72 38 82 75 33 56 92 12 86 43 33 47 73 90 0 49 32 96 33 61 61 81 43 81 0 38 28 54 57 58 70 96 43 50 24 77 44 28 76 74
61 67 48 42 2 9 32 50 41 51 33 39 14 46 55 9 29 54 45 55 25 45 19 42 56 38 50 18 83 10 27 46 50 44 43 38 0 12 28 39 33 34 81 26 15 53 59 11 16 38 46
66 72 58 45 13 14 23 50 47 56 42 51 20 57 63 14 38 65 37 66 30 44 21 53 68 28 53 22 88 15 39 51 61 47 53 28 12 0 37 45 33 46 87 31 27 47 65 22 5 49 56
35 40 22 33 27 23 48 74 14 27 46 20 17 38 27 23 2 49 54 32 12 41 45 19 37 54 36 22 56 22 17 19 27 33 45 54 28 37 0 12 58 27 54 12 17 55 32 17 42 39 20
23 28 20 27 39 31 52 86 2 15 58 28 25 48 18 31 13 59 56 32 15 38 57 24 42 57 28 26 44 30 28 7 28 26 56 57 39 45 12 0 70 37 42 14 29 54 20 29 50 50 20
93 98 73 75 32 42 54 17 72 84 27 61 47 55 84 42 58 58 68 77 58 77 14 65 74 58 83 51 114 43 49 77 73 77 43 58 33 33 58 70 0 50 112 59 41 79 90 42 30 44 71
59 58 28 59 33 37 64 62 38 52 26 13 34 12 40 37 25 23 75 28 37 66 41 18 24 70 63 42 72 37 10 44 25 59 19 70 34 46 27 37 50 0 68 37 20 79 48 26 50 13 26
24 16 40 56 81 73 91 128 40 33 94 55 67 74 28 73 54 83 90 45 57 67 99 50 57 96 50 68 8 72 64 37 46 54 87 96 81 87 54 42 112 68 0 56 71 84 22 71 92 81 42
35 41 32 22 27 17 38 76 16 25 53 32 12 49 32 17 14 60 43 43 1 29 45 31 49 43 27 12 57 16 27 20 39 22 55 43 26 31 12 14 59 37 56 0 23 44 34 19 36 49 31
52 57 34 44 14 17 44 57 31 44 30 24 15 32 43 17 17 42 55 40 22 50 28 27 41 50 50 23 73 17 12 36 35 45 33 50 15 27 17 29 41 20 71 23 0 60 49 6 31 27 32
60 68 74 28 55 44 26 96 56 52 86 75 45 91 71 44 57 102 12 86 43 17 68 74 92 24 34 37 82 44 69 54 82 30 93 24 53 47 55 54 79 79 84 44 60 0 68 54 49 87 74
13 10 20 40 59 51 72 106 18 16 74 35 45 55 8 51 32 65 74 30 35 51 77 30 42 77 36 46 25 50 43 16 29 38 67 77 59 65 32 20 90 48 22 34 49 68 0 49 70 61 22
52 57 37 39 10 11 38 58 31 43 34 29 9 38 44 11 18 48 49 44 18 44 28 31 46 44 46 17 73 11 17 36 39 41 39 44 11 22 17 29 42 26 71 19 6 54 49 0 27 33 35
71 77 63 50 17 19 24 47 52 61 43 55 25 61 68 19 43 68 38 71 35 48 19 58 72 28 58 27 93 20 43 56 66 52 55 28 16 5 42 50 30 50 92 36 31 49 70 27 0 52 61
72 71 41 70 36 44 70 53 51 65 17 26 42 11 53 44 37 16 82 39 48 77 38 31 32 76 75 50 85 44 22 57 36 71 6 76 38 49 39 50 44 13 81 49 27 87 61 33 52 0 39
35 32 2 47 45 42 68 86 18 30 52 13 36 33 14 42 18 43 73 13 31 58 60 8 22 74 47 42 46 41 22 23 8 46 45 74 46 56 20 20 71 26 42 31 32 74 22 35 61 39 0
0 2879
2063 2258
2350 2610
922 1329
1128 1548
1593 1880
1279 1703
2215 2632
1876 2153
816 1181
534 954
666 1018
1096 1258
570 1000
1372 1707
1328 1528
600 855
1028 1289
1508 1725
1993 2245
2018 2201
2256 2627
918 1341
428 680
2178 2521
758 1046
538 944
690 982
542 927
2045 2307
682 1094
2456 2849
364 635
410 663
328 589
184 331
843 1216
2114 2363
1851 2093
2364 2722
289 586
1553 1975
2545 2781
615 997
463 842
2162 2544
2444 2823
2077 2348
127 335
1820 2067
1673 1923
