51
0 51 26 37 35 31 63 46 23 47 25 52 37 32 41 50 44 40 4 14 28 45 37 51 9 22 57 63 34 40 18 45 56 19 13 28 18 45 20 16 27 18 21 36 29 15 54 26 28 23 74
51 0 64 74 77 65 42 33 37 9 69 47 88 81 89 81 7 88 53 63 45 15 60 45 59 71 6 18 81 65 69 41 69 32 42 78 38 7 40 52 75 41 58 28 34 46 16 76 65 65 47
26 64 0 11 13 5 88 71 27 64 45 78 39 20 26 73 57 53 22 15 22 65 16 77 30 39 69 80 18 15 26 39 82 40 39 39 43 60 24 14 44 44 46 40 54 20 61 39 2 5 99
37 74 11 0 7 10 99 82 37 74 54 89 42 20 22 82 67 59 33 24 31 75 20 88 39 47 79 90 16 16 33 45 93 50 50 44 54 70 34 24 51 55 55 49 65 30 70 46 9 14 110
35 77 13 7 0 15 98 81 40 77 49 87 35 13 15 77 70 53 31 21 34 77 26 86 36 42 82 93 9 23 28 50 90 51 48 38 53 73 37 26 46 53 52 52 64 32 73 40 12 13 109
31 65 5 10 15 0 91 74 28 65 50 82 44 25 30 78 59 58 27 20 21 67 11 81 35 44 69 81 22 10 31 35 87 42 43 44 47 61 26 17 49 48 51 39 58 22 60 44 3 10 102
63 42 88 99 98 91 0 17 66 33 70 22 96 95 104 66 42 87 67 77 76 29 91 20 68 75 46 27 97 96 79 79 43 49 50 84 45 38 67 75 77 46 59 64 34 69 58 81 90 86 11
46 33 71 82 81 74 17 0 50 24 53 14 79 78 87 55 32 72 50 60 60 18 75 12 51 58 39 29 80 79 62 66 36 32 33 67 28 28 51 58 60 29 42 50 17 52 49 64 73 69 28
23 37 27 37 40 28 66 50 0 37 48 59 56 44 52 71 31 63 22 27 10 39 25 58 32 45 42 53 44 30 37 23 71 19 25 50 26 33 3 15 50 29 42 14 35 9 35 49 28 28 76
47 9 64 74 77 65 33 24 37 0 63 38 83 78 87 73 9 81 50 60 47 6 62 36 54 65 15 16 79 67 65 46 60 28 36 73 31 5 40 51 68 35 52 31 26 45 25 70 65 64 41
25 69 45 54 49 50 70 53 48 63 0 50 27 39 47 28 62 19 27 30 53 59 60 50 17 7 75 76 43 60 21 70 44 37 27 15 32 62 45 39 7 28 11 60 38 40 75 12 47 40 81
52 47 78 89 87 82 22 14 59 38 50 0 77 82 91 44 46 66 56 66 69 32 83 2 53 56 53 42 85 87 64 79 22 40 39 65 35 42 59 65 57 34 40 63 24 60 63 62 80 75 33
37 88 39 42 35 44 96 79 56 83 27 77 0 22 25 51 81 20 35 29 58 80 55 77 29 21 94 98 26 54 19 76 71 56 47 12 52 82 53 43 21 50 37 70 62 47 90 15 41 34 107
32 81 20 20 13 25 95 78 44 78 39 82 22 0 9 66 74 41 28 18 42 76 36 82 29 32 86 94 4 34 19 59 82 50 45 26 50 75 41 29 35 50 44 58 61 35 79 29 22 17 106
41 89 26 22 15 30 104 87 52 87 47 91 25 9 0 73 82 45 37 27 48 85 41 91 38 40 94 103 8 38 28 65 91 59 54 33 59 84 49 37 42 59 53 65 70 43 86 36 27 24 115
50 81 73 82 77 78 66 55 71 73 28 44 51 66 73 0 77 31 53 58 78 68 86 46 44 35 87 83 70 88 49 94 26 55 46 40 47 74 69 65 31 43 29 80 47 65 93 37 75 68 77
44 7 57 67 70 59 42 32 31 9 62 46 81 74 82 77 0 81 46 56 39 14 54 44 52 64 13 24 74 59 62 37 67 25 35 71 31 4 33 45 68 35 52 22 30 39 17 69 58 58 50
40 88 53 59 53 58 87 72 63 81 19 66 20 41 45 31 81 0 41 38 67 78 68 67 31 18 94 95 45 68 27 85 55 56 46 15 50 81 60 52 13 47 30 76 57 54 94 14 55 48 98
4 53 22 33 31 27 67 50 22 50 27 56 35 28 37 53 46 41 0 10 26 48 33 55 10 23 59 66 30 36 16 44 60 22 17 28 22 47 19 12 28 22 24 36 33 13 55 27 24 19 78
14 63 15 24 21 20 77 60 27 60 30 66 29 18 27 58 56 38 10 0 29 58 30 65 15 24 69 76 20 30 11 47 69 32 27 24 32 57 24 14 29 32 31 41 43 18 62 24 17 10 88
28 45 22 31 34 21 76 60 10 47 53 69 58 42 48 78 39 67 26 29 0 49 15 68 36 49 48 62 40 20 40 18 80 29 34 53 36 42 10 15 54 38 49 18 45 13 39 53 22 25 86
45 15 65 75 77 67 29 18 39 6 59 32 80 76 85 68 14 78 48 58 49 0 64 30 51 61 21 18 78 69 62 51 54 26 33 70 28 10 41 51 65 31 48 35 21 45 31 67 66 64 37
37 60 16 20 26 11 91 75 25 62 60 83 55 36 41 86 54 68 33 30 15 64 0 82 43 54 62 77 33 5 41 25 92 43 45 54 48 57 24 21 59 50 57 32 59 23 52 54 14 21 101
51 45 77 88 86 81 20 12 58 36 50 2 77 82 91 46 44 67 55 65 68 30 82 0 53 56 51 40 85 86 64 77 24 39 38 65 34 40 58 64 57 33 40 61 23 59 61 62 79 74 31
9 59 30 39 36 35 68 51 32 54 17 53 29 29 38 44 52 31 10 15 36 51 43 53 0 13 65 69 32 45 11 54 54 27 18 19 23 53 29 22 18 22 16 45 34 23 63 17 32 25 79
22 71 39 47 42 44 75 58 45 65 7 56 21 32 40 35 64 18 23 24 49 61 54 56 13 0 77 79 36 54 14 67 51 39 29 9 34 64 42 35 5 30 16 58 42 36 76 6 41 34 86
57 6 69 79 82 69 46 39 42 15 75 53 94 86 94 87 13 94 59 69 48 21 62 51 65 77 0 20 86 67 75 42 75 38 48 84 44 13 45 57 81 47 64 30 40 51 13 82 70 70 50
63 18 80 90 93 81 27 29 53 16 76 42 98 94 103 83 24 95 66 76 62 18 77 40 69 79 20 0 95 82 80 59 64 44 51 88 46 20 56 67 83 49 65 46 38 61 33 85 81 80 30
34 81 18 16 9 22 97 80 44 79 43 85 26 4 8 70 74 45 30 20 40 78 33 85 32 36 86 95 0 31 23 57 86 52 47 30 52 76 41 29 39 52 48 57 63 35 78 33 19 16 108
40 65 15 16 23 10 96 79 30 67 60 87 54 34 38 88 59 68 36 30 20 69 5 86 45 54 67 82 31 0 41 30 96 47 49 54 52 62 29 24 59 54 60 37 63 27 57 54 13 20 106
18 69 26 33 28 31 79 62 37 65 21 64 19 19 28 49 62 27 16 11 40 62 41 64 11 14 75 80 23 41 0 58 63 37 29 13 34 63 34 25 18 33 25 51 45 28 71 13 28 21 90
45 41 39 45 50 35 79 66 23 46 70 79 76 59 65 94 37 85 44 47 18 51 25 77 54 67 42 59 57 30 58 0 93 40 48 71 48 41 25 33 72 52 65 16 55 31 29 71 38 42 87
56 69 82 93 90 87 43 36 71 60 44 22 71 82 91 26 67 55 60 69 80 54 92 24 54 51 75 64 86 96 63 93 0 53 47 59 45 63 70 72 50 42 38 77 38 69 84 56 84 79 53
19 32 40 50 51 42 49 32 19 28 37 40 56 50 59 55 25 56 22 32 29 26 43 39 27 39 38 44 52 47 37 40 53 0 10 46 8 26 19 26 43 12 28 25 16 20 38 44 41 38 60
13 42 39 50 48 43 50 33 25 36 27 39 47 45 54 46 35 46 17 27 34 33 45 38 18 29 48 51 47 49 29 48 47 10 0 37 5 35 24 26 33 5 18 35 16 22 48 34 41 36 61
28 78 39 44 38 44 84 67 50 73 15 65 12 26 33 40 71 15 28 24 53 70 54 65 19 9 84 88 30 54 13 71 59 46 37 0 42 72 47 38 9 39 25 64 51 41 82 3 41 34 95
18 38 43 54 53 47 45 28 26 31 32 35 52 50 59 47 31 50 22 32 36 28 48 34 23 34 44 46 52 52 34 48 45 8 5 42 0 31 26 30 37 4 21 33 11 25 46 39 45 41 56
45 7 60 70 73 61 38 28 33 5 62 42 82 75 84 74 4 81 47 57 42 10 57 40 53 64 13 20 76 62 63 41 63 26 35 72 31 0 36 47 68 34 51 26 27 41 21 69 61 60 46
20 40 24 34 37 26 67 51 3 40 45 59 53 41 49 69 33 60 19 24 10 41 24 58 29 42 45 56 41 29 34 25 70 19 24 47 26 36 0 12 47 28 40 17 35 6 38 46 25 25 78
16 52 14 24 26 17 75 58 15 51 39 65 43 29 37 65 45 52 12 14 15 51 21 64 22 35 57 67 29 24 25 33 72 26 26 38 30 47 12 0 40 31 36 29 41 6 50 38 15 13 86
27 75 44 51 46 49 77 60 50 68 7 57 21 35 42 31 68 13 28 29 54 65 59 57 18 5 81 83 39 59 18 72 50 43 33 9 37 68 47 40 0 34 18 63 45 41 81 6 46 39 88
18 41 44 55 53 48 46 29 29 35 28 34 50 50 59 43 35 47 22 32 38 31 50 33 22 30 47 49 52 54 33 52 42 12 5 39 4 34 28 31 34 0 17 37 12 27 50 36 46 41 57
21 58 46 55 52 51 59 42 42 52 11 40 37 44 53 29 52 30 24 31 49 48 57 40 16 16 64 65 48 60 25 65 38 28 18 25 21 51 40 36 18 17 0 53 27 36 66 22 48 41 70
36 28 40 49 52 39 64 50 14 31 60 63 70 58 65 80 22 76 36 41 18 35 32 61 45 58 30 46 57 37 51 16 77 25 35 64 33 26 17 29 63 37 53 0 39 23 21 62 40 41 72
29 34 54 65 64 58 34 17 35 26 38 24 62 61 70 47 30 57 33 43 45 21 59 23 34 42 40 38 63 63 45 55 38 16 16 51 11 27 35 41 45 12 27 39 0 36 46 48 56 52 45
15 46 20 30 32 22 69 52 9 45 40 60 47 35 43 65 39 54 13 18 13 45 23 59 23 36 51 61 35 27 28 31 69 20 22 41 25 41 6 6 41 27 36 23 36 0 44 40 21 19 80
54 16 61 70 73 60 58 49 35 25 75 63 90 79 86 93 17 94 55 62 39 31 52 61 63 76 13 33 78 57 71 29 84 38 48 82 46 21 38 50 81 50 66 21 46 44 0 80 61 62 63
26 76 39 46 40 44 81 64 49 70 12 62 15 29 36 37 69 14 27 24 53 67 54 62 17 6 82 85 33 54 13 71 56 44 34 3 39 69 46 38 6 36 22 62 48 40 80 0 41 34 92
28 65 2 9 12 3 90 73 28 65 47 80 41 22 27 75 58 55 24 17 22 66 14 79 32 41 70 81 19 13 28 38 84 41 41 41 45 61 25 15 46 46 48 40 56 21 61 41 0 7 101
23 65 5 14 13 10 86 69 28 64 40 75 34 17 24 68 58 48 19 10 25 64 21 74 25 34 70 80 16 20 21 42 79 38 36 34 41 60 25 13 39 41 41 41 52 19 62 34 7 0 97
74 47 99 110 109 102 11 28 76 41 81 33 107 106 115 77 50 98 78 88 86 37 101 31 79 86 50 30 108 106 90 87 53 60 61 95 56 46 78 86 88 57 70 72 45 80 63 92 101 97 0
0 997
139 477
557 997
595 962
539 814
58 243
76 416
562 949
13 347
367 739
372 612
548 991
322 561
392 756
206 455
48 444
93 408
15 231
208 504
64 294
586 894
255 460
339 504
423 692
505 922
524 865
562 756
24 344
426 618
693 997
300 726
456 654
10 200
46 363
368 749
366 745
379 771
478 686
226 451
16 199
421 780
295 538
692 997
460 727
204 641
106 515
666 968
209 525
255 663
129 478
386 691
