51
0 74 69 66 53 55 10 80 21 69 63 60 93 49 48 7 77 27 9 82 80 46 8 49 26 16 83 40 40 81 82 64 31 67 38 45 99 17 64 87 31 43 65 16 41 24 19 46 65 44 71
74 0 47 46 55 28 82 68 84 11 34 62 30 26 26 67 25 71 74 76 22 66 79 38 69 66 14 67 45 26 44 42 44 8 93 32 25 87 36 43 82 61 14 81 43 54 55 51 12 80 39
69 47 0 3 83 25 70 21 64 53 13 19 38 39 42 65 24 49 73 29 29 33 67 22 80 53 40 86 30 27 15 6 53 39 66 34 61 71 11 21 58 83 52 65 29 62 54 23 50 48 8
66 46 3 0 81 23 67 22 61 52 12 17 40 37 40 62 26 46 70 30 31 30 64 19 77 50 42 83 27 29 18 4 50 38 63 32 63 68 10 24 55 81 51 62 26 59 51 20 49 45 10
53 55 83 81 0 58 63 103 73 45 70 87 85 44 41 46 74 70 45 109 74 81 60 62 28 57 69 17 60 78 90 77 34 54 89 49 76 69 72 93 78 10 42 68 59 31 43 70 43 87 79
55 28 25 23 58 0 59 45 59 32 12 35 38 14 17 48 22 44 56 53 25 38 57 10 57 42 31 62 18 26 32 19 29 20 66 10 51 63 14 37 55 59 29 57 16 39 36 23 27 52 21
10 82 70 67 63 59 0 79 12 78 66 59 97 56 56 17 81 23 19 80 84 43 3 52 36 17 89 50 42 85 85 66 40 74 29 51 107 7 67 90 22 53 74 7 44 34 27 47 74 37 74
80 68 21 22 103 45 79 0 71 74 34 20 54 59 62 79 45 56 87 9 49 36 77 41 96 64 60 104 46 46 28 26 71 60 66 54 81 78 32 33 62 102 73 72 46 79 69 36 71 48 29
21 84 64 61 73 59 12 71 0 81 64 51 96 58 59 27 80 15 30 71 84 35 13 51 47 18 90 61 41 84 79 61 45 76 17 52 109 7 64 85 11 64 77 5 43 43 32 41 77 26 69
69 11 53 52 45 32 78 74 81 0 40 67 41 24 22 62 35 71 68 82 33 70 75 42 61 63 25 58 47 37 54 48 38 14 93 32 32 84 42 54 82 51 4 78 45 47 51 55 5 82 47
63 34 13 12 70 12 66 34 64 40 0 28 32 26 29 58 16 49 66 42 21 37 64 14 69 49 30 74 24 20 20 8 41 26 68 22 51 69 2 25 59 71 39 63 22 51 46 23 37 52 9
60 62 19 17 87 35 59 20 51 67 28 0 57 47 49 59 43 36 67 23 48 16 57 26 77 44 58 85 27 46 34 21 53 54 48 39 79 58 26 40 42 84 64 52 29 60 50 17 62 30 27
93 30 38 40 85 38 97 54 96 41 32 57 0 47 49 86 16 81 94 63 13 69 95 45 94 80 16 95 55 12 26 38 66 31 100 48 28 100 33 21 91 89 44 94 53 76 74 55 42 84 30
49 26 39 37 44 14 56 59 58 24 26 47 47 0 3 42 32 47 49 67 34 46 53 21 47 40 34 50 23 36 46 33 19 18 69 8 51 61 28 49 58 45 20 55 21 29 30 32 19 58 35
48 26 42 40 41 17 56 62 59 22 29 49 49 3 0 41 35 49 48 70 36 48 53 23 45 41 35 47 25 39 49 36 18 19 71 10 51 62 31 52 60 42 18 56 23 28 29 34 18 60 38
7 67 65 62 46 48 17 79 27 62 58 59 86 42 41 0 70 28 8 81 73 45 14 44 22 15 76 35 35 74 77 59 24 60 44 38 92 23 59 82 34 37 58 22 36 17 12 43 58 45 66
77 25 24 26 74 22 81 45 80 35 16 43 16 32 35 70 0 65 78 53 5 53 79 29 79 64 16 82 39 4 19 22 51 21 84 32 37 84 17 19 75 77 35 78 37 61 58 39 33 68 16
27 71 49 46 70 44 23 56 15 71 49 36 81 47 49 28 65 0 35 57 69 20 21 36 50 13 75 62 26 69 64 46 39 63 22 40 95 22 49 70 11 64 67 16 28 39 27 26 66 17 54
9 74 73 70 45 56 19 87 30 68 66 67 94 49 48 8 78 35 0 89 81 53 17 52 17 23 83 31 43 82 85 67 30 67 47 46 99 26 67 90 40 35 64 25 44 21 20 51 64 52 74
82 76 29 30 109 53 80 9 71 82 42 23 63 67 70 81 53 57 89 0 58 37 78 47 100 66 69 108 50 55 37 34 76 68 64 60 90 78 40 42 61 107 81 73 51 83 73 40 79 46 37
80 22 29 31 74 25 84 49 84 33 21 48 13 34 36 73 5 69 81 58 0 58 82 33 81 67 11 83 43 4 23 27 53 20 89 35 32 88 22 21 79 78 34 82 41 63 61 44 32 73 21
46 66 33 30 81 38 43 36 35 70 37 16 69 46 48 45 53 20 53 37 58 0 41 28 66 30 67 77 23 57 48 32 47 58 33 38 88 42 36 54 26 77 66 36 25 52 40 15 65 15 40
8 79 67 64 60 57 3 77 13 75 64 57 95 53 53 14 79 21 17 78 82 41 0 50 34 15 86 48 40 83 82 64 37 71 30 48 104 9 65 88 23 51 71 8 42 31 24 44 71 38 72
49 38 22 19 62 10 52 41 51 42 14 26 45 21 23 44 29 36 52 47 33 28 50 0 58 35 40 64 10 33 33 16 31 30 57 13 61 55 15 38 46 62 39 49 8 40 32 13 37 42 22
26 69 80 77 28 57 36 96 47 61 69 77 94 47 45 22 79 50 17 100 81 66 34 58 0 37 80 14 51 83 89 74 28 64 64 47 93 43 71 94 56 18 57 42 51 18 27 60 58 67 78
16 66 53 50 57 42 17 64 18 63 49 44 80 40 41 15 64 13 23 66 67 30 15 35 37 0 72 49 25 68 68 49 27 58 32 34 91 21 50 73 21 51 59 15 27 26 14 30 59 30 57
83 14 40 42 69 31 89 60 90 25 30 58 16 34 35 76 16 75 83 69 11 67 86 40 80 72 0 80 49 15 34 38 53 16 97 38 21 93 32 32 86 74 28 87 47 63 64 53 26 82 32
40 67 86 83 17 62 50 104 61 58 74 85 95 50 47 35 82 62 31 108 83 77 48 64 14 49 80 0 58 86 94 80 33 64 78 52 90 57 76 99 69 7 54 56 58 25 37 68 55 79 83
40 45 30 27 60 18 42 46 41 47 24 27 55 23 25 35 39 26 43 50 43 23 40 10 51 25 49 58 0 43 43 25 26 37 48 15 69 45 25 48 37 57 43 39 2 33 24 10 42 35 32
81 26 27 29 78 26 85 46 84 37 20 46 12 36 39 74 4 69 82 55 4 57 83 33 83 68 15 86 43 0 19 26 55 24 88 36 35 88 21 17 79 81 38 82 41 65 62 43 36 72 19
82 44 15 18 90 32 85 28 79 54 20 34 26 46 49 77 19 64 85 37 23 48 82 33 89 68 34 94 43 19 0 19 61 40 81 42 54 86 18 6 73 91 54 80 41 71 65 38 52 63 11
64 42 6 4 77 19 66 26 61 48 8 21 38 33 36 59 22 46 67 34 27 32 64 16 74 49 38 80 25 26 19 0 47 34 64 28 59 68 6 24 56 77 47 62 23 56 48 20 45 47 8
31 44 53 50 34 29 40 71 45 38 41 53 66 19 18 24 51 39 30 76 53 47 37 31 28 27 53 33 26 55 61 47 0 37 59 19 69 46 43 66 48 31 34 41 25 10 13 36 34 55 50
67 8 39 38 54 20 74 60 76 14 26 54 31 18 19 60 21 63 67 68 20 58 71 30 64 58 16 64 37 24 40 34 37 0 85 24 33 79 28 40 74 58 14 73 35 47 48 43 12 72 33
38 93 66 63 89 66 29 66 17 93 68 48 100 69 71 44 84 22 47 64 89 33 30 57 64 32 97 78 48 88 81 64 59 85 0 62 117 24 68 87 11 81 89 22 50 58 46 45 88 18 72
45 32 34 32 49 10 51 54 52 32 22 39 48 8 10 38 32 40 46 60 35 38 48 13 47 34 38 52 15 36 42 28 19 24 62 0 57 55 24 47 51 49 28 49 13 29 26 24 27 50 31
99 25 61 63 76 51 107 81 109 32 51 79 28 51 51 92 37 95 99 90 32 88 104 61 93 91 21 90 69 35 54 59 69 33 117 57 0 112 53 49 106 83 36 106 67 79 80 74 36 103 53
17 87 71 68 69 63 7 78 7 84 69 58 100 61 62 23 84 22 26 78 88 42 9 55 43 21 93 57 45 88 86 68 46 79 24 55 112 0 70 92 18 60 80 6 47 40 33 48 79 33 76
64 36 11 10 72 14 67 32 64 42 2 26 33 28 31 59 17 49 67 40 22 36 65 15 71 50 32 76 25 21 18 6 43 28 68 24 53 70 0 23 59 73 41 64 23 53 47 23 39 51 7
87 43 21 24 93 37 90 33 85 54 25 40 21 49 52 82 19 70 90 42 21 54 88 38 94 73 32 99 48 17 6 24 66 40 87 47 49 92 23 0 79 94 54 86 46 76 70 44 52 69 16
31 82 58 55 78 55 22 62 11 82 59 42 91 58 60 34 75 11 40 61 79 26 23 46 56 21 86 69 37 79 73 56 48 74 11 51 106 18 59 79 0 71 78 15 39 47 35 36 77 15 64
43 61 83 81 10 59 53 102 64 51 71 84 89 45 42 37 77 64 35 107 78 77 51 62 18 51 74 7 57 81 91 77 31 58 81 49 83 60 73 94 71 0 47 59 56 25 37 67 49 81 80
65 14 52 51 42 29 74 73 77 4 39 64 44 20 18 58 35 67 64 81 34 66 71 39 57 59 28 54 43 38 54 47 34 14 89 28 36 80 41 54 78 47 0 74 41 43 47 52 2 78 47
16 81 65 62 68 57 7 72 5 78 63 52 94 55 56 22 78 16 25 73 82 36 8 49 42 15 87 56 39 82 80 62 41 73 22 49 106 6 64 86 15 59 74 0 41 38 28 42 74 30 70
41 43 29 26 59 16 44 46 43 45 22 29 53 21 23 36 37 28 44 51 41 25 42 8 51 27 47 58 2 41 41 23 25 35 50 13 67 47 23 46 39 56 41 41 0 33 25 12 40 37 30
24 54 62 59 31 39 34 79 43 47 51 60 76 29 28 17 61 39 21 83 63 52 31 40 18 26 63 25 33 65 71 56 10 47 58 29 79 40 53 76 47 25 43 38 33 0 12 43 43 56 60
19 55 54 51 43 36 27 69 32 51 46 50 74 30 29 12 58 27 20 73 61 40 24 32 27 14 64 37 24 62 65 48 13 48 46 26 80 33 47 70 35 37 47 28 25 12 0 33 47 44 54
46 51 23 20 70 23 47 36 41 55 23 17 55 32 34 43 39 26 51 40 44 15 44 13 60 30 53 68 10 43 38 20 36 43 45 24 74 48 23 44 36 67 52 42 12 43 33 0 50 29 28
65 12 50 49 43 27 74 71 77 5 37 62 42 19 18 58 33 66 64 79 32 65 71 37 58 59 26 55 42 36 52 45 34 12 88 27 36 79 39 52 77 49 2 74 40 43 47 50 0 77 45
44 80 48 45 87 52 37 48 26 82 52 30 84 58 60 45 68 17 52 46 73 15 38 42 67 30 82 79 35 72 63 47 55 72 18 50 103 33 51 69 15 81 78 30 37 56 44 29 77 0 55
71 39 8 10 79 21 74 29 69 47 9 27 30 35 38 66 16 54 74 37 21 40 72 22 78 57 32 83 32 19 11 8 50 33 72 31 53 76 7 16 64 80 47 70 30 60 54 28 45 55 0
0 1246
286 654
716 952
445 875
465 867
813 1246
600 965
41 600
252 737
741 1081
640 1178
139 688
122 602
534 940
761 1246
776 979
108 540
772 1018
380 872
672 910
63 579
180 615
296 833
640 988
348 620
356 735
615 961
271 758
315 739
404 665
155 434
198 494
578 1136
23 371
237 643
635 877
529 746
618 925
840 1246
633 905
548 1098
692 1048
610 941
580 819
433 796
701 911
456 939
464 909
89 469
62 268
774 1072
