51
0 17 21 53 34 13 32 52 34 61 67 74 21 64 73 26 17 25 54 56 15 68 65 37 90 43 57 15 14 78 44 84 73 98 32 61 58 15 44 53 11 22 12 33 29 39 18 25 0 28 18
17 0 19 66 50 6 45 64 50 78 83 81 9 78 90 13 14 23 67 69 22 75 78 45 107 55 65 25 31 95 61 91 81 115 18 78 68 32 60 61 13 28 14 47 27 55 15 22 17 41 17
21 19 0 73 52 23 53 73 39 74 69 62 12 62 78 16 5 4 75 77 35 56 86 26 99 38 46 36 29 88 57 72 62 107 22 73 79 30 46 42 10 42 29 33 8 56 4 7 21 49 34
53 66 73 0 22 60 21 16 51 37 69 103 74 75 64 79 70 76 6 12 45 97 19 74 67 67 85 41 45 57 33 113 94 74 84 41 22 44 57 81 64 42 52 58 80 21 71 78 53 25 54
34 50 52 22 0 45 15 31 30 32 55 82 55 58 53 60 50 54 26 31 32 76 39 52 63 46 64 28 23 51 18 92 75 71 66 34 38 22 38 60 44 33 39 37 58 5 51 58 34 17 42
13 6 23 60 45 0 39 58 47 74 80 84 15 76 86 19 18 27 61 63 16 78 72 47 103 55 67 19 27 91 57 94 83 111 24 74 62 28 57 63 14 22 8 45 31 50 19 26 13 35 11
32 45 53 21 15 39 0 20 43 47 70 95 53 73 68 58 49 57 22 24 24 89 33 61 78 59 77 20 28 66 33 105 88 86 63 49 26 28 52 73 43 21 31 48 61 20 50 57 32 4 33
52 64 73 16 31 58 20 0 61 53 83 113 72 87 80 77 69 77 10 6 42 107 14 81 83 77 95 39 48 73 46 123 105 90 82 57 7 48 68 91 63 37 50 67 81 32 70 77 52 24 49
34 50 39 51 30 47 43 61 0 37 33 52 49 31 40 54 42 40 56 61 44 46 69 24 60 16 34 41 21 49 23 62 45 68 60 35 68 20 10 30 38 49 46 8 41 30 42 45 34 42 52
61 78 74 37 32 74 47 53 37 0 34 80 80 44 27 85 75 76 43 49 64 76 55 61 32 49 65 60 47 20 17 87 66 40 91 4 59 46 35 63 69 65 70 45 78 27 76 81 61 49 74
67 83 69 69 55 80 70 83 33 34 0 48 80 12 13 84 72 69 75 81 77 46 88 46 36 32 38 74 54 30 37 55 34 44 90 30 90 53 23 39 70 82 79 36 69 51 72 75 67 71 85
74 81 62 103 82 84 95 113 52 80 48 0 74 36 61 76 67 58 108 113 89 6 121 37 84 36 18 88 68 78 72 10 15 92 81 76 120 68 47 22 70 96 86 47 55 82 66 63 74 93 92
21 9 12 74 55 15 53 72 49 80 80 74 0 74 89 5 8 16 75 77 31 68 86 38 109 50 58 33 33 97 63 84 74 117 11 80 76 34 57 54 11 37 23 44 20 60 8 13 21 49 26
64 78 62 75 58 76 73 87 31 44 12 36 74 0 25 78 67 61 80 86 75 34 93 37 48 24 26 72 52 42 42 43 22 56 84 40 94 51 21 27 65 80 76 31 60 55 66 67 64 72 82
73 90 78 64 53 86 68 80 40 27 13 61 89 25 0 93 81 78 70 76 82 59 82 57 23 43 51 78 59 17 35 68 47 31 99 23 86 58 32 52 78 84 84 45 79 49 81 84 73 70 90
26 13 16 79 60 19 58 77 54 85 84 76 5 78 93 0 12 18 80 82 35 70 91 42 114 54 62 38 38 102 68 85 78 122 6 85 81 39 61 58 16 41 27 48 21 65 12 13 26 54 30
17 14 5 70 50 18 49 69 42 75 72 67 8 67 81 12 0 9 71 73 31 61 82 31 102 43 51 32 28 90 58 77 67 110 18 75 75 29 49 47 6 38 24 36 13 55 1 8 17 45 29
25 23 4 76 54 27 57 77 40 76 69 58 16 61 78 18 9 0 79 81 39 53 90 24 100 37 44 40 32 89 59 68 60 108 24 74 83 32 46 40 14 46 33 33 4 58 8 6 25 53 38
54 67 75 6 26 61 22 10 56 43 75 108 75 80 70 80 71 79 0 6 46 102 13 78 73 72 90 42 48 63 38 118 99 80 85 47 16 47 62 86 65 42 53 63 83 26 72 79 54 26 54
56 69 77 12 31 63 24 6 61 49 81 113 77 86 76 82 73 81 6 0 48 107 9 83 79 77 95 44 52 68 44 123 105 85 87 53 11 51 68 91 67 43 55 68 85 32 74 81 56 28 55
15 22 35 45 32 16 24 42 44 64 77 89 31 75 82 35 31 39 46 48 0 83 56 52 95 56 72 4 23 83 48 99 86 103 40 66 46 24 54 68 25 7 8 45 43 37 32 39 15 20 10
68 75 56 97 76 78 89 107 46 76 46 6 68 34 59 70 61 53 102 107 83 0 115 31 82 30 12 82 62 76 67 16 14 90 75 72 114 62 42 16 64 90 80 41 49 76 60 57 68 87 86
65 78 86 19 39 72 33 14 69 55 88 121 86 93 82 91 82 90 13 9 56 115 0 91 82 85 103 53 61 72 51 131 112 88 96 59 13 60 75 99 76 51 64 76 94 39 83 90 65 37 63
37 45 26 74 52 47 61 81 24 61 46 37 38 37 57 42 31 24 78 83 52 31 91 0 80 14 20 51 33 70 47 47 36 88 48 59 87 33 27 16 33 59 49 16 23 53 30 30 37 58 55
90 107 99 67 63 103 78 83 60 32 36 84 109 48 23 114 102 100 73 79 95 82 82 80 0 66 74 91 76 12 47 90 70 8 120 29 89 75 54 75 98 96 100 67 101 58 102 105 90 80 105
43 55 38 67 46 55 59 77 16 49 32 36 50 24 43 54 43 37 72 77 56 30 85 14 66 0 18 53 33 57 38 46 30 74 60 46 84 33 14 14 42 61 55 11 37 46 42 43 43 57 61
57 65 46 85 64 67 77 95 34 65 38 18 58 26 51 62 51 44 90 95 72 12 103 20 74 18 0 70 50 68 55 28 16 82 68 61 102 50 30 4 53 78 69 29 42 64 50 50 57 75 75
15 25 36 41 28 19 20 39 41 60 74 88 33 72 78 38 32 40 42 44 4 82 53 51 91 53 70 0 20 79 44 98 83 99 43 62 43 21 51 66 26 8 11 42 44 33 33 40 15 16 14
14 31 29 45 23 27 28 48 21 47 54 68 33 52 59 38 28 32 48 52 23 62 61 33 76 33 50 20 0 64 30 78 63 84 44 47 54 1 31 46 22 28 25 22 35 27 29 36 14 25 31
78 95 88 57 51 91 66 73 49 20 30 78 97 42 17 102 90 89 63 68 83 76 72 70 12 57 68 79 64 0 35 85 64 20 108 17 79 63 43 67 86 84 88 56 90 46 91 94 78 68 93
44 61 57 33 18 57 33 46 23 17 37 72 63 42 35 68 58 59 38 44 48 67 51 47 47 38 55 44 30 35 0 82 62 55 74 18 53 29 25 52 52 50 53 31 61 14 59 64 44 35 58
84 91 72 113 92 94 105 123 62 87 55 10 84 43 68 85 77 68 118 123 99 16 131 47 90 46 28 98 78 85 82 0 21 96 90 83 130 78 57 32 80 106 96 57 65 92 76 72 84 103 102
73 81 62 94 75 83 88 105 45 66 34 15 74 22 47 78 67 60 99 105 86 14 112 36 70 30 16 83 63 64 62 21 0 77 84 62 112 63 37 20 69 91 85 41 58 73 66 66 73 87 91
98 115 107 74 71 111 86 90 68 40 44 92 117 56 31 122 110 108 80 85 103 90 88 88 8 74 82 99 84 20 55 96 77 0 128 37 96 83 62 83 106 104 108 75 109 66 110 113 98 88 113
32 18 22 84 66 24 63 82 60 91 90 81 11 84 99 6 18 24 85 87 40 75 96 48 120 60 68 43 44 108 74 90 84 128 0 91 86 45 67 64 22 46 32 54 26 71 18 18 32 59 34
61 78 73 41 34 74 49 57 35 4 30 76 80 40 23 85 75 74 47 53 66 72 59 59 29 46 61 62 47 17 18 83 62 37 91 0 63 46 32 59 69 67 71 43 76 29 75 80 61 51 76
58 68 79 22 38 62 26 7 68 59 90 120 76 94 86 81 75 83 16 11 46 114 13 87 89 84 102 43 54 79 53 130 112 96 86 63 0 54 75 98 69 40 54 74 87 39 76 83 58 30 52
15 32 30 44 22 28 28 48 20 46 53 68 34 51 58 39 29 32 47 51 24 62 60 33 75 33 50 21 1 63 29 78 63 83 45 46 54 0 30 46 23 29 26 22 36 26 30 37 15 25 32
44 60 46 57 38 57 52 68 10 35 23 47 57 21 32 61 49 46 62 68 54 42 75 27 54 14 30 51 31 43 25 57 37 62 67 32 75 30 0 28 47 59 56 13 47 36 49 52 44 51 62
53 61 42 81 60 63 73 91 30 63 39 22 54 27 52 58 47 40 86 91 68 16 99 16 75 14 4 66 46 67 52 32 20 83 64 59 98 46 28 0 49 74 65 25 38 60 46 46 53 71 71
11 13 10 64 44 14 43 63 38 69 70 70 11 65 78 16 6 14 65 67 25 64 76 33 98 42 53 26 22 86 52 80 69 106 22 69 69 23 47 49 0 32 19 34 18 49 7 14 11 39 25
22 28 42 42 33 22 21 37 49 65 82 96 37 80 84 41 38 46 42 43 7 90 51 59 96 61 78 8 28 84 50 106 91 104 46 67 40 29 59 74 32 0 14 50 50 38 39 46 22 17 12
12 14 29 52 39 8 31 50 46 70 79 86 23 76 84 27 24 33 53 55 8 80 64 49 100 55 69 11 25 88 53 96 85 108 32 71 54 26 56 65 19 14 0 45 37 44 25 32 12 27 6
33 47 33 58 37 45 48 67 8 45 36 47 44 31 45 48 36 33 63 68 45 41 76 16 67 11 29 42 22 56 31 57 41 75 54 43 74 22 13 25 34 50 45 0 34 37 36 39 33 46 51
29 27 8 80 58 31 61 81 41 78 69 55 20 60 79 21 13 4 83 85 43 49 94 23 101 37 42 44 35 90 61 65 58 109 26 76 87 36 47 38 18 50 37 34 0 62 12 8 29 57 42
39 55 56 21 5 50 20 32 30 27 51 82 60 55 49 65 55 58 26 32 37 76 39 53 58 46 64 33 27 46 14 92 73 66 71 29 39 26 36 60 49 38 44 37 62 0 56 63 39 22 47
18 15 4 71 51 19 50 70 42 76 72 66 8 66 81 12 1 8 72 74 32 60 83 30 102 42 50 33 29 91 59 76 66 110 18 75 76 30 49 46 7 39 25 36 12 56 0 7 18 46 30
25 22 7 78 58 26 57 77 45 81 75 63 13 67 84 13 8 6 79 81 39 57 90 30 105 43 50 40 36 94 64 72 66 113 18 80 83 37 52 46 14 46 32 39 8 63 7 0 25 53 37
0 17 21 53 34 13 32 52 34 61 67 74 21 64 73 26 17 25 54 56 15 68 65 37 90 43 57 15 14 78 44 84 73 98 32 61 58 15 44 53 11 22 12 33 29 39 18 25 0 28 18
28 41 49 25 17 35 4 24 42 49 71 93 49 72 70 54 45 53 26 28 20 87 37 58 80 57 75 16 25 68 35 103 87 88 59 51 30 25 51 71 39 17 27 46 57 22 46 53 28 0 29
18 17 34 54 42 11 33 49 52 74 85 92 26 82 90 30 29 38 54 55 10 86 63 55 105 61 75 14 31 93 58 102 91 113 34 76 52 32 62 71 25 12 6 51 42 47 30 37 18 29 0
0 1439
458 1065
525 1097
465 1057
693 1054
156 572
280 575
380 1188
250 935
321 1011
623 1096
118 555
266 958
199 809
213 541
614 1431
370 728
32 640
250 612
214 699
673 1227
455 1309
763 1439
783 1439
778 1386
774 1204
804 1292
796 1439
297 739
90 489
492 1025
412 778
151 768
712 1248
357 1135
172 970
779 1305
529 1121
103 587
699 1428
709 1439
252 688
269 943
142 806
108 710
35 846
47 898
309 977
567 1002
602 1126
33 723
