51
0 10 42 32 65 66 73 43 70 73 78 41 47 63 31 63 35 45 57 58 38 31 58 3 60 26 73 8 19 35 34 7 50 31 39 31 68 39 76 45 28 39 12 64 28 75 41 32 47 53 39
10 0 49 42 63 65 79 53 71 69 76 40 45 71 37 66 37 39 59 60 46 39 54 13 69 34 75 16 29 43 44 15 60 41 38 41 76 38 75 35 18 46 2 60 19 74 49 42 49 51 31
42 49 0 48 46 37 31 55 36 60 53 31 38 31 12 23 17 49 24 21 19 18 47 41 38 55 38 34 35 18 50 35 65 36 29 39 33 29 48 68 53 3 51 51 51 48 21 48 13 40 53
32 42 48 0 88 83 75 11 84 97 99 64 71 50 44 71 52 75 70 69 30 30 82 29 40 14 86 31 16 30 2 32 18 12 62 9 56 62 94 77 60 45 44 88 60 94 30 0 59 76 71
65 63 46 88 0 14 51 97 21 14 13 24 18 76 45 36 36 30 25 29 65 61 12 65 84 88 25 59 72 62 90 59 106 78 26 81 75 26 15 55 51 48 64 8 49 13 67 88 33 12 40
66 65 37 83 14 0 37 90 7 27 16 25 24 64 39 23 32 39 13 17 56 53 24 66 74 87 11 59 67 54 85 60 100 71 27 74 63 27 11 64 58 39 66 22 56 11 58 83 24 20 49
73 79 31 75 51 37 0 80 31 64 49 50 53 36 42 15 42 69 28 24 45 47 59 72 50 85 28 65 65 45 77 66 90 63 50 66 32 50 42 92 79 34 81 59 77 44 45 75 30 52 76
43 53 55 11 97 90 80 0 91 107 106 74 81 50 52 78 61 86 77 76 37 37 92 40 37 24 93 42 27 37 9 43 10 19 72 16 56 72 101 88 71 52 55 98 71 101 35 11 66 86 82
70 71 36 84 21 7 31 91 0 33 18 31 31 62 41 19 35 46 14 15 55 54 31 69 73 89 4 62 69 54 86 63 101 72 33 75 60 33 12 71 64 39 72 29 62 13 57 84 25 27 56
73 69 60 97 14 27 64 107 33 0 18 33 26 90 56 50 47 32 39 43 77 72 15 74 98 97 37 68 81 74 99 68 115 89 35 91 89 35 23 55 55 61 70 9 53 21 80 97 47 21 42
78 76 53 99 13 16 49 106 18 18 0 37 31 80 55 37 47 43 29 33 72 69 25 78 90 101 21 72 83 70 101 72 116 87 39 90 78 39 7 68 64 55 77 20 62 5 74 99 40 25 53
41 40 31 64 24 25 50 74 31 33 37 0 7 62 23 35 14 20 22 26 44 39 18 41 68 64 35 35 48 41 66 35 82 56 2 58 64 2 35 43 33 30 41 24 31 34 47 64 21 12 27
47 45 38 71 18 24 53 81 31 26 31 7 0 69 30 38 21 16 25 29 51 46 11 48 75 71 35 42 55 48 73 42 89 63 9 65 70 9 32 41 34 37 46 17 32 31 54 71 26 6 25
63 71 31 50 76 64 36 50 62 90 80 62 69 0 41 43 48 80 51 47 25 32 78 60 14 63 61 55 46 28 51 56 60 38 60 41 6 60 74 98 82 32 73 81 80 75 22 50 43 71 84
31 37 12 44 45 39 42 52 41 56 55 23 30 41 0 32 9 41 27 27 21 16 41 30 45 48 43 23 28 18 46 24 62 33 21 36 44 21 50 57 41 10 39 47 39 50 24 44 16 35 43
63 66 23 71 36 23 15 78 19 50 37 35 38 43 32 0 29 54 13 9 42 41 44 62 55 78 18 55 58 41 73 56 88 59 35 62 41 35 31 77 66 26 68 44 64 32 43 71 17 37 61
35 37 17 52 36 32 42 61 35 47 47 14 21 48 9 29 0 32 22 23 30 25 32 34 54 55 38 27 36 27 54 28 70 42 12 45 50 12 43 51 37 16 39 38 35 43 33 52 12 26 36
45 39 49 75 30 39 69 86 46 32 43 20 16 80 41 54 32 0 41 45 62 56 18 48 86 71 50 44 59 59 77 43 93 69 20 71 82 20 45 25 23 48 39 24 21 43 65 75 40 19 10
57 59 24 70 25 13 28 77 14 39 29 22 25 51 27 13 22 41 0 4 43 40 31 56 61 75 16 49 55 41 72 50 87 58 23 61 50 23 24 65 54 26 61 32 52 24 45 70 11 24 49
58 60 21 69 29 17 24 76 15 43 33 26 29 47 27 9 23 45 4 0 40 39 35 57 58 75 17 50 55 39 71 51 86 57 26 60 46 26 27 68 57 24 62 36 55 28 42 69 11 28 52
38 46 19 30 65 56 45 37 55 77 72 44 51 25 21 42 30 62 43 40 0 7 62 35 24 42 57 30 22 3 32 31 47 18 42 21 30 42 67 74 58 17 48 68 56 67 3 30 32 56 62
31 39 18 30 61 53 47 37 54 72 69 39 46 32 16 41 25 56 40 39 7 0 57 28 31 38 56 23 18 4 32 24 47 18 37 21 37 37 64 67 51 15 41 63 49 64 10 30 29 51 56
58 54 47 82 12 24 59 92 31 15 25 18 11 78 41 44 32 18 31 35 62 57 0 59 85 82 35 53 66 59 84 53 100 74 20 76 79 20 27 43 41 48 55 6 39 25 65 82 35 7 28
3 13 41 29 65 66 72 40 69 74 78 41 48 60 30 62 34 48 56 57 35 28 59 0 57 23 72 7 16 32 31 6 47 28 39 28 65 39 76 48 31 38 15 65 31 75 38 29 46 53 42
60 69 38 40 84 74 50 37 73 98 90 68 75 14 45 55 54 86 61 58 24 31 85 57 0 54 73 53 41 27 41 54 47 30 66 32 20 66 85 98 82 38 71 89 80 85 21 40 51 78 86
26 34 55 14 88 87 85 24 89 97 101 64 71 63 48 78 55 71 75 75 42 38 82 23 54 0 91 29 20 40 16 29 26 25 62 22 69 62 98 69 52 52 35 88 53 98 43 14 64 76 65
73 75 38 86 25 11 28 93 4 37 21 35 35 61 43 18 38 50 16 17 57 56 35 72 73 91 0 65 71 56 88 66 103 74 37 77 58 37 14 75 68 41 76 33 66 16 59 86 27 31 60
8 16 34 31 59 59 65 42 62 68 72 35 42 55 23 55 27 44 49 50 30 23 53 7 53 29 65 0 15 27 33 1 49 27 33 27 60 33 70 47 30 31 18 59 30 69 33 31 39 47 40
19 29 35 16 72 67 65 27 69 81 83 48 55 46 28 58 36 59 55 55 22 18 66 16 41 20 71 15 0 20 18 16 34 12 46 12 52 46 78 62 45 32 31 72 45 78 24 16 44 60 55
35 43 18 30 62 54 45 37 54 74 70 41 48 28 18 41 27 59 41 39 3 4 59 32 27 40 56 27 20 0 32 28 47 18 39 21 33 39 65 71 55 15 45 65 53 65 6 30 30 53 59
34 44 50 2 90 85 77 9 86 99 101 66 73 51 46 73 54 77 72 71 32 32 84 31 41 16 88 33 18 32 0 34 16 14 64 11 57 64 96 79 62 47 46 90 62 96 32 2 61 78 73
7 15 35 32 59 60 66 43 63 68 72 35 42 56 24 56 28 43 50 51 31 24 53 6 54 29 66 1 16 28 34 0 50 28 33 28 61 33 70 46 29 32 17 59 29 69 34 32 40 47 39
50 60 65 18 106 100 90 10 101 115 116 82 89 60 62 88 70 93 87 86 47 47 100 47 47 26 103 49 34 47 16 50 0 29 80 26 66 80 111 95 78 62 61 106 78 111 45 18 76 94 89
31 41 36 12 78 71 63 19 72 89 87 56 63 38 33 59 42 69 58 57 18 18 74 28 30 25 74 27 12 18 14 28 29 0 54 3 44 54 82 74 57 33 43 80 57 82 18 12 47 68 67
39 38 29 62 26 27 50 72 33 35 39 2 9 60 21 35 12 20 23 26 42 37 20 39 66 62 37 33 46 39 64 33 80 54 0 56 62 0 37 42 31 28 39 26 29 36 45 62 20 14 26
31 41 39 9 81 74 66 16 75 91 90 58 65 41 36 62 45 71 61 60 21 21 76 28 32 22 77 27 12 21 11 28 26 3 56 0 47 56 85 74 57 36 43 82 57 85 21 9 50 70 67
68 76 33 56 75 63 32 56 60 89 78 64 70 6 44 41 50 82 50 46 30 37 79 65 20 69 58 60 52 33 57 61 66 44 62 47 0 62 72 101 85 34 78 82 83 73 28 56 44 72 86
39 38 29 62 26 27 50 72 33 35 39 2 9 60 21 35 12 20 23 26 42 37 20 39 66 62 37 33 46 39 64 33 80 54 0 56 62 0 37 42 31 28 39 26 29 36 45 62 20 14 26
76 75 48 94 15 11 42 101 12 23 7 35 32 74 50 31 43 45 24 27 67 64 27 76 85 98 14 70 78 65 96 70 111 82 37 85 72 37 0 70 66 50 76 23 64 2 69 94 35 27 55
45 35 68 77 55 64 92 88 71 55 68 43 41 98 57 77 51 25 65 68 74 67 43 48 98 69 75 47 62 71 79 46 95 74 42 74 101 42 70 0 17 67 34 49 18 68 77 77 62 44 16
28 18 53 60 51 58 79 71 64 55 64 33 34 82 41 66 37 23 54 57 58 51 41 31 82 52 68 30 45 55 62 29 78 57 31 57 85 31 66 17 0 51 18 47 2 64 61 60 49 39 14
39 46 3 45 48 39 34 52 39 61 55 30 37 32 10 26 16 48 26 24 17 15 48 38 38 52 41 31 32 15 47 32 62 33 28 36 34 28 50 67 51 0 48 52 49 50 19 45 15 41 52
12 2 51 44 64 66 81 55 72 70 77 41 46 73 39 68 39 39 61 62 48 41 55 15 71 35 76 18 31 45 46 17 61 43 39 43 78 39 76 34 18 48 0 61 19 75 51 44 51 52 31
64 60 51 88 8 22 59 98 29 9 20 24 17 81 47 44 38 24 32 36 68 63 6 65 89 88 33 59 72 65 90 59 106 80 26 82 82 26 23 49 47 52 61 0 45 21 71 88 38 12 34
28 19 51 60 49 56 77 71 62 53 62 31 32 80 39 64 35 21 52 55 56 49 39 31 80 53 66 30 45 53 62 29 78 57 29 57 83 29 64 18 2 49 19 45 0 62 59 60 47 37 12
75 74 48 94 13 11 44 101 13 21 5 34 31 75 50 32 43 43 24 28 67 64 25 75 85 98 16 69 78 65 96 69 111 82 36 85 73 36 2 68 64 50 75 21 62 0 69 94 35 25 53
41 49 21 30 67 58 45 35 57 80 74 47 54 22 24 43 33 65 45 42 3 10 65 38 21 43 59 33 24 6 32 34 45 18 45 21 28 45 69 77 61 19 51 71 59 69 0 30 34 59 65
32 42 48 0 88 83 75 11 84 97 99 64 71 50 44 71 52 75 70 69 30 30 82 29 40 14 86 31 16 30 2 32 18 12 62 9 56 62 94 77 60 45 44 88 60 94 30 0 59 76 71
47 49 13 59 33 24 30 66 25 47 40 21 26 43 16 17 12 40 11 11 32 29 35 46 51 64 27 39 44 30 61 40 76 47 20 50 44 20 35 62 49 15 51 38 47 35 34 59 0 28 46
53 51 40 76 12 20 52 86 27 21 25 12 6 71 35 37 26 19 24 28 56 51 7 53 78 76 31 47 60 53 78 47 94 68 14 70 72 14 27 44 39 41 52 12 37 25 59 76 28 0 29
39 31 53 71 40 49 76 82 56 42 53 27 25 84 43 61 36 10 49 52 62 56 28 42 86 65 60 40 55 59 73 39 89 67 26 67 86 26 55 16 14 52 31 34 12 53 65 71 46 29 0
0 2159
652 764
596 894
1920 2159
1508 1785
435 609
1912 2159
1623 1823
27 212
54 165
222 437
1474 1640
1942 2159
1780 1915
1473 1602
1570 1872
1183 1362
662 793
1683 1906
300 579
1463 1615
716 966
419 618
361 579
949 1181
1243 1363
1320 1492
604 890
627 795
83 317
13 198
319 633
32 225
386 552
166 363
432 631
1184 1359
1532 1704
1596 1821
1125 1290
991 1241
1234 1543
1941 2058
1245 1450
1656 1780
139 409
766 965
801 1022
731 977
29 170
643 815
