51
0 44 78 97 84 63 46 43 84 44 75 40 89 82 57 80 75 33 36 18 3 78 68 37 88 91 67 62 78 62 62 88 83 76 52 40 66 60 76 28 85 88 90 85 60 47 67 22 11 32 79
44 0 37 55 60 25 25 13 55 45 31 41 59 47 15 59 44 39 18 30 47 54 41 9 47 50 55 21 40 22 39 50 59 35 31 13 64 19 50 16 55 44 48 43 27 47 26 47 51 21 37
78 37 0 20 45 18 38 36 69 60 18 58 32 19 35 45 23 61 44 61 81 39 63 41 10 13 54 16 48 18 34 15 44 3 37 49 68 18 32 53 29 15 40 36 50 60 11 75 82 48 33
97 55 20 0 58 38 58 55 73 80 25 78 42 32 46 60 39 81 63 80 100 54 69 60 12 13 71 35 52 37 53 24 58 23 57 65 86 37 47 71 40 12 36 34 58 80 30 94 101 67 36
84 60 45 58 0 38 38 49 108 43 61 45 19 27 66 4 22 52 50 66 87 6 96 57 47 45 20 45 89 42 22 34 1 43 32 73 34 45 13 68 18 60 84 79 82 40 46 67 80 52 76
63 25 18 38 38 0 20 20 70 43 26 41 34 22 28 38 19 43 27 45 66 32 58 27 28 30 40 7 51 4 20 26 37 15 20 38 54 7 26 39 30 31 49 44 44 43 10 57 65 31 40
46 25 38 58 38 20 0 12 80 24 43 21 43 36 39 36 29 23 12 28 49 32 66 20 48 49 30 24 64 22 16 43 37 35 6 37 39 23 30 30 39 50 66 61 52 24 29 37 47 14 56
43 13 36 55 49 20 12 0 68 33 37 30 50 41 27 47 35 29 8 25 46 43 54 8 46 49 42 20 52 19 27 46 48 34 18 25 51 18 39 20 46 46 58 53 40 34 25 39 46 12 47
84 55 69 73 108 70 80 68 0 100 51 96 101 88 42 108 89 93 73 78 85 102 16 63 75 79 110 65 21 66 90 84 107 70 85 48 119 63 96 61 98 61 39 39 28 102 65 96 94 75 37
44 45 60 80 43 43 24 33 100 0 67 4 56 53 60 39 45 11 27 30 46 39 85 37 69 70 24 48 85 46 29 61 42 57 23 54 23 47 42 43 53 74 90 85 72 3 53 25 38 25 80
75 31 18 25 61 26 43 37 51 67 0 64 50 37 21 61 39 66 45 60 78 55 45 39 24 28 66 19 30 22 46 33 60 19 45 40 80 20 48 47 47 13 23 18 33 67 16 76 81 49 15
40 41 58 78 45 41 21 30 96 4 64 0 56 53 56 41 45 7 23 26 42 40 81 33 67 68 27 45 81 43 29 60 44 55 21 50 27 44 42 39 53 71 87 82 68 7 50 22 35 21 76
89 59 32 42 19 34 43 50 101 56 50 56 0 13 62 21 15 62 55 71 92 18 92 58 31 29 36 40 80 38 28 18 18 31 38 72 51 41 14 70 4 45 72 68 78 53 37 78 90 57 65
82 47 19 32 27 22 36 41 88 53 37 53 13 0 49 28 8 57 47 64 85 22 79 49 20 19 39 27 67 25 24 8 26 18 32 60 54 28 15 61 10 33 59 55 65 51 24 73 83 50 52
57 15 35 46 66 28 39 27 42 60 21 56 62 49 0 66 47 54 33 45 60 60 30 24 44 48 68 23 25 24 48 50 65 34 43 19 78 21 54 29 58 34 33 28 16 61 25 62 65 36 22
80 59 45 60 4 38 36 47 108 39 61 41 21 28 66 0 22 48 48 62 83 6 96 55 48 47 16 45 89 42 20 36 3 43 30 71 30 45 13 66 21 60 84 79 82 36 46 63 76 50 76
75 44 23 39 22 19 29 35 89 45 39 45 15 8 47 22 0 49 40 57 78 16 77 43 27 26 32 25 68 23 16 16 21 21 24 57 47 26 9 55 11 38 62 57 63 43 24 65 76 43 54
33 39 61 81 52 43 23 29 93 11 66 7 62 57 54 48 49 0 21 19 35 47 78 30 71 72 34 47 79 45 34 64 51 58 25 46 34 46 48 34 58 73 86 81 65 14 52 16 28 18 75
36 18 44 63 50 27 12 8 73 27 45 23 55 47 33 48 40 21 0 18 39 44 58 10 54 56 41 28 58 26 28 52 49 41 18 27 48 26 42 18 51 54 65 60 45 29 33 31 38 4 54
18 30 61 80 66 45 28 25 78 30 60 26 71 64 45 62 57 19 18 0 21 60 62 21 71 74 52 45 68 44 44 70 65 59 34 30 53 43 58 17 67 71 78 73 51 33 50 18 21 14 67
3 47 81 100 87 66 49 46 85 46 78 42 92 85 60 83 78 35 39 21 0 81 69 40 91 94 69 65 81 65 65 91 86 79 55 43 68 63 79 31 88 91 93 88 63 49 70 23 11 35 82
78 54 39 54 6 32 32 43 102 39 55 40 18 22 60 6 16 47 44 60 81 0 90 51 42 41 18 39 83 36 16 30 5 37 26 67 33 39 7 62 16 54 78 73 76 36 40 62 75 46 70
68 41 63 69 96 58 66 54 16 85 45 81 92 79 30 96 77 78 58 62 69 90 0 48 69 73 96 53 20 54 78 78 95 62 71 32 105 51 84 45 88 57 40 39 14 87 55 80 78 60 34
37 9 41 60 57 27 20 8 63 37 39 33 58 49 24 55 43 30 10 21 40 51 48 0 51 54 50 25 49 25 35 53 56 39 26 17 58 23 47 12 54 51 57 52 35 39 30 38 42 12 46
88 47 10 12 47 28 48 46 75 69 24 67 31 20 44 48 27 71 54 71 91 42 69 51 0 4 59 26 54 28 41 13 46 13 46 59 74 28 35 63 29 15 42 38 57 68 21 85 92 58 38
91 50 13 13 45 30 49 49 79 70 28 68 29 19 48 47 26 72 56 74 94 41 73 54 4 0 58 29 58 30 41 11 45 15 47 62 73 31 34 66 27 18 45 41 61 68 24 86 94 60 42
67 55 54 71 20 40 30 42 110 24 66 27 36 39 68 16 32 34 41 52 69 18 96 50 59 58 0 47 91 44 20 47 19 51 25 67 15 47 24 59 34 68 89 84 82 21 50 49 62 41 80
62 21 16 35 45 7 24 20 65 48 19 45 40 27 23 45 25 47 28 45 65 39 53 25 26 29 47 0 45 3 27 29 44 14 26 34 61 2 33 37 36 26 42 37 39 48 5 59 66 32 33
78 40 48 52 89 51 64 52 21 85 30 81 80 67 25 89 68 79 58 68 81 83 20 49 54 58 91 45 0 47 71 63 88 49 68 38 103 44 77 51 77 40 20 19 18 86 44 86 87 61 16
62 22 18 37 42 4 22 19 66 46 22 43 38 25 24 42 23 45 26 44 65 36 54 25 28 30 44 3 47 0 24 28 41 15 23 35 58 3 30 37 34 28 45 40 40 45 7 57 64 30 36
62 39 34 53 22 20 16 27 90 29 46 29 28 24 48 20 16 34 28 44 65 16 78 35 41 41 20 27 71 24 0 32 21 31 10 51 34 27 14 46 24 48 69 64 64 27 30 50 62 30 60
88 50 15 24 34 26 43 46 84 61 33 60 18 8 50 36 16 64 52 70 91 30 78 53 13 11 47 29 63 28 32 0 34 16 39 63 62 31 23 65 16 27 54 50 65 59 25 80 90 56 48
83 59 44 58 1 37 37 48 107 42 60 44 18 26 65 3 21 51 49 65 86 5 95 56 46 45 19 44 88 41 21 34 0 42 31 72 33 44 12 67 18 59 83 78 81 39 45 66 79 51 75
76 35 3 23 43 15 35 34 70 57 19 55 31 18 34 43 21 58 41 59 79 37 62 39 13 15 51 14 49 15 31 16 42 0 34 47 65 16 30 51 28 17 41 37 49 57 9 72 79 45 34
52 31 37 57 32 20 6 18 85 23 45 21 38 32 43 30 24 25 18 34 55 26 71 26 46 47 25 26 68 23 10 39 31 34 0 43 35 25 24 36 34 51 68 63 57 23 30 41 52 20 58
40 13 49 65 73 38 37 25 48 54 40 50 72 60 19 71 57 46 27 30 43 67 32 17 59 62 67 34 38 35 51 63 72 47 43 0 75 32 63 13 68 53 51 46 21 56 38 48 49 29 40
66 64 68 86 34 54 39 51 119 23 80 27 51 54 78 30 47 34 48 53 68 33 105 58 74 73 15 61 103 58 34 62 33 65 35 75 0 60 39 64 49 82 103 98 91 20 64 45 59 46 93
60 19 18 37 45 7 23 18 63 47 20 44 41 28 21 45 26 46 26 43 63 39 51 23 28 31 47 2 44 3 27 31 44 16 25 32 60 0 33 35 37 28 43 38 37 47 7 57 64 30 33
76 50 32 47 13 26 30 39 96 42 48 42 14 15 54 13 9 48 42 58 79 7 84 47 35 34 24 33 77 30 14 23 12 30 24 63 39 33 0 59 11 47 71 66 70 39 33 64 76 44 63
28 16 53 71 68 39 30 20 61 43 47 39 70 61 29 66 55 34 18 17 31 62 45 12 63 66 59 37 51 37 46 65 67 51 36 13 64 35 59 0 66 60 62 57 34 45 42 35 36 18 51
85 55 29 40 18 30 39 46 98 53 47 53 4 10 58 21 11 58 51 67 88 16 88 54 29 27 34 36 77 34 24 16 18 28 34 68 49 37 11 66 0 43 69 65 74 50 34 74 86 53 62
88 44 15 12 60 31 50 46 61 74 13 71 45 33 34 60 38 73 54 71 91 54 57 51 15 18 68 26 40 28 48 27 59 17 51 53 82 28 47 60 43 0 27 23 46 73 21 85 92 58 24
90 48 40 36 84 49 66 58 39 90 23 87 72 59 33 84 62 86 65 78 93 78 40 57 42 45 89 42 20 45 69 54 83 41 68 51 103 43 71 62 69 27 0 5 35 90 39 95 98 69 11
85 43 36 34 79 44 61 53 39 85 18 82 68 55 28 79 57 81 60 73 88 73 39 52 38 41 84 37 19 40 64 50 78 37 63 46 98 38 66 57 65 23 5 0 32 85 34 90 93 64 6
60 27 50 58 82 44 52 40 28 72 33 68 78 65 16 82 63 65 45 51 63 76 14 35 57 61 82 39 18 40 64 65 81 49 57 21 91 37 70 34 74 46 35 32 0 74 41 69 70 47 26
47 47 60 80 40 43 24 34 102 3 67 7 53 51 61 36 43 14 29 33 49 36 87 39 68 68 21 48 86 45 27 59 39 57 23 56 20 47 39 45 50 73 90 85 74 0 52 28 41 27 80
67 26 11 30 46 10 29 25 65 53 16 50 37 24 25 46 24 52 33 50 70 40 55 30 21 24 50 5 44 7 30 25 45 9 30 38 64 7 33 42 34 21 39 34 41 52 0 64 71 37 31
22 47 75 94 67 57 37 39 96 25 76 22 78 73 62 63 65 16 31 18 23 62 80 38 85 86 49 59 86 57 50 80 66 72 41 48 45 57 64 35 74 85 95 90 69 28 64 0 14 27 84
11 51 82 101 80 65 47 46 94 38 81 35 90 83 65 76 76 28 38 21 11 75 78 42 92 94 62 66 87 64 62 90 79 79 52 49 59 64 76 36 86 92 98 93 70 41 71 14 0 35 87
32 21 48 67 52 31 14 12 75 25 49 21 57 50 36 50 43 18 4 14 35 46 60 12 58 60 41 32 61 30 30 56 51 45 20 29 46 30 44 18 53 58 69 64 47 27 37 27 35 0 58
79 37 33 36 76 40 56 47 37 80 15 76 65 52 22 76 54 75 54 67 82 70 34 46 38 42 80 33 16 36 60 48 75 34 58 40 93 33 63 51 62 24 11 6 26 80 31 84 87 58 0
0 1287
14 525
623 1287
475 861
123 889
62 618
49 545
413 946
595 1015
392 1088
362 1124
401 890
493 815
54 656
506 968
114 692
337 754
29 987
251 854
515 1287
46 966
312 1014
460 1287
266 1174
195 843
628 1034
168 752
232 792
497 1287
592 1287
564 1287
561 1123
44 599
475 1077
116 677
428 1287
299 742
99 457
613 983
518 978
408 1117
313 1071
352 1171
219 945
592 976
225 737
500 1167
415 1162
103 924
367 874
423 776
