51
0 51 71 45 64 18 87 91 33 43 72 22 47 91 6 44 62 45 88 60 14 20 45 39 85 68 16 73 16 33 88 42 86 61 26 10 82 9 81 43 25 58 77 64 19 63 25 8 60 37 26
51 0 55 6 84 47 86 83 19 78 38 44 60 76 57 39 24 71 66 47 64 38 79 47 69 83 43 54 43 21 42 9 70 57 44 61 66 58 57 76 26 73 61 52 68 31 29 43 91 14 74
71 55 0 54 53 55 35 28 64 64 22 51 35 21 75 27 32 52 17 11 76 51 63 35 14 46 55 4 79 48 48 56 15 15 85 75 11 71 12 60 60 42 6 9 76 25 71 70 67 55 79
45 6 54 0 79 41 84 81 14 72 39 38 55 75 51 35 25 66 66 45 58 32 73 42 68 78 37 53 38 15 46 3 69 54 39 55 65 52 57 70 20 68 60 50 62 31 24 37 86 8 68
64 84 53 79 0 47 38 49 80 26 70 46 24 56 62 46 74 19 65 48 56 53 24 37 58 9 52 57 78 65 97 79 56 38 88 59 56 56 64 23 70 11 53 45 53 68 80 68 16 75 50
18 47 55 41 47 0 69 73 36 33 58 4 29 73 21 28 51 29 72 44 21 9 34 21 68 50 5 57 31 26 78 40 69 43 41 20 65 16 65 31 26 40 60 46 23 50 34 21 48 35 28
87 86 35 84 38 69 0 13 91 62 57 66 40 22 89 51 67 50 35 39 86 71 60 50 28 29 72 38 99 74 82 86 26 31 108 87 28 83 41 58 85 34 30 34 84 60 96 89 54 84 83
91 83 28 81 49 73 13 0 90 71 49 69 45 9 94 50 60 59 23 36 91 73 69 52 16 40 75 30 101 73 71 83 14 30 109 92 18 88 30 67 84 43 22 31 90 53 95 92 65 82 91
33 19 64 14 80 36 91 90 0 68 53 34 57 85 39 40 39 63 79 54 47 27 69 44 78 80 31 64 24 17 60 11 79 60 25 43 75 42 70 66 10 70 70 59 52 44 10 25 82 9 59
43 78 64 72 26 33 62 71 68 0 78 34 29 75 40 47 76 12 79 57 33 41 2 36 74 34 38 68 59 57 102 71 74 49 69 37 71 34 76 4 58 28 67 56 28 72 66 51 17 67 25
72 38 22 39 70 58 57 49 53 78 0 54 49 41 77 31 14 66 28 22 79 52 77 42 33 65 57 19 73 40 27 42 35 33 77 77 31 73 19 74 52 59 27 26 81 9 62 67 83 44 86
22 44 51 38 46 4 66 69 34 34 54 0 27 69 25 24 47 29 68 40 25 7 35 17 64 48 6 53 33 23 74 37 65 39 43 24 61 20 61 32 24 38 56 42 27 46 34 23 48 33 32
47 60 35 55 24 29 40 45 57 29 49 27 0 48 49 22 51 17 50 28 46 32 28 13 46 23 33 39 60 41 75 55 46 20 69 47 43 43 47 25 49 13 38 27 45 45 59 50 34 51 46
91 76 21 75 56 73 22 9 85 75 41 69 48 0 94 48 53 63 15 32 93 72 74 52 8 47 75 23 100 69 63 77 6 30 106 93 10 89 22 71 81 48 15 28 93 46 92 91 72 76 94
6 57 75 51 62 21 89 94 39 40 77 25 49 94 0 48 68 43 92 64 8 25 42 42 89 67 20 77 21 39 94 48 90 64 31 4 86 6 85 41 31 58 81 67 13 68 31 14 57 43 20
44 39 27 35 46 28 51 50 40 47 31 24 22 48 48 0 29 36 44 16 49 24 46 11 41 44 28 29 52 23 55 36 42 20 59 48 38 44 37 43 34 35 33 20 50 25 45 43 56 33 55
62 24 32 25 74 51 67 60 39 76 14 47 51 53 68 29 0 65 42 28 70 43 75 40 45 71 48 30 61 29 27 28 47 39 63 68 43 64 33 72 40 63 38 33 73 7 48 56 85 30 79
45 71 52 66 19 29 50 59 63 12 66 29 17 63 43 36 65 0 67 45 38 36 11 25 62 24 34 56 60 51 91 65 62 37 70 41 59 37 64 8 53 16 55 44 34 61 63 50 20 61 33
88 66 17 66 65 72 35 23 79 79 28 68 50 15 92 44 42 67 0 28 93 68 78 52 7 56 72 15 96 63 49 69 9 30 100 92 9 88 9 75 75 55 12 26 93 35 86 87 80 70 96
60 47 11 45 48 44 39 36 54 57 22 40 28 32 64 16 28 45 28 0 65 40 56 24 25 43 44 13 68 37 49 47 26 11 74 64 22 60 21 53 49 37 17 5 65 21 60 59 62 46 69
14 64 76 58 56 21 86 91 47 33 79 25 46 93 8 49 70 38 93 65 0 27 35 41 89 62 22 78 29 44 97 55 89 63 39 4 86 6 86 34 38 53 81 67 5 70 39 22 50 50 12
20 38 51 32 53 9 71 73 27 41 52 7 32 72 25 24 43 36 68 40 27 0 42 21 65 55 5 53 29 17 70 31 66 43 37 25 62 21 61 39 17 45 57 44 30 43 27 19 55 26 36
45 79 63 73 24 34 60 69 69 2 77 35 28 74 42 46 75 11 78 56 35 42 0 35 73 32 39 67 61 58 101 72 73 48 71 39 70 36 75 3 59 26 66 55 30 71 68 53 15 68 27
39 47 35 42 37 21 50 52 44 36 42 17 13 52 42 11 40 25 52 24 41 21 35 0 48 36 23 37 50 28 66 42 48 22 58 41 45 37 45 32 36 26 40 26 41 36 47 40 45 38 45
85 69 14 68 58 68 28 16 78 74 33 64 46 8 89 41 45 62 7 25 89 65 73 48 0 49 69 15 93 62 55 70 2 26 99 88 3 84 14 70 74 49 8 22 89 38 85 84 74 69 92
68 83 46 78 9 50 29 40 80 34 65 48 23 47 67 44 71 24 56 43 62 55 32 36 49 0 54 50 81 64 92 78 48 32 91 65 47 61 57 30 72 10 46 39 58 64 82 71 25 74 57
16 43 55 37 52 5 72 75 31 38 57 6 33 75 20 28 48 34 72 44 22 5 39 23 69 54 0 57 27 22 75 35 70 45 37 20 66 16 65 36 21 44 61 48 25 48 29 17 53 30 31
73 54 4 53 57 57 38 30 64 68 19 53 39 23 77 29 30 56 15 13 78 53 67 37 15 50 57 0 81 48 44 56 17 19 85 77 13 73 8 64 60 46 8 12 78 23 71 72 71 55 82
16 43 79 38 78 31 99 101 24 59 73 33 60 100 21 52 61 60 96 68 29 29 61 50 93 81 27 81 0 33 84 35 94 71 10 25 90 25 87 59 21 71 85 72 34 64 14 10 76 32 41
33 21 48 15 65 26 74 73 17 57 40 23 41 69 39 23 29 51 63 37 44 17 58 28 62 64 22 48 33 0 55 14 63 43 37 42 59 38 55 55 12 54 54 42 47 31 23 27 71 10 53
88 42 48 46 97 78 82 71 60 102 27 74 75 63 94 55 27 91 49 49 97 70 101 66 55 92 75 44 84 55 0 49 57 60 85 95 54 91 41 98 65 86 52 53 100 30 70 82 109 53 106
42 9 56 3 79 40 86 83 11 71 42 37 55 77 48 36 28 65 69 47 55 31 72 42 70 78 35 56 35 14 49 0 71 55 36 52 67 49 60 69 17 68 62 52 59 34 21 34 85 5 66
86 70 15 69 56 69 26 14 79 74 35 65 46 6 90 42 47 62 9 26 89 66 73 48 2 48 70 17 94 63 57 71 0 26 100 89 4 85 16 70 75 47 9 23 89 40 86 85 72 70 92
61 57 15 54 38 43 31 30 60 49 33 39 20 30 64 20 39 37 30 11 63 43 48 22 26 32 45 19 71 43 60 55 26 0 79 63 23 59 27 45 54 27 18 7 63 32 65 62 52 53 66
26 44 85 39 88 41 108 109 25 69 77 43 69 106 31 59 63 70 100 74 39 37 71 58 99 91 37 85 10 37 85 36 100 79 0 35 96 35 92 69 25 81 91 79 44 68 15 20 86 33 51
10 61 75 55 59 20 87 92 43 37 77 24 47 93 4 48 68 41 92 64 4 25 39 41 88 65 20 77 25 42 95 52 89 63 35 0 85 4 85 38 35 55 80 66 9 68 35 18 54 47 16
82 66 11 65 56 65 28 18 75 71 31 61 43 10 86 38 43 59 9 22 86 62 70 45 3 47 66 13 90 59 54 67 4 23 96 85 0 81 13 67 71 46 5 19 86 36 82 81 71 66 89
9 58 71 52 56 16 83 88 42 34 73 20 43 89 6 44 64 37 88 60 6 21 36 37 84 61 16 73 25 38 91 49 85 59 35 4 81 0 81 35 32 52 76 62 10 64 34 17 51 44 17
81 57 12 57 64 65 41 30 70 76 19 61 47 22 85 37 33 64 9 21 86 61 75 45 14 57 65 8 87 55 41 60 16 27 92 85 13 81 0 72 67 54 11 20 86 26 78 80 79 61 90
43 76 60 70 23 31 58 67 66 4 74 32 25 71 41 43 72 8 75 53 34 39 3 32 70 30 36 64 59 55 98 69 70 45 69 38 67 35 72 0 56 24 63 52 30 68 65 50 17 65 27
25 26 60 20 70 26 85 84 10 58 52 24 49 81 31 34 40 53 75 49 38 17 59 36 74 72 21 60 21 12 65 17 75 54 25 35 71 32 67 56 0 62 66 54 42 43 11 17 72 12 49
58 73 42 68 11 40 34 43 70 28 59 38 13 48 58 35 63 16 55 37 53 45 26 26 49 10 44 46 71 54 86 68 47 27 81 55 46 52 54 24 62 0 43 34 50 57 72 61 25 64 49
77 61 6 60 53 60 30 22 70 67 27 56 38 15 81 33 38 55 12 17 81 57 66 40 8 46 61 8 85 54 52 62 9 18 91 80 5 76 11 63 66 43 0 14 81 31 77 76 68 61 84
64 52 9 50 45 46 34 31 59 56 26 42 27 28 67 20 33 44 26 5 67 44 55 26 22 39 48 12 72 42 53 52 23 7 79 66 19 62 20 52 54 34 14 0 67 26 65 63 59 51 70
19 68 76 62 53 23 84 90 52 28 81 27 45 93 13 50 73 34 93 65 5 30 30 41 89 58 25 78 34 47 100 59 89 63 44 9 86 10 86 30 42 50 81 67 0 73 44 27 45 54 7
63 31 25 31 68 50 60 53 44 72 9 46 45 46 68 25 7 61 35 21 70 43 71 36 38 64 48 23 64 31 30 34 40 32 68 68 36 64 26 68 43 57 31 26 73 0 53 58 79 35 78
25 29 71 24 80 34 96 95 10 66 62 34 59 92 31 45 48 63 86 60 39 27 68 47 85 82 29 71 14 23 70 21 86 65 15 35 82 34 78 65 11 72 77 65 44 53 0 17 82 18 51
8 43 70 37 68 21 89 92 25 51 67 23 50 91 14 43 56 50 87 59 22 19 53 40 84 71 17 72 10 27 82 34 85 62 20 18 81 17 80 50 17 61 76 63 27 58 17 0 67 29 34
60 91 67 86 16 48 54 65 82 17 83 48 34 72 57 56 85 20 80 62 50 55 15 45 74 25 53 71 76 71 109 85 72 52 86 54 71 51 79 17 72 25 68 59 45 79 82 67 0 81 41
37 14 55 8 75 35 84 82 9 67 44 33 51 76 43 33 30 61 70 46 50 26 68 38 69 74 30 55 32 10 53 5 70 53 33 47 66 44 61 65 12 64 61 51 54 35 18 29 81 0 61
26 74 79 68 50 28 83 91 59 25 86 32 46 94 20 55 79 33 96 69 12 36 27 45 92 57 31 82 41 53 106 66 92 66 51 16 89 17 90 27 49 49 84 70 7 78 51 34 41 61 0
0 1221
976 1221
41 332
190 342
500 825
251 493
354 672
716 1050
316 477
415 554
499 832
558 832
540 791
867 1124
849 1180
69 379
228 475
395 753
969 1221
705 859
716 1004
265 557
91 291
700 938
188 531
344 556
637 981
970 1175
451 783
569 909
381 664
859 991
889 1189
451 776
213 420
787 1027
799 1083
850 972
556 881
356 674
299 495
861 1150
868 1142
8 351
704 867
355 711
837 1106
732 918
329 669
832 994
924 1129
