51
0 71 53 25 67 84 68 89 25 69 75 9 75 54 88 57 27 59 3 51 76 9 65 54 61 90 36 78 56 57 50 33 62 55 38 41 59 46 61 70 27 97 53 22 83 8 82 42 74 19 68
71 0 23 65 11 37 5 37 90 35 51 74 45 86 17 54 89 54 68 39 20 62 90 29 17 28 36 35 44 46 21 62 16 35 33 44 32 47 21 12 44 44 28 57 25 76 42 73 21 53 39
53 23 0 43 15 54 18 37 75 23 62 54 58 64 38 57 74 57 50 41 23 44 68 8 26 37 17 51 47 26 10 39 9 39 20 40 39 25 8 30 26 45 6 36 45 60 35 51 38 38 25
25 65 43 0 57 89 61 72 50 51 84 18 83 32 80 71 52 73 23 60 64 19 42 39 60 78 29 83 66 36 44 8 51 62 37 51 64 25 48 67 26 80 40 8 82 33 62 18 74 29 48
67 11 15 57 0 47 6 28 88 24 61 69 55 76 23 61 87 61 64 46 11 58 80 19 24 24 31 45 51 36 19 53 6 42 31 47 39 37 11 22 41 36 18 51 36 74 31 63 31 51 28
84 37 54 89 47 0 41 72 93 71 24 91 17 117 41 41 90 39 83 34 56 79 122 62 30 59 61 6 33 80 47 88 51 29 52 43 26 79 56 25 63 77 60 81 13 85 78 102 16 66 75
68 5 18 61 6 41 0 33 87 30 55 71 49 81 20 56 86 56 65 41 16 59 85 24 19 26 33 39 46 41 18 57 11 37 30 44 34 42 16 16 41 41 23 54 30 73 37 68 25 50 34
89 37 37 72 28 72 33 0 112 21 88 88 82 82 33 89 111 89 86 74 17 80 80 35 52 15 54 72 79 38 45 65 30 70 57 75 67 47 29 49 63 8 36 69 59 97 13 72 58 75 25
25 90 75 50 88 93 87 112 0 94 76 34 80 78 107 56 3 58 28 59 98 34 90 78 75 112 59 87 60 82 69 58 84 64 57 50 68 71 83 84 49 120 77 47 95 17 107 67 86 37 93
69 35 23 51 24 71 30 21 94 0 83 68 78 61 41 80 93 80 66 64 20 60 61 16 46 30 35 69 70 17 33 44 20 62 42 63 60 26 16 46 45 29 18 49 60 77 13 51 55 57 4
75 51 62 84 61 24 55 88 76 83 0 82 7 115 62 20 73 18 74 24 71 70 123 70 37 79 60 20 19 88 52 86 63 23 50 34 23 83 67 39 59 95 68 76 34 74 92 100 32 57 86
9 74 54 18 69 91 71 88 34 68 82 0 82 45 91 65 36 67 9 58 77 12 56 53 64 91 38 85 63 54 53 26 63 62 41 48 65 43 61 73 30 96 53 19 87 17 79 34 78 25 65
75 45 58 83 55 17 49 82 80 78 7 82 0 113 55 24 77 22 74 24 65 70 121 66 32 72 58 13 20 84 48 84 58 21 48 34 20 81 62 33 57 89 64 75 27 76 86 98 25 57 81
54 86 64 32 76 117 81 82 78 61 115 45 113 0 99 102 81 104 52 91 80 50 12 57 87 91 56 112 97 44 70 29 70 92 66 82 94 39 66 93 56 87 59 40 108 62 69 15 101 61 57
88 17 38 80 23 41 20 33 107 41 62 91 55 99 0 69 106 69 85 55 21 79 101 42 33 18 53 42 59 57 38 76 29 50 50 60 46 60 33 25 61 36 41 74 28 93 43 86 30 70 45
57 54 57 71 61 41 56 89 56 80 20 65 24 102 69 0 53 2 56 16 72 55 111 65 37 82 51 35 10 82 47 73 61 19 41 20 23 74 64 44 46 97 63 63 47 55 91 87 41 42 82
27 89 74 52 87 90 86 111 3 93 73 36 77 81 106 53 0 55 30 57 97 36 92 77 74 111 58 84 57 84 68 60 83 62 56 48 66 73 82 83 48 119 76 49 93 19 106 69 84 36 93
59 54 57 73 61 39 56 89 58 80 18 67 22 104 69 2 55 0 58 16 72 57 113 65 37 82 52 33 10 83 47 75 61 19 42 22 23 75 64 44 48 97 63 65 46 57 91 89 40 44 82
3 68 50 23 64 83 65 86 28 66 74 9 74 52 85 56 30 58 0 50 73 6 64 51 58 87 33 77 55 54 47 30 59 54 35 40 57 43 58 67 24 94 50 19 81 11 79 40 72 17 65
51 39 41 60 46 34 41 74 59 64 24 58 24 91 55 16 57 16 50 0 57 46 99 49 22 67 36 28 6 67 31 62 45 5 26 10 9 59 48 30 35 82 47 52 36 52 75 76 28 33 66
76 20 23 64 11 56 16 17 98 20 71 77 65 80 21 72 97 72 73 57 0 67 80 25 35 14 40 55 62 36 30 59 15 53 42 58 50 42 16 32 49 25 24 59 43 83 22 68 41 61 24
9 62 44 19 58 79 59 80 34 60 70 12 70 50 79 55 36 57 6 46 67 0 61 45 52 81 27 73 51 49 41 25 53 50 29 36 53 38 52 61 18 88 44 14 75 17 73 37 66 13 59
65 90 68 42 80 122 85 80 90 61 123 56 121 12 101 111 92 113 64 99 80 61 0 61 93 91 63 118 105 44 76 38 74 100 73 91 101 43 69 98 65 85 63 49 113 73 67 24 106 71 57
54 29 8 39 19 62 24 35 78 16 70 53 66 57 42 65 77 65 51 49 25 45 61 0 34 39 19 59 55 18 18 34 13 47 26 47 47 18 9 38 29 43 2 35 53 62 29 44 46 41 17
61 17 26 60 24 30 19 52 75 46 37 64 32 87 33 37 74 37 58 22 35 52 93 34 0 45 31 25 27 52 17 58 26 18 23 27 15 50 30 9 34 60 32 52 23 65 55 72 14 42 49
90 28 37 78 24 59 26 15 112 30 79 91 72 91 18 82 111 82 87 67 14 81 91 39 45 0 54 60 72 47 43 73 29 63 55 70 60 55 30 40 63 18 38 73 46 97 27 81 47 75 34
36 36 17 29 31 61 33 54 59 35 60 38 58 56 53 51 58 52 33 36 40 27 63 19 31 54 0 56 42 31 15 27 26 37 10 31 38 23 25 38 10 62 18 21 53 44 48 41 45 22 36
78 35 51 83 45 6 39 72 87 69 20 85 13 112 42 35 84 33 77 28 55 73 118 59 25 60 56 0 27 77 42 83 49 23 46 37 20 75 54 23 57 78 57 75 14 79 76 97 14 60 73
56 44 47 66 51 33 46 79 60 70 19 63 20 97 59 10 57 10 55 6 62 51 105 55 27 72 42 27 0 73 37 68 51 9 32 15 13 65 54 34 41 87 53 58 38 56 81 82 31 38 72
57 46 26 36 36 80 41 38 82 17 88 54 84 44 57 82 84 83 54 67 36 49 44 18 52 47 31 77 73 0 36 29 30 65 41 62 65 11 25 56 40 45 20 35 71 65 27 34 64 52 13
50 21 10 44 19 47 18 45 69 33 52 53 48 70 38 47 68 47 47 31 30 41 76 18 17 43 15 42 37 36 0 42 15 29 12 30 29 33 17 23 23 53 16 36 38 55 44 56 31 32 35
33 62 39 8 53 88 57 65 58 44 86 26 84 29 76 73 60 75 30 62 59 25 38 34 58 73 27 83 68 29 42 0 47 63 37 53 65 18 43 65 27 73 35 12 80 41 55 14 72 34 41
62 16 9 51 6 51 11 30 84 20 63 63 58 70 29 61 83 61 59 45 15 53 74 13 26 29 26 49 51 30 15 47 0 42 27 45 40 31 5 26 35 38 12 45 41 69 30 57 35 47 24
55 35 39 62 42 29 37 70 64 62 23 62 21 92 50 19 62 19 54 5 53 50 100 47 18 63 37 23 9 65 29 63 42 0 27 14 4 60 46 25 36 78 45 54 31 56 72 77 23 37 64
38 33 20 37 31 52 30 57 57 42 50 41 48 66 50 41 56 42 35 26 42 29 73 26 23 55 10 46 32 41 12 37 27 27 0 21 28 33 28 32 11 65 24 29 46 43 55 51 37 20 43
41 44 40 51 47 43 44 75 50 63 34 48 34 82 60 20 48 22 40 10 58 36 91 47 27 70 31 37 15 62 30 53 45 14 21 0 18 54 47 36 26 83 45 43 45 42 74 67 36 23 64
59 32 39 64 39 26 34 67 68 60 23 65 20 94 46 23 66 23 57 9 50 53 101 47 15 60 38 20 13 65 29 65 40 4 28 18 0 61 45 21 38 75 45 56 27 60 70 79 19 40 64
46 47 25 25 37 79 42 47 71 26 83 43 81 39 60 74 73 75 43 59 42 38 43 18 50 55 23 75 65 11 33 18 31 60 33 54 61 0 27 55 30 55 20 24 70 54 37 26 63 41 23
61 21 8 48 11 56 16 29 83 16 67 61 62 66 33 64 82 64 58 48 16 52 69 9 30 30 25 54 54 25 17 43 5 46 28 47 45 27 0 31 34 37 8 43 46 68 27 53 40 46 19
70 12 30 67 22 25 16 49 84 46 39 73 33 93 25 44 83 44 67 30 32 61 98 38 9 40 38 23 34 56 23 65 26 25 32 36 21 55 31 0 43 56 36 59 15 74 53 79 9 51 50
27 44 26 26 41 63 41 63 49 45 59 30 57 56 61 46 48 48 24 35 49 18 65 29 34 63 10 57 41 40 23 27 35 36 11 26 38 30 34 43 0 71 28 18 57 34 58 41 48 12 45
97 44 45 80 36 77 41 8 120 29 95 96 89 87 36 97 119 97 94 82 25 88 85 43 60 18 62 78 87 45 53 73 38 78 65 83 75 55 37 56 71 0 44 77 64 105 18 79 64 83 32
53 28 6 40 18 60 23 36 77 18 68 53 64 59 41 63 76 63 50 47 24 44 63 2 32 38 18 57 53 20 16 35 12 45 24 45 45 20 8 36 28 44 0 35 51 61 31 46 44 40 19
22 57 36 8 51 81 54 69 47 49 76 19 75 40 74 63 49 65 19 52 59 14 49 35 52 73 21 75 58 35 36 12 45 54 29 43 56 24 43 59 18 77 35 0 74 30 60 25 66 22 46
83 25 45 82 36 13 30 59 95 60 34 87 27 108 28 47 93 46 81 36 43 75 113 53 23 46 53 14 38 71 38 80 41 31 46 45 27 70 46 15 57 64 51 74 0 86 65 94 9 64 64
8 76 60 33 74 85 73 97 17 77 74 17 76 62 93 55 19 57 11 52 83 17 73 62 65 97 44 79 56 65 55 41 69 56 43 42 60 54 68 74 34 105 61 30 86 0 90 50 77 23 76
82 42 35 62 31 78 37 13 107 13 92 79 86 69 43 91 106 91 79 75 22 73 67 29 55 27 48 76 81 27 44 55 30 72 55 74 70 37 27 53 58 18 31 60 65 90 0 61 62 70 14
42 73 51 18 63 102 68 72 67 51 100 34 98 15 86 87 69 89 40 76 68 37 24 44 72 81 41 97 82 34 56 14 57 77 51 67 79 26 53 79 41 79 46 25 94 50 61 0 86 47 47
74 21 38 74 31 16 25 58 86 55 32 78 25 101 30 41 84 40 72 28 41 66 106 46 14 47 45 14 31 64 31 72 35 23 37 36 19 63 40 9 48 64 44 66 9 77 62 86 0 55 59
19 53 38 29 51 66 50 75 37 57 57 25 57 61 70 42 36 44 17 33 61 13 71 41 42 75 22 60 38 52 32 34 47 37 20 23 40 41 46 51 12 83 40 22 64 23 70 47 55 0 57
68 39 25 48 28 75 34 25 93 4 86 65 81 57 45 82 93 82 65 66 24 59 57 17 49 34 36 73 72 13 35 41 24 64 43 64 64 23 19 50 45 32 19 46 64 76 14 47 59 57 0
0 1662
574 968
549 1279
104 582
658 1103
215 812
469 1209
635 1302
237 827
92 788
978 1583
437 729
554 999
277 562
482 802
984 1467
909 1587
1133 1642
496 981
198 664
526 1105
403 750
254 509
32 430
232 958
286 848
896 1198
585 836
1124 1375
497 1010
1140 1439
808 1416
216 657
766 1385
876 1303
877 1357
1079 1662
891 1177
648 1283
102 525
972 1365
336 944
990 1662
346 931
522 1112
417 1077
597 1154
255 538
604 992
630 1034
882 1396
