51
0 42 78 59 29 20 16 38 57 39 30 50 49 58 8 59 35 45 38 34 51 48 16 66 30 32 56 69 30 55 42 39 70 47 66 46 46 60 43 17 44 57 34 36 5 50 55 44 62 16 33
42 0 76 67 69 36 55 34 55 65 53 14 79 22 34 23 28 63 78 18 10 9 29 58 12 62 44 66 67 48 52 68 75 88 55 54 65 72 84 45 64 27 62 40 39 67 63 54 20 37 9
78 76 0 20 73 59 70 102 22 49 50 90 57 60 77 61 96 121 75 87 84 69 82 19 75 55 33 10 106 28 36 117 11 87 24 118 122 26 83 61 120 54 53 43 81 126 24 35 76 90 74
59 67 20 0 53 42 51 89 14 29 31 81 38 54 60 55 83 104 55 75 76 61 66 21 63 35 26 14 87 21 17 98 11 67 26 102 105 9 63 42 103 48 33 28 63 109 4 16 70 73 63
29 69 73 53 0 34 14 67 57 25 26 78 25 76 37 77 64 67 9 63 78 70 45 67 57 18 63 65 40 60 40 55 63 19 70 72 68 49 15 25 66 74 20 43 34 72 49 40 85 45 60
20 36 59 42 34 0 21 47 37 30 18 47 44 42 18 43 42 62 43 36 46 36 24 46 26 26 36 49 50 35 25 58 53 53 46 60 63 45 49 9 61 40 27 16 22 67 38 27 51 31 28
16 55 70 51 14 21 0 54 52 24 20 64 33 63 23 64 50 59 23 49 64 57 31 62 43 17 54 61 37 52 35 50 62 33 63 62 60 48 29 12 58 61 19 33 21 64 47 35 72 32 46
38 34 102 89 67 47 54 0 80 76 64 27 87 56 32 57 6 31 76 16 34 43 24 86 27 69 72 92 47 75 72 41 99 84 83 20 33 92 81 51 32 60 71 61 33 34 85 74 51 22 29
57 55 22 14 57 37 52 80 0 36 32 69 49 40 55 41 74 99 61 65 63 48 60 10 53 39 12 12 86 7 17 95 20 73 13 96 100 23 69 41 98 34 38 21 59 104 13 18 56 68 53
39 65 49 29 25 30 24 76 36 0 12 77 14 65 44 66 71 83 26 66 75 64 52 46 56 7 44 42 61 39 20 74 39 38 49 85 84 25 34 25 82 60 5 28 44 88 26 18 79 55 58
30 53 50 31 26 18 20 64 32 12 0 65 26 55 32 56 59 75 31 54 63 52 40 42 44 9 37 41 57 34 15 68 42 43 45 75 76 30 39 13 74 50 9 18 34 80 27 15 67 45 46
50 14 90 81 78 47 64 27 69 77 65 0 91 34 42 35 22 58 87 16 8 22 34 72 21 73 58 80 69 62 66 66 89 97 69 47 60 86 93 55 59 40 74 54 45 61 77 68 25 39 19
49 79 57 38 25 44 33 87 49 14 26 91 0 79 55 80 82 92 21 79 89 78 63 58 70 18 58 52 65 53 34 80 46 31 62 95 93 31 28 36 91 74 17 42 54 97 37 32 93 65 72
58 22 60 54 76 42 63 56 40 65 55 34 79 0 51 1 50 85 85 40 26 13 48 41 31 64 28 51 86 33 48 87 60 95 36 76 87 63 91 51 85 6 64 37 56 89 53 50 16 56 28
8 34 77 60 37 18 23 32 55 44 32 42 55 51 0 52 27 44 46 26 43 40 8 64 22 37 53 67 35 53 43 41 71 55 64 43 45 62 51 19 43 51 39 34 5 49 56 45 54 13 25
59 23 61 55 77 43 64 57 41 66 56 35 80 1 52 0 51 86 86 41 27 14 49 42 32 65 29 52 87 34 49 88 61 96 37 77 88 64 92 52 86 7 65 38 57 90 54 51 15 57 29
35 28 96 83 64 42 50 6 74 71 59 22 82 50 27 51 0 36 73 10 29 37 19 80 21 64 66 86 48 69 66 44 93 82 77 26 38 86 78 46 37 54 66 55 30 39 79 68 46 20 23
45 63 121 104 67 62 59 31 99 83 75 58 92 85 44 86 36 0 76 45 65 72 39 106 54 76 94 111 30 95 87 15 115 77 105 13 2 105 76 62 2 88 78 78 41 5 100 89 82 31 57
38 78 75 55 9 43 23 76 61 26 31 87 21 85 46 86 73 76 0 72 87 79 54 71 66 22 68 68 48 64 44 63 65 12 74 81 76 50 8 34 74 81 24 49 43 80 52 44 94 54 69
34 18 87 75 63 36 49 16 65 66 54 16 79 40 26 41 10 45 72 0 21 27 18 70 12 61 56 77 53 59 59 51 85 81 67 36 47 79 77 43 46 44 63 47 29 49 71 61 37 23 13
51 10 84 76 78 46 64 34 63 75 63 8 89 26 43 27 29 65 87 21 0 15 37 66 21 72 52 74 74 56 62 72 83 97 62 54 67 82 93 54 66 32 72 50 48 68 72 64 17 44 18
48 9 69 61 70 36 57 43 48 64 52 22 78 13 40 14 37 72 79 27 15 0 36 51 19 61 37 59 74 41 49 75 68 89 47 63 74 68 85 45 73 18 61 37 45 76 58 51 15 44 16
16 29 82 66 45 24 31 24 60 52 40 34 63 48 8 49 19 39 54 18 37 36 0 67 17 45 55 72 38 56 49 39 77 63 66 36 41 69 59 27 39 50 47 39 11 44 62 51 49 8 20
66 58 19 21 67 46 62 86 10 46 42 72 58 41 64 42 80 106 71 70 66 51 67 0 59 49 14 10 96 11 27 104 21 83 5 103 108 30 79 51 106 35 48 30 68 111 21 28 57 75 57
30 12 75 63 57 26 43 27 53 56 44 21 70 31 22 32 21 54 66 12 21 19 17 59 0 52 45 65 55 48 47 56 73 76 56 47 56 67 72 34 54 34 53 35 27 58 59 49 32 25 3
32 62 55 35 18 26 17 69 39 7 9 73 18 64 37 65 64 76 22 61 72 61 45 49 52 0 46 47 54 42 22 67 45 34 52 78 77 31 30 18 75 59 2 27 37 81 31 22 76 48 54
56 44 33 26 63 36 54 72 12 44 37 58 58 28 53 29 66 94 68 56 52 37 55 14 45 46 0 23 86 5 24 93 32 80 11 91 96 35 76 42 94 22 45 21 57 99 25 26 44 63 43
69 66 10 14 65 49 61 92 12 42 41 80 52 51 67 52 86 111 68 77 74 59 72 10 65 47 23 0 97 18 27 107 11 80 15 108 112 22 76 52 110 45 45 33 71 116 16 26 67 80 64
30 67 106 87 40 50 37 47 86 61 57 69 65 86 35 87 48 30 48 53 74 74 38 96 55 54 86 97 0 85 70 16 98 47 96 40 30 85 46 45 28 86 56 66 30 34 83 72 87 30 58
55 48 28 21 60 35 52 75 7 39 34 62 53 33 53 34 69 95 64 59 56 41 56 11 48 42 5 18 85 0 20 93 27 76 11 92 97 30 72 40 95 27 41 19 57 100 20 21 49 64 46
42 52 36 17 40 25 35 72 17 20 15 66 34 48 43 49 66 87 44 59 62 49 49 27 47 22 24 27 70 20 0 81 28 56 30 85 88 20 52 25 86 42 21 12 46 92 13 2 62 56 47
39 68 117 98 55 58 50 41 95 74 68 66 80 87 41 88 44 15 63 51 72 75 39 104 56 67 93 107 16 93 81 0 109 63 104 28 15 98 62 56 13 89 69 74 36 19 94 83 88 31 59
70 75 11 11 63 53 62 99 20 39 42 89 46 60 71 61 93 115 65 85 83 68 77 21 73 45 32 11 98 27 28 109 0 76 26 113 116 15 73 53 114 54 43 38 74 120 15 27 76 84 73
47 88 87 67 19 53 33 84 73 38 43 97 31 95 55 96 82 77 12 81 97 89 63 83 76 34 80 80 47 76 56 63 76 0 86 85 77 61 4 44 75 93 36 61 52 81 64 56 104 62 79
66 55 24 26 70 46 63 83 13 49 45 69 62 36 64 37 77 105 74 67 62 47 66 5 56 52 11 15 96 11 30 104 26 86 0 102 107 35 82 51 105 30 51 30 68 110 26 31 52 74 54
46 54 118 102 72 60 62 20 96 85 75 47 95 76 43 77 26 13 81 36 54 63 36 103 47 78 91 108 40 92 85 28 113 85 102 0 15 105 83 62 15 80 80 75 41 14 98 87 71 30 49
46 65 122 105 68 63 60 33 100 84 76 60 93 87 45 88 38 2 76 47 67 74 41 108 56 77 96 112 30 97 88 15 116 77 107 15 0 106 76 63 2 90 79 79 42 4 101 90 84 33 59
60 72 26 9 49 45 48 92 23 25 30 86 31 63 62 64 86 105 50 79 82 68 69 30 67 31 35 22 85 30 20 98 15 61 35 105 106 0 58 43 104 57 29 32 64 110 11 18 79 75 67
43 84 83 63 15 49 29 81 69 34 39 93 28 91 51 92 78 76 8 77 93 85 59 79 72 30 76 76 46 72 52 62 73 4 82 83 76 58 0 40 74 89 32 57 48 80 60 52 100 59 75
17 45 61 42 25 9 12 51 41 25 13 55 36 51 19 52 46 62 34 43 54 45 27 51 34 18 42 52 45 40 25 56 53 44 51 62 63 43 40 0 61 49 20 21 21 67 38 27 60 32 36
44 64 120 103 66 61 58 32 98 82 74 59 91 85 43 86 37 2 74 46 66 73 39 106 54 75 94 110 28 95 86 13 114 75 105 15 2 104 74 61 0 88 77 77 40 6 99 88 83 31 57
57 27 54 48 74 40 61 60 34 60 50 40 74 6 51 7 54 88 81 44 32 18 50 35 34 59 22 45 86 27 42 89 54 93 30 80 90 57 89 49 88 0 59 32 56 92 47 44 22 58 31
34 62 53 33 20 27 19 71 38 5 9 74 17 64 39 65 66 78 24 63 72 61 47 48 53 2 45 45 56 41 21 69 43 36 51 80 79 29 32 20 77 59 0 27 39 83 29 20 76 50 55
36 40 43 28 43 16 33 61 21 28 18 54 42 37 34 38 55 78 49 47 50 37 39 30 35 27 21 33 66 19 12 74 38 61 30 75 79 32 57 21 77 32 27 0 38 83 24 14 51 47 35
5 39 81 63 34 22 21 33 59 44 34 45 54 56 5 57 30 41 43 29 48 45 11 68 27 37 57 71 30 57 46 36 74 52 68 41 42 64 48 21 40 56 39 38 0 46 59 48 59 11 30
50 67 126 109 72 67 64 34 104 88 80 61 97 89 49 90 39 5 80 49 68 76 44 111 58 81 99 116 34 100 92 19 120 81 110 14 4 110 80 67 6 92 83 83 46 0 105 94 85 36 61
55 63 24 4 49 38 47 85 13 26 27 77 37 53 56 54 79 100 52 71 72 58 62 21 59 31 25 16 83 20 13 94 15 64 26 98 101 11 60 38 99 47 29 24 59 105 0 12 69 69 59
44 54 35 16 40 27 35 74 18 18 15 68 32 50 45 51 68 89 44 61 64 51 51 28 49 22 26 26 72 21 2 83 27 56 31 87 90 18 52 27 88 44 20 14 48 94 12 0 64 58 49
62 20 76 70 85 51 72 51 56 79 67 25 93 16 54 15 46 82 94 37 17 15 49 57 32 76 44 67 87 49 62 88 76 104 52 71 84 79 100 60 83 22 76 51 59 85 69 64 0 57 29
16 37 90 73 45 31 32 22 68 55 45 39 65 56 13 57 20 31 54 23 44 44 8 75 25 48 63 80 30 64 56 31 84 62 74 30 33 75 59 32 31 58 50 47 11 36 69 58 57 0 28
33 9 74 63 60 28 46 29 53 58 46 19 72 28 25 29 23 57 69 13 18 16 20 57 3 54 43 64 58 46 47 59 73 79 54 49 59 67 75 36 57 31 55 35 30 61 59 49 29 28 0
0 2036
1219 1701
889 1163
1145 1533
414 986
1103 1675
179 512
1494 1762
779 988
625 969
1163 1479
366 941
1240 1454
1140 1352
1357 1963
1075 1553
194 703
510 1036
1500 2036
101 347
1274 1625
1129 1574
291 537
501 784
1193 1473
103 569
504 1034
627 986
1227 1657
472 912
680 1135
1502 1845
1501 2036
973 1308
335 697
1122 1720
1214 1792
169 437
962 1318
1362 1624
647 1145
1435 1650
618 1075
480 708
1375 1841
352 574
378 772
1406 1925
401 752
1430 1690
456 758
