51
0 71 67 48 73 82 78 96 39 33 77 73 91 73 99 77 80 61 46 61 43 60 54 60 53 49 73 90 50 53 59 56 22 54 60 68 81 84 50 42 96 101 52 90 77 67 12 48 100 70 45
71 0 19 70 24 72 57 49 40 49 66 38 69 26 55 75 70 85 39 28 76 45 25 65 22 33 73 20 52 52 22 19 61 18 11 21 61 72 31 29 61 68 39 60 68 66 68 41 29 15 28
67 19 0 54 7 53 38 34 29 54 47 19 50 9 40 56 51 68 26 40 62 26 13 46 15 42 54 27 36 35 34 29 51 25 16 38 42 53 40 27 44 51 50 43 49 47 67 50 44 33 23
48 70 54 0 54 37 39 65 33 65 33 44 48 52 65 30 35 16 31 77 9 29 45 15 48 70 26 81 18 20 72 66 27 61 60 80 40 39 69 48 57 61 78 51 32 22 57 76 98 78 45
73 24 7 54 0 48 33 27 35 61 42 14 45 2 33 51 46 67 29 47 62 25 19 45 22 49 50 27 36 34 41 36 56 32 23 44 37 48 47 34 37 44 57 36 44 44 73 57 46 39 29
82 72 53 37 48 0 15 41 52 89 6 34 14 46 37 7 2 35 45 87 46 29 51 22 56 85 11 74 33 30 81 75 60 70 66 88 11 3 84 63 27 28 94 21 5 15 89 93 93 85 58
78 57 38 39 33 15 0 28 43 80 10 19 14 31 26 19 13 45 36 76 48 20 40 25 45 75 21 59 28 25 70 64 56 59 54 76 4 15 73 54 18 23 83 12 12 19 84 83 78 71 49
96 49 34 65 27 41 28 0 57 87 38 23 30 26 6 47 40 73 50 74 74 38 45 52 49 76 49 40 50 47 68 63 76 59 50 70 30 39 74 60 16 22 84 20 40 47 98 84 59 64 55
39 40 29 33 35 52 43 57 0 37 46 34 57 34 60 50 50 49 7 44 37 23 16 35 18 37 46 55 20 22 39 33 22 28 29 47 47 54 36 15 59 65 46 54 47 39 41 43 69 46 12
33 49 54 65 61 89 80 87 37 0 83 66 94 61 92 87 87 81 44 30 64 60 42 71 39 18 83 69 57 59 30 30 40 31 40 39 84 91 20 27 92 99 19 90 84 76 24 15 74 42 32
77 66 47 33 42 6 10 38 46 83 0 28 16 40 35 9 4 36 39 81 42 23 45 18 50 79 11 69 27 24 75 69 55 64 60 82 8 8 78 57 25 29 88 19 2 11 83 87 88 79 52
73 38 19 44 14 34 19 23 34 66 28 0 31 12 26 37 32 56 27 59 52 15 24 34 29 59 36 41 27 24 53 48 53 43 35 57 23 34 57 39 26 33 67 24 30 31 75 67 60 52 34
91 69 50 48 45 14 14 30 57 94 16 31 0 43 25 21 13 49 50 90 57 34 54 33 59 89 24 68 41 38 84 78 69 73 66 88 10 11 87 68 14 14 97 10 16 26 97 97 87 83 63
73 26 9 52 2 46 31 26 34 61 40 12 43 0 31 49 44 65 28 49 60 23 19 43 23 51 48 29 34 32 43 38 55 34 25 46 35 46 49 34 35 42 59 34 42 42 73 59 48 41 29
99 55 40 65 33 37 26 6 60 92 35 26 25 31 0 44 36 71 53 80 74 40 50 51 54 82 46 46 51 48 74 69 79 65 56 76 27 35 80 65 11 16 90 16 37 45 101 90 65 70 60
77 75 56 30 51 7 19 47 50 87 9 37 21 49 44 0 8 28 44 89 39 31 53 17 58 85 4 78 30 28 83 77 55 72 69 91 17 10 84 63 34 35 94 28 7 11 85 93 97 88 59
80 70 51 35 46 2 13 40 50 87 4 32 13 44 36 8 0 36 43 85 44 27 49 20 54 83 11 72 31 28 79 73 58 68 64 86 10 4 82 61 26 27 92 20 3 13 87 91 91 83 56
61 85 68 16 67 35 45 73 49 81 36 56 49 65 71 28 36 0 47 93 18 42 60 22 64 86 25 94 33 33 88 82 42 77 76 96 44 38 85 64 61 63 94 55 34 26 72 92 112 94 61
46 39 26 31 29 45 36 50 7 44 39 27 50 28 53 44 43 47 0 47 37 16 14 29 17 41 40 53 14 16 41 35 27 30 29 49 40 47 40 19 52 58 50 47 41 33 48 49 68 47 15
61 28 40 77 47 87 76 74 44 30 81 59 90 49 80 89 85 93 47 0 81 58 36 76 31 12 86 45 61 63 6 12 60 17 24 9 80 89 11 29 84 91 13 83 83 79 53 16 45 14 33
43 76 62 9 62 46 48 74 37 64 42 52 57 60 74 39 44 18 37 81 0 37 51 24 54 71 35 89 26 28 76 70 24 65 66 84 49 48 72 52 66 70 80 60 41 31 54 76 105 83 49
60 45 26 29 25 29 20 38 23 60 23 15 34 23 40 31 27 42 16 58 37 0 22 20 27 56 28 52 12 9 52 46 39 41 38 60 24 31 55 34 36 42 65 31 25 21 64 64 70 57 29
54 25 13 45 19 51 40 45 16 42 45 24 54 19 50 53 49 60 14 36 51 22 0 41 5 35 50 39 27 27 30 24 38 19 16 38 44 53 33 15 50 57 43 48 47 43 54 43 54 35 10
60 65 46 15 45 22 25 52 35 71 18 34 33 43 51 17 20 22 29 76 24 20 41 0 46 70 13 72 15 14 70 64 38 59 57 78 25 24 69 48 42 46 79 36 17 7 68 78 90 76 44
53 22 15 48 22 56 45 49 18 39 50 29 59 23 54 58 54 64 17 31 54 27 5 46 0 30 55 39 31 32 25 19 40 14 12 33 49 58 28 12 55 62 38 53 52 48 52 38 51 30 8
49 33 42 70 49 85 75 76 37 18 79 59 89 51 82 85 83 86 41 12 71 56 35 70 30 0 81 53 55 57 12 14 49 17 26 21 79 87 2 22 85 92 9 83 81 74 41 8 56 24 27
73 73 54 26 50 11 21 49 46 83 11 36 24 48 46 4 11 25 40 86 35 28 50 13 55 81 0 77 26 24 80 74 51 69 66 88 19 14 80 59 36 38 90 30 9 7 81 89 96 85 55
90 20 27 81 27 74 59 40 55 69 69 41 68 29 46 78 72 94 53 45 89 52 39 72 39 53 77 0 63 61 42 39 77 38 30 37 63 74 51 48 56 62 58 58 71 71 88 61 19 31 47
50 52 36 18 36 33 28 50 20 57 27 27 41 34 51 30 31 33 14 61 26 12 27 15 31 55 26 63 0 3 55 49 28 44 43 63 31 35 54 33 46 51 64 40 28 19 56 63 80 61 29
53 52 35 20 34 30 25 47 22 59 24 24 38 32 48 28 28 33 16 63 28 9 27 14 32 57 24 61 3 0 57 51 31 46 43 65 28 32 56 35 43 48 66 37 25 17 59 65 79 62 31
59 22 34 72 41 81 70 68 39 30 75 53 84 43 74 83 79 88 41 6 76 52 30 70 25 12 80 42 55 57 0 6 56 11 18 9 74 83 10 24 78 85 17 77 77 73 53 19 44 12 27
56 19 29 66 36 75 64 63 33 30 69 48 78 38 69 77 73 82 35 12 70 46 24 64 19 14 74 39 49 51 6 0 51 5 13 14 68 77 12 18 73 80 21 72 71 67 51 22 45 14 21
22 61 51 27 56 60 56 76 22 40 55 53 69 55 79 55 58 42 27 60 24 39 38 38 40 49 51 77 28 31 56 51 0 47 50 65 59 62 50 33 74 79 57 68 55 45 30 53 90 65 33
54 18 25 61 32 70 59 59 28 31 64 43 73 34 65 72 68 77 30 17 65 41 19 59 14 17 69 38 44 46 11 5 47 0 9 19 63 72 15 14 69 76 25 67 66 62 50 25 46 18 16
60 11 16 60 23 66 54 50 29 40 60 35 66 25 56 69 64 76 29 24 66 38 16 57 12 26 66 30 43 43 18 13 50 9 0 22 58 68 24 18 60 67 34 59 62 59 58 34 40 19 17
68 21 38 80 44 88 76 70 47 39 82 57 88 46 76 91 86 96 49 9 84 60 38 78 33 21 88 37 63 65 9 14 65 19 22 0 80 90 19 32 81 88 22 80 84 81 62 25 36 6 35
81 61 42 40 37 11 4 30 47 84 8 23 10 35 27 17 10 44 40 80 49 24 44 25 49 79 19 63 31 28 74 68 59 63 58 80 0 11 77 58 17 21 87 11 10 19 87 87 82 75 53
84 72 53 39 48 3 15 39 54 91 8 34 11 46 35 10 4 38 47 89 48 31 53 24 58 87 14 74 35 32 83 77 62 72 68 90 11 0 86 65 25 25 96 19 7 17 91 95 93 86 60
50 31 40 69 47 84 73 74 36 20 78 57 87 49 80 84 82 85 40 11 72 55 33 69 28 2 80 51 54 56 10 12 50 15 24 19 77 86 0 21 83 90 10 81 80 73 43 10 54 22 26
42 29 27 48 34 63 54 60 15 27 57 39 68 34 65 63 61 64 19 29 52 34 15 48 12 22 59 48 33 35 24 18 33 14 18 32 58 65 21 0 65 72 31 63 59 52 40 30 58 32 5
96 61 44 57 37 27 18 16 59 92 25 26 14 35 11 34 26 61 52 84 66 36 50 42 55 85 36 56 46 43 78 73 74 69 60 81 17 25 83 65 0 7 93 6 27 36 100 93 75 76 60
101 68 51 61 44 28 23 22 65 99 29 33 14 42 16 35 27 63 58 91 70 42 57 46 62 92 38 62 51 48 85 80 79 76 67 88 21 25 90 72 7 0 100 11 30 40 106 100 81 83 67
52 39 50 78 57 94 83 84 46 19 88 67 97 59 90 94 92 94 50 13 80 65 43 79 38 9 90 58 64 66 17 21 57 25 34 22 87 96 10 31 93 100 0 91 90 83 43 4 58 27 36
90 60 43 51 36 21 12 20 54 90 19 24 10 34 16 28 20 55 47 83 60 31 48 36 53 83 30 58 40 37 77 72 68 67 59 80 11 19 81 63 6 11 91 0 21 30 95 91 77 75 58
77 68 49 32 44 5 12 40 47 84 2 30 16 42 37 7 3 34 41 83 41 25 47 17 52 81 9 71 28 25 77 71 55 66 62 84 10 7 80 59 27 30 90 21 0 10 84 89 90 81 54
67 66 47 22 44 15 19 47 39 76 11 31 26 42 45 11 13 26 33 79 31 21 43 7 48 74 7 71 19 17 73 67 45 62 59 81 19 17 73 52 36 40 83 30 10 0 75 82 90 78 48
12 68 67 57 73 89 84 98 41 24 83 75 97 73 101 85 87 72 48 53 54 64 54 68 52 41 81 88 56 59 53 51 30 50 58 62 87 91 43 40 100 106 43 95 84 75 0 39 96 65 44
48 41 50 76 57 93 83 84 43 15 87 67 97 59 90 93 91 92 49 16 76 64 43 78 38 8 89 61 63 65 19 22 53 25 34 25 87 95 10 30 93 100 4 91 89 82 39 0 61 30 35
100 29 44 98 46 93 78 59 69 74 88 60 87 48 65 97 91 112 68 45 105 70 54 90 51 56 96 19 80 79 44 45 90 46 40 36 82 93 54 58 75 81 58 77 90 90 96 61 0 32 57
70 15 33 78 39 85 71 64 46 42 79 52 83 41 70 88 83 94 47 14 83 57 35 76 30 24 85 31 61 62 12 14 65 18 19 6 75 86 22 32 76 83 27 75 81 78 65 30 32 0 34
45 28 23 45 29 58 49 55 12 32 52 34 63 29 60 59 56 61 15 33 49 29 10 44 8 27 55 47 29 31 27 21 33 16 17 35 53 60 26 5 60 67 36 58 54 48 44 35 57 34 0
0 863
307 746
48 347
145 456
99 297
404 863
209 673
327 575
258 572
281 613
496 863
178 518
273 594
96 592
439 629
494 816
231 431
212 674
497 863
68 351
54 485
507 683
416 687
187 698
417 836
134 524
467 863
50 534
158 521
144 481
293 484
91 274
84 586
188 475
414 863
353 611
502 863
324 617
45 406
131 485
374 757
395 863
440 863
321 749
438 790
403 823
27 527
232 737
138 331
200 407
294 715
