51
0 26 65 49 47 42 35 47 63 67 73 37 69 53 74 56 39 47 56 51 46 78 58 42 72 76 30 48 4 28 44 58 54 58 59 51 61 20 9 30 50 68 7 43 47 44 21 43 74 41 15
26 0 56 48 59 39 23 57 37 41 47 43 60 57 58 30 43 24 32 32 63 71 54 16 46 64 9 38 23 27 63 32 61 49 35 27 37 8 17 46 62 42 20 19 59 59 20 33 55 19 11
65 56 0 19 42 23 33 40 68 70 72 96 5 25 26 57 29 76 45 34 55 15 10 60 72 15 47 18 61 81 58 63 32 7 51 51 53 52 60 94 43 76 58 48 42 50 44 23 33 43 59
49 48 19 0 24 9 27 22 69 72 76 85 24 9 42 58 10 71 49 36 36 29 9 57 76 34 41 16 46 70 39 64 16 17 55 52 57 42 47 79 26 77 44 46 24 31 31 19 47 41 48
47 59 42 24 0 28 44 2 87 91 96 84 47 17 66 77 20 83 70 58 13 46 32 73 96 57 56 39 46 74 16 82 11 41 76 71 78 52 49 76 3 95 46 63 0 8 39 40 71 58 55
42 39 23 9 28 0 18 26 61 65 69 76 28 18 40 51 8 62 42 30 37 36 16 48 69 37 32 11 38 61 40 56 24 18 48 45 50 33 38 71 31 69 36 37 28 32 22 12 43 32 39
35 23 33 27 44 18 0 42 43 47 52 63 37 36 39 33 25 44 28 17 52 48 31 30 52 42 14 15 31 48 54 38 42 26 33 27 35 19 28 63 47 51 28 19 44 47 15 10 39 14 26
47 57 40 22 2 26 42 0 85 89 94 84 45 15 64 75 18 81 68 56 15 45 30 71 94 55 54 37 45 73 18 80 10 39 74 69 76 50 48 76 5 93 45 61 2 10 37 38 69 56 54
63 37 68 69 87 61 43 85 0 4 10 68 69 78 53 11 68 25 24 34 95 83 70 21 9 66 35 54 60 54 96 5 85 61 18 17 18 44 54 77 90 8 57 24 87 90 52 50 47 29 48
67 41 70 72 91 65 47 89 4 0 6 72 71 81 54 14 72 29 25 37 99 85 73 25 5 67 39 57 64 58 100 9 88 64 19 20 18 48 58 81 94 8 61 28 91 94 56 53 47 33 52
73 47 72 76 96 69 52 94 10 6 0 78 73 85 54 19 77 35 27 40 104 87 75 31 1 68 45 60 70 64 106 15 92 66 21 25 20 54 64 87 99 12 67 33 96 99 62 57 47 38 58
37 43 96 85 84 76 63 84 68 72 78 0 100 90 101 67 76 43 75 75 82 111 92 52 77 105 52 78 39 16 80 66 91 89 75 67 77 44 38 15 87 68 41 62 84 81 54 73 98 62 37
69 60 5 24 47 28 37 45 69 71 73 100 0 30 23 58 34 79 46 35 60 14 15 63 73 10 51 22 65 85 63 64 37 11 52 52 53 56 64 98 48 77 62 50 47 55 48 27 30 46 63
53 57 25 9 17 18 36 15 78 81 85 90 30 0 50 67 14 80 58 45 30 30 15 66 85 40 50 25 51 76 33 73 7 25 64 61 66 50 52 83 18 86 49 55 17 25 37 28 55 50 54
74 58 26 42 66 40 39 64 53 54 54 101 23 50 0 44 48 69 31 26 77 36 35 54 55 15 49 29 70 85 80 49 57 25 35 39 36 57 67 101 68 61 67 41 66 72 54 32 7 39 64
56 30 57 58 77 51 33 75 11 14 19 67 58 67 44 0 58 27 13 23 85 72 59 15 19 56 26 43 52 51 87 6 74 50 9 6 10 36 47 74 80 19 49 14 77 80 43 39 38 19 41
39 43 29 10 20 8 25 18 68 72 77 76 34 14 48 58 0 67 50 38 29 39 19 54 77 44 37 19 37 62 32 63 18 25 56 52 58 36 38 69 23 76 35 44 20 24 23 20 51 39 40
47 24 76 71 83 62 44 81 25 29 35 43 79 80 69 27 67 0 38 44 87 91 75 16 34 78 30 59 44 30 87 24 85 69 36 30 37 32 38 53 86 25 41 29 83 83 44 54 64 33 32
56 32 45 49 70 42 28 68 24 25 27 75 46 58 31 13 50 38 0 13 79 60 48 23 27 43 26 33 52 59 82 19 65 39 6 8 8 36 47 78 73 32 49 13 70 74 40 30 26 15 43
51 32 34 36 58 30 17 56 34 37 40 75 35 45 26 23 38 44 13 0 67 49 36 28 40 34 23 20 47 59 70 29 52 27 19 17 21 32 43 76 61 42 44 15 58 62 32 18 23 13 39
46 63 55 36 13 37 52 15 95 99 104 82 60 30 77 85 29 87 79 67 0 59 45 77 104 70 60 48 45 73 3 90 24 53 85 79 87 55 50 71 14 102 47 71 13 5 43 49 80 66 56
78 71 15 29 46 36 48 45 83 85 87 111 14 30 36 72 39 91 60 49 59 0 20 75 87 21 62 33 74 96 62 78 35 22 66 66 67 67 74 107 46 91 72 63 46 54 58 38 43 58 74
58 54 10 9 32 16 31 30 70 73 75 92 15 15 35 59 19 75 48 36 45 20 0 60 75 25 45 16 54 77 48 65 22 10 54 53 56 49 54 87 33 78 52 48 32 40 38 21 40 43 55
42 16 60 57 73 48 30 71 21 25 31 52 63 66 54 15 54 16 23 28 77 75 60 0 30 62 17 44 39 36 78 16 72 53 23 15 25 24 33 59 76 26 36 13 73 73 34 39 49 17 27
72 46 72 76 96 69 52 94 9 5 1 77 73 85 55 19 77 34 27 40 104 87 75 30 0 69 44 60 69 63 105 14 92 66 21 25 20 53 63 86 99 11 66 33 96 99 61 57 48 38 57
76 64 15 34 57 37 42 55 66 67 68 105 10 40 15 56 44 78 43 34 70 21 25 62 69 0 55 28 72 90 73 62 47 19 48 51 49 61 70 105 58 74 69 49 57 65 55 33 22 47 68
30 9 47 41 56 32 14 54 35 39 45 52 51 50 49 26 37 30 26 23 60 62 45 17 44 55 0 29 26 36 61 30 55 40 29 21 31 10 21 54 59 42 23 13 56 56 17 24 46 11 17
48 38 18 16 39 11 15 37 54 57 60 78 22 25 29 43 19 59 33 20 48 33 16 44 60 28 29 0 44 63 51 49 32 11 39 37 41 34 42 77 42 62 41 32 39 43 27 5 32 27 41
4 23 61 46 46 38 31 45 60 64 70 39 65 51 70 52 37 44 52 47 45 74 54 39 69 72 26 44 0 28 44 55 52 54 55 47 57 16 6 33 49 65 3 39 46 43 17 39 70 37 12
28 27 81 70 74 61 48 73 54 58 64 16 85 76 85 51 62 30 59 59 73 96 77 36 63 90 36 63 28 0 72 51 79 74 59 51 61 29 25 23 77 55 28 46 74 71 39 58 82 46 22
44 63 58 39 16 40 54 18 96 100 106 80 63 33 80 87 32 87 82 70 3 62 48 78 105 73 61 51 44 72 0 91 27 56 87 81 89 55 49 68 17 103 46 73 16 8 44 52 83 68 55
58 32 63 64 82 56 38 80 5 9 15 66 64 73 49 6 63 24 19 29 90 78 65 16 14 62 30 49 55 51 91 0 80 56 14 12 15 39 49 74 85 13 52 19 82 85 47 45 43 24 43
54 61 32 16 11 24 42 10 85 88 92 91 37 7 57 74 18 85 65 52 24 35 22 72 92 47 55 32 52 79 27 80 0 32 71 68 73 54 54 84 11 93 51 61 11 19 41 35 62 56 58
58 49 7 17 41 18 26 39 61 64 66 89 11 25 25 50 25 69 39 27 53 22 10 53 66 19 40 11 54 74 56 56 32 0 45 44 47 45 53 87 43 69 51 41 41 48 37 16 30 36 52
59 35 51 55 76 48 33 74 18 19 21 75 52 64 35 9 56 36 6 19 85 66 54 23 21 48 29 39 55 59 87 14 71 45 0 8 2 39 50 81 79 26 52 16 76 80 45 36 29 20 46
51 27 51 52 71 45 27 69 17 20 25 67 52 61 39 6 52 30 8 17 79 66 53 15 25 51 21 37 47 51 81 12 68 44 8 0 10 31 42 73 74 25 44 8 71 74 37 33 34 13 38
61 37 53 57 78 50 35 76 18 18 20 77 53 66 36 10 58 37 8 21 87 67 56 25 20 49 31 41 57 61 89 15 73 47 2 10 0 41 52 83 81 26 54 18 78 82 47 38 29 22 48
20 8 52 42 52 33 19 50 44 48 54 44 56 50 57 36 36 32 36 32 55 67 49 24 53 61 10 34 16 29 55 39 54 45 39 31 41 0 11 44 55 50 13 23 52 52 13 29 55 21 7
9 17 60 47 49 38 28 48 54 58 64 38 64 52 67 47 38 38 47 43 50 74 54 33 63 70 21 42 6 25 49 49 54 53 50 42 52 11 0 35 52 59 3 34 49 47 16 37 66 32 6
30 46 94 79 76 71 63 76 77 81 87 15 98 83 101 74 69 53 78 76 71 107 87 59 86 105 54 77 33 23 68 74 84 87 81 73 83 44 35 0 79 78 36 65 76 71 50 72 99 65 37
50 62 43 26 3 31 47 5 90 94 99 87 48 18 68 80 23 86 73 61 14 46 33 76 99 58 59 42 49 77 17 85 11 43 79 74 81 55 52 79 0 98 49 66 3 10 42 43 73 61 58
68 42 76 77 95 69 51 93 8 8 12 68 77 86 61 19 76 25 32 42 102 91 78 26 11 74 42 62 65 55 103 13 93 69 26 25 26 50 59 78 98 0 62 32 95 98 59 58 55 37 53
7 20 58 44 46 36 28 45 57 61 67 41 62 49 67 49 35 41 49 44 47 72 52 36 66 69 23 41 3 28 46 52 51 51 52 44 54 13 3 36 49 62 0 36 46 44 14 36 67 34 9
43 19 48 46 63 37 19 61 24 28 33 62 50 55 41 14 44 29 13 15 71 63 48 13 33 49 13 32 39 46 73 19 61 41 16 8 18 23 34 65 66 32 36 0 63 66 29 27 37 5 30
47 59 42 24 0 28 44 2 87 91 96 84 47 17 66 77 20 83 70 58 13 46 32 73 96 57 56 39 46 74 16 82 11 41 76 71 78 52 49 76 3 95 46 63 0 8 39 40 71 58 55
44 59 50 31 8 32 47 10 90 94 99 81 55 25 72 80 24 83 74 62 5 54 40 73 99 65 56 43 43 71 8 85 19 48 80 74 82 52 47 71 10 98 44 66 8 0 39 44 75 61 53
21 20 44 31 39 22 15 37 52 56 62 54 48 37 54 43 23 44 40 32 43 58 38 34 61 55 17 27 17 39 44 47 41 37 45 37 47 13 16 50 42 59 14 29 39 39 0 22 54 25 17
43 33 23 19 40 12 10 38 50 53 57 73 27 28 32 39 20 54 30 18 49 38 21 39 57 33 24 5 39 58 52 45 35 16 36 33 38 29 37 72 43 58 36 27 40 44 22 0 34 22 36
74 55 33 47 71 43 39 69 47 47 47 98 30 55 7 38 51 64 26 23 80 43 40 49 48 22 46 32 70 82 83 43 62 30 29 34 29 55 66 99 73 55 67 37 71 75 54 34 0 36 62
41 19 43 41 58 32 14 56 29 33 38 62 46 50 39 19 39 33 15 13 66 58 43 17 38 47 11 27 37 46 68 24 56 36 20 13 22 21 32 65 61 37 34 5 58 61 25 22 36 0 28
15 11 59 48 55 39 26 54 48 52 58 37 63 54 64 41 40 32 43 39 56 74 55 27 57 68 17 41 12 22 55 43 58 52 46 38 48 7 6 37 58 53 9 30 55 53 17 36 62 28 0
0 2879
2432 2753
474 824
1017 1391
1975 2371
814 1117
999 1149
239 480
2288 2716
290 500
473 829
2160 2503
1985 2320
13 354
1863 2233
416 636
1465 1665
658 851
2059 2250
228 541
2159 2507
228 517
2574 2762
1093 1410
511 748
2119 2297
1843 2119
559 926
2295 2576
2514 2797
2442 2829
1112 1329
2176 2361
2244 2626
2487 2675
2295 2720
138 304
2213 2358
2452 2726
1095 1276
910 1317
1620 1935
2019 2400
1841 1992
1261 1606
2290 2630
1871 2249
52 302
243 530
1408 1680
855 1148
