38
0 3807889 3080580 3935730 3605550 4031130 3330169 3535530 3905120 3352610 3238830 3535530 3929379 4123110 4031130 4420410 4060790 3807889 3773590 3720220 3832750 2000000 1802780 1414210 2692580 1000000 921954 1964689 3929379 3255760 3847079 1788850 424264 2109500 1552420 1414210 2051830 1923539
4807890 1000000 2044030 1300000 1707110 1500000 2220660 2414210 2118030 5810410 5346260 5472140 6053710 6147820 5716990 5200000 5011230 4000000 1583100 1860230 5614110 4535530 4905120 3549510 3692580 3915480 4354100 2886800 4397060 4361550 3549510 3701850 4984970 5883650 5313930 4301510 6001000 2897370
4080580 2044030 1000000 2000000 1538520 2019800 1400000 1700000 1860230 4769620 4310590 4448190 5031130 5134010 4720220 5609770 5356600 4448190 1728010 1640309 4605550 3507990 4624910 2700000 2655290 3343070 3469820 2431780 3500000 3360080 2746420 2711720 4176480 5527690 4911520 3334520 5019950 2204160
4935730 1300000 2000000 1000000 1538520 1200000 2077030 2220660 1860230 5712750 5237920 5346260 5924430 6008990 5565080 5500000 5310450 4300000 1360560 1640309 5472140 4505710 5140050 3624880 3596150 4080580 4420530 3061550 4201560 4220250 3334520 3707400 5085340 6108820 5527690 4324150 6015970 3012460
4605550 1707110 1538520 1538520 1000000 1500000 1538520 1707110 1500000 5176120 4700000 4807890 5386340 5472140 5031130 5726520 5504440 4535530 1200000 1200000 4935730 4000000 5031130 3236070 3061550 3828430 4008320 2860110 3690720 3683280 2843910 3236070 4712140 5964880 5360050 3863559 5539820 2702940
5031130 1500000 2019800 1200000 1500000 1000000 2019800 2118030 1707110 5657250 5176120 5272000 5846650 5924430 5472140 5700000 5509990 4500000 1300000 1538520 5386340 4500000 5301160 3692580 3549510 4201560 4478510 3193170 4080580 4138470 3202270 3729470 5162930 6263080 5675470 4354100 6035870 3109500
4330170 2220660 1400000 2077030 1538520 2019800 1000000 1300000 1583100 4640050 4162280 4269560 4848380 4935730 4498570 6001000 5751840 4832750 1728010 1500000 4400000 3507990 4992490 2920940 2529710 3662710 3641970 2802780 3193170 3147090 2389240 2802780 4383780 5876470 5254410 3435160 5079220 2526430
4535530 2414210 1700000 2220660 1707110 2118030 1300000 1000000 1500000 4569310 4080580 4162280 4733630 4807890 4354100 6295280 6048760 5123110 1860230 1583100 4269560 3549510 5272000 3121320 2500000 3915480 3801789 3088060 2984940 3024850 2140180 2923540 4560900 6142960 5517740 3549510 5148490 2788850
4905120 2118030 1860230 1860230 1500000 1707110 1583100 1500000 1000000 5060790 4569310 4640050 5205950 5272000 4807890 6223980 6004000 5031130 1538520 1300000 4733630 4041380 5472140 3500000 3000000 4201560 4224900 3282540 3385370 3500000 2500000 3376970 4966110 6385160 5770740 4008320 5632490 3061550
4352610 5810410 4769620 5712750 5176120 5657250 4640050 4569310 5060790 1000000 1500000 1583100 1600000 1800000 1943400 8420240 8080249 7506919 5368070 5123110 1781019 2562050 6107840 3973210 3118960 4773590 3594220 4962320 3088060 2600000 3807130 3408320 3983290 6434150 5904080 3163330 2868150 4546830
4238830 5346260 4310590 5237920 4700000 5176120 4162280 4080580 4569310 1500000 1000000 1300000 1781019 1943400 1800000 8128109 7795590 7171710 4889730 4640050 1600000 2300000 5933560 3662710 2655290 4534120 3404160 4612480 2615550 2100000 3308679 3061550 3906890 6346030 5785390 2931320 3059130 4182770
4535530 5472140 4448190 5346260 4807890 5272000 4269560 4162280 4640050 1583100 1300000 1000000 1583100 1707110 1500000 8378350 8049110 7403120 4992490 4733630 1300000 2581140 6220150 3915480 2802780 4807890 3692580 4841870 2529710 2140180 3302170 3302170 4206240 6643580 6080350 3213590 3325940 4405880
4929380 6053710 5031130 5924430 5386340 5846650 4848380 4733630 5205950 1600000 1781019 1583100 1000000 1200000 1538520 8905690 8571660 7952700 5569460 5308130 1500000 3059130 6664800 4440930 3385370 5294180 4138470 5393180 3000000 2708800 3828430 3842530 4569310 7020800 6481789 3683280 3451530 4962320
5123110 6147820 5134010 6008990 5472140 5924430 4935730 4807890 5272000 1800000 1943400 1707110 1200000 1000000 1500000 9070940 8738860 8106340 5651880 5386340 1538520 3236070 6852350 4605550 3500000 5472140 4324150 5545330 3009980 2788850 3863559 4000000 4765630 7216910 6675390 3863559 3647640 5110960
5031130 5716990 4720220 5565080 5031130 5472140 4498570 4354100 4807890 1943400 1800000 1500000 1538520 1500000 1000000 8803200 8479300 7800740 5205950 4935730 1200000 3061550 6700879 4354100 3121320 5272000 4178050 5243820 2513270 2360150 3376970 3729470 4705400 7140030 6573150 3692580 3785680 4801320
5420410 5200000 5609770 5500000 5726520 5700000 6001000 6295280 6223980 8420240 8128109 8378350 8905690 9070940 8803200 1000000 1360560 2200000 5709560 5925440 8632170 6860030 3773080 5465420 6769750 4679670 5883650 4577710 7964190 7574190 7332460 6077400 5841490 4354100 4324150 6263080 7466070 5024920
5060790 5011230 5356600 5310450 5504440 5509990 5751840 6048760 6004000 8080249 7795590 8049110 8571660 8738860 8479300 1360560 1000000 2044030 5500000 5704250 8306160 6521780 3416610 5134010 6462600 4330170 5534310 4269560 7673080 7264980 7063830 5750790 5482190 4026550 3973210 5920370 7107370 4716180
4807890 4000000 4448190 4300000 4535530 4500000 4832750 5123110 5031130 7506919 7171710 7403120 7952700 8106340 7800740 2200000 2044030 1000000 4512830 4733630 7640030 5949750 3500000 4535530 5716990 3915480 5080440 3561249 6860030 6522680 6186520 5110960 5204760 4354100 4100000 5393180 6780140 4000000
4773590 1583100 1728010 1360560 1200000 1300000 1728010 1860230 1538520 5368070 4889730 4992490 5569460 5651880 5205950 5709560 5500000 4512830 1000000 1282840 5114610 4200000 5134010 3416610 3256100 3973210 4195310 2984940 3842530 3863559 2979900 3433110 4891020 6080350 5482190 4059409 5738140 2860110
4720220 1860230 1640309 1640309 1200000 1538520 1500000 1583100 1300000 5123110 4640050 4733630 5308130 5386340 4935730 5925440 5704250 4733630 1282840 1000000 4848380 4006660 5205950 3332380 3022370 3973210 4087070 3024850 3561249 3600000 2697060 3280350 4807890 6131280 5522170 3912039 5570560 2838480
4832750 5614110 4605550 5472140 4935730 5386340 4400000 4269560 4733630 1781019 1600000 1300000 1500000 1538520 1200000 8632170 8306160 7640030 5114610 4848380 1000000 2868150 6508180 4176480 2984940 5085340 3983290 5080440 2500000 2253000 3334520 3555390 4505710 6941379 6375870 3500000 3600000 4640050
3000000 4535530 3507990 4505710 4000000 4500000 3507990 3549510 4041380 2562050 2300000 2581140 3059130 3236070 3061550 6860030 6521780 5949750 4200000 4006660 2868150 1000000 4640050 2414210 2118030 3236070 2118030 3420740 3059130 2341640 3280350 1894429 2726270 5104880 4522780 1632460 2615550 3024850
2802780 4905120 4624910 5140050 5031130 5301160 4992490 5272000 5472140 6107840 5933560 6220150 6664800 6852350 6700879 3773080 3416610 3500000 5134010 5205950 6508180 4640050 1000000 3500000 5000000 2500000 3529820 3193170 6300000 5716990 5964880 4106440 3220360 2000000 1600000 4008320 4828840 3500000
2414210 3549510 2700000 3624880 3236070 3692580 2920940 3121320 3500000 3973210 3662710 3915480 4440930 4605550 4354100 5465420 5134010 4535530 3416610 3332380 4176480 2414210 3500000 1000000 2500000 2000000 1806230 2029560 3800000 3236070 3529820 1632460 2476480 4201560 3570989 1894429 3531800 1707110
3692580 3692580 2655290 3596150 3061550 3549510 2529710 2500000 3000000 3118960 2655290 2802780 3385370 3500000 3121320 6769750 6462600 5716990 3256100 3022370 2984940 2118030 5000000 2500000 1000000 3500000 2788850 3193170 2300000 1806230 2204160 1921950 3555390 5669050 5044750 2360150 3731300 2746420
2000000 3915480 3343070 4080580 3828430 4201560 3662710 3915480 4201560 4773590 4534120 4807890 5294180 5472140 5272000 4679670 4330170 3915480 3973210 3973210 5085340 3236070 2500000 2000000 3500000 1000000 2204160 2029560 4800000 4224900 4492850 2612450 2334170 3247220 2615550 2612450 3865310 2140180
1921950 4354100 3469820 4420530 4008320 4478510 3641970 3801789 4224900 3594220 3404160 3692580 4138470 4324150 4178050 5883650 5534310 5080440 4195310 4087070 3983290 2118030 3529820 1806230 2788850 2204160 1000000 2746420 4008320 3334520 3968160 1921950 1781019 4000000 3408320 1500000 2772000 2500000
2964690 2886800 2431780 3061550 2860110 3193170 2802780 3088060 3282540 4962320 4612480 4841870 5393180 5545330 5243820 4577710 4269560 3561249 2984940 3024850 5080440 3420740 3193170 2029560 3193170 2029560 2746420 1000000 4420530 3996660 3901720 2555630 3209070 4106440 3500000 2923540 4517100 1447210
4929380 4397060 3500000 4201560 3690720 4080580 3193170 2984940 3385370 3088060 2615550 2529710 3000000 3009980 2513270 7964190 7673080 6860030 3842530 3561249 2500000 3059130 6300000 3800000 2300000 4800000 4008320 4420530 1000000 1721109 1894429 3209070 4733630 6953990 6333850 3529820 4465540 3983290
4255760 4361550 3360080 4220250 3683280 4138470 3147090 3024850 3500000 2600000 2100000 2140180 2708800 2788850 2360150 7574190 7264980 6522680 3863559 3600000 2253000 2341640 5716990 3236070 1806230 4224900 3334520 3996660 1721109 1000000 2216550 2612450 4036450 6315070 5704250 2843910 3765860 3549510
4847080 3549510 2746420 3334520 2843910 3202270 2389240 2140180 2500000 3807130 3308679 3302170 3828430 3863559 3376970 7332460 7063830 6186520 2979900 2697060 3334520 3280350 5964880 3529820 2204160 4492850 3968160 3901720 1894429 2216550 1000000 3059130 4744330 6728000 6096080 3561249 4858760 3502000
2788850 3701850 2711720 3707400 3236070 3729470 2802780 2923540 3376970 3408320 3061550 3302170 3842530 4000000 3729470 6077400 5750790 5110960 3433110 3280350 3555390 1894429 4106440 1632460 1921950 2612450 1921950 2555630 3209070 2612450 3059130 1000000 2702940 4748330 4125700 1632460 3308679 2140180
1424260 4984970 4176480 5085340 4712140 5162930 4383780 4560900 4966110 3983290 3906890 4206240 4569310 4765630 4705400 5841490 5482190 5204760 4891020 4807890 4505710 2726270 3220360 2476480 3555390 2334170 1781019 3209070 4733630 4036450 4744330 2702940 1000000 3451530 2931320 2208300 2627880 3088060
3109500 5883650 5527690 6108820 5964880 6263080 5876470 6142960 6385160 6434150 6346030 6643580 7020800 7216910 7140030 4354100 4026550 4354100 6080350 6131280 6941379 5104880 2000000 4201560 5669050 3247220 4000000 4106440 6953990 6315070 6728000 4748330 3451530 1000000 1632460 4500000 4891020 4354100
2552420 5313930 4911520 5527690 5360050 5675470 5254410 5517740 5770740 5904080 5785390 6080350 6481789 6675390 6573150 4324150 3973210 4100000 5482190 5522170 6375870 4522780 1600000 3570989 5044750 2615550 3408320 3500000 6333850 5704250 6096080 4125700 2931320 1632460 1000000 3906890 4466990 3729470
2414210 4301510 3334520 4324150 3863559 4354100 3435160 3549510 4008320 3163330 2931320 3213590 3683280 3863559 3692580 6263080 5920370 5393180 4059409 3912039 3500000 1632460 4008320 1894429 2360150 2612450 1500000 2923540 3529820 2843910 3561249 1632460 2208300 4500000 3906890 1000000 2700000 2581140
3051830 6001000 5019950 6015970 5539820 6035870 5079220 5148490 5632490 2868150 3059130 3325940 3451530 3647640 3785680 7466070 7107370 6780140 5738140 5570560 3600000 2615550 4828840 3531800 3731300 3865310 2772000 4517100 4465540 3765860 4858760 3308679 2627880 4891020 4466990 2700000 1000000 4238830
2923540 2897370 2204160 3012460 2702940 3109500 2526430 2788850 3061550 4546830 4182770 4405880 4962320 5110960 4801320 5024920 4716180 4000000 2860110 2838480 4640050 3024850 3500000 1707110 2746420 2140180 2500000 1447210 3983290 3549510 3502000 2140180 3088060 4354100 3729470 2581140 4238830 1000000
0 96000000
61300000 85300000
9200000 33200000
41100000 65100000
58400000 82400000
4000000 28000000
32800000 56800000
24000000 48000000
30700000 54700000
13500000 37500000
16300000 40300000
3500000 27500000
11400000 35400000
19500000 43500000
64300000 88300000
59700000 83700000
49700000 73700000
51400000 75400000
3700000 27700000
42900000 66900000
4500000 28500000
31500000 55500000
54100000 78100000
53900000 77900000
63400000 87400000
55200000 79200000
9700000 33700000
69000000 93000000
22600000 46600000
30500000 54500000
29200000 53200000
20000000 44000000
29900000 53900000
68800000 92800000
50200000 74200000
11200000 35200000
24800000 48800000
69000000 93000000
# scale factor = 100000
