46
0 3807889 3080580 3935730 4031130 3330169 3535530 3905120 3807889 3535530 4123110 4031130 3505710 3500000 4527690 4420410 4301160 4060790 3720220 3605550 4031130 3080580 3354099 3807889 3534120 3773590 3720220 3832750 1802780 4716990 2692580 1581140 1000000 921954 1964689 3929379 3605550 4998000 3255760 3847079 761577 1204160 1204160 1476480 1552420 1923539
4807890 1000000 2044030 1300000 1500000 2220660 2414210 2118030 6385160 5472140 6147820 5716990 8203470 8158910 9062260 5200000 5000000 5011230 4733630 4535530 4500000 4448190 4041380 4000000 4014960 1583100 1860230 5614110 4905120 8566370 3692580 3828430 3915480 4354100 2886800 4397060 7519199 9202440 4361550 3549510 5390900 4612480 5924430 6047770 5313930 2897370
4080580 2044030 1000000 2000000 2019800 1400000 1700000 1860230 5346260 4448190 5134010 4720220 7324560 7264180 8119690 5609770 5414750 5356600 5031130 4832750 4929380 4600000 4337660 4448190 4373430 1728010 1640309 4605550 4624910 7537580 2655290 3507990 3343070 3469820 2431780 3500000 6503640 8200690 3360080 2746420 4753660 4190610 5263800 5455330 4911520 2204160
4935730 1300000 2000000 1000000 1200000 2077030 2220660 1860230 6281100 5346260 6008990 5565080 8280110 8227719 9104940 5500000 5300000 5310450 5031130 4832750 4800000 4736310 4337660 4300000 4313610 1360560 1640309 5472140 5140050 8532600 3596150 4047950 4080580 4420530 3061550 4201560 7503080 9200610 4220250 3334520 5548630 4818380 6077400 6220150 5527690 3012460
5031130 1500000 2019800 1200000 1000000 2019800 2118030 1707110 6220150 5272000 5924430 5472140 8337569 8280110 9139410 5700000 5500000 5509990 5229660 5031130 5000000 4929380 4535530 4500000 4512830 1300000 1538520 5386340 5301160 8516650 3549510 4201560 4201560 4478510 3193170 4080580 7500000 9205490 4138470 3202270 5661540 4962320 6186520 6341350 5675470 3109500
4330170 2220660 1400000 2077030 2019800 1000000 1300000 1583100 5205950 4269560 4935730 4498570 7462200 7390620 8203470 6001000 5805210 5751840 5428320 5229660 5317410 5000000 4733630 4832750 4765630 1728010 1500000 4400000 4992490 7506919 2529710 3879240 3662710 3641970 2802780 3193170 6503640 8217340 3147090 2389240 5031130 4535530 5527690 5742360 5254410 2526430
4535530 2414210 1700000 2220660 2118030 1300000 1000000 1500000 5123110 4162280 4807890 4354100 7579510 7500000 8280110 6295280 6099020 6048760 5726520 5527690 5609770 5300000 5031130 5123110 5060790 1860230 1583100 4269560 5272000 7500000 2500000 4162280 3915480 3801789 3088060 2984940 6522680 8244310 3024850 2140180 5252060 4801320 5738140 5967900 5517740 2788850
4905120 2118030 1860230 1860230 1707110 1583100 1500000 1000000 5609770 4640050 5272000 4807890 8038469 7964190 8762090 6223980 6024940 6004000 5700000 5500000 5527690 5328970 5000000 5031130 5005000 1538520 1300000 4733630 5472140 8000000 3000000 4354100 4201560 4224900 3282540 3385370 7020800 8741450 3500000 2500000 5596740 5049690 6099020 6303770 5770740 3061550
4807890 6385160 5346260 6281100 6220150 5205950 5123110 5609770 1000000 2000000 1707110 2118030 5205950 5031130 5242640 8964920 8810250 8621680 8262230 8106340 8433030 7640030 7726810 8071070 7862220 5933560 5684020 2044030 6590170 3692580 3692580 6000000 5301160 4106440 5534310 3517940 3121320 4671510 3121320 4301510 5368070 5964880 5455330 5866210 6348830 5123110
4535530 5472140 4448190 5346260 5272000 4269560 4162280 4640050 2000000 1000000 1707110 1500000 5763400 5609770 6000000 8378350 8211100 8049110 7688800 7519199 7800740 7090160 7103279 7403120 7220130 4992490 4733630 1300000 6220150 4640050 2802780 5472140 4807890 3692580 4841870 2529710 3915480 5569460 2140180 3302170 5204760 5588030 5410220 5804160 6080350 4405880
5123110 6147820 5134010 6008990 5924430 4935730 4807890 5272000 1707110 1707110 1000000 1500000 5887740 5716990 5949750 9070940 8905690 8738860 8378350 8211100 8500000 7774220 7800740 8106340 7920260 5651880 5386340 1538520 6852350 4354100 3500000 6147820 5472140 4324150 5545330 3009980 3828430 5356600 2788850 3863559 5751840 6220150 5904080 6308480 6675390 5110960
5031130 5716990 4720220 5565080 5472140 4498570 4354100 4807890 2118030 1500000 1500000 1000000 6161400 6000000 6315070 8803200 8632170 8479300 8119690 7946220 8211100 7529930 7519199 7800740 7628730 5205950 4935730 1200000 6700879 4807890 3121320 5924430 5272000 4178050 5243820 2513270 4201560 5788530 2360150 3376970 5704250 6069520 5909180 6303770 6573150 4801320
4505710 8203470 7324560 8280110 8337569 7462200 7579510 8038469 5205950 5763400 5887740 6161400 1000000 1200000 2220660 8433030 8368170 8083780 7800740 7744629 8227719 7209670 7628730 8119690 7824950 8051949 7928919 6000000 5684020 3745910 6247860 6008990 5504440 4860050 6445180 7020800 3256100 3247220 6326350 7407030 4238830 5356600 3789270 4008320 5110960 6315070
4500000 8158910 7264180 8227719 8280110 7390620 7500000 7964190 5031130 5609770 5716990 6000000 1200000 1000000 2118030 8502670 8433030 8151220 7862220 7800740 8280110 7264180 7670829 8158910 7865860 7992140 7862220 5841490 5743420 3549510 6147820 6024940 5500000 4807890 6423099 6889820 3061550 3080870 6200960 7296820 4275670 5393180 3846050 4087070 5178520 6277310
5527690 9062260 8119690 9104940 9139410 8203470 8280110 8762090 5242640 6000000 5949750 6315070 2220660 2118030 1000000 9616260 9544000 9263780 8971200 8905690 9381530 8368170 8762090 9246210 8955500 8844740 8690250 6185560 6852350 3061550 6852350 7082760 6522680 5716990 7400000 7414050 3121320 2216550 6770620 7935420 5368070 6481789 4956010 5204760 6292450 7212890
5420410 5200000 5609770 5500000 5700000 6001000 6295280 6223980 8964920 8378350 9070940 8803200 8433030 8502670 9616260 1000000 1200000 1360560 1707110 1860230 1700000 2345360 2300000 2200000 2236930 5709560 5925440 8632170 3773080 10126300 6769750 3973210 4679670 5883650 4577710 7964190 9021220 10305900 7574190 7332460 5294180 4245000 5661540 5427190 4324150 5024920
5301160 5000000 5414750 5300000 5500000 5805210 6099020 6024940 8810250 8211100 8905690 8632170 8368170 8433030 9544000 1200000 1000000 1300000 1583100 1707110 1500000 2220660 2118030 2000000 2044030 5509990 5726520 8462570 3692580 10013900 6590170 3828430 4535530 5738140 4400000 7777910 8905690 10213000 7395310 7140030 5204760 4138470 5588030 5368070 4257300 4847080
5060790 5011230 5356600 5310450 5509990 5751840 6048760 6004000 8621680 8049110 8738860 8479300 8083780 8151220 9263780 1360560 1300000 1000000 1360560 1538520 1583100 1989950 2019800 2044030 2000000 5500000 5704250 8306160 3416610 9765840 6462600 3624880 4330170 5534310 4269560 7673080 8660940 9947070 7264980 7063830 4935730 3884440 5308130 5080440 3973210 4716180
4720220 4733630 5031130 5031130 5229660 5428320 5726520 5700000 8262230 7688800 8378350 8119690 7800740 7862220 8971200 1707110 1583100 1360560 1000000 1200000 1538520 1640309 1700000 1860230 1728010 5204760 5400000 7946220 3118960 9431490 6107840 3267160 3973210 5177320 3915480 7324560 8323930 9631340 6909310 6727130 4624910 3555390 5016220 4807890 3692580 4361550
4605550 4535530 4832750 4832750 5031130 5229660 5527690 5500000 8106340 7519199 8211100 7946220 7744629 7800740 8905690 1860230 1707110 1538520 1200000 1000000 1500000 1538520 1500000 1707110 1538520 5005000 5200000 7774220 3061550 9321660 5924430 3121320 3828430 5031130 3731300 7135140 8211100 9542830 6727130 6531730 4546830 3459670 4956010 4765630 3647640 4178050
5031130 4500000 4929380 4800000 5000000 5317410 5609770 5527690 8433030 7800740 8500000 8211100 8227719 8280110 9381530 1700000 1500000 1583100 1538520 1500000 1000000 2019800 1707110 1500000 1583100 5011230 5229660 8045569 3549510 9746430 6147820 3500000 4201560 5393180 3968160 7315850 8632170 9996110 6953990 6661270 5016220 3915480 5438470 5257930 4140059 4413210
4080580 4448190 4600000 4736310 4929380 5000000 5300000 5328970 7640030 7090160 7774220 7529930 7209670 7264180 8368170 2345360 2220660 1989950 1640309 1538520 2019800 1000000 1583100 2044030 1761580 4863940 5031130 7352950 2529710 8793590 5554120 2640120 3343070 4546830 3376970 6797410 7685060 9005620 6348830 6246900 4008320 2923540 4420530 4238830 3121320 3816030
4354100 4041380 4337660 4337660 4535530 4733630 5031130 5000000 7726810 7103279 7800740 7519199 7628730 7670829 8762090 2300000 2118030 2019800 1700000 1500000 1707110 1583100 1000000 1500000 1200000 4505710 4700000 7351380 3000000 9062260 5472140 2802780 3500000 4687820 3282540 6664800 7946220 9338470 6277310 6044800 4395590 3280350 4847080 4705400 3600000 3729470
4807890 4000000 4448190 4300000 4500000 4832750 5123110 5031130 8071070 7403120 8106340 7800740 8119690 8158910 9246210 2200000 2000000 2044030 1860230 1707110 1500000 2044030 1500000 1000000 1300000 4512830 4733630 7640030 3500000 9500000 5716990 3236070 3915480 5080440 3561249 6860030 8382410 9802270 6522680 6186520 4883300 3765860 5341660 5204760 4100000 4000000
4534120 4014960 4373430 4313610 4512830 4765630 5060790 5005000 7862220 7220130 7920260 7628730 7824950 7865860 8955500 2236930 2044030 2000000 1728010 1538520 1583100 1761580 1200000 1300000 1000000 4500000 4705400 7463750 3200000 9236500 5565080 2972310 3662710 4841870 3385370 6738469 8119690 9523500 6371220 6096080 4590260 3473860 5044750 4905120 3800000 3830190
4773590 1583100 1728010 1360560 1300000 1728010 1860230 1538520 5933560 4992490 5651880 5205950 8051949 7992140 8844740 5709560 5509990 5500000 5204760 5005000 5011230 4863940 4505710 4512830 4500000 1000000 1282840 5114610 5134010 8217340 3256100 4023240 3973210 4195310 2984940 3842530 7200000 8905690 3863559 2979900 5420410 4764310 5940650 6108820 5482190 2860110
4720220 1860230 1640309 1640309 1538520 1500000 1583100 1300000 5684020 4733630 5386340 4935730 7928919 7862220 8690250 5925440 5726520 5704250 5400000 5200000 5229660 5031130 4700000 4733630 4705400 1282840 1000000 4848380 5205950 8006430 3022370 4088689 3973210 4087070 3024850 3561249 7003330 8716220 3600000 2697060 5393180 4801320 5904080 6093130 5522170 2838480
4832750 5614110 4605550 5472140 5386340 4400000 4269560 4733630 2044030 1300000 1538520 1200000 6000000 5841490 6185560 8632170 8462570 8306160 7946220 7774220 8045569 7352950 7351380 7640030 7463750 5114610 4848380 1000000 6508180 4733630 2984940 5742360 5085340 3983290 5080440 2500000 4080580 5695740 2253000 3334520 5504440 5876470 5709560 6103920 6375870 4640050
2802780 4905120 4624910 5140050 5301160 4992490 5272000 5472140 6590170 6220150 6852350 6700879 5684020 5743420 6852350 3773080 3692580 3416610 3118960 3061550 3549510 2529710 3000000 3500000 3200000 5134010 5205950 6508180 1000000 7403120 5000000 2118030 2500000 3529820 3193170 6300000 6315070 7536820 5716990 5964880 2526430 1632460 2897370 2711720 1600000 3500000
5716990 8566370 7537580 8532600 8516650 7506919 7500000 8000000 3692580 4640050 4354100 4807890 3745910 3549510 3061550 10126300 10013900 9765840 9431490 9321660 9746430 8793590 9062260 9500000 9236500 8217340 8006430 4733630 7403120 1000000 6000000 7264980 6590170 5494440 7229770 6166240 2118030 2063009 5652960 6869410 5891830 6882180 5669050 6032890 6946429 6920300
3692580 3692580 2655290 3596150 3549510 2529710 2500000 3000000 3692580 2802780 3500000 3121320 6247860 6147820 6852350 6769750 6590170 6462600 6107840 5924430 6147820 5554120 5472140 5716990 5565080 3256100 3022370 2984940 5000000 6000000 1000000 4041380 3500000 2788850 3193170 2300000 5031130 6755870 1806230 2204160 4453980 4405880 4847080 5162930 5044750 2746420
2581140 3828430 3507990 4047950 4201560 3879240 4162280 4354100 6000000 5472140 6147820 5924430 6008990 6024940 7082760 3973210 3828430 3624880 3267160 3121320 3500000 2640120 2802780 3236070 2972310 4023240 4088689 5742360 2118030 7264980 4041380 1000000 1707110 2910500 2077030 5328970 6147820 7578749 4807890 4911520 2811080 1806230 3334520 3340940 2486610 2414210
2000000 3915480 3343070 4080580 4201560 3662710 3915480 4201560 5301160 4807890 5472140 5272000 5504440 5500000 6522680 4679670 4535530 4330170 3973210 3828430 4201560 3343070 3500000 3915480 3662710 3973210 3973210 5085340 2500000 6590170 3500000 1707110 1000000 2204160 2029560 4800000 5472140 6948110 4224900 4492850 2476480 1921950 3012460 3140090 2615550 2140180
1921950 4354100 3469820 4420530 4478510 3641970 3801789 4224900 4106440 3692580 4324150 4178050 4860050 4807890 5716990 5883650 5738140 5534310 5177320 5031130 5393180 4546830 4687820 5080440 4841870 4195310 4087070 3983290 3529820 5494440 2788850 2910500 2204160 1000000 2746420 4008320 4383780 5964880 3334520 3968160 2676310 2897370 3059130 3376970 3408320 2500000
2964690 2886800 2431780 3061550 3193170 2802780 3088060 3282540 5534310 4841870 5545330 5243820 6445180 6423099 7400000 4577710 4400000 4269560 3915480 3731300 3968160 3376970 3282540 3561249 3385370 2984940 3024850 5080440 3193170 7229770 3193170 2077030 2029560 2746420 1000000 4420530 6124450 7708199 3996660 3901720 3505990 2780450 4041380 4162280 3500000 1447210
4929380 4397060 3500000 4201560 4080580 3193170 2984940 3385370 3517940 2529710 3009980 2513270 7020800 6889820 7414050 7964190 7777910 7673080 7324560 7135140 7315850 6797410 6664800 6860030 6738469 3842530 3561249 2500000 6300000 6166240 2300000 5328970 4800000 4008320 4420530 1000000 5386340 7074540 1721109 1894429 5684020 5704250 6032890 6375870 6333850 3983290
4605550 7519199 6503640 7503080 7500000 6503640 6522680 7020800 3121320 3915480 3828430 4201560 3256100 3061550 3121320 9021220 8905690 8660940 8323930 8211100 8632170 7685060 7946220 8382410 8119690 7200000 7003330 4080580 6315070 2118030 5031130 6147820 5472140 4383780 6124450 5386340 1000000 2726270 4794730 6000000 4818380 5780170 4640050 5022440 5879550 5827010
5998000 9202440 8200690 9200610 9205490 8217340 8244310 8741450 4671510 5569460 5356600 5788530 3247220 3080870 2216550 10305900 10213000 9947070 9631340 9542830 9996110 9005620 9338470 9802270 9523500 8905690 8716220 5695740 7536820 2063009 6755870 7578749 6948110 5964880 7708199 7074540 2726270 1000000 6508180 7718630 6011990 7083580 5687220 6000000 7020800 7449809
4255760 4361550 3360080 4220250 4138470 3147090 3024850 3500000 3121320 2140180 2788850 2360150 6326350 6200960 6770620 7574190 7395310 7264980 6909310 6727130 6953990 6348830 6277310 6522680 6371220 3863559 3600000 2253000 5716990 5652960 1806230 4807890 4224900 3334520 3996660 1721109 4794730 6508180 1000000 2216550 5002500 5104880 5332440 5684020 5704250 3549510
4847080 3549510 2746420 3334520 3202270 2389240 2140180 2500000 4301510 3302170 3863559 3376970 7407030 7296820 7935420 7332460 7140030 7063830 6727130 6531730 6661270 6246900 6044800 6186520 6096080 2979900 2697060 3334520 5964880 6869410 2204160 4911520 4492850 3968160 3901720 1894429 6000000 7718630 2216550 1000000 5606520 5414750 6024940 6323530 6096080 3502000
1761580 5390900 4753660 5548630 5661540 5031130 5252060 5596740 5368070 5204760 5751840 5704250 4238830 4275670 5368070 5294180 5204760 4935730 4624910 4546830 5016220 4008320 4395590 4883300 4590260 5420410 5393180 5504440 2526430 5891830 4453980 2811080 2476480 2676310 3505990 5684020 4818380 6011990 5002500 5606520 1000000 2118030 1538520 1721109 2063009 3561249
2204160 4612480 4190610 4818380 4962320 4535530 4801320 5049690 5964880 5588030 6220150 6069520 5356600 5393180 6481789 4245000 4138470 3884440 3555390 3459670 3915480 2923540 3280350 3765860 3473860 4764310 4801320 5876470 1632460 6882180 4405880 1806230 1921950 2897370 2780450 5704250 5780170 7083580 5104880 5414750 2118030 1000000 2600000 2552420 1721109 3012460
2204160 5924430 5263800 6077400 6186520 5527690 5738140 6099020 5455330 5410220 5904080 5909180 3789270 3846050 4956010 5661540 5588030 5308130 5016220 4956010 5438470 4420530 4847080 5341660 5044750 5940650 5904080 5709560 2897370 5669050 4847080 3334520 3012460 3059130 4041380 6032890 4640050 5687220 5332440 6024940 1538520 2600000 1000000 1412310 2341640 4080580
2476480 6047770 5455330 6220150 6341350 5742360 5967900 6303770 5866210 5804160 6308480 6303770 4008320 4087070 5204760 5427190 5368070 5080440 4807890 4765630 5257930 4238830 4705400 5204760 4905120 6108820 6093130 6103920 2711720 6032890 5162930 3340940 3140090 3376970 4162280 6375870 5022440 6000000 5684020 6323530 1721109 2552420 1412310 1000000 2118030 4255760
2552420 5313930 4911520 5527690 5675470 5254410 5517740 5770740 6348830 6080350 6675390 6573150 5110960 5178520 6292450 4324150 4257300 3973210 3692580 3647640 4140059 3121320 3600000 4100000 3800000 5482190 5522170 6375870 1600000 6946429 5044750 2486610 2615550 3408320 3500000 6333850 5879550 7020800 5704250 6096080 2063009 1721109 2341640 2118030 1000000 3729470
2923540 2897370 2204160 3012460 3109500 2526430 2788850 3061550 5123110 4405880 5110960 4801320 6315070 6277310 7212890 5024920 4847080 4716180 4361550 4178050 4413210 3816030 3729470 4000000 3830190 2860110 2838480 4640050 3500000 6920300 2746420 2414210 2140180 2500000 1447210 3983290 5827010 7449809 3549510 3502000 3561249 3012460 4080580 4255760 3729470 1000000
0 96000000
0 91100000
0 91900000
0 91000000
0 90900000
0 91600000
0 91400000
36700000 48700000
65300000 77300000
0 91400000
0 90800000
0 90900000
0 91400000
0 91500000
78400000 90400000
0 90500000
0 90600000
0 90900000
27800000 39800000
0 91300000
0 90900000
0 91900000
0 91600000
0 91100000
21700000 33700000
0 91200000
0 91200000
0 91100000
0 93100000
78200000 90200000
0 92300000
0 93400000
0 94000000
15700000 27700000
0 93000000
0 91000000
64500000 76500000
76400000 88400000
0 91700000
35200000 47200000
0 94200000
0 93700000
0 93700000
1400000 13400000
0 93400000
81000000 93000000
# scale factor = 100000
