34
0 451774 400500 350571 450000 350000 450444 350571 452769 585235 570088 557136 522015 520000 502892 510784 514782 474341 450444 380526 353412 335409 471699 269258 291548 390512 252982 429418 499799 270185 354683 524786 147648 206155
551774 100000 153852 201980 140000 207703 160000 216619 190000 667979 691692 641202 649181 606063 632541 597393 556180 608035 120000 172801 510366 286011 394279 721772 466197 358070 520595 274642 310950 372947 361725 330000 490512 441760
500500 153852 100000 150000 153852 153852 164030 164030 186023 666480 686003 638516 641202 601597 623546 592443 555412 597393 150000 120000 490512 264012 370000 668242 439706 350799 488330 281108 302485 342074 346982 354951 447851 404138
450571 201980 150000 100000 201980 120000 207703 140000 222066 650818 666480 622015 620000 583839 601597 574342 541475 574236 200000 130000 460555 239284 374591 624786 404795 335372 448281 282483 324722 305183 324722 369258 400832 360768
550000 140000 153852 201980 100000 200000 120000 201980 150000 704152 726498 676975 683095 641202 666039 632353 592443 640832 120000 172801 538634 312132 354951 704152 490512 391548 541022 311896 271172 394109 392062 370000 501622 457771
450000 207703 153852 120000 200000 100000 201980 120000 211803 670087 685235 641202 638516 602892 620000 593356 560977 592443 201980 136056 477359 258114 354951 614782 420156 354951 461248 302237 308087 320227 343516 387924 408707 372029
550444 160000 164030 207703 120000 201980 100000 200000 130000 722415 744127 695063 700333 659017 683095 650091 610784 657584 140000 180623 553431 326716 335372 696153 503609 408869 552217 330867 251327 406105 408058 390000 508534 467151
450571 216619 164030 140000 201980 120000 200000 100000 204403 689406 704070 660446 657136 622015 638516 612445 580521 610784 207703 150000 494462 277200 335372 605371 436006 374591 474833 322036 292094 336008 362488 406757 417648 384253
552769 190000 186023 222066 150000 211803 130000 204403 100000 750000 770819 722415 726498 686003 709016 676975 638516 683095 170000 198995 576340 350000 306155 685235 524264 435409 570106 359615 221655 425576 432866 420000 520476 482753
685235 667979 666480 650818 704152 670087 722415 689406 750000 100000 150000 130000 170711 170000 186023 180000 211803 211803 686003 659732 335372 512311 924621 954400 404138 416228 432415 493573 868960 480132 427567 475366 539659 496232
670087 691692 686003 666480 726498 685235 744127 704070 770819 150000 100000 158310 150000 186023 170000 194340 241421 200000 709016 677754 330000 527200 938152 938152 400000 435409 417805 518808 887908 484707 441760 510366 527551 490512
657136 641202 638516 622015 676975 641202 695063 660446 722415 130000 158310 100000 153852 140000 164030 150000 186023 186023 659017 631413 306155 483275 895550 926378 374591 387924 404631 467151 840945 450143 398329 453553 511096 466742
622015 649181 641202 620000 683095 638516 700333 657136 726498 170711 150000 153852 100000 153852 120000 158310 211803 150000 666039 632259 280000 480789 890569 890569 350000 391548 369258 478021 842496 435409 395466 478021 478549 440588
620000 606063 601597 583839 641202 602892 659017 622015 686003 170000 186023 140000 153852 100000 150000 110000 158310 158310 623546 593964 267631 444819 856902 889240 335372 350799 368328 432866 803847 410161 359615 426497 473363 427567
602892 632541 623546 601597 666039 620000 683095 638516 709016 186023 170000 164030 120000 150000 100000 150990 204403 130000 649181 614296 260000 462491 871622 871622 330000 374591 350000 462353 824500 415753 377308 466197 459026 420623
610784 597393 592443 574342 632353 593356 650091 612445 676975 180000 194340 150000 158310 110000 150990 100000 153852 153852 614782 584665 258114 435261 847262 880000 325610 341661 359422 424500 794622 400167 350000 420156 464005 417805
614782 556180 555412 541475 592443 560977 610784 580521 638516 211803 241421 186023 211803 158310 204403 153852 100000 200000 574236 549222 264012 404138 815891 882624 323607 306155 370185 381780 757875 382843 320907 369072 467151 413847
574342 608035 597393 574236 640832 592443 657584 610784 683095 211803 200000 186023 150000 158310 130000 153852 200000 100000 624309 587647 230000 435409 843302 843302 300000 350000 321359 439706 797711 386355 350599 449857 429848 390689
550444 120000 150000 200000 120000 201980 140000 207703 170000 686003 709016 659017 666039 623546 649181 614782 574236 624309 100000 170000 524264 298494 374591 712699 478021 374591 530465 293132 291050 383019 376586 350000 495601 449285
480526 172801 120000 130000 172801 136056 180623 150000 198995 659732 677754 631413 632259 593964 614296 584665 549222 587647 170000 100000 478021 252643 370740 650727 425269 343516 472022 280000 310238 326716 337065 359615 428938 386531
453412 510366 490512 460555 538634 477359 553431 494462 576340 335372 330000 306155 280000 267631 260000 258114 264012 230000 524264 478021 100000 326716 722415 722415 170000 265529 206301 359422 685235 261555 250000 404138 306155 261245
435409 286011 264012 239284 312132 258114 326716 277200 350000 512311 527200 483275 480789 444819 462491 435261 404138 435409 298494 252643 326716 100000 512311 665685 280278 200000 337697 194340 462353 192195 185440 292094 330867 270294
571699 394279 370000 374591 354951 354951 335372 335372 306155 924621 938152 895550 890569 856902 871622 847262 815891 843302 374591 370740 722415 512311 100000 600000 659017 609902 685235 550444 206301 560977 597293 622398 603289 590918
369258 721772 668242 624786 704152 614782 696153 605371 685235 954400 938152 926378 890569 889240 871622 880000 882624 843302 712699 650727 722415 665685 600000 100000 659017 740312 622015 757951 675587 622015 706053 856902 516293 570106
391548 466197 439706 404795 490512 420156 503609 436006 524264 404138 400000 374591 350000 335372 330000 325610 323607 300000 478021 425269 170000 280278 659017 659017 100000 250000 170711 335372 628015 200000 221655 400666 244222 192195
490512 358070 350799 335372 391548 354951 408869 374591 435409 416228 435409 387924 391548 350799 374591 341661 306155 350000 374591 343516 265529 200000 609902 740312 250000 100000 320227 194340 553100 220416 136056 251327 359422 292354
352982 520595 488330 448281 541022 461248 552217 474833 570106 432415 417805 404631 369258 368328 350000 359422 370185 321359 530465 472022 206301 337697 685235 622015 170711 320227 100000 402655 665862 247648 290263 471214 210454 194340
529418 274642 281108 282483 311896 302237 330867 322036 359615 493573 518808 467151 478021 432866 462353 424500 381780 439706 293132 280000 359422 194340 550444 757951 335372 194340 402655 100000 480789 272627 214018 198995 417805 353180
599800 310950 302485 324722 271172 308087 251327 292094 221655 868960 887908 840945 842496 803847 824500 794622 757875 797711 291050 310238 685235 462353 206301 675587 628015 553100 665862 480789 100000 528019 547214 540454 600000 573814
370185 372947 342074 305183 394109 320227 406105 336008 425576 480132 484707 450143 435409 410161 415753 400167 382843 386355 383019 326716 261555 192195 560977 622015 200000 220416 247648 272627 528019 100000 184853 360000 245601 180623
454683 361725 346982 324722 392062 343516 408058 362488 432866 427567 441760 398329 395466 359615 377308 350000 320907 350599 376586 337065 250000 185440 597293 706053 221655 136056 290263 214018 547214 184853 100000 284391 323607 256525
624786 330000 354951 369258 370000 387924 390000 406757 420000 475366 510366 453553 478021 426497 466197 420156 369072 449857 350000 359615 404138 292094 622398 856902 400666 251327 471214 198995 540454 360000 284391 100000 504968 438378
247648 490512 447851 400832 501622 408707 508534 417648 520476 539659 527551 511096 478549 473363 459026 464005 467151 429848 495601 428938 306155 330867 603289 516293 244222 359422 210454 417805 600000 245601 323607 504968 100000 167082
306155 441760 404138 360768 457771 372029 467151 384253 482753 496232 490512 466742 440588 427567 420623 417805 413847 390689 449285 386531 261245 270294 590918 570106 192195 292354 194340 353180 573814 180623 256525 438378 167082 100000
0 9600000
3380000 4510000
2050000 4220000
5110000 6820000
1580000 3910000
2630000 6060000
450000 5220000
5980000 8830000
3480000 9040000
5090000 6680000
570000 6640000
680000 3490000
1310000 3760000
1140000 4970000
1020000 3470000
5640000 7970000
510000 6730000
4620000 6310000
6360000 9040000
4230000 5760000
4710000 6620000
2810000 4900000
3800000 9020000
6130000 8940000
290000 5870000
390000 3530000
1120000 5430000
1620000 4930000
3600000 9000000
3040000 6050000
3180000 4890000
5650000 8970000
140000 6690000
200000 2990000
# scale factor = 10000
