35
0 380789 308058 393573 403113 333016 353553 390512 323883 353553 350571 452769 585235 510784 474341 372022 383275 450444 353412 250000 180278 471699 206155 111803 392938 499799 325576 384707 147648 192353 178885 524786 155242 141421 192353
480789 100000 204403 130000 150000 222066 241421 211803 534626 547214 811969 906226 990224 928794 881025 186023 561411 917863 786222 650000 490512 856637 685235 560977 439706 920244 436155 354951 520476 653173 370185 1003550 531393 430150 289737
408058 204403 100000 200000 201980 140000 170000 186023 431059 444819 720967 811969 957555 890569 846257 164030 460555 828011 740312 550999 462491 753758 605371 473363 350000 820069 336008 274642 423883 564866 271172 932166 491152 333452 220416
493573 130000 200000 100000 120000 207703 222066 186023 523792 534626 818053 910494 1014000 951469 904301 164030 547214 924621 807107 650818 514005 853259 696153 568402 420156 920061 422025 333452 522966 660446 370740 1017880 552769 432415 301246
503113 150000 201980 120000 100000 201980 211803 170711 517612 527200 822771 913941 1030050 966833 920061 153852 538634 929699 821388 652268 530116 851665 704152 574342 408058 920549 413847 320227 525793 666127 372947 1027850 567547 435409 310950
433016 222066 140000 207703 201980 100000 130000 158310 416228 426956 732456 820347 991852 923772 880320 150000 440000 840000 772012 555412 499249 750692 624786 489102 319317 821734 314709 238923 432415 579270 280278 954459 525441 343516 252643
453553 241421 170000 222066 211803 130000 100000 150000 408058 416228 742573 828011 1017880 949058 906226 158310 426956 850267 796348 560977 527200 750000 640832 503113 298494 824431 302485 214018 441760 591935 292354 972009 551774 354951 278885
490512 211803 186023 186023 170711 158310 150000 100000 456931 464005 789492 876209 1043400 976584 932166 130000 473363 897120 826223 609902 547214 800000 683095 547214 338537 874145 350000 250000 488973 637122 337697 1012630 577074 400832 306155
423883 534626 431059 523792 517612 416228 408058 456931 100000 130000 524264 582597 982836 904114 876466 464005 160000 624976 747765 326716 593356 456931 499249 374591 261555 545982 210000 330867 291050 422025 306155 812811 578539 293132 418277
453553 547214 444819 534626 527200 426956 416228 464005 130000 100000 545982 600000 1012410 933607 906226 473363 130000 644885 777422 350000 622015 464005 527200 404138 252971 556946 214018 330217 320907 449285 330217 837835 608035 321359 440588
450571 811969 720967 818053 822771 732456 742573 789492 524264 545982 100000 204403 689406 612445 610784 780074 568615 207703 494462 298494 581041 335372 265529 351794 676281 292094 608035 719111 400832 260311 552217 406757 525441 488973 624690
552769 906226 811969 910494 913941 820347 828011 876209 582597 600000 204403 100000 750000 676975 683095 869025 618556 170000 576340 369258 685235 306155 369258 450000 741405 221655 677062 793542 488330 360768 641294 420000 629245 578539 721289
685235 990224 957555 1014000 1030050 991852 1017880 1043400 982836 1012410 689406 750000 100000 180000 211803 1018100 1042020 686003 335372 800000 600000 924621 600000 708276 1077190 868960 1008020 1067730 792315 680086 863217 475366 566476 824224 839256
610784 928794 890569 951469 966833 923772 949058 976584 904114 933607 612445 676975 180000 100000 153852 952115 963134 614782 258114 720000 538634 847262 520000 629528 1001390 794622 931685 994706 713922 600100 789419 420156 500000 748460 771193
574342 881025 846257 904301 920061 880320 906226 932166 876466 906226 610784 683095 211803 153852 100000 907094 936002 624309 230000 702080 490512 843302 503113 602494 966833 797711 898122 956153 685491 581664 751919 449857 455105 714003 727694
472022 186023 164030 164030 153852 150000 158310 130000 464005 473363 780074 869025 1018100 952115 907094 100000 484838 887464 802921 604876 520595 800643 668242 534626 356125 871622 360000 269706 480789 625547 328035 995879 552217 391203 283848
483275 561411 460555 547214 538634 440000 426956 473363 160000 130000 568615 618556 1042020 963134 936002 484838 100000 665685 807107 374591 650818 473363 555412 433766 250000 569574 225300 333452 350799 476962 355539 863217 637587 350000 464005
550444 917863 828011 924621 929699 840000 850267 897120 624976 644885 207703 170000 686003 614782 624309 887464 665685 100000 524264 402324 665155 374591 351794 456931 780074 291050 712944 825603 508534 364764 659732 350000 606952 596488 729682
453412 786222 740312 807107 821388 772012 796348 826223 747765 777422 494462 576340 335372 258114 230000 802921 807107 524264 100000 572652 402324 722415 374591 473363 843302 685235 773573 837902 557056 452278 632259 404138 354951 590408 620096
350000 650000 550999 650818 652268 555412 560977 609902 326716 350000 298494 369258 800000 720000 702080 604876 374591 402324 572652 100000 524264 323607 300000 241421 478021 370740 410644 524853 231529 220416 380179 588774 484187 320227 474833
280278 490512 462491 514005 530116 499249 527200 547214 593356 622015 581041 685235 600000 538634 490512 520595 650818 665155 402324 524264 100000 740312 416228 382843 630000 753682 571699 596488 427567 441321 410644 662938 160000 400832 350000
571699 856637 753758 853259 851665 750692 750000 800000 456931 464005 335372 306155 924621 847262 843302 800643 473363 374591 722415 323607 740312 100000 460555 460555 616624 206301 565296 686941 451141 404138 588365 622398 694643 534166 692030
306155 685235 605371 696153 704152 624786 640832 683095 499249 527200 265529 369258 600000 520000 503113 668242 555412 351794 374591 300000 416228 460555 100000 241421 624309 448281 552217 644518 322036 180623 450000 433016 360000 390689 495601
211803 560977 473363 568402 574342 489102 503113 547214 374591 404138 351794 450000 708276 629528 602494 534626 433766 456931 473363 241421 382843 460555 241421 100000 485876 488973 413847 503113 185440 192195 310950 574236 344131 250000 372947
492938 439706 350000 420156 408058 319317 298494 338537 261555 252971 676281 741405 1077190 1001390 966833 356125 250000 780074 843302 478021 630000 616624 624309 485876 100000 707454 172110 189442 402324 554533 320907 951469 633385 352982 398329
599800 920244 820069 920061 920549 821734 824431 874145 545982 556946 292094 221655 868960 794622 797711 871622 569574 291050 685235 370740 753682 206301 448281 488973 707454 100000 650818 771863 501995 413050 650091 540454 702080 590918 744980
425576 436155 336008 422025 413847 314709 302485 350000 210000 214018 608035 677062 1008020 931685 898122 360000 225300 712944 773573 410644 571699 565296 552217 413847 172110 650818 100000 221655 330217 482884 261245 879872 570425 284391 354951
484707 354951 274642 333452 320227 238923 214018 250000 330867 330217 719111 793542 1067730 994706 956153 269706 333452 825603 837902 524853 596488 686941 644518 503113 189442 771863 221655 100000 426497 582701 305913 976926 609608 356125 350200
247648 520476 423883 522966 525793 432415 441760 488973 291050 320907 400832 488330 792315 713922 685491 480789 350799 508534 557056 231529 427567 451141 322036 185440 402324 501995 330217 426497 100000 256205 252971 651725 400832 190554 343311
292354 653173 564866 660446 666127 579270 591935 637122 422025 449285 260311 360768 680086 600100 581664 625547 476962 364764 452278 220416 441321 404138 180623 192195 554533 413050 482884 582701 256205 100000 399666 496989 392062 337065 464966
278885 370185 271172 370740 372947 280278 292354 337697 306155 330217 552217 641294 863217 789419 751919 328035 355539 659732 632259 380179 410644 588365 450000 310950 320907 650091 261245 305913 252971 399666 100000 782495 412570 163246 214018
624786 1003550 932166 1017880 1027850 954459 972009 1012630 812811 837835 406757 420000 475366 420156 449857 995879 863217 350000 404138 588774 662938 622398 433016 574236 951469 540454 879872 976926 651725 496989 782495 100000 604480 723699 816938
255242 531393 491152 552769 567547 525441 551774 577074 578539 608035 525441 629245 566476 500000 455105 552217 637587 606952 354951 484187 160000 694643 360000 344131 633385 702080 570425 609608 400832 392062 412570 604480 100000 390689 372947
241421 430150 333452 432415 435409 343516 354951 400832 293132 321359 488973 578539 824224 748460 714003 391203 350000 596488 590408 320227 400832 534166 390689 250000 352982 590918 284391 356125 190554 337065 163246 723699 390689 100000 258114
292354 289737 220416 301246 310950 252643 278885 306155 418277 440588 624690 721289 839256 771193 727694 283848 464005 729682 620096 474833 350000 692030 495601 372947 398329 744980 354951 350200 343311 464966 214018 816938 372947 258114 100000
0 9600000
4310000 9110000
300000 5100000
2910000 7710000
400000 5200000
3930000 5020000
1200000 6000000
3970000 4570000
430000 5230000
350000 3660000
6090000 8720000
8210000 8810000
3490000 8290000
5620000 7990000
3070000 7870000
4320000 6650000
380000 3220000
4240000 9040000
3270000 8070000
250000 5050000
5540000 7670000
8420000 9020000
1910000 3100000
110000 1400000
2400000 4510000
7940000 8540000
3660000 4830000
3820000 4420000
140000 4940000
190000 4990000
2620000 3770000
6110000 8970000
3820000 8620000
140000 4940000
8700000 9300000
# scale factor = 10000
