24
0 585235 570088 557136 522015 520000 502892 510784 514782 474341 353412 335409 291548 390512 252982 254951 274591 429418 270185 354683 524786 210950 171172 206155
685235 100000 150000 130000 170711 170000 186023 180000 211803 211803 335372 512311 404138 416228 432415 490512 574236 493573 480132 427567 475366 504968 520476 496232
670087 150000 100000 158310 150000 186023 170000 194340 241421 200000 330000 527200 400000 435409 417805 460555 538634 518808 484707 441760 510366 480132 501622 490512
657136 130000 158310 100000 153852 140000 164030 150000 186023 186023 306155 483275 374591 387924 404631 467967 554533 467151 450143 398329 453553 480132 493573 466742
622015 170711 150000 153852 100000 153852 120000 158310 211803 150000 280000 480789 350000 391548 369258 420156 503609 478021 435409 395466 478021 436155 454683 440588
620000 170000 186023 140000 153852 100000 150000 110000 158310 158310 267631 444819 335372 350799 368328 439706 530116 432866 410161 359615 426497 448281 458469 427567
602892 186023 170000 164030 120000 150000 100000 150990 204403 130000 260000 462491 330000 374591 350000 404795 490512 462353 415753 377308 466197 419061 436155 420623
610784 180000 194340 150000 158310 110000 150990 100000 153852 153852 258114 435261 325610 341661 359422 433016 524382 424500 400167 350000 420156 440588 449857 417805
614782 211803 241421 186023 211803 158310 204403 153852 100000 200000 264012 404138 323607 306155 370185 460555 556508 381780 382843 320907 369072 461248 462353 413847
574342 211803 200000 186023 150000 158310 130000 153852 200000 100000 230000 435409 300000 350000 321359 382843 472022 439706 386355 350599 449857 394109 408707 390689
453412 335372 330000 306155 280000 267631 260000 258114 264012 230000 100000 326716 170000 265529 206301 311896 413209 359422 261555 250000 404138 302485 298494 261245
435409 512311 527200 483275 480789 444819 462491 435261 404138 435409 326716 100000 280278 200000 337697 464005 557056 194340 192195 185440 292094 425576 380713 270294
391548 404138 400000 374591 350000 335372 330000 325610 323607 300000 170000 280278 100000 250000 170711 300000 400666 335372 200000 221655 400666 274642 252643 192195
490512 416228 435409 387924 391548 350799 374591 341661 306155 350000 265529 200000 250000 100000 320227 450000 550444 194340 220416 136056 251327 422490 391203 292354
352982 432415 417805 404631 369258 368328 350000 359422 370185 321359 206301 337697 170711 320227 100000 230384 330217 402655 247648 290263 471214 204403 192195 194340
354951 490512 460555 467967 420156 439706 404795 433016 460555 382843 311896 464005 300000 450000 230384 100000 201980 532897 372029 420623 600400 150000 206301 301246
374591 574236 538634 554533 503609 530116 490512 524382 556508 472022 413209 557056 400666 550444 330217 201980 100000 630848 464966 520000 701332 231529 280278 388617
529418 493573 518808 467151 478021 432866 462353 424500 381780 439706 359422 194340 335372 194340 402655 532897 630848 100000 272627 214018 198995 500125 461248 353180
370185 480132 484707 450143 435409 410161 415753 400167 382843 386355 261555 192195 200000 220416 247648 372029 464966 272627 100000 184853 360000 333452 290000 180623
454683 427567 441760 398329 395466 359615 377308 350000 320907 350599 250000 185440 221655 136056 290263 420623 520000 214018 184853 100000 284391 390689 357099 256525
624786 475366 510366 453553 478021 426497 466197 420156 369072 449857 404138 292094 400666 251327 471214 600400 701332 198995 360000 284391 100000 573814 541475 438378
310950 504968 480132 480132 436155 448281 419061 440588 461248 394109 302485 425576 274642 422490 204403 150000 231529 500125 333452 390689 573814 100000 156569 258114
271172 520476 501622 493573 454683 458469 436155 449857 462353 408707 298494 380713 252643 391203 192195 206301 280278 461248 290000 357099 541475 156569 100000 210454
306155 496232 490512 466742 440588 427567 420623 417805 413847 390689 261245 270294 192195 292354 194340 301246 388617 353180 180623 256525 438378 258114 210454 100000
0 9600000
0 8910000
0 8920000
0 8940000
0 8970000
0 8980000
0 8990000
0 8980000
0 8980000
0 9020000
0 9140000
0 9160000
1670000 2870000
0 9100000
2680000 3880000
0 9240000
0 9220000
2680000 3880000
3950000 5150000
0 9140000
0 8970000
0 9280000
0 9320000
0 9290000
# scale factor = 10000
