31
0 3330169 3535530 3905120 3354099 3162280 3352610 3238830 3807889 3535530 3929379 4123110 4031130 3832750 2500000 1802780 2692580 4242640 921954 3929379 3605550 5700880 3255760 3847079 761577 3220250 3820989 1204160 1552420 4816640 2051830
4330170 1000000 1300000 1583100 5079220 4590260 4640050 4162280 5205950 4269560 4848380 4935730 4498570 4400000 5554120 6122500 6141980 6557880 3641970 3193170 6503640 8119690 3147090 2389240 5031130 6108820 6135170 5527690 5254410 6869410 5079220
4535530 1300000 1000000 1500000 5031130 4535530 4569310 4080580 5123110 4162280 4733630 4807890 4354100 4269560 5609770 6315070 6220150 6522680 3801789 2984940 6522680 8071070 3024850 2140180 5252060 6135170 6108820 5738140 5517740 6805170 5148490
4905120 1583100 1500000 1000000 5527690 5031130 5060790 4569310 5609770 4640050 5205950 5272000 4807890 4733630 6099020 6700879 6700879 7020800 4224900 3385370 7020800 8566370 3500000 2500000 5596740 6632050 6608029 6099020 5770740 7296820 5632490
4354100 5079220 5031130 5527690 1000000 1500000 1538520 2019800 1500000 2118030 1943400 2118030 2414210 2280620 2581140 5000000 3236070 2500000 3701850 3624880 2802780 4041380 3109500 4324150 4889730 2555630 2118030 4962320 5884670 2802780 2600000
4162280 4590260 4535530 5031130 1500000 1000000 1200000 1538520 1707110 1707110 1800000 2000000 2118030 1943400 2802780 5031130 3500000 3000000 3418680 3154070 3236070 4535530 2612450 3828430 4765630 2941650 2612450 4905120 5712750 3280350 2676310
4352610 4640050 4569310 5060790 1538520 1200000 1000000 1500000 1583100 1583100 1600000 1800000 1943400 1781019 2972310 5229660 3662710 3009980 3594220 3088060 3332380 4512830 2600000 3807130 4962320 3061550 2649240 5104880 5904080 3236070 2868150
4238830 4162280 4080580 4569310 2019800 1538520 1500000 1000000 2044030 1300000 1781019 1943400 1800000 1600000 3267160 5317410 3973210 3507990 3404160 2615550 3773080 5011230 2100000 3308679 4905120 3469820 3137760 5110960 5785390 3729470 3059130
4807890 5205950 5123110 5609770 1500000 1707110 1583100 2044030 1000000 2000000 1583100 1707110 2118030 2044030 3061550 5500000 3692580 2581140 4106440 3517940 3121320 4000000 3121320 4301510 5368070 2941650 2303840 5455330 6348830 2702940 3100000
4535530 4269560 4162280 4640050 2118030 1707110 1583100 1300000 2000000 1000000 1583100 1707110 1500000 1300000 3500000 5609770 4201560 3549510 3692580 2529710 3915480 5000000 2140180 3302170 5204760 3640079 3213590 5410220 6080350 3701850 3325940
4929380 4848380 4733630 5205950 1943400 1800000 1600000 1781019 1583100 1583100 1000000 1200000 1538520 1500000 3507990 5825970 4176480 3154070 4138470 3000000 3690720 4512830 2708800 3828430 5554120 3483950 2886800 5704250 6481789 3209070 3451530
5123110 4935730 4807890 5272000 2118030 2000000 1800000 1943400 1707110 1707110 1200000 1000000 1500000 1538520 3692580 6024940 4354100 3236070 4324150 3009980 3828430 4535530 2788850 3863559 5751840 3640079 3000000 5904080 6675390 3236070 3647640
5031130 4498570 4354100 4807890 2414210 2118030 1943400 1800000 2118030 1500000 1538520 1500000 1000000 1200000 3915480 6099020 4605550 3692580 4178050 2513270 4201560 5031130 2360150 3376970 5704250 3969850 3418680 5909180 6573150 3729470 3785680
4832750 4400000 4269560 4733630 2280620 1943400 1781019 1600000 2044030 1300000 1500000 1538520 1200000 1000000 3745910 5903060 4440930 3624880 3983290 2500000 4080580 5011230 2253000 3334520 5504440 3831960 3325940 5709560 6375870 3707400 3600000
3500000 5554120 5609770 6099020 2581140 2802780 2972310 3267160 3061550 3500000 3507990 3692580 3915480 3745910 1000000 3549510 1707110 2802780 3280350 4780210 2118030 4201560 4106440 5248530 3780290 1721109 2431780 3683280 4841870 3418680 1509900
2802780 6122500 6315070 6700879 5000000 5031130 5229660 5317410 5500000 5609770 5825970 6024940 6099020 5903060 3549510 1000000 3236070 5272000 3549510 6412020 4354100 6408329 5695740 6500000 2236930 4101610 4956010 1707110 2964690 5904080 3400000
3692580 6141980 6220150 6700879 3236070 3500000 3662710 3973210 3692580 4201560 4176480 4354100 4605550 4440930 1707110 3236070 1000000 3061550 3701850 5482190 2118030 4201560 4801320 5924430 3780290 1905539 2802780 3549510 4828840 3692580 2077030
5242640 6557880 6522680 7020800 2500000 3000000 3009980 3507990 2581140 3549510 3154070 3236070 3692580 3624880 2802780 5272000 3061550 1000000 4827530 5079220 2000000 2581140 4605550 5816640 5580390 2170470 1447210 5477720 6640040 1632460 3193170
1921950 3641970 3801789 4224900 3701850 3418680 3594220 3404160 4106440 3692580 4138470 4324150 4178050 3983290 3280350 3549510 3701850 4827530 1000000 4008320 4383780 6371220 3334520 3968160 2676310 3973210 4383780 3059130 3408320 5341660 2772000
4929380 3193170 2984940 3385370 3624880 3154070 3088060 2615550 3517940 2529710 3000000 3009980 2513270 2500000 4780210 6412020 5482190 5079220 4008320 1000000 5386340 6508180 1721109 1894429 5684020 5070630 4736310 6032890 6333850 5204760 4465540
4605550 6503640 6522680 7020800 2802780 3236070 3332380 3773080 3121320 3915480 3690720 3828430 4201560 4080580 2118030 4354100 2118030 2000000 4383780 5386340 1000000 3121320 4794730 6000000 4818380 1412310 1894429 4640050 5879550 2612450 2615550
6700879 8119690 8071070 8566370 4041380 4535530 4512830 5011230 4000000 5000000 4512830 4535530 5031130 5011230 4201560 6408329 4201560 2581140 6371220 6508180 3121320 1000000 6108820 7300790 6939700 3483950 3024850 6748909 8000709 2303840 4661970
4255760 3147090 3024850 3500000 3109500 2612450 2600000 2100000 3121320 2140180 2708800 2788850 2360150 2253000 4106440 5695740 4801320 4605550 3334520 1721109 4794730 6108820 1000000 2216550 5002500 4453980 4224900 5332440 5704250 4820990 3765860
4847080 2389240 2140180 2500000 4324150 3828430 3807130 3308679 4301510 3302170 3828430 3863559 3376970 3334520 5248530 6500000 5924430 5816640 3968160 1894429 6000000 7300790 2216550 1000000 5606520 5648660 5440720 6024940 6096080 6004000 4858760
1761580 5031130 5252060 5596740 4889730 4765630 4962320 4905120 5368070 5204760 5554120 5751840 5704250 5504440 3780290 2236930 3780290 5580390 2676310 5684020 4818380 6939700 5002500 5606520 1000000 4471310 5188080 1538520 2063009 6186520 3418680
4220250 6108820 6135170 6632050 2555630 2941650 3061550 3469820 2941650 3640079 3483950 3640079 3969850 3831960 1721109 4101610 1905539 2170470 3973210 5070630 1412310 3483950 4453980 5648660 4471310 1000000 1900000 4328660 5534310 2802780 2208300
4820990 6135170 6108820 6608029 2118030 2612450 2649240 3137760 2303840 3213590 2886800 3000000 3418680 3325940 2431780 4956010 2802780 1447210 4383780 4736310 1894429 3024850 4224900 5440720 5188080 1900000 1000000 5114610 6243090 2000000 2780450
2204160 5527690 5738140 6099020 4962320 4905120 5104880 5110960 5455330 5410220 5704250 5904080 5909180 5709560 3683280 1707110 3549510 5477720 3059130 6032890 4640050 6748909 5332440 6024940 1538520 4328660 5114610 1000000 2341640 6100000 3404160
2552420 5254410 5517740 5770740 5884670 5712750 5904080 5785390 6348830 6080350 6481789 6675390 6573150 6375870 4841870 2964690 4828840 6640040 3408320 6333850 5879550 8000709 5704250 6096080 2063009 5534310 6243090 2341640 1000000 7242600 4466990
5816640 6869410 6805170 7296820 2802780 3280350 3236070 3729470 2702940 3701850 3209070 3236070 3729470 3707400 3418680 5904080 3692580 1632460 5341660 5204760 2612450 2303840 4820990 6004000 6186520 2802780 2000000 6100000 7242600 1000000 3780290
3051830 5079220 5148490 5632490 2600000 2676310 2868150 3059130 3100000 3325940 3451530 3647640 3785680 3600000 1509900 3400000 2077030 3193170 2772000 4465540 2615550 4661970 3765860 4858760 3418680 2208300 2780450 3404160 4466990 3780290 1000000
0 96000000
24900000 64600000
28100000 43800000
27200000 58100000
23600000 62500000
47000000 68700000
3300000 51000000
16600000 39900000
35900000 91100000
3500000 45700000
3900000 53800000
21400000 41500000
35900000 90900000
3800000 36600000
10900000 36000000
40400000 82900000
34700000 56600000
4200000 46600000
900000 53200000
25500000 43600000
42700000 91300000
18300000 40000000
19500000 65400000
25800000 56500000
42600000 94200000
33200000 48500000
36500000 47200000
65100000 90600000
53800000 70500000
54600000 66700000
17000000 56500000
# scale factor = 100000
