32
0 3807889 3080580 3935730 3605550 4031130 3330169 3535530 3905120 3238830 4123110 4420410 4301160 4060790 3605550 3354099 3807889 3773590 3720220 2000000 1802780 2692580 921954 1964689 3929379 3255760 3847079 1476480 1788850 1552420 1414210 1923539
4807890 1000000 2044030 1300000 1707110 1500000 2220660 2414210 2118030 5346260 6147820 5200000 5000000 5011230 4535530 4041380 4000000 1583100 1860230 4535530 4905120 3692580 4354100 2886800 4397060 4361550 3549510 5204760 3701850 5313930 4301510 2897370
4080580 2044030 1000000 2000000 1538520 2019800 1400000 1700000 1860230 4310590 5134010 5609770 5414750 5356600 4832750 4337660 4448190 1728010 1640309 3507990 4624910 2655290 3469820 2431780 3500000 3360080 2746420 4238830 2711720 4911520 3334520 2204160
4935730 1300000 2000000 1000000 1538520 1200000 2077030 2220660 1860230 5237920 6008990 5500000 5300000 5310450 4832750 4337660 4300000 1360560 1640309 4505710 5140050 3596150 4420530 3061550 4201560 4220250 3334520 5229660 3707400 5527690 4324150 3012460
4605550 1707110 1538520 1538520 1000000 1500000 1538520 1707110 1500000 4700000 5472140 5726520 5527690 5504440 5000000 4500000 4535530 1200000 1200000 4000000 5031130 3061550 4008320 2860110 3690720 3683280 2843910 4765630 3236070 5360050 3863559 2702940
5031130 1500000 2019800 1200000 1500000 1000000 2019800 2118030 1707110 5176120 5924430 5700000 5500000 5509990 5031130 4535530 4500000 1300000 1538520 4500000 5301160 3549510 4478510 3193170 4080580 4138470 3202270 5257930 3729470 5675470 4354100 3109500
4330170 2220660 1400000 2077030 1538520 2019800 1000000 1300000 1583100 4162280 4935730 6001000 5805210 5751840 5229660 4733630 4832750 1728010 1500000 3507990 4992490 2529710 3641970 2802780 3193170 3147090 2389240 4324150 2802780 5254410 3435160 2526430
4535530 2414210 1700000 2220660 1707110 2118030 1300000 1000000 1500000 4080580 4807890 6295280 6099020 6048760 5527690 5031130 5123110 1860230 1583100 3549510 5272000 2500000 3801789 3088060 2984940 3024850 2140180 4417600 2923540 5517740 3549510 2788850
4905120 2118030 1860230 1860230 1500000 1707110 1583100 1500000 1000000 4569310 5272000 6223980 6024940 6004000 5500000 5000000 5031130 1538520 1300000 4041380 5472140 3000000 4224900 3282540 3385370 3500000 2500000 4889730 3376970 5770740 4008320 3061550
4238830 5346260 4310590 5237920 4700000 5176120 4162280 4080580 4569310 1000000 1943400 8128109 7963480 7795590 7268170 6860030 7171710 4889730 4640050 2300000 5933560 2655290 3404160 4612480 2615550 2100000 3308679 2910500 3061550 5785390 2931320 4182770
5123110 6147820 5134010 6008990 5472140 5924430 4935730 4807890 5272000 1943400 1000000 9070940 8905690 8738860 8211100 7800740 8106340 5651880 5386340 3236070 6852350 3500000 4324150 5545330 3009980 2788850 3863559 3716620 4000000 6675390 3863559 5110960
5420410 5200000 5609770 5500000 5726520 5700000 6001000 6295280 6223980 8128109 9070940 1000000 1200000 1360560 1860230 2300000 2200000 5709560 5925440 6860030 3773080 6769750 5883650 4577710 7964190 7574190 7332460 6800000 6077400 4324150 6263080 5024920
5301160 5000000 5414750 5300000 5527690 5500000 5805210 6099020 6024940 7963480 8905690 1200000 1000000 1300000 1707110 2118030 2000000 5509990 5726520 6700879 3692580 6590170 5738140 4400000 7777910 7395310 7140030 6663920 5909180 4257300 6108820 4847080
5060790 5011230 5356600 5310450 5504440 5509990 5751840 6048760 6004000 7795590 8738860 1360560 1300000 1000000 1538520 2019800 2044030 5500000 5704250 6521780 3416610 6462600 5534310 4269560 7673080 7264980 7063830 6445180 5750790 3973210 5920370 4716180
4605550 4535530 4832750 4832750 5000000 5031130 5229660 5527690 5500000 7268170 8211100 1860230 1707110 1538520 1000000 1500000 1707110 5005000 5200000 6000000 3061550 5924430 5031130 3731300 7135140 6727130 6531730 5957820 5219000 3647640 5404540 4178050
4354100 4041380 4337660 4337660 4500000 4535530 4733630 5031130 5000000 6860030 7800740 2300000 2118030 2019800 1500000 1000000 1500000 4505710 4700000 5609770 3000000 5472140 4687820 3282540 6664800 6277310 6044800 5640040 4801320 3600000 5031130 3729470
4807890 4000000 4448190 4300000 4535530 4500000 4832750 5123110 5031130 7171710 8106340 2200000 2000000 2044030 1707110 1500000 1000000 4512830 4733630 5949750 3500000 5716990 5080440 3561249 6860030 6522680 6186520 6047770 5110960 4100000 5393180 4000000
4773590 1583100 1728010 1360560 1200000 1300000 1728010 1860230 1538520 4889730 5651880 5709560 5509990 5500000 5005000 4505710 4512830 1000000 1282840 4200000 5134010 3256100 4195310 2984940 3842530 3863559 2979900 4962320 3433110 5482190 4059409 2860110
4720220 1860230 1640309 1640309 1200000 1538520 1500000 1583100 1300000 4640050 5386340 5925440 5726520 5704250 5200000 4700000 4733630 1282840 1000000 4006660 5205950 3022370 4087070 3024850 3561249 3600000 2697060 4807890 3280350 5522170 3912039 2838480
3000000 4535530 3507990 4505710 4000000 4500000 3507990 3549510 4041380 2300000 3236070 6860030 6700879 6521780 6000000 5609770 5949750 4200000 4006660 1000000 4640050 2118030 2118030 3420740 3059130 2341640 3280350 1989950 1894429 4522780 1632460 3024850
2802780 4905120 4624910 5140050 5031130 5301160 4992490 5272000 5472140 5933560 6852350 3773080 3692580 3416610 3061550 3000000 3500000 5134010 5205950 4640050 1000000 5000000 3529820 3193170 6300000 5716990 5964880 4275670 4106440 1600000 4008320 3500000
3692580 3692580 2655290 3596150 3061550 3549510 2529710 2500000 3000000 2655290 3500000 6769750 6590170 6462600 5924430 5472140 5716990 3256100 3022370 2118030 5000000 1000000 2788850 3193170 2300000 1806230 2204160 3080870 1921950 5044750 2360150 2746420
1921950 4354100 3469820 4420530 4008320 4478510 3641970 3801789 4224900 3404160 4324150 5883650 5738140 5534310 5031130 4687820 5080440 4195310 4087070 2118030 3529820 2788850 1000000 2746420 4008320 3334520 3968160 1984890 1921950 3408320 1500000 2500000
2964690 2886800 2431780 3061550 2860110 3193170 2802780 3088060 3282540 4612480 5545330 4577710 4400000 4269560 3731300 3282540 3561249 2984940 3024850 3420740 3193170 3193170 2746420 1000000 4420530 3996660 3901720 3720290 2555630 3500000 2923540 1447210
4929380 4397060 3500000 4201560 3690720 4080580 3193170 2984940 3385370 2615550 3009980 7964190 7777910 7673080 7135140 6664800 6860030 3842530 3561249 3059130 6300000 2300000 4008320 4420530 1000000 1721109 1894429 4023240 3209070 6333850 3529820 3983290
4255760 4361550 3360080 4220250 3683280 4138470 3147090 3024850 3500000 2100000 2788850 7574190 7395310 7264980 6727130 6277310 6522680 3863559 3600000 2341640 5716990 1806230 3334520 3996660 1721109 1000000 2216550 3302170 2612450 5704250 2843910 3549510
4847080 3549510 2746420 3334520 2843910 3202270 2389240 2140180 2500000 3308679 3863559 7332460 7140030 7063830 6531730 6044800 6186520 2979900 2697060 3280350 5964880 2204160 3968160 3901720 1894429 2216550 1000000 4264970 3059130 6096080 3561249 3502000
2476480 5204760 4238830 5229660 4765630 5257930 4324150 4417600 4889730 2910500 3716620 6800000 6663920 6445180 5957820 5640040 6047770 4962320 4807890 1989950 4275670 3080870 1984890 3720290 4023240 3302170 4264970 1000000 2529710 4008320 1905539 3433110
2788850 3701850 2711720 3707400 3236070 3729470 2802780 2923540 3376970 3061550 4000000 6077400 5909180 5750790 5219000 4801320 5110960 3433110 3280350 1894429 4106440 1921950 1921950 2555630 3209070 2612450 3059130 2529710 1000000 4125700 1632460 2140180
2552420 5313930 4911520 5527690 5360050 5675470 5254410 5517740 5770740 5785390 6675390 4324150 4257300 3973210 3647640 3600000 4100000 5482190 5522170 4522780 1600000 5044750 3408320 3500000 6333850 5704250 6096080 4008320 4125700 1000000 3906890 3729470
2414210 4301510 3334520 4324150 3863559 4354100 3435160 3549510 4008320 2931320 3863559 6263080 6108820 5920370 5404540 5031130 5393180 4059409 3912039 1632460 4008320 2360150 1500000 2923540 3529820 2843910 3561249 1905539 1632460 3906890 1000000 2581140
2923540 2897370 2204160 3012460 2702940 3109500 2526430 2788850 3061550 4182770 5110960 5024920 4847080 4716180 4178050 3729470 4000000 2860110 2838480 3024850 3500000 2746420 2500000 1447210 3983290 3549510 3502000 3433110 2140180 3729470 2581140 1000000
0 96000000
67300000 79300000
15200000 27200000
47100000 59100000
64400000 76400000
7300000 19300000
38800000 50800000
30000000 42000000
36700000 48700000
22300000 34300000
25500000 37500000
65700000 77700000
4300000 16300000
55700000 67700000
6400000 18400000
3300000 15300000
57400000 69400000
3700000 15700000
48900000 60900000
37500000 49500000
60100000 72100000
69400000 81400000
15700000 27700000
81000000 93000000
28600000 40600000
36500000 48500000
35200000 47200000
15200000 27200000
26000000 38000000
56200000 68200000
17200000 29200000
81000000 93000000
# scale factor = 100000
