33
0 3605550 3354099 3162280 3352610 3238830 3929379 4517740 4004999 4500000 4504440 3505710 4504440 3805260 2500000 2000000 1414210 1802780 2692580 4242640 2061550 1118030 1303840 5700880 1476480 1923539 3220250 3820989 1788850 424264 4816640 1414210 2051830
4605550 1000000 5609770 5123110 5176120 4700000 5386340 8874640 8337569 8762090 8712980 7744629 8816010 8147029 6024940 4000000 3236070 6408329 6590170 7082760 6590170 5272000 5785390 8648530 4765630 6186520 6600890 6656850 3236070 4712140 7403120 3863559 5539820
4354100 5609770 1000000 1500000 1538520 2019800 1943400 5534310 5060790 5242640 5103660 4440930 5386340 4940810 2581140 2802780 4201560 5000000 3236070 2500000 4535530 3549510 4106440 4041380 2878830 3729470 2555630 2118030 3692580 3954660 2802780 3334520 2600000
4162280 5123110 1500000 1000000 1200000 1538520 1800000 5879550 5386340 5609770 5482190 4753660 5742360 5252060 2802780 2414210 3828430 5031130 3500000 3000000 4640050 3500000 4114479 4535530 2726270 3846050 2941650 2612450 3280350 3789270 3280350 3000000 2676310
4352610 5176120 1538520 1200000 1000000 1500000 1600000 6020960 5534310 5742360 5609770 4905120 5879550 5404540 2972310 2562050 3973210 5229660 3662710 3009980 4832750 3700000 4313610 4512830 2923540 4036450 3061550 2649240 3408320 3983290 3236070 3163330 2868150
4238830 4700000 2019800 1538520 1500000 1000000 1781019 6381450 5879550 6122500 6000000 5242640 6249760 5738140 3267160 2300000 3662710 5317410 3973210 3507990 4992490 3745910 4395590 5011230 2910500 4220250 3469820 3137760 3061550 3906890 3729470 2931320 3059130
4929380 5386340 1943400 1800000 1600000 1781019 1000000 6467170 6000000 6166240 6020960 5382920 6315070 5882620 3507990 3059130 4440930 5825970 4176480 3154070 5414750 4300000 4911520 4512830 3517940 4613860 3483950 2886800 3842530 4569310 3209070 3683280 3451530
5517740 8874640 5534310 5879550 6020960 6381450 6467170 1000000 1538520 1400000 1600000 2166190 1200000 1728010 4140059 6100000 6675390 4059409 3441310 4716180 3502000 4613860 4214030 4900000 5162930 3692580 3983290 4721560 6664800 5257930 5205950 6032890 4498570
5005000 8337569 5060790 5386340 5534310 5879550 6000000 1538520 1000000 1538520 1640309 1640309 1500000 1200000 3624880 5565080 6141980 3624880 2920940 4352610 3022370 4080580 3701850 4733630 4624910 3158700 3523890 4310590 6126400 4733630 4883300 5494440 3968160
5500000 8762090 5242640 5609770 5742360 6122500 6166240 1400000 1538520 1000000 1200000 2019800 1200000 1728010 3915480 5924430 6590170 4162280 3236070 4354100 3549510 4535530 4201560 4500000 5016220 3617250 3687010 4383780 6536239 5210700 4827530 5904080 4310590
5504440 8712980 5103660 5482190 5609770 6000000 6020960 1600000 1640309 1200000 1000000 2000000 1400000 1806230 3817799 5846650 6557880 4231100 3154070 4176480 3596150 4512830 4214030 4300000 4956010 3601920 3549510 4220250 6481789 5201190 4640050 5850770 4231100
4505710 7744629 4440930 4753660 4905120 5242640 5382920 2166190 1640309 2019800 2000000 1000000 2077030 1500000 2984940 4935730 5570560 3332380 2280620 3844290 2655290 3517940 3220360 4448190 4008320 2603120 2923540 3751359 5522170 4201560 4413210 4889730 3332380
5504440 8816010 5386340 5742360 5879550 6249760 6315070 1200000 1500000 1200000 1400000 2077030 1000000 1700000 4023240 6008990 6629389 4104829 3332380 4534120 3517940 4569310 4201560 4700000 5085340 3647640 3831960 4551060 6597320 5229660 5016220 5964880 4400000
4805260 8147029 4940810 5252060 5404540 5738140 5882620 1728010 1200000 1728010 1806230 1500000 1700000 1000000 3475880 5390900 5947730 3435160 2769180 4298480 2824830 3886170 3502000 4765630 4443840 2964690 3418680 4231100 5939640 4535530 4847080 5308130 3801789
3500000 6024940 2581140 2802780 2972310 3267160 3507990 4140059 3624880 3915480 3817799 2984940 4023240 3475880 1000000 3061550 4041380 3549510 1707110 2802780 3000000 2414210 2746420 4201560 2315290 2204160 1721109 2431780 3801789 3080870 3418680 3202270 1509900
3000000 4000000 2802780 2414210 2562050 2300000 3059130 6100000 5565080 5924430 5846650 4935730 6008990 5390900 3061550 1000000 2414210 4354100 3692580 4162280 4201560 2802780 3469820 5743420 1989950 3549510 3601920 3720290 1894429 2726270 4577710 1632460 2615550
2414210 3236070 4201560 3828430 3973210 3662710 4440930 6675390 6141980 6590170 6557880 5570560 6629389 5947730 4041380 2414210 1000000 4201560 4500000 5472140 4354100 3061550 3549510 7041520 2726270 3983290 4710800 5024920 1632460 2476480 5939640 1894429 3531800
2802780 6408329 5000000 5031130 5229660 5317410 5825970 4059409 3624880 4162280 4231100 3332380 4104829 3435160 3549510 4354100 4201560 1000000 3236070 5272000 1707110 2581140 1921950 6408329 3435160 2360150 4101610 4956010 4471310 2769180 5904080 3941090 3400000
3692580 6590170 3236070 3500000 3662710 3973210 4176480 3441310 2920940 3236070 3154070 2280620 3332380 2769180 1707110 3692580 4500000 3236070 1000000 3061550 2581140 2581140 2627880 4201560 2824830 1921950 1905539 2802780 4354100 3308679 3692580 3729470 2077030
5242640 7082760 2500000 3000000 3009980 3507990 3154070 4716180 4352610 4354100 4176480 3844290 4534120 4298480 2802780 4162280 5472140 5272000 3061550 1000000 4640050 4201560 4535530 2581140 3860070 3915480 2170470 1447210 5049690 4818380 1632460 4577710 3193170
3061550 6590170 4535530 4640050 4832750 4992490 5414750 3502000 3022370 3549510 3596150 2655290 3517940 2824830 3000000 4201560 4354100 1707110 2581140 4640050 1000000 2414210 1806230 5716990 3220360 1806230 3473860 4354100 4500000 2878830 5272000 3906890 2964690
2118030 5272000 3549510 3500000 3700000 3745910 4300000 4613860 4080580 4535530 4512830 3517940 4569310 3886170 2414210 2802780 3061550 2581140 2581140 4201560 2414210 1000000 1670820 5609770 1854400 1921950 3126030 3801789 3109500 1728010 4801320 2500000 2029560
2303840 5785390 4106440 4114479 4313610 4395590 4911520 4214030 3701850 4201560 4214030 3220360 4201560 3502000 2746420 3469820 3549510 1921950 2627880 4535530 1806230 1670820 1000000 5816640 2523150 1721109 3385370 4178050 3701850 2077030 5159330 3121320 2513270
6700879 8648530 4041380 4535530 4512830 5011230 4512830 4900000 4733630 4500000 4300000 4448190 4700000 4765630 4201560 5743420 7041520 6408329 4201560 2581140 5716990 5609770 5816640 1000000 5390900 5123110 3483950 3024850 6630280 6280150 2303840 6147820 4661970
2476480 4765630 2878830 2726270 2923540 2910500 3517940 5162930 4624910 5016220 4956010 4008320 5085340 4443840 2315290 1989950 2726270 3435160 2824830 3860070 3220360 1854400 2523150 5390900 1000000 2562050 2992490 3420740 2529710 2077030 4397060 1905539 1806230
2923540 6186520 3729470 3846050 4036450 4220250 4613860 3692580 3158700 3617250 3601920 2603120 3647640 2964690 2204160 3549510 3983290 2360150 1921950 3915480 1806230 1921950 1721109 5123110 2562050 1000000 2746420 3596150 3996660 2600000 4546830 3370650 2170470
4220250 6600890 2555630 2941650 3061550 3469820 3483950 3983290 3523890 3687010 3549510 2923540 3831960 3418680 1721109 3601920 4710800 4101610 1905539 2170470 3473860 3126030 3385370 3483950 2992490 2746420 1000000 1900000 4413210 3801789 2802780 3844290 2208300
4820990 6656850 2118030 2612450 2649240 3137760 2886800 4721560 4310590 4383780 4220250 3751359 4551060 4231100 2431780 3720290 5024920 4956010 2802780 1447210 4354100 3801789 4178050 3024850 3420740 3596150 1900000 1000000 4605550 4397060 2000000 4130500 2780450
2788850 3236070 3692580 3280350 3408320 3061550 3842530 6664800 6126400 6536239 6481789 5522170 6597320 5939640 3801789 1894429 1632460 4471310 4354100 5049690 4500000 3109500 3701850 6630280 2529710 3996660 4413210 4605550 1000000 2702940 5472140 1632460 3308679
1424260 4712140 3954660 3789270 3983290 3906890 4569310 5257930 4733630 5210700 5201190 4201560 5229660 4535530 3080870 2726270 2476480 2769180 3308679 4818380 2878830 1728010 2077030 6280150 2077030 2600000 3801789 4397060 2702940 1000000 5393180 2208300 2627880
5816640 7403120 2802780 3280350 3236070 3729470 3209070 5205950 4883300 4827530 4640050 4413210 5016220 4847080 3418680 4577710 5939640 5904080 3692580 1632460 5272000 4801320 5159330 2303840 4397060 4546830 2802780 2000000 5472140 5393180 1000000 5049690 3780290
2414210 3863559 3334520 3000000 3163330 2931320 3683280 6032890 5494440 5904080 5850770 4889730 5964880 5308130 3202270 1632460 1894429 3941090 3729470 4577710 3906890 2500000 3121320 6147820 1905539 3370650 3844290 4130500 1632460 2208300 5049690 1000000 2700000
3051830 5539820 2600000 2676310 2868150 3059130 3451530 4498570 3968160 4310590 4231100 3332380 4400000 3801789 1509900 2615550 3531800 3400000 2077030 3193170 2964690 2029560 2513270 4661970 1806230 2170470 2208300 2780450 3308679 2627880 3780290 2700000 1000000
0 96000000
64400000 76400000
37100000 49100000
0 91800000
19500000 31500000
0 91700000
17400000 29400000
0 90400000
0 90900000
0 90500000
20100000 32100000
0 91400000
0 90400000
0 91100000
0 92500000
37500000 49500000
59900000 71900000
0 93100000
0 92300000
0 90700000
0 92900000
0 93800000
0 93600000
0 89200000
0 93500000
0 93000000
0 91700000
35900000 47900000
0 93200000
0 94500000
0 90100000
0 93500000
30800000 42800000
# scale factor = 100000
