20
0 451774 350571 350000 570088 557136 522015 520000 502892 514782 380526 335409 269258 390512 111803 130384 252982 429418 192353 354683
551774 100000 201980 207703 691692 641202 649181 606063 632541 556180 172801 286011 344131 358070 461385 421403 520595 274642 369258 361725
450571 201980 100000 120000 666480 622015 620000 583839 601597 541475 130000 239284 256205 335372 359615 320227 448281 282483 267631 324722
450000 207703 120000 100000 685235 641202 638516 602892 620000 560977 136056 258114 241421 354951 354951 320227 461248 302237 262788 343516
670087 691692 666480 685235 100000 158310 150000 186023 170000 241421 677754 527200 757647 435409 702080 640370 417805 518808 681378 441760
657136 641202 622015 641202 158310 100000 153852 140000 164030 186023 631413 483275 722013 387924 678705 614782 404631 467151 650091 398329
622015 649181 620000 638516 150000 153852 100000 153852 120000 211803 632259 480789 708276 391548 652268 590408 369258 478021 631507 395466
620000 606063 583839 602892 186023 140000 153852 100000 150000 158310 593964 444819 682151 350799 639351 575184 368328 432866 610098 359615
602892 632541 601597 620000 170000 164030 120000 150000 100000 204403 614296 462491 688558 374591 632353 570425 350000 462353 611566 377308
614782 556180 541475 560977 241421 186023 211803 158310 204403 100000 549222 404138 650000 306155 622015 556070 370185 381780 583735 320907
480526 172801 130000 136056 677754 631413 632259 593964 614296 549222 100000 252643 276918 343516 388617 350200 472022 280000 296469 337065
435409 286011 239284 258114 527200 483275 480789 444819 462491 404138 252643 100000 354951 200000 382843 320227 337697 194340 310950 185440
369258 344131 256205 241421 757647 722013 708276 682151 688558 650000 276918 354951 100000 453553 258114 262788 480132 426956 192195 430606
490512 358070 335372 354951 435409 387924 391548 350799 374591 306155 343516 200000 453553 100000 460555 394109 320227 194340 400832 136056
211803 461385 359615 354951 702080 678705 652268 639351 632353 622015 388617 382843 258114 460555 100000 167082 390689 475366 192195 427567
230384 421403 320227 320227 640370 614782 590408 575184 570425 556070 350200 320227 262788 394109 167082 100000 335372 414006 172110 360768
352982 520595 448281 461248 417805 404631 369258 368328 350000 370185 472022 337697 480132 320227 390689 335372 100000 402655 391548 290263
529418 274642 282483 302237 518808 467151 478021 432866 462353 381780 280000 194340 426956 194340 475366 414006 402655 100000 398329 214018
292354 369258 267631 262788 681378 650091 631507 610098 611566 583735 296469 310950 192195 400832 192195 172110 391548 398329 100000 372029
454683 361725 324722 343516 441760 398329 395466 359615 377308 320907 337065 185440 430606 136056 427567 360768 290263 214018 372029 100000
0 9600000
3350000 4550000
5370000 6570000
3750000 4950000
1460000 2660000
1490000 2690000
1940000 3140000
2460000 3660000
1650000 2850000
800000 2000000
4400000 5600000
3260000 4460000
3970000 5170000
390000 1590000
110000 1310000
5660000 6860000
2680000 3880000
2680000 3880000
1050000 2250000
3440000 4640000
# scale factor = 10000
