14
0 380789 308058 393573 403113 353553 335261 392938 412311 377359 383275 171172 155242 205183
480789 100000 204403 130000 150000 241421 581041 605371 614782 158310 561411 589183 531393 600100
408058 204403 100000 200000 201980 170000 476962 503113 513401 172801 460555 542041 491152 501995
493573 130000 200000 100000 120000 222066 571275 592443 600899 136056 547214 609313 552769 601597
503113 150000 201980 120000 100000 211803 565725 584665 592443 130000 538634 623259 567547 603587
453553 241421 170000 222066 211803 100000 456931 473363 480789 186023 426956 599300 551774 514849
435261 581041 476962 571275 565725 456931 100000 160000 180000 536807 178101 596488 590408 286815
492938 605371 503113 592443 584665 473363 160000 100000 120000 556946 150000 655788 648179 345153
512311 614782 513401 600899 592443 480789 180000 120000 100000 565188 153852 675587 667539 364764
477359 158310 172801 136056 130000 186023 536807 556946 565188 100000 511460 602494 548219 573814
483275 561411 460555 547214 538634 426956 178101 150000 153852 511460 100000 650818 637587 360000
271172 589183 542041 609313 623259 599300 596488 655788 675587 602494 650818 100000 163246 436155
255242 531393 491152 552769 567547 551774 590408 648179 667539 548219 637587 163246 100000 446699
305183 600100 501995 601597 603587 514849 286815 345153 364764 573814 360000 436155 446699 100000
0 9600000
0 9110000
0 9190000
0 9100000
0 9090000
0 9140000
1950000 3150000
1740000 2940000
2550000 3750000
370000 1570000
1050000 2250000
0 9320000
0 9340000
3080000 4280000
# scale factor = 10000
