21
0 27 51 11 26 65 21 79 65 57 69 90 81 36 15 9 17 57 77 33 45
27 0 69 37 9 79 34 100 71 60 71 86 79 50 29 30 29 63 71 21 25
51 69 0 40 60 15 35 31 34 35 43 67 56 19 41 43 40 27 63 54 68
11 37 40 0 32 54 16 68 59 52 64 86 76 27 13 7 15 50 74 35 49
26 9 60 32 0 70 26 91 62 51 62 77 70 41 22 25 21 54 62 12 20
65 79 15 54 70 0 45 27 26 31 35 59 48 29 51 56 50 23 57 62 74
21 34 35 16 26 45 0 66 44 36 48 70 60 16 6 13 5 36 58 23 37
79 100 31 68 91 27 66 0 53 58 62 84 74 50 71 73 71 50 84 85 99
65 71 34 59 62 26 44 53 0 11 9 33 22 33 50 57 49 9 31 50 58
57 60 35 52 51 31 36 58 11 0 12 36 25 27 42 49 40 8 28 39 47
69 71 43 64 62 35 48 62 9 12 0 24 13 39 54 61 52 16 22 50 55
90 86 67 86 77 59 70 84 33 36 24 0 11 63 75 82 73 40 16 65 65
81 79 56 76 70 48 60 74 22 25 13 11 0 52 66 73 64 29 16 58 61
36 50 19 27 41 29 16 50 33 27 39 63 52 0 22 27 21 24 55 35 49
15 29 41 13 22 51 6 71 50 42 54 75 66 22 0 7 2 42 62 22 36
9 30 43 7 25 56 13 73 57 49 61 82 73 27 7 0 9 49 69 28 42
17 29 40 15 21 50 5 71 49 40 52 73 64 21 2 9 0 40 60 20 34
57 63 27 50 54 23 36 50 9 8 16 40 29 24 42 49 40 0 36 44 53
77 71 63 74 62 57 58 84 31 28 22 16 16 55 62 69 60 36 0 50 49
33 21 54 35 12 62 23 85 50 39 50 65 58 35 22 28 20 44 50 0 14
45 25 68 49 20 74 37 99 58 47 55 65 61 49 36 42 34 53 49 14 0
0 554
184 473
249 373
312 486
251 459
41 278
169 365
206 344
221 352
22 272
180 495
288 467
318 554
96 278
1 237
97 361
138 389
309 533
219 455
41 281
35 165
