21
0 70 73 95 18 79 97 17 99 67 84 34 33 40 85 64 63 48 47 70 26
70 0 3 91 86 46 61 56 87 27 57 45 88 67 61 32 10 85 73 0 51
73 3 0 92 89 47 61 59 88 28 58 48 91 69 62 33 12 87 75 3 54
95 91 92 0 94 47 44 82 10 64 36 69 77 55 32 59 82 55 49 91 74
18 86 89 94 0 88 105 30 100 78 91 45 21 41 91 75 78 42 45 86 37
79 46 47 47 88 0 18 62 41 20 11 45 79 51 15 18 38 65 52 46 53
97 61 61 44 105 18 0 80 35 37 14 63 93 65 16 36 55 77 64 61 71
17 56 59 82 30 62 80 0 84 50 67 17 35 29 68 47 48 43 36 56 9
99 87 88 10 100 41 35 84 0 60 30 70 84 60 26 56 78 63 55 87 76
67 27 28 64 78 20 37 50 60 0 31 33 75 48 34 5 18 65 51 27 41
84 57 58 36 91 11 14 67 30 31 0 51 79 51 4 28 49 63 50 57 58
34 45 48 69 45 45 63 17 70 33 51 0 43 23 52 30 36 41 30 45 8
33 88 91 77 21 79 93 35 84 75 79 43 0 28 79 70 79 22 30 88 38
40 67 69 55 41 51 65 29 60 48 51 23 28 0 51 43 57 18 7 67 23
85 61 62 32 91 15 16 68 26 34 4 52 79 51 0 31 52 61 49 61 59
64 32 33 59 75 18 36 47 56 5 28 30 70 43 31 0 23 60 46 32 38
63 10 12 82 78 38 55 48 78 18 49 36 79 57 52 23 0 75 63 10 42
48 85 87 55 42 65 77 43 63 65 63 41 22 18 61 60 75 0 14 85 40
47 73 75 49 45 52 64 36 55 51 50 30 30 7 49 46 63 14 0 73 30
70 0 3 91 86 46 61 56 87 27 57 45 88 67 61 32 10 85 73 0 51
26 51 54 74 37 53 71 9 76 41 58 8 38 23 59 38 42 40 30 51 0
0 826
140 698
76 371
372 826
308 662
362 826
226 614
150 415
157 414
379 826
407 826
346 826
375 826
10 495
8 389
39 355
242 699
53 264
369 826
97 320
30 410
