21
0 35 51 21 23 35 21 69 66 29 23 64 58 40 30 35 34 72 78 56 22
35 0 55 42 12 26 35 63 53 9 12 44 29 45 38 45 69 59 68 51 45
51 55 0 72 49 75 30 113 106 59 49 99 47 11 21 16 72 112 120 101 32
21 42 72 0 34 28 42 53 53 33 34 56 70 61 51 56 34 58 62 40 43
23 12 49 34 0 26 24 64 57 10 0 50 36 38 30 37 57 63 71 52 34
35 26 75 28 26 0 49 38 31 18 26 29 55 64 56 63 62 37 45 26 55
21 35 30 42 24 49 0 86 80 34 24 74 46 19 9 14 48 86 94 73 11
69 63 113 53 64 38 86 0 14 55 64 29 90 102 94 100 85 12 9 13 91
66 53 106 53 57 31 80 14 0 47 57 15 78 95 87 94 87 6 15 15 86
29 9 59 33 10 18 34 55 47 0 10 40 38 48 40 47 62 53 62 43 44
23 12 49 34 0 26 24 64 57 10 0 50 36 38 30 37 57 63 71 52 34
64 44 99 56 50 29 74 29 15 40 50 0 66 88 80 87 90 19 28 27 84
58 29 47 70 36 55 46 90 78 38 36 66 0 42 43 48 91 84 93 80 57
40 45 11 61 38 64 19 102 95 48 38 88 42 0 10 8 64 101 109 90 24
30 38 21 51 30 56 9 94 87 40 30 80 43 10 0 7 56 93 101 81 16
35 45 16 56 37 63 14 100 94 47 37 87 48 8 7 0 56 100 108 87 16
34 69 72 34 57 62 48 85 87 62 57 90 91 64 56 56 0 91 94 73 40
72 59 112 58 63 37 86 12 6 53 63 19 84 101 93 100 91 0 9 18 92
78 68 120 62 71 45 94 9 15 62 71 28 93 109 101 108 94 9 0 22 100
56 51 101 40 52 26 73 13 15 43 52 27 80 90 81 87 73 18 22 0 78
22 45 32 43 34 55 11 91 86 44 34 84 57 24 16 16 40 92 100 78 0
0 495
222 472
97 420
76 231
144 346
211 450
3 244
225 415
155 341
161 348
22 171
151 426
229 495
91 306
103 280
216 421
11 148
187 330
140 400
145 440
51 215
