21
0 64 76 110 63 90 75 100 115 79 71 98 19 64 46 86 81 67 49 74 72
64 0 20 46 30 35 16 36 51 18 31 36 48 0 19 39 17 26 36 23 12
76 20 0 40 21 15 31 28 44 7 18 24 64 20 31 54 15 15 56 39 28
110 46 40 0 61 37 38 12 6 34 57 19 94 46 65 50 29 55 74 44 40
63 30 21 61 0 30 46 49 65 28 8 44 55 30 25 69 36 6 59 53 42
90 35 15 37 30 0 43 25 39 17 23 18 79 35 46 65 24 24 71 51 40
75 16 31 38 46 43 0 33 44 26 47 36 58 16 34 23 19 42 36 8 4
100 36 28 12 49 25 33 0 16 22 45 7 84 36 54 50 19 43 69 41 34
115 51 44 6 65 39 44 16 0 38 60 21 99 51 70 56 34 59 80 50 46
79 18 7 34 28 17 26 22 38 0 25 19 66 18 33 49 8 22 54 34 23
71 31 18 57 8 23 47 45 60 25 0 39 63 31 31 70 33 5 64 54 43
98 36 24 19 44 18 36 7 21 19 39 0 84 36 52 55 19 38 71 44 36
19 48 64 94 55 79 58 84 99 66 63 84 0 48 33 67 65 58 30 56 54
64 0 20 46 30 35 16 36 51 18 31 36 48 0 19 39 17 26 36 23 12
46 19 31 65 25 46 34 54 70 33 31 52 33 19 0 54 36 26 34 37 30
86 39 54 50 69 65 23 50 56 49 70 55 67 39 54 0 41 65 37 17 27
81 17 15 29 36 24 19 19 34 8 33 19 65 17 36 41 0 30 52 27 17
67 26 15 55 6 24 42 43 59 22 5 38 58 26 26 65 30 0 59 49 38
49 36 56 74 59 71 36 69 80 54 64 71 30 36 34 37 52 59 0 31 35
74 23 39 44 53 51 8 41 50 34 54 44 56 23 37 17 27 49 31 0 11
72 12 28 40 42 40 4 34 46 23 43 36 54 12 30 27 17 38 35 11 0
0 554
28 307
333 502
32 218
224 510
22 229
134 412
31 315
146 452
165 293
240 470
31 358
292 486
3 193
190 433
56 198
156 367
314 541
22 350
106 345
221 502
