21
0 21 9 49 34 17 43 46 46 48 30 28 39 55 51 34 70 30 57 56 14
21 0 29 64 13 30 22 28 43 34 37 9 59 44 32 48 52 31 40 73 27
9 29 0 48 42 21 51 55 54 57 35 37 30 57 60 34 76 29 63 53 19
49 64 48 0 73 34 83 77 51 71 33 67 42 104 84 16 116 77 104 12 37
34 13 42 73 0 39 10 17 41 25 42 6 72 47 19 57 46 42 36 82 36
17 30 21 34 39 0 49 47 35 45 14 33 40 71 54 18 82 47 70 43 3
43 22 51 83 10 49 0 19 50 30 52 16 81 43 17 67 36 45 28 92 46
46 28 55 77 17 47 19 0 33 11 44 19 85 62 7 61 55 59 47 88 44
46 43 54 51 41 35 50 33 0 23 22 37 74 87 40 39 86 72 77 63 35
48 34 57 71 25 45 30 11 23 0 38 25 83 72 17 55 66 65 58 82 42
30 37 35 33 42 14 52 44 22 38 0 36 52 81 51 17 88 59 77 44 16
28 9 37 67 6 33 16 19 37 25 36 0 67 50 23 51 52 40 41 76 30
39 59 30 42 72 40 81 85 74 83 52 67 0 82 90 39 105 52 92 39 41
55 44 57 104 47 71 43 62 87 72 81 50 82 0 60 89 31 30 21 110 68
51 32 60 84 19 54 17 7 40 17 51 23 90 60 0 68 49 61 44 95 51
34 48 34 16 57 18 67 61 39 55 17 51 39 89 68 0 100 63 88 27 21
70 52 76 116 46 82 36 55 86 66 88 52 105 31 49 100 0 55 13 125 79
30 31 29 77 42 47 45 59 72 65 59 40 52 30 61 63 55 0 42 82 44
57 40 63 104 36 70 28 47 77 58 77 41 92 21 44 88 13 42 0 113 67
56 73 53 12 82 43 92 88 63 82 44 76 39 110 95 27 125 82 113 0 46
14 27 19 37 36 3 46 44 35 42 16 30 41 68 51 21 79 44 67 46 0
0 692
82 424
79 400
299 465
291 478
101 346
232 451
215 450
352 692
281 655
49 317
388 692
25 239
319 692
94 455
216 538
409 604
309 610
332 609
268 456
5 329
