21
0 60 33 40 22 39 45 66 71 55 32 30 41 67 54 63 37 21 17 30 44
60 0 55 24 56 21 67 65 28 50 41 88 90 44 43 42 24 48 47 83 36
33 55 0 31 51 42 74 91 77 25 14 43 74 84 73 80 32 14 40 35 61
40 24 31 0 44 14 62 69 47 32 17 65 76 56 49 53 4 25 32 60 37
22 56 51 44 0 35 23 44 57 69 45 50 34 48 35 44 40 37 12 52 28
39 21 42 14 35 0 50 55 36 46 28 68 69 42 35 39 10 31 26 65 23
45 67 74 62 23 50 0 25 57 91 67 70 35 42 29 38 58 60 34 73 31
66 65 91 69 44 55 25 0 45 101 80 94 59 26 22 24 65 77 51 96 32
71 28 77 47 57 36 57 45 0 77 63 101 88 20 28 21 45 67 54 99 29
55 50 25 32 69 46 91 101 77 0 24 68 96 88 81 85 36 34 57 60 69
32 41 14 17 45 28 67 80 63 24 0 52 73 70 61 67 18 11 33 45 49
30 88 43 65 50 68 70 94 101 68 52 0 50 97 84 93 64 41 47 8 74
41 90 74 76 34 69 35 59 88 96 73 50 0 75 62 71 72 62 44 56 59
67 44 84 56 48 42 42 26 20 88 70 97 75 0 13 4 52 71 50 97 23
54 43 73 49 35 35 29 22 28 81 61 84 62 13 0 9 45 60 37 84 12
63 42 80 53 44 39 38 24 21 85 67 93 71 4 9 0 49 67 46 93 19
37 24 32 4 40 10 58 65 45 36 18 64 72 52 45 49 0 24 28 59 33
21 48 14 25 37 31 60 77 67 34 11 41 62 71 60 67 24 0 26 35 48
17 47 40 32 12 26 34 51 54 57 33 47 44 50 37 46 28 26 0 47 27
30 83 35 60 52 65 73 96 99 60 45 8 56 97 84 93 59 35 47 0 74
44 36 61 37 28 23 31 32 29 69 49 74 59 23 12 19 33 48 27 74 0
0 1108
319 397
597 750
635 752
248 390
621 696
703 815
109 185
671 748
816 907
604 674
603 724
290 440
904 1064
438 505
627 777
660 785
320 416
846 907
66 155
912 1060
