21
0 24 50 52 31 31 43 17 26 64 71 10 61 40 51 65 32 58 61 68 32
24 0 74 59 33 44 65 41 50 76 88 24 85 24 75 88 39 80 85 85 46
50 74 0 77 63 46 16 33 25 75 65 54 14 87 4 35 56 17 13 64 44
52 59 77 0 83 83 81 54 57 20 41 42 80 47 75 64 84 94 81 38 83
31 33 63 83 0 18 48 40 47 95 101 41 77 57 66 89 8 62 76 98 20
31 44 46 83 18 0 31 32 35 91 93 41 60 67 50 76 10 44 59 90 2
43 65 16 81 48 31 0 30 24 83 77 51 30 83 20 51 41 15 29 75 29
17 41 33 54 40 32 30 0 9 59 61 21 44 54 34 50 38 44 44 58 31
26 50 25 57 47 35 24 9 0 59 58 30 35 63 25 42 43 37 35 55 35
64 76 75 20 95 91 83 59 59 0 22 55 74 66 71 52 95 92 75 20 90
71 88 65 41 101 93 77 61 58 22 0 64 61 83 61 35 99 82 62 3 92
10 24 54 42 41 41 51 21 30 55 64 0 65 33 55 64 42 65 65 61 42
61 85 14 80 77 60 30 44 35 74 61 65 0 98 11 27 70 25 1 60 58
40 24 87 47 57 67 83 54 63 66 83 33 98 0 88 93 63 98 98 80 69
51 75 4 75 66 50 20 34 25 71 61 55 11 88 0 31 59 21 10 60 48
65 88 35 64 89 76 51 50 42 52 35 64 27 93 31 0 85 52 28 35 75
32 39 56 84 8 10 41 38 43 95 99 42 70 63 59 85 0 54 69 96 12
58 80 17 94 62 44 15 44 37 92 82 65 25 98 21 52 54 0 24 81 42
61 85 13 81 76 59 29 44 35 75 62 65 1 98 10 28 69 24 0 61 57
68 85 64 38 98 90 75 58 55 20 3 61 60 80 60 35 96 81 61 0 89
32 46 44 83 20 2 29 31 35 90 92 42 58 69 48 75 12 42 57 89 0
0 800
158 328
492 800
326 683
407 676
272 588
136 437
364 643
437 792
68 215
21 273
202 385
167 329
190 312
419 645
533 800
98 342
364 617
463 711
19 216
241 420
