21
0 38 34 71 37 86 109 86 61 29 36 98 29 46 88 86 55 60 94 13 75
38 0 6 49 53 80 92 70 80 38 2 70 48 11 53 68 57 30 73 27 39
34 6 0 54 53 85 97 75 80 38 4 75 48 12 59 73 60 35 78 22 45
71 49 54 0 51 38 43 21 67 45 50 29 54 58 32 19 35 21 24 67 30
37 53 53 51 0 51 79 58 27 15 51 80 8 64 80 59 20 53 68 45 70
86 80 85 38 51 0 32 21 50 57 81 53 59 91 68 25 31 58 33 88 68
109 92 97 43 79 32 0 23 82 80 93 37 86 100 58 24 59 63 20 108 66
86 70 75 21 58 21 23 0 66 57 71 32 64 79 47 4 38 42 12 85 49
61 80 80 67 27 50 82 66 0 42 78 95 34 91 99 69 32 76 78 71 92
29 38 38 45 15 57 80 57 42 0 36 74 11 49 70 58 26 41 66 33 58
36 2 4 50 51 81 93 71 78 36 0 71 46 13 55 69 56 31 74 25 41
98 70 75 29 80 53 37 32 95 74 71 0 83 75 22 28 64 40 21 93 33
29 48 48 54 8 59 86 64 34 11 46 83 0 59 81 65 28 52 74 37 69
46 11 12 58 64 91 100 79 91 49 13 75 59 0 56 77 68 37 81 33 42
88 53 59 32 80 68 58 47 99 70 55 22 81 56 0 43 67 29 40 80 14
86 68 73 19 59 25 24 4 69 58 69 28 65 77 43 0 40 40 9 84 45
55 57 60 35 20 31 59 38 32 26 56 64 28 68 67 40 0 45 49 59 61
60 30 35 21 53 58 63 42 76 41 31 40 52 37 29 40 45 0 44 53 17
94 73 78 24 68 33 20 12 78 66 74 21 74 81 40 9 49 44 0 91 46
13 27 22 67 45 88 108 85 71 33 25 93 37 33 80 84 59 53 91 0 66
75 39 45 30 70 68 66 49 92 58 41 33 69 42 14 45 61 17 46 66 0
0 783
491 679
404 529
589 757
178 331
157 280
141 273
460 684
62 213
550 718
530 683
579 712
614 750
120 313
553 740
339 536
204 434
297 407
202 431
447 602
543 753
