21
0 74 50 32 84 36 94 50 63 57 22 78 47 87 55 23 84 92 75 30 87
74 0 94 55 50 82 38 69 13 17 57 49 64 18 72 68 20 28 14 88 29
50 94 0 76 122 14 92 26 81 78 42 67 31 100 28 72 111 120 86 78 89
32 55 76 0 52 62 85 67 48 42 36 81 63 72 72 14 59 65 60 33 76
84 50 122 52 0 108 88 105 56 54 80 97 100 65 109 65 34 32 64 80 79
36 82 14 62 108 0 86 22 69 65 28 63 24 90 26 58 98 107 76 66 81
94 38 92 85 88 86 0 66 37 43 72 25 62 25 64 97 56 62 25 117 9
50 69 26 67 105 22 66 0 56 55 31 42 5 74 5 67 87 96 60 80 63
63 13 81 48 56 69 37 56 0 6 45 41 51 24 59 60 31 40 12 80 28
57 17 78 42 54 65 43 55 6 0 40 45 50 30 58 54 33 42 18 74 34
22 57 42 36 80 28 72 31 45 40 0 56 28 69 36 36 72 80 55 50 65
78 49 67 81 97 63 25 42 41 45 56 0 39 43 39 88 69 77 35 106 27
47 64 31 63 100 24 62 5 51 50 28 39 0 69 9 64 82 91 55 77 58
87 18 100 72 65 90 25 74 24 30 69 43 69 0 74 84 31 37 14 104 17
55 72 28 72 109 26 64 5 59 58 36 39 9 74 0 72 90 99 62 85 62
23 68 72 14 65 58 97 67 60 54 36 88 64 84 72 0 73 79 72 20 88
84 20 111 59 34 98 56 87 31 33 72 69 82 31 90 73 0 9 34 92 47
92 28 120 65 32 107 62 96 40 42 80 77 91 37 99 79 9 0 42 98 54
75 14 86 60 64 76 25 60 12 18 55 35 55 14 62 72 34 42 0 92 16
30 88 78 33 80 66 117 80 80 74 50 106 77 104 85 20 92 98 92 0 108
87 29 89 76 79 81 9 63 28 34 65 27 58 17 62 88 47 54 16 108 0
0 619
243 619
265 439
203 619
205 520
149 589
28 396
150 400
218 556
48 355
240 543
271 619
186 470
102 525
130 291
301 575
127 309
14 172
308 605
223 611
73 507
