21
0 30 53 28 92 31 88 72 85 46 37 86 90 77 91 38 91 72 84 74 40
30 0 24 39 62 15 61 51 55 21 45 56 63 65 70 16 70 45 56 56 51
53 24 0 51 43 25 37 32 32 9 52 40 39 55 49 18 50 21 32 41 59
28 39 51 0 94 27 78 56 82 42 9 90 80 52 75 33 72 66 78 55 12
92 62 43 94 0 68 38 57 16 52 95 10 37 84 60 61 65 34 27 66 102
31 15 25 27 68 0 58 42 56 16 31 64 60 52 61 7 61 42 54 45 38
88 61 37 78 38 58 0 25 22 42 76 43 2 51 22 51 27 16 11 33 83
72 51 32 56 57 42 25 0 41 30 52 59 27 27 19 36 19 23 31 9 59
85 55 32 82 16 56 22 41 0 40 82 21 22 68 44 49 49 18 11 50 89
46 21 9 42 52 16 42 30 40 0 43 49 44 49 49 9 49 26 38 37 50
37 45 52 9 95 31 76 52 82 43 0 92 78 44 69 35 66 65 77 49 7
86 56 40 90 10 64 43 59 21 49 92 0 43 86 65 57 70 36 32 68 99
90 63 39 80 37 60 2 27 22 44 78 43 0 53 23 53 28 18 11 35 85
77 65 55 52 84 52 51 27 68 49 44 86 53 0 33 49 29 50 58 18 49
91 70 49 75 60 61 22 19 44 49 69 65 23 33 0 55 5 33 33 20 75
38 16 18 33 61 7 51 36 49 9 35 57 53 49 55 0 55 35 47 40 42
91 70 50 72 65 61 27 19 49 49 66 70 28 29 5 55 0 36 38 17 72
72 45 21 66 34 42 16 23 18 26 65 36 18 50 33 35 36 0 12 32 72
84 56 32 78 27 54 11 31 11 38 77 32 11 58 33 47 38 12 0 40 84
74 56 41 55 66 45 33 9 50 37 49 68 35 18 20 40 17 32 40 0 55
40 51 59 12 102 38 83 59 89 50 7 99 85 49 75 42 72 72 84 55 0
0 495
247 495
107 456
157 424
233 372
106 434
32 328
22 324
93 233
126 325
148 493
215 357
36 405
36 387
66 211
108 434
201 365
63 269
199 436
207 374
91 436
