21
0 37 14 50 46 75 59 27 87 44 39 26 73 64 1 25 49 82 32 58 28
37 0 42 86 13 79 48 38 101 81 70 63 52 89 36 35 86 98 37 54 65
14 42 0 53 54 89 72 15 101 46 49 28 85 76 14 15 52 95 22 72 25
50 86 53 0 93 82 86 68 77 11 24 25 106 42 51 68 2 67 75 80 33
46 13 54 93 0 72 39 51 96 90 74 72 39 89 45 48 93 95 50 47 74
75 79 89 82 72 0 34 101 28 89 59 83 49 46 76 98 84 33 104 25 93
59 48 72 86 39 34 0 78 61 89 62 77 20 65 58 75 88 63 80 10 84
27 38 15 68 51 101 78 0 114 60 64 43 88 91 26 3 67 109 7 80 38
87 101 101 77 96 28 61 114 0 87 58 86 77 35 88 112 79 10 119 51 96
44 81 46 11 90 89 89 60 87 0 30 18 108 53 45 61 9 78 67 84 22
39 70 49 24 74 59 62 64 58 30 0 28 82 27 40 64 26 49 71 56 38
26 63 28 25 72 83 77 43 86 18 28 0 94 55 27 43 24 77 50 73 10
73 52 85 106 39 49 20 88 77 108 82 94 0 85 73 85 107 80 89 29 100
64 89 76 42 89 46 65 91 35 53 27 55 85 0 65 89 44 25 96 56 65
1 36 14 51 45 76 58 26 88 45 40 27 73 65 0 24 50 83 31 58 29
25 35 15 68 48 98 75 3 112 61 64 43 85 89 24 0 67 107 7 77 39
49 86 52 2 93 84 88 67 79 9 26 24 107 44 50 67 0 69 74 82 31
82 98 95 67 95 33 63 109 10 78 49 77 80 25 83 107 69 0 114 53 87
32 37 22 75 50 104 80 7 119 67 71 50 89 96 31 7 74 114 0 83 45
58 54 72 80 47 25 10 80 51 84 56 73 29 56 58 77 82 53 83 0 81
28 65 25 33 74 93 84 38 96 22 38 10 100 65 29 39 31 87 45 81 0
0 923
55 410
420 841
8 313
170 699
432 644
422 887
379 667
84 489
509 923
189 403
247 710
308 689
370 632
87 526
306 513
324 766
361 833
287 728
513 708
305 837
