21
0 72 9 29 17 48 72 93 72 65 61 55 24 63 62 19 22 89 73 73 90
72 0 81 43 86 61 3 72 105 61 39 65 54 65 114 76 71 78 117 5 89
9 81 0 38 10 52 81 97 69 69 67 58 33 66 56 23 23 92 69 82 92
29 43 38 0 44 41 43 79 80 55 41 48 16 55 80 36 33 79 88 44 83
17 86 10 44 0 49 86 94 60 66 67 54 41 62 46 33 20 88 59 88 86
48 61 52 41 49 0 63 45 44 17 25 7 55 15 56 67 29 41 57 65 42
72 3 81 43 86 63 0 75 107 64 42 67 54 68 116 76 72 81 119 2 92
93 72 97 79 94 45 75 0 66 28 39 40 95 32 90 111 74 11 83 77 25
72 105 69 80 60 44 107 66 0 47 67 40 89 42 27 91 51 55 17 109 43
65 61 69 55 66 17 64 28 47 0 22 13 70 5 66 83 46 24 63 66 29
61 39 67 41 67 25 42 39 67 22 0 27 57 26 81 75 48 41 81 44 50
55 65 58 48 54 7 67 40 40 13 27 0 62 8 55 74 35 34 54 69 35
24 54 33 16 41 55 54 95 89 70 57 62 0 69 84 22 38 94 93 54 97
63 65 66 55 62 15 68 32 42 5 26 8 69 0 61 82 43 26 58 70 28
62 114 56 80 46 56 116 90 27 66 81 55 84 61 0 79 47 80 14 118 69
19 76 23 36 33 67 76 111 91 83 75 74 22 82 79 0 41 107 92 76 109
22 71 23 33 20 29 72 74 51 46 48 35 38 43 47 41 0 69 55 74 69
89 78 92 79 88 41 81 11 55 24 41 34 94 26 80 107 69 0 72 83 14
73 117 69 88 59 57 119 83 17 63 81 54 93 58 14 92 55 72 0 121 60
73 5 82 44 88 65 2 77 109 66 44 69 54 70 118 76 74 83 121 0 94
90 89 92 83 86 42 92 25 43 29 50 35 97 28 69 109 69 14 60 94 0
0 1066
250 411
23 405
203 473
186 401
447 891
244 421
495 943
638 1066
97 381
403 589
725 1066
159 596
415 650
450 881
138 603
693 883
503 741
138 545
342 804
407 778
