21
0 72 19 48 62 36 66 63 44 68 7 58 32 8 77 47 77 82 66 51 60
72 0 64 30 20 95 23 62 35 38 68 17 40 65 47 25 46 15 10 21 22
19 64 0 36 60 31 64 73 31 71 12 49 28 21 60 42 81 73 57 43 57
48 30 36 0 33 65 38 67 5 52 42 13 19 43 34 18 62 37 21 11 33
62 20 60 33 0 91 5 42 37 19 60 25 32 55 61 18 29 35 24 22 3
36 95 31 65 91 0 95 98 60 101 33 78 59 43 81 73 111 102 86 74 88
66 23 64 38 5 95 0 40 42 15 64 30 36 58 66 23 24 38 29 27 7
63 62 73 67 42 98 40 0 68 26 65 64 51 55 100 49 27 77 66 58 41
44 35 31 5 37 60 42 68 0 55 38 18 18 39 36 21 65 42 26 15 36
68 38 71 52 19 101 15 26 55 0 68 44 44 60 80 34 10 53 43 41 19
7 68 12 42 60 33 64 65 38 68 0 54 29 10 70 44 78 78 62 47 57
58 17 49 13 25 78 30 64 18 44 54 0 26 52 36 16 54 24 8 7 25
32 40 28 19 32 59 36 51 18 44 29 26 0 26 53 15 54 50 34 19 29
8 65 21 43 55 43 58 55 39 60 10 52 26 0 74 40 69 76 60 45 52
77 47 60 34 61 81 66 100 36 80 70 36 53 74 0 51 90 39 38 42 61
47 25 42 18 18 73 23 49 21 34 44 16 15 40 51 0 44 38 22 9 16
77 46 81 62 29 111 24 27 65 10 78 54 54 69 90 44 0 61 53 51 29
82 15 73 37 35 102 38 77 42 53 78 24 50 76 39 38 61 0 16 31 37
66 10 57 21 24 86 29 66 26 43 62 8 34 60 38 22 53 16 0 15 25
51 21 43 11 22 74 27 58 15 41 47 7 19 45 42 9 51 31 15 0 22
60 22 57 33 3 88 7 41 36 19 57 25 29 52 61 16 29 37 25 22 0
0 554
259 504
190 480
147 421
129 308
282 554
94 268
112 365
93 371
157 275
158 310
71 391
319 547
264 462
91 288
0 123
144 422
91 373
116 294
313 554
27 167
