21
0 51 56 24 58 26 53 5 26 14 41 62 24 47 30 26 53 47 22 21 44
51 0 28 61 27 60 62 47 73 64 21 54 72 43 68 30 46 16 39 52 29
56 28 0 75 55 51 39 51 68 70 46 27 80 68 82 47 71 43 34 46 54
24 61 75 0 58 50 77 28 44 19 44 85 16 36 7 31 41 50 45 45 41
58 27 55 58 0 77 87 56 83 69 17 81 73 26 65 32 26 15 57 69 17
26 60 51 50 77 0 31 24 17 34 60 45 44 71 54 47 77 63 21 8 65
53 62 39 77 87 31 0 49 48 64 72 18 74 89 83 63 94 72 34 33 79
5 47 51 28 56 24 49 0 27 19 39 57 29 47 34 24 53 44 17 17 42
26 73 68 44 83 17 48 27 0 25 66 62 33 73 46 51 79 71 35 22 69
14 64 70 19 69 34 64 19 25 0 52 75 10 51 21 37 57 58 36 31 52
41 21 46 44 17 60 72 39 66 52 0 69 58 22 51 15 25 6 40 52 8
62 54 27 85 81 45 18 57 62 75 69 0 85 90 91 64 94 67 40 44 77
24 72 80 16 73 44 74 29 33 10 58 85 0 52 14 43 57 63 46 41 56
47 43 68 36 26 71 89 47 73 51 22 90 52 0 41 26 6 27 55 64 14
30 68 82 7 65 54 83 34 46 21 51 91 14 41 0 38 46 57 51 51 48
26 30 47 31 32 47 63 24 51 37 15 64 43 26 38 0 31 21 29 39 18
53 46 71 41 26 77 94 53 79 57 25 94 57 6 46 31 0 30 60 70 17
47 16 43 50 15 63 72 44 71 58 6 67 63 27 57 21 30 0 42 55 13
22 39 34 45 57 21 34 17 35 36 40 40 46 55 51 29 60 42 0 13 46
21 52 46 45 69 8 33 17 22 31 52 44 41 64 51 39 70 55 13 0 57
44 29 54 41 17 65 79 42 69 52 8 77 56 14 48 18 17 13 46 57 0
0 1385
188 361
204 333
150 280
112 264
94 293
753 848
543 743
187 393
813 887
286 461
550 631
79 246
1123 1299
1230 1332
700 808
336 448
339 516
40 111
753 948
535 684
