21
0 32 14 32 18 58 46 52 31 59 51 19 8 41 23 42 36 32 20 41 76
32 0 46 11 27 80 14 47 49 86 25 14 30 71 36 74 68 51 43 24 66
14 46 0 45 27 50 60 58 29 47 64 33 19 28 28 28 22 33 22 52 82
32 11 45 0 21 72 21 36 41 79 19 13 32 66 28 73 66 58 47 13 55
18 27 27 21 0 53 41 34 22 59 37 15 24 45 9 55 46 50 38 25 58
58 80 50 72 53 0 93 57 31 16 84 68 66 28 44 56 39 83 72 71 74
46 14 60 21 41 93 0 54 62 100 23 28 43 85 49 87 82 63 56 30 69
52 47 58 36 34 57 54 0 36 70 34 43 58 66 30 85 71 84 72 24 24
31 49 29 41 22 31 62 36 0 38 54 37 39 30 13 50 35 61 49 41 59
59 86 47 79 59 16 100 70 38 0 92 72 66 19 51 45 30 76 68 79 89
51 25 64 19 37 84 23 34 54 92 0 32 51 82 42 92 83 76 66 13 46
19 14 33 13 15 68 28 43 37 72 32 0 19 57 24 61 55 45 34 25 65
8 30 19 32 24 66 43 58 39 66 51 19 0 47 30 44 41 27 15 44 82
41 71 28 66 45 28 85 66 30 19 82 57 47 0 40 28 11 57 49 69 88
23 36 28 28 9 44 49 30 13 51 42 24 30 40 0 55 43 55 43 29 54
42 74 28 73 55 56 87 85 50 45 92 61 44 28 55 0 17 39 36 80 109
36 68 22 66 46 39 82 71 35 30 83 55 41 11 43 17 0 48 40 71 94
32 51 33 58 50 83 63 84 61 76 76 45 27 57 55 39 48 0 12 70 108
20 43 22 47 38 72 56 72 49 68 66 34 15 49 43 36 40 12 0 59 96
41 24 52 13 25 71 30 24 41 79 13 25 44 69 29 80 71 70 59 0 42
76 66 82 55 58 74 69 24 59 89 46 65 82 88 54 109 94 108 96 42 0
0 1385
972 1128
929 1126
819 976
827 1028
567 758
1052 1209
1152 1302
1236 1369
708 800
821 905
305 431
348 550
609 688
332 433
307 403
498 584
59 252
64 201
925 1034
1198 1351
