21
0 18 45 51 51 24 52 26 38 56 38 51 36 31 39 43 26 33 57 37 58
18 0 63 38 34 29 43 21 55 38 40 34 43 17 22 32 15 39 40 55 45
45 63 0 89 94 56 91 60 27 99 68 96 48 72 82 79 70 55 100 12 94
51 38 89 0 17 67 71 29 89 20 75 45 48 21 18 10 48 77 19 85 8
51 34 94 17 0 61 57 36 89 5 66 28 59 22 12 23 39 71 6 87 24
24 29 56 67 61 0 35 47 36 65 15 48 60 46 50 61 22 10 67 44 74
52 43 91 71 57 35 0 64 71 58 26 30 85 56 53 70 28 39 60 79 79
26 21 60 29 36 47 64 0 62 41 60 50 24 14 24 19 36 57 41 56 34
38 55 27 89 89 36 71 62 0 93 45 83 61 69 77 81 56 32 95 15 96
56 38 99 20 5 65 58 41 93 0 70 28 64 27 17 27 43 75 2 92 26
38 40 68 75 66 15 26 60 45 70 0 48 74 56 57 71 27 13 72 56 83
51 34 96 45 28 48 30 50 83 28 48 0 74 36 29 46 27 57 30 87 52
36 43 48 48 59 60 85 24 61 64 74 74 0 38 48 38 57 68 64 49 50
31 17 72 21 22 46 56 14 69 27 56 36 38 0 10 15 30 56 28 66 28
39 22 82 18 12 50 53 24 77 17 57 29 48 10 0 17 30 60 18 75 26
43 32 79 10 23 61 70 19 81 27 71 46 38 15 17 0 45 71 26 75 15
26 15 70 48 39 22 28 36 56 43 27 27 57 30 30 45 0 32 45 60 56
33 39 55 77 71 10 39 57 32 75 13 57 68 56 60 71 32 0 77 43 84
57 40 100 19 6 67 60 41 95 2 72 30 64 28 18 26 45 77 0 93 24
37 55 12 85 87 44 79 56 15 92 56 87 49 66 75 75 60 43 93 0 90
58 45 94 8 24 74 79 34 96 26 83 52 50 28 26 15 56 84 24 90 0
0 692
338 689
205 527
319 662
263 418
402 619
83 346
374 692
255 415
169 530
122 381
373 566
214 352
57 332
260 436
307 692
395 609
263 443
337 566
27 249
78 438
