21
0 87 52 66 36 24 39 23 24 67 67 31 45 82 95 68 73 60 55 5 61
87 0 55 45 56 66 80 64 71 55 22 75 43 53 56 49 16 41 76 90 28
52 55 0 66 46 28 27 34 28 15 33 26 38 30 43 16 49 58 80 51 28
66 45 66 0 31 57 80 49 63 76 43 72 28 83 91 72 30 8 33 71 44
36 56 46 31 0 28 52 19 34 60 40 43 13 72 83 58 40 24 34 40 36
24 66 28 57 28 0 24 9 6 43 45 15 30 58 71 44 55 49 59 24 39
39 80 27 80 52 24 0 33 18 37 58 9 52 53 66 42 73 72 83 35 52
23 64 34 49 19 9 33 0 15 49 44 24 23 64 77 50 50 41 50 26 38
24 71 28 63 34 6 18 15 0 43 49 9 36 58 71 44 60 55 65 23 43
67 55 15 76 60 43 37 49 43 0 37 39 50 16 29 6 54 68 94 66 34
67 22 33 43 40 45 58 44 49 37 0 53 27 40 48 31 17 36 69 69 6
31 75 26 72 43 15 9 24 9 39 53 0 44 55 68 42 66 64 74 28 47
45 43 38 28 13 30 52 23 36 50 27 44 0 61 71 48 28 20 44 49 23
82 53 30 83 72 58 53 64 58 16 40 55 61 0 13 14 57 76 105 81 40
95 56 43 91 83 71 66 77 71 29 48 68 71 13 0 27 64 84 115 94 49
68 49 16 72 58 44 42 50 44 6 31 42 48 14 27 0 48 64 92 67 29
73 16 49 30 40 55 73 50 60 54 17 66 28 57 64 48 0 25 60 76 21
60 41 58 8 24 49 72 41 55 68 36 64 20 76 84 64 25 0 35 64 36
55 76 80 33 34 59 83 50 65 94 69 74 44 105 115 92 60 35 0 60 67
5 90 51 71 40 24 35 26 23 66 69 28 49 81 94 67 76 64 60 0 63
61 28 28 44 36 39 52 38 43 34 6 47 23 40 49 29 21 36 67 63 0
0 640
380 562
90 234
92 299
25 161
162 414
259 402
316 569
281 441
30 140
417 528
272 472
269 385
294 457
181 449
366 508
375 640
147 290
64 192
425 633
437 543
