31
0 57 37 8 87 37 45 61 45 63 69 94 112 71 42 70 6 32 58 96 37 88 62 93 65 78 28 64 85 93 40
57 0 23 49 55 35 26 13 32 55 33 43 66 29 15 24 51 25 14 46 54 59 73 46 11 26 52 11 33 42 26
37 23 0 29 54 13 10 34 14 39 50 66 75 49 16 33 31 17 21 59 31 56 54 56 34 49 29 27 56 56 5
8 49 29 0 79 29 37 54 37 57 62 87 104 64 34 62 2 25 50 88 34 80 59 85 57 71 25 56 78 85 32
87 55 54 79 0 50 44 67 42 32 86 83 32 82 64 32 81 70 41 35 56 4 53 25 61 71 63 45 74 36 49
37 35 13 29 50 0 10 46 8 30 63 78 75 62 29 38 31 28 28 64 19 51 41 57 46 61 18 36 68 61 9
45 26 10 37 44 10 0 39 6 31 57 69 67 55 24 28 39 27 18 54 28 46 47 48 37 52 28 26 59 51 5
61 13 34 54 67 46 39 0 45 68 20 33 74 16 21 35 55 29 27 52 65 71 86 54 6 17 63 22 24 48 37
45 32 14 37 42 8 6 45 0 25 63 75 67 61 30 31 39 31 22 56 23 43 41 49 43 58 26 30 65 54 9
63 55 39 57 32 30 31 68 25 0 88 95 64 84 55 43 59 56 42 61 26 30 22 52 65 79 35 50 85 61 34
69 33 50 62 86 63 57 20 63 88 0 33 93 6 34 54 63 38 47 71 81 90 103 73 25 24 76 42 29 67 54
94 43 66 87 83 78 69 33 75 95 33 0 77 27 54 53 88 62 53 55 97 87 115 62 32 17 95 45 10 51 69
112 66 75 104 32 75 67 74 67 64 93 77 0 87 79 43 106 88 56 22 86 34 84 20 68 70 92 55 70 26 72
71 29 49 64 82 62 55 16 61 84 6 27 87 0 33 50 65 40 43 65 80 86 102 68 21 18 76 38 23 61 53
42 15 16 34 64 29 24 21 30 55 34 54 79 33 0 36 36 10 24 61 47 67 70 59 23 38 43 25 45 57 21
70 24 33 62 32 38 28 35 31 43 54 53 43 50 36 0 64 45 13 26 54 36 65 23 29 39 56 13 43 23 31
6 51 31 2 81 31 39 55 39 59 63 88 106 65 36 64 0 26 52 90 35 82 60 87 59 72 26 58 79 87 34
32 25 17 25 70 28 27 29 31 56 38 62 88 40 10 45 26 0 32 71 44 73 69 68 33 46 38 35 53 67 22
58 14 21 50 41 28 18 27 22 42 47 53 56 43 24 13 52 32 0 39 45 45 62 36 23 37 46 8 43 36 20
96 46 59 88 35 64 54 52 56 61 71 55 22 65 61 26 90 71 39 0 78 39 83 10 46 48 82 36 48 4 57
37 54 31 34 56 19 28 65 23 26 81 97 86 80 47 54 35 44 45 78 0 56 25 70 65 80 9 53 87 76 28
88 59 56 80 4 51 46 71 43 30 90 87 34 86 67 36 82 73 45 39 56 0 50 29 65 75 63 49 78 40 51
62 73 54 59 53 41 47 86 41 22 103 115 84 102 70 65 60 69 62 83 25 50 0 74 84 99 34 70 105 83 49
93 46 56 85 25 57 48 54 49 52 73 62 20 68 59 23 87 68 36 10 70 29 74 0 48 52 75 35 54 11 53
65 11 34 57 61 46 37 6 43 65 25 32 68 21 23 29 59 33 23 46 65 65 84 48 0 15 63 17 22 42 37
78 26 49 71 71 61 52 17 58 79 24 17 70 18 38 39 72 46 37 48 80 75 99 52 15 0 78 29 7 44 52
28 52 29 25 63 18 28 63 26 35 76 95 92 76 43 56 26 38 46 82 9 63 34 75 63 78 0 54 85 79 27
64 11 27 56 45 36 26 22 30 50 42 45 55 38 25 13 58 35 8 36 53 49 70 35 17 29 54 0 35 32 27
85 33 56 78 74 68 59 24 65 85 29 10 70 23 45 43 79 53 43 48 87 78 105 54 22 7 85 35 0 44 59
93 42 56 85 36 61 51 48 54 61 67 51 26 61 57 23 87 67 36 4 76 40 83 11 42 44 79 32 44 0 54
40 26 5 32 49 9 5 37 9 34 54 69 72 53 21 31 34 22 20 57 28 51 49 53 37 52 27 27 59 54 0
0 1296
154 609
862 1227
210 599
904 1296
32 505
440 943
464 955
801 1204
308 695
627 882
11 344
573 968
334 763
323 630
294 794
740 1277
130 423
540 1014
681 1162
575 1051
765 1192
138 614
494 761
872 1209
451 836
524 723
194 675
204 543
344 700
361 557
