31
0 17 22 10 33 24 33 50 21 49 29 62 28 26 86 9 8 44 14 25 15 8 61 39 39 20 58 42 46 51 59
17 0 10 23 21 12 42 33 31 51 14 57 35 42 75 25 14 39 19 11 32 24 47 22 51 32 48 53 35 53 59
22 10 0 23 11 21 37 29 40 61 7 66 45 48 83 27 22 48 16 20 35 27 52 19 48 40 57 62 44 63 69
10 23 23 0 32 32 23 52 31 59 30 72 38 31 96 5 18 54 7 33 13 6 69 42 29 29 68 50 56 61 69
33 21 11 32 0 30 42 22 51 71 7 75 56 59 87 37 33 57 25 28 45 37 54 16 54 51 62 73 49 73 78
24 12 21 32 30 0 53 35 28 41 23 45 29 42 64 33 16 27 30 3 38 32 38 24 61 31 37 48 24 43 48
33 42 37 23 42 53 0 64 52 81 43 95 59 48 117 26 41 77 23 53 30 27 89 56 13 50 90 69 77 84 92
50 33 29 52 22 35 64 0 63 75 22 69 64 75 73 56 47 56 45 32 64 56 39 11 76 65 54 83 43 76 78
21 31 40 31 51 28 52 63 0 29 45 51 7 15 78 26 18 34 35 31 23 25 61 52 53 3 51 22 42 32 40
49 51 61 59 71 41 81 75 29 0 64 27 22 40 58 55 42 21 62 44 52 54 55 65 82 32 36 26 36 3 11
29 14 7 30 7 23 43 22 45 64 0 68 49 55 81 34 28 50 23 21 42 34 48 13 55 46 55 67 42 66 71
62 57 66 72 75 45 95 69 51 27 68 0 44 65 31 71 54 18 74 47 73 70 37 62 101 54 16 53 26 25 20
28 35 45 38 56 29 59 64 7 22 49 44 0 21 72 33 23 28 42 32 30 32 58 53 60 10 45 19 39 25 33
26 42 48 31 59 42 48 75 15 40 55 65 21 0 93 26 28 49 38 45 18 26 76 64 47 12 66 21 57 43 51
86 75 83 96 87 64 117 73 78 58 81 31 72 93 0 95 78 44 94 64 99 94 34 71 125 81 28 84 40 56 51
9 25 27 5 37 33 26 56 26 55 34 71 33 26 95 0 17 53 12 34 8 1 70 46 30 24 67 45 55 58 66
8 14 22 18 33 16 41 47 18 42 28 54 23 28 78 17 0 36 20 18 22 16 54 36 47 18 50 40 38 44 51
44 39 48 54 57 27 77 56 34 21 50 18 28 49 44 53 36 0 56 29 55 52 34 48 83 37 17 43 15 21 22
14 19 16 7 25 30 23 45 35 62 23 74 42 38 94 12 20 56 0 30 20 13 66 35 32 34 67 56 54 64 71
25 11 20 33 28 3 53 32 31 44 21 47 32 45 64 34 18 29 30 0 40 33 36 21 62 34 37 51 24 45 50
15 32 35 13 45 38 30 64 23 52 42 73 30 18 99 8 22 55 20 40 0 9 76 54 30 20 71 39 60 55 63
8 24 27 6 37 32 27 56 25 54 34 70 32 26 94 1 16 52 13 33 9 0 69 46 31 23 66 45 54 57 65
61 47 52 69 54 38 89 39 61 55 48 37 58 76 34 70 54 34 66 36 76 69 0 38 98 64 21 75 19 54 54
39 22 19 42 16 24 56 11 52 65 13 62 53 64 71 46 36 48 35 21 54 46 38 0 67 54 49 72 36 66 70
39 51 48 29 54 61 13 76 53 82 55 101 60 47 125 30 47 83 32 62 30 31 98 67 0 50 97 68 85 85 93
20 32 40 29 51 31 50 65 3 32 46 54 10 12 81 24 18 37 34 34 20 23 64 54 50 0 54 22 45 35 43
58 48 57 68 62 37 90 54 51 36 55 16 45 66 28 67 50 17 67 37 71 66 21 49 97 54 0 60 13 35 33
42 53 62 50 73 48 69 83 22 26 67 53 19 21 84 45 40 43 56 51 39 45 75 72 68 22 60 0 56 29 37
46 35 44 56 49 24 77 43 42 36 42 26 39 57 40 55 38 15 54 24 60 54 19 36 85 45 13 56 0 36 37
51 53 63 61 73 43 84 76 32 3 66 25 25 43 56 58 44 21 64 45 55 57 54 66 85 35 35 29 36 0 8
59 59 69 69 78 48 92 78 40 11 71 20 33 51 51 66 51 22 71 50 63 65 54 70 93 43 33 37 37 8 0
0 952
458 625
66 269
111 310
480 711
674 927
683 914
12 251
699 808
491 717
3 206
474 655
150 270
566 690
287 436
553 802
359 625
701 839
733 890
518 663
417 672
294 440
663 836
184 435
130 324
334 583
527 659
359 542
445 686
195 414
762 952
