31
0 42 60 25 32 47 8 28 38 22 7 53 24 50 38 64 73 62 37 22 9 29 56 37 16 41 13 11 59 71 69
42 0 95 22 74 77 40 21 59 61 48 14 66 91 80 29 76 89 48 36 49 14 86 77 56 61 49 31 82 90 94
60 95 0 73 40 19 58 74 37 63 53 99 46 29 41 101 64 18 52 59 51 85 14 29 64 37 67 67 26 35 24
25 22 73 0 56 55 19 3 38 47 28 29 48 71 62 39 62 68 28 14 29 15 64 57 41 40 35 14 61 70 73
32 74 40 56 0 40 37 59 44 24 28 85 8 18 6 95 84 51 54 47 27 61 45 11 26 47 32 43 54 66 58
47 77 19 55 40 0 44 56 18 57 40 80 41 37 42 82 49 15 33 41 38 69 9 29 56 18 58 53 14 26 22
8 40 58 19 37 44 0 22 31 30 9 48 29 52 43 58 65 59 29 14 10 27 53 38 24 34 21 9 54 64 65
28 21 74 3 59 56 22 0 38 50 31 26 51 73 65 36 59 68 27 15 32 17 65 59 44 40 38 17 61 69 73
38 59 37 38 44 18 31 38 0 54 32 62 42 49 49 64 40 30 15 24 30 53 27 36 50 3 50 39 23 33 35
22 61 63 47 24 57 30 50 54 0 24 74 17 42 28 86 93 72 58 44 25 47 66 34 6 57 12 33 71 83 79
7 48 53 28 28 40 9 31 32 24 0 57 20 43 34 67 70 55 34 21 2 35 49 30 19 35 18 17 52 64 62
53 14 99 29 85 80 48 26 62 74 57 0 77 99 91 15 70 92 48 41 58 27 89 85 68 63 62 42 83 89 95
24 66 46 48 8 41 29 51 42 17 20 77 0 26 14 87 82 55 50 41 20 53 49 17 18 45 24 35 55 67 62
50 91 29 71 18 37 52 73 49 42 43 99 26 0 14 107 86 46 62 59 42 78 40 14 44 51 50 60 51 62 53
38 80 41 62 6 42 43 65 49 28 34 91 14 14 0 101 88 53 60 53 33 67 47 13 31 52 38 49 56 68 60
64 29 101 39 95 82 58 36 64 86 67 15 87 107 101 0 63 93 49 48 68 42 90 93 80 64 74 53 83 86 95
73 76 64 62 84 49 65 59 40 93 70 70 82 86 88 63 0 47 36 53 68 76 50 75 88 37 86 70 38 32 45
62 89 18 68 51 15 59 68 30 72 55 92 55 46 53 93 47 0 44 54 53 83 6 40 70 29 73 68 10 17 7
37 48 52 28 54 33 29 27 15 58 34 48 50 62 60 49 36 44 0 17 33 43 41 49 53 15 50 34 35 42 47
22 36 59 14 47 41 14 15 24 44 21 41 41 59 53 48 53 54 17 0 21 29 50 45 38 27 35 17 47 57 59
9 49 51 29 27 38 10 32 30 25 2 58 20 42 33 68 68 53 33 21 0 36 47 28 20 33 20 18 50 62 60
29 14 85 15 61 69 27 17 53 47 35 27 53 78 67 42 76 83 43 29 36 0 78 64 42 55 35 18 76 85 88
56 86 14 64 45 9 53 65 27 66 49 89 49 40 47 90 50 6 41 50 47 78 0 34 64 26 67 62 12 22 13
37 77 29 57 11 29 38 59 36 34 30 85 17 14 13 93 75 40 49 45 28 64 34 0 35 39 40 46 43 55 47
16 56 64 41 26 56 24 44 50 6 19 68 18 44 31 80 88 70 53 38 20 42 64 35 0 53 7 27 69 81 77
41 61 37 40 47 18 34 40 3 57 35 63 45 51 52 64 37 29 15 27 33 55 26 39 53 0 53 42 21 30 33
13 49 67 35 32 58 21 38 50 12 18 62 24 50 38 74 86 73 50 35 20 35 67 40 7 53 0 21 70 82 80
11 31 67 14 43 53 9 17 39 33 17 42 35 60 49 53 70 68 34 17 18 18 62 46 27 42 21 0 62 72 74
59 82 26 61 54 14 54 61 23 71 52 83 55 51 56 83 38 10 35 47 50 76 12 43 69 21 70 62 0 12 12
71 90 35 70 66 26 64 69 33 83 64 89 67 62 68 86 32 17 42 57 62 85 22 55 81 30 82 72 12 0 13
69 94 24 73 58 22 65 73 35 79 62 95 62 53 60 95 45 7 47 59 60 88 13 47 77 33 80 74 12 13 0
0 1683
478 635
1456 1656
1357 1531
1127 1341
100 249
965 1083
30 139
950 1199
738 857
1007 1240
1139 1283
578 782
234 457
1057 1213
964 1079
213 380
474 653
1160 1282
186 348
783 937
1218 1339
419 551
1512 1683
715 828
684 775
361 545
915 1059
1048 1153
1341 1551
794 949
