31
0 16 64 49 22 33 87 27 53 67 26 21 43 59 61 79 44 8 45 53 50 34 32 51 32 26 45 83 34 57 36
16 0 76 53 35 37 103 42 69 83 42 5 48 75 75 90 60 8 45 69 56 49 48 59 19 39 56 95 49 73 49
64 76 0 39 73 44 71 38 54 53 63 78 34 42 12 16 55 68 49 49 27 31 41 24 78 74 20 19 69 58 28
49 53 39 0 69 16 101 40 73 80 65 51 9 68 46 45 68 48 10 69 12 37 49 15 45 71 27 50 73 77 33
22 35 73 69 0 53 77 35 43 58 13 40 61 54 67 89 34 29 66 45 67 42 33 67 53 4 55 92 16 46 45
33 37 44 16 53 0 94 29 64 73 51 37 11 62 48 53 58 32 13 61 19 29 39 22 34 56 26 58 59 68 26
87 103 71 101 77 94 0 67 34 21 64 108 92 33 59 82 43 95 106 35 91 65 58 88 118 74 74 82 62 31 69
27 42 38 40 35 29 67 0 35 46 26 46 31 35 34 54 29 34 42 33 34 7 10 33 52 36 20 57 34 39 10
53 69 54 73 43 64 34 35 0 15 30 74 64 14 42 68 9 61 77 5 65 36 25 62 85 41 48 70 29 4 40
67 83 53 80 58 73 21 46 15 0 45 88 71 12 41 66 24 75 85 14 70 44 37 67 97 56 53 67 44 14 48
26 42 63 65 13 51 64 26 30 45 0 47 56 41 56 79 21 34 64 32 60 33 22 59 58 11 46 82 8 33 36
21 5 78 51 40 37 108 46 74 88 47 0 48 80 78 90 65 13 43 74 56 52 53 59 14 44 58 95 54 78 52
43 48 34 9 61 11 92 31 64 71 56 48 0 59 40 42 59 43 15 60 8 28 40 11 45 63 18 47 64 68 24
59 75 42 68 54 62 33 35 14 12 41 80 59 0 30 56 20 67 74 9 58 33 27 55 87 52 41 57 41 17 36
61 75 12 46 67 48 59 34 42 41 56 78 40 30 0 26 44 67 55 37 34 27 34 31 80 67 22 28 61 46 26
79 90 16 45 89 53 82 54 68 66 79 90 42 56 26 0 70 82 55 63 34 47 57 32 87 90 34 5 85 72 44
44 60 55 68 34 58 43 29 9 24 21 65 59 20 44 70 0 52 71 11 60 31 19 59 76 32 45 72 21 13 35
8 8 68 48 29 32 95 34 61 75 34 13 43 67 67 82 52 0 42 61 51 41 40 53 24 33 48 87 42 65 41
45 45 49 10 66 13 106 42 77 85 64 43 15 74 55 55 71 42 0 73 22 41 52 25 35 69 33 60 72 81 38
53 69 49 69 45 61 35 33 5 14 32 74 60 9 37 63 11 61 73 0 61 32 23 58 83 43 44 65 32 9 36
50 56 27 12 67 19 91 34 65 70 60 56 8 58 34 34 60 51 22 61 0 29 41 3 53 69 17 39 68 69 25
34 49 31 37 42 29 65 7 36 44 33 52 28 33 27 47 31 41 41 32 29 0 12 28 56 43 14 50 40 40 4
32 48 41 49 33 39 58 10 25 37 22 53 40 27 34 57 19 40 52 23 41 12 0 40 60 33 26 60 28 29 16
51 59 24 15 67 22 88 33 62 67 59 59 11 55 31 32 59 53 25 58 3 28 40 0 56 68 14 37 67 66 24
32 19 78 45 53 34 118 52 85 97 58 14 45 87 80 87 76 24 35 83 53 56 60 56 0 57 58 92 66 89 55
26 39 74 71 4 56 74 36 41 56 11 44 63 52 67 90 32 33 69 43 69 43 33 68 57 0 56 93 12 43 46
45 56 20 27 55 26 74 20 48 53 46 58 18 41 22 34 45 48 33 44 17 14 26 14 58 56 0 39 54 52 10
83 95 19 50 92 58 82 57 70 67 82 95 47 57 28 5 72 87 60 65 39 50 60 37 92 93 39 0 88 74 47
34 49 69 73 16 59 62 34 29 44 8 54 64 41 61 85 21 42 72 32 68 40 28 67 66 12 54 88 0 31 44
57 73 58 77 46 68 31 39 4 14 33 78 68 17 46 72 13 65 81 9 69 40 29 66 89 43 52 74 31 0 44
36 49 28 33 45 26 69 10 40 48 36 52 24 36 26 44 35 41 38 36 25 4 16 24 55 46 10 47 44 44 0
0 1587
434 881
823 1008
103 533
78 274
1192 1493
573 891
467 883
207 466
114 348
559 934
611 823
527 860
844 1081
204 664
844 1078
1202 1412
596 946
914 1155
968 1209
554 969
756 1064
359 798
492 946
756 1019
1044 1381
532 968
962 1400
151 593
698 932
597 823
