31
0 29 12 81 37 70 95 60 9 32 45 67 21 9 68 102 53 40 48 46 82 58 47 70 103 33 5 90 48 48 67
29 0 18 63 17 41 75 53 35 4 59 66 14 21 40 84 24 44 20 42 62 64 56 79 86 44 27 69 44 21 69
12 18 0 69 25 59 83 51 17 22 44 60 9 10 56 90 41 33 38 37 70 53 43 66 91 29 9 78 39 36 60
81 63 69 0 46 60 18 29 83 64 71 45 60 78 45 21 53 53 62 41 9 55 59 71 23 63 77 18 39 47 49
37 17 25 46 0 40 59 37 42 19 53 52 16 33 33 67 22 34 26 28 46 52 46 69 69 38 34 54 30 14 55
70 41 59 60 40 0 60 70 76 38 93 88 53 62 15 78 19 74 22 67 53 91 86 109 80 78 68 54 68 26 92
95 75 83 18 59 60 0 47 98 74 89 63 74 92 45 19 59 70 68 58 13 73 77 89 22 80 91 6 56 55 67
60 53 51 29 37 70 47 0 59 56 42 19 44 61 56 45 55 25 62 14 36 26 30 44 44 35 55 46 12 47 23
9 35 17 83 42 76 98 59 0 39 38 63 26 18 73 103 58 36 55 45 85 53 42 63 103 28 8 94 47 53 63
32 4 22 64 19 38 74 56 39 0 63 69 18 24 38 85 21 48 16 45 62 68 60 83 87 48 31 68 47 19 72
45 59 44 71 53 93 89 42 38 63 0 34 45 51 85 87 75 21 77 33 78 22 12 25 86 15 41 88 34 67 32
67 66 60 45 52 88 63 19 63 69 34 0 54 70 75 55 72 27 78 24 53 12 23 26 54 35 62 63 22 64 4
21 14 9 60 16 53 74 44 26 18 45 54 0 18 48 81 34 30 33 30 61 50 42 65 82 30 18 69 32 28 56
9 21 10 78 33 62 92 61 18 24 51 70 18 0 61 99 44 43 40 47 79 63 52 75 100 38 10 87 49 41 70
68 40 56 45 33 15 45 56 73 38 85 75 48 61 0 63 17 65 26 55 38 78 76 96 65 71 65 39 55 20 79
102 84 90 21 67 78 19 45 103 85 87 55 81 99 63 0 74 70 83 59 25 67 75 81 3 80 98 25 57 68 59
53 24 41 53 22 19 59 55 58 21 75 72 34 44 17 74 0 56 9 49 49 73 68 91 76 60 50 53 50 8 75
40 44 33 53 34 74 70 25 36 48 21 27 30 43 65 70 56 0 60 12 58 20 12 35 69 10 35 68 14 48 27
48 20 38 62 26 22 68 62 55 16 77 78 33 40 26 83 9 60 0 54 58 78 72 95 85 62 47 62 56 15 81
46 42 37 41 28 67 58 14 45 45 33 24 30 47 55 59 49 12 54 0 46 24 22 42 58 22 41 56 2 41 27
82 62 70 9 46 53 13 36 85 62 78 53 61 79 38 25 49 58 58 46 0 62 66 79 27 68 78 10 44 44 57
58 64 53 55 52 91 73 26 53 68 22 12 50 63 78 67 73 20 78 24 62 0 11 18 66 25 54 72 23 65 10
47 56 43 59 46 86 77 30 42 60 12 23 42 52 76 75 68 12 72 22 66 11 0 23 74 14 43 76 22 60 21
70 79 66 71 69 109 89 44 63 83 25 26 65 75 96 81 91 35 95 42 79 18 23 0 79 37 65 89 41 83 22
103 86 91 23 69 80 22 44 103 87 86 54 82 100 65 3 76 69 85 58 27 66 74 79 0 79 98 28 56 70 58
33 44 29 63 38 78 80 35 28 48 15 35 30 38 71 80 60 10 62 22 68 25 14 37 79 0 29 78 24 52 35
5 27 9 77 34 68 91 55 8 31 41 62 18 10 65 98 50 35 47 41 78 54 43 65 98 29 0 87 43 45 62
90 69 78 18 54 54 6 46 94 68 88 63 69 87 39 25 53 68 62 56 10 72 76 89 28 78 87 0 54 49 67
48 44 39 39 30 68 56 12 47 47 34 22 32 49 55 57 50 14 56 2 44 23 22 41 56 24 43 54 0 42 25
48 21 36 47 14 26 55 47 53 19 67 64 28 41 20 68 8 48 15 41 44 65 60 83 70 52 45 49 42 0 67
67 69 60 49 55 92 67 23 63 72 32 4 56 70 79 59 75 27 81 27 57 10 21 22 58 35 62 67 25 67 0
0 1587
32 353
452 897
283 661
1072 1318
993 1377
338 518
906 1295
928 1271
1224 1552
1213 1389
646 1008
76 434
361 698
1200 1468
779 1098
269 453
9 243
722 974
987 1272
895 1116
1016 1204
1089 1466
264 715
804 1074
65 466
31 223
918 1087
932 1155
1187 1348
195 375
