31
0 11 83 68 15 83 83 115 66 32 47 70 75 79 40 40 87 88 107 50 53 64 49 86 90 23 88 11 78 51 39
11 0 72 60 11 77 75 109 61 26 50 60 67 68 38 34 85 82 104 48 43 55 41 76 87 13 77 13 78 43 39
83 72 0 34 70 41 24 76 56 54 86 13 26 16 67 52 77 55 82 69 31 25 38 13 73 66 12 84 94 38 74
68 60 34 0 53 17 17 53 22 36 57 24 9 45 40 29 45 27 54 38 22 12 19 26 42 61 46 73 60 17 47
15 11 70 53 0 68 68 100 51 17 39 57 60 68 27 25 74 73 94 37 39 49 34 71 77 22 76 23 67 36 28
83 77 41 17 68 0 17 37 25 51 65 36 16 56 52 44 38 14 41 46 39 27 36 29 33 78 53 90 59 34 58
83 75 24 17 68 17 0 52 38 51 74 23 8 40 57 46 55 31 58 55 32 20 34 12 50 73 36 88 75 32 64
115 109 76 53 100 37 52 0 49 83 83 73 53 92 76 75 35 27 17 67 75 64 71 63 29 113 88 122 61 69 80
66 61 56 22 51 25 38 49 0 35 40 45 30 66 28 27 26 22 43 21 36 32 28 47 26 65 68 74 38 26 33
32 26 54 36 17 51 51 83 35 0 38 41 43 55 20 8 60 56 78 28 23 32 17 54 61 30 62 39 59 19 26
47 50 86 57 39 65 74 83 40 38 0 73 66 91 19 34 48 61 69 19 57 62 48 83 54 61 96 58 31 48 12
70 60 13 24 57 36 23 73 45 41 73 0 20 21 54 39 69 49 76 56 18 13 25 17 66 55 23 72 82 25 61
75 67 26 9 60 16 8 53 30 43 66 20 0 40 49 38 51 29 56 47 25 13 26 17 47 66 38 80 68 24 56
79 68 16 45 68 56 40 92 66 55 91 21 40 0 72 57 90 69 96 75 34 34 43 29 87 59 10 77 103 44 79
40 38 67 40 27 52 57 76 28 20 19 54 49 72 0 15 47 50 67 10 38 43 29 65 50 47 77 50 41 29 7
40 34 52 29 25 44 46 75 27 8 34 39 38 57 15 0 52 48 70 21 23 29 14 51 53 38 62 47 52 15 22
87 85 77 45 74 38 55 35 26 60 48 69 51 90 47 52 0 25 21 37 62 57 54 67 7 90 89 97 26 52 49
88 82 55 27 73 14 31 27 22 56 61 49 29 69 50 48 25 0 27 43 49 39 44 43 19 86 67 95 48 42 55
107 104 82 54 94 41 58 17 43 78 69 76 56 96 67 70 21 27 0 57 76 66 69 70 17 108 94 117 45 67 70
50 48 69 38 37 46 55 67 21 28 19 56 47 75 10 21 37 43 57 0 41 44 32 64 40 57 79 60 31 32 13
53 43 31 22 39 39 32 75 36 23 57 18 25 34 38 23 62 49 76 41 0 12 9 33 62 41 40 56 71 10 45
64 55 25 12 49 27 20 64 32 32 62 13 13 34 43 29 57 39 66 44 12 0 15 22 54 53 36 68 69 14 50
49 41 38 19 34 36 34 71 28 17 48 25 26 43 29 14 54 44 69 32 9 15 0 37 54 42 48 54 62 2 36
86 76 13 26 71 29 12 63 47 54 83 17 17 29 65 51 67 43 70 64 33 22 37 0 62 72 25 89 85 36 72
90 87 73 42 77 33 50 29 26 61 54 66 47 87 50 53 7 19 17 40 62 54 54 62 0 91 85 100 33 52 53
23 13 66 61 22 78 73 113 65 30 61 55 66 59 47 38 90 86 108 57 41 53 42 72 91 0 69 18 88 44 50
88 77 12 46 76 53 36 88 68 62 96 23 38 10 77 62 89 67 94 79 40 36 48 25 85 69 0 87 105 48 84
11 13 84 73 23 90 88 122 74 39 58 72 80 77 50 47 97 95 117 60 56 68 54 89 100 18 87 0 89 56 50
78 78 94 60 67 59 75 61 38 59 31 82 68 103 41 52 26 48 45 31 71 69 62 85 33 88 105 89 0 61 39
51 43 38 17 36 34 32 69 26 19 48 25 24 44 29 15 52 42 67 32 10 14 2 36 52 44 48 56 61 0 36
39 39 74 47 28 58 64 80 33 26 12 61 56 79 7 22 49 55 70 13 45 50 36 72 53 50 84 50 39 36 0
0 1683
1157 1282
953 1144
155 313
299 399
275 440
1480 1683
517 627
396 630
357 484
1084 1318
521 743
1483 1683
529 635
716 860
1395 1554
1181 1357
512 642
323 534
1175 1422
1428 1522
1163 1366
719 846
205 290
801 896
1090 1267
181 371
338 563
691 820
352 505
153 339
