31
0 84 76 15 43 19 80 86 26 49 14 19 28 58 74 38 48 72 22 20 24 68 10 8 44 35 42 64 42 77 19
84 0 58 94 74 101 5 2 97 35 98 67 91 33 45 66 54 40 79 87 96 16 92 91 41 85 51 49 77 15 95
76 58 0 91 97 95 59 59 71 47 87 70 98 34 92 39 28 87 57 90 98 47 86 78 57 53 35 89 41 67 75
15 94 91 0 38 8 89 96 36 60 12 27 17 71 77 53 63 76 36 11 9 79 5 17 53 48 56 66 56 84 28
43 74 97 38 0 46 69 76 69 51 50 30 25 66 42 68 70 42 61 27 34 65 42 51 41 75 62 31 78 61 62
19 101 95 8 46 0 96 103 34 66 9 34 23 77 85 57 67 84 39 19 14 85 9 18 60 49 61 74 59 92 26
80 5 59 89 69 96 0 7 94 32 94 62 86 31 40 64 52 35 76 82 91 14 87 87 36 83 49 44 75 10 92
86 2 59 96 76 103 7 0 99 37 100 69 93 35 46 68 56 41 81 89 98 18 94 93 43 87 53 50 79 16 97
26 97 71 36 69 34 94 99 0 62 25 43 52 66 98 34 48 95 18 45 45 81 31 19 61 18 47 88 30 94 8
49 35 47 60 51 66 32 37 62 0 63 33 60 15 47 35 27 42 44 54 63 19 57 56 10 53 21 42 47 32 60
14 98 87 12 50 9 94 100 25 63 0 33 29 72 87 48 60 86 30 23 21 82 9 9 58 40 55 76 50 91 17
19 67 70 27 30 34 62 69 43 33 33 0 28 46 55 38 43 53 31 21 30 52 25 27 26 45 35 45 48 58 37
28 91 98 17 25 23 86 93 52 60 29 28 0 74 66 63 70 66 49 8 9 78 22 33 52 63 63 55 69 79 44
58 33 34 71 66 77 31 35 66 15 72 46 74 0 58 34 21 53 48 67 76 17 68 64 25 53 19 55 44 36 66
74 45 92 77 42 85 40 46 98 47 87 55 66 58 0 80 74 5 83 66 74 46 78 82 41 95 67 11 92 30 92
38 66 39 53 68 57 64 68 34 35 48 38 63 34 80 0 14 75 18 55 61 50 48 39 39 19 15 73 12 67 36
48 54 28 63 70 67 52 56 48 27 60 43 70 21 74 14 0 69 32 62 70 38 58 51 34 33 8 68 23 57 50
72 40 87 76 42 84 35 41 95 42 86 53 66 53 5 75 69 0 79 65 74 41 77 80 36 91 62 11 87 25 90
22 79 57 36 61 39 76 81 18 44 30 31 49 48 83 18 32 79 0 41 45 63 31 21 44 14 29 74 20 76 18
20 87 90 11 27 19 82 89 45 54 23 21 8 67 66 55 62 65 41 0 9 72 15 26 46 55 55 55 61 76 37
24 96 98 9 34 14 91 98 45 63 21 30 9 76 74 61 70 74 45 9 0 81 14 26 55 57 63 63 65 85 37
68 16 47 79 65 85 14 18 81 19 82 52 78 17 46 50 38 41 63 72 81 0 76 75 26 69 35 46 61 20 79
10 92 86 5 42 9 87 94 31 57 9 25 22 68 78 48 58 77 31 15 14 76 0 12 51 43 52 67 51 83 23
8 91 78 17 51 18 87 93 19 56 9 27 33 64 82 39 51 80 21 26 26 75 12 0 51 32 46 72 41 84 11
44 41 57 53 41 60 36 43 61 10 58 26 52 25 41 39 34 36 44 46 55 26 51 51 0 55 26 34 51 33 58
35 85 53 48 75 49 83 87 18 53 40 45 63 53 95 19 33 91 14 55 57 69 43 32 55 0 34 86 12 85 23
42 51 35 56 62 61 49 53 47 21 55 35 63 19 67 15 8 62 29 55 63 35 52 46 26 34 0 60 27 52 47
64 49 89 66 31 74 44 50 88 42 76 45 55 55 11 73 68 11 74 55 63 46 67 72 34 86 60 0 85 34 82
42 77 41 56 78 59 75 79 30 47 50 48 69 44 92 12 23 87 20 61 65 61 51 41 51 12 27 85 0 79 35
77 15 67 84 61 92 10 16 94 32 91 58 79 36 30 67 57 25 76 76 85 20 83 84 33 85 52 34 79 0 91
19 95 75 28 62 26 92 97 8 60 17 37 44 66 92 36 50 90 18 37 37 79 23 11 58 23 47 82 35 91 0
0 673
150 444
127 484
284 603
337 673
36 265
385 673
188 340
316 651
22 324
387 673
283 673
261 540
269 539
322 650
61 433
362 673
167 483
257 398
22 175
174 533
131 457
14 293
237 498
401 560
374 673
264 398
346 539
0 275
243 609
271 633
