31
0 42 105 54 5 76 66 97 97 28 51 92 34 98 48 98 35 68 6 72 41 68 27 69 44 100 90 91 72 39 82
42 0 110 82 37 86 42 82 72 47 74 91 27 82 11 101 50 69 37 91 70 44 19 40 78 105 58 88 48 8 70
105 110 0 69 103 29 77 47 69 77 62 21 85 51 102 9 71 41 109 43 72 76 96 81 80 5 89 24 73 116 46
54 82 69 0 55 41 79 84 97 35 11 65 58 87 82 64 35 49 60 26 13 81 63 84 12 64 103 67 81 84 71
5 37 103 55 0 74 61 93 92 26 51 90 29 94 43 96 33 66 6 72 42 63 22 64 47 98 85 88 67 34 78
76 86 29 41 74 0 60 48 65 48 33 24 59 52 80 23 42 20 80 19 43 62 70 66 51 24 81 26 60 90 39
66 42 77 79 61 60 0 41 31 50 68 56 32 40 31 68 46 40 65 74 69 2 40 6 79 73 25 53 6 50 31
97 82 47 84 93 48 41 0 22 72 73 27 65 4 72 39 65 35 98 67 81 39 76 44 91 44 45 24 35 90 15
97 72 69 97 92 65 31 22 0 77 86 48 63 18 61 60 71 48 96 83 91 29 71 32 101 65 24 45 25 80 26
28 47 77 35 26 48 50 72 77 0 27 64 23 74 47 70 7 40 32 46 23 52 28 55 32 72 75 63 55 49 57
51 74 62 11 51 33 68 73 86 27 0 56 48 76 72 56 25 38 56 22 10 70 55 73 18 57 92 57 70 76 60
92 91 21 65 90 24 56 27 48 64 56 0 67 31 82 12 57 24 95 43 66 55 78 60 74 17 68 3 52 98 25
34 27 85 58 29 59 32 65 63 23 48 67 0 66 24 76 23 44 34 64 46 34 11 35 55 80 57 65 38 31 50
98 82 51 87 94 52 40 4 18 74 76 31 66 0 71 43 67 38 99 70 84 38 76 43 94 48 42 28 34 90 17
48 11 102 82 43 80 31 72 61 47 72 82 24 71 0 93 47 61 45 87 70 33 21 29 79 97 47 79 37 19 60
98 101 9 64 96 23 68 39 60 70 56 12 76 43 93 0 63 32 102 39 66 67 87 72 74 5 80 15 64 107 37
35 50 71 35 33 42 46 65 71 7 25 57 23 67 47 63 0 33 39 42 23 48 31 51 33 66 71 56 50 52 50
68 69 41 49 66 20 40 35 48 40 38 24 44 38 61 32 33 0 71 35 46 42 55 46 56 36 61 23 40 75 22
6 37 109 60 6 80 65 98 96 32 56 95 34 99 45 102 39 71 0 78 47 67 25 67 50 104 88 94 71 33 83
72 91 43 26 72 19 74 67 83 46 22 43 64 70 87 39 42 35 78 0 32 75 73 80 38 38 96 45 74 94 57
41 70 72 13 42 43 69 81 91 23 10 66 46 84 70 66 23 46 47 32 0 71 51 74 10 67 94 66 73 71 67
68 44 76 81 63 62 2 39 29 52 70 55 34 38 33 67 48 42 67 75 71 0 42 5 81 72 23 52 4 52 30
27 19 96 63 22 70 40 76 71 28 55 78 11 76 21 87 31 55 25 73 51 42 0 42 59 91 63 76 46 21 61
69 40 81 84 64 66 6 44 32 55 73 60 35 43 29 72 51 46 67 80 74 5 42 0 84 77 22 57 9 48 35
44 78 80 12 47 51 79 91 101 32 18 74 55 94 79 74 33 56 50 38 10 81 59 84 0 75 104 75 83 78 77
100 105 5 64 98 24 73 44 65 72 57 17 80 48 97 5 66 36 104 38 67 72 91 77 75 0 85 20 69 111 42
90 58 89 103 85 81 25 45 24 75 92 68 57 42 47 80 71 61 88 96 94 23 63 22 104 85 0 65 22 66 43
91 88 24 67 88 26 53 24 45 63 57 3 65 28 79 15 56 23 94 45 66 52 76 57 75 20 65 0 49 95 22
72 48 73 81 67 60 6 35 25 55 70 52 38 34 37 64 50 40 71 74 73 4 46 9 83 69 22 49 0 56 27
39 8 116 84 34 90 50 90 80 49 76 98 31 90 19 107 52 75 33 94 71 52 21 48 78 111 66 95 56 0 77
82 70 46 71 78 39 31 15 26 57 60 25 50 17 60 37 50 22 83 57 67 30 61 35 77 42 43 22 27 77 0
0 1003
173 489
256 558
213 566
161 464
447 1003
448 780
160 685
29 504
30 695
453 791
239 847
309 761
471 1003
475 735
122 537
249 580
297 710
147 707
402 1003
491 792
286 1003
57 457
29 504
230 583
167 911
339 1003
356 803
487 1003
124 475
300 1003
