31
0 38 28 85 85 76 63 26 79 94 72 23 51 75 67 24 84 52 86 51 51 100 97 59 43 102 82 30 86 43 86
38 0 55 47 52 81 25 36 41 93 70 47 67 66 29 43 93 40 67 44 17 80 105 21 21 89 49 51 57 9 83
28 55 0 95 89 54 75 21 94 72 53 8 27 60 82 12 60 45 77 41 59 91 73 73 47 87 85 8 85 55 67
85 47 95 0 23 97 22 74 21 102 84 87 96 74 23 83 109 59 60 64 36 64 118 27 48 83 25 90 36 42 92
85 52 89 23 0 79 31 68 43 81 66 81 82 54 40 77 91 45 37 50 35 41 97 37 43 60 4 81 13 43 71
76 81 54 97 79 0 86 52 108 18 13 54 27 26 97 52 12 41 46 37 71 56 24 88 60 42 75 47 68 74 16
63 25 75 22 31 86 0 54 22 95 74 67 80 66 11 63 98 45 59 50 16 68 109 6 29 83 30 70 41 20 85
26 36 21 74 68 52 54 0 74 68 46 13 32 49 62 9 62 27 61 25 38 75 75 53 26 76 64 16 65 35 60
79 41 94 21 43 108 22 74 0 116 96 86 102 87 12 82 120 67 78 72 38 83 131 21 51 102 44 90 55 39 106
94 93 72 102 81 18 95 68 116 0 23 72 45 29 106 70 18 53 45 49 82 50 17 99 72 31 78 65 69 86 10
72 70 53 84 66 13 74 46 96 23 0 51 29 13 85 49 25 30 34 26 60 45 35 77 49 35 62 45 55 63 14
23 47 8 87 81 54 67 13 86 72 51 0 28 57 74 4 61 39 72 36 51 86 74 65 39 84 77 7 78 47 65
51 67 27 96 82 27 80 32 102 45 29 28 0 40 90 29 33 37 60 32 64 73 46 81 51 64 78 21 75 63 41
75 66 60 74 54 26 66 49 87 29 13 57 40 0 77 54 37 26 21 24 54 33 44 70 45 27 50 52 42 59 19
67 29 82 23 40 97 11 62 12 106 85 74 90 77 0 70 109 56 70 61 26 78 120 9 39 94 39 78 50 27 96
24 43 12 83 77 52 63 9 82 70 49 4 29 54 70 0 61 35 68 32 47 82 74 61 35 81 73 8 74 43 63
84 93 60 109 91 12 98 62 120 18 25 61 33 37 109 61 0 53 57 49 83 65 13 100 72 48 87 54 79 86 23
52 40 45 59 45 41 45 27 67 53 30 39 37 26 56 35 53 0 34 5 30 48 65 47 19 51 41 37 40 33 43
86 67 77 60 37 46 59 61 78 45 34 72 60 21 70 68 57 34 0 36 51 14 61 64 48 24 35 69 24 58 35
51 44 41 64 50 37 50 25 72 49 26 36 32 24 61 32 49 5 36 0 35 50 61 52 23 51 46 33 44 37 40
51 17 59 36 35 71 16 38 38 82 60 51 64 54 26 47 83 30 51 35 0 63 95 17 13 74 32 54 40 8 72
100 80 91 64 41 56 68 75 83 50 45 86 73 33 78 82 65 48 14 50 63 0 67 74 61 21 39 83 28 71 42
97 105 73 118 97 24 109 75 131 17 35 74 46 44 120 74 13 65 61 61 95 67 0 112 84 48 94 67 85 98 26
59 21 73 27 37 88 6 53 21 99 77 65 81 70 9 61 100 47 64 52 17 74 112 0 30 88 36 69 47 18 89
43 21 47 48 43 60 29 26 51 72 49 39 51 45 39 35 72 19 48 23 13 61 84 30 0 68 39 42 43 14 62
102 89 87 83 60 42 83 76 102 31 35 84 64 27 94 81 48 51 24 51 74 21 48 88 68 0 58 79 47 81 26
82 49 85 25 4 75 30 64 44 78 62 77 78 50 39 73 87 41 35 46 32 39 94 36 39 58 0 77 11 40 68
30 51 8 90 81 47 70 16 90 65 45 7 21 52 78 8 54 37 69 33 54 83 67 69 42 79 77 0 77 51 59
86 57 85 36 13 68 41 65 55 69 55 78 75 42 50 74 79 40 24 44 40 28 85 47 43 47 11 77 0 48 59
43 9 55 42 43 74 20 35 39 86 63 47 63 59 27 43 86 33 58 37 8 71 98 18 14 81 40 51 48 0 76
86 83 67 92 71 16 85 60 106 10 14 65 41 19 96 63 23 43 35 40 72 42 26 89 62 26 68 59 59 76 0
0 1296
520 1062
360 800
888 1227
735 1138
370 779
153 484
482 843
524 888
697 960
77 436
72 552
646 1140
377 740
495 925
182 437
221 598
241 529
684 1257
794 1193
904 1270
668 1039
608 931
51 356
669 936
856 1296
361 887
630 1127
847 1296
59 321
520 938
