31
0 19 73 52 10 48 70 10 41 55 22 50 30 30 62 46 34 22 38 27 56 38 30 17 25 40 71 34 26 22 34
19 0 80 33 14 31 55 27 22 55 7 45 19 12 47 60 37 33 26 42 38 26 49 18 8 59 78 15 27 24 41
73 80 0 94 82 110 78 81 84 27 87 123 99 91 73 42 107 51 106 97 82 62 73 62 88 74 5 88 99 95 39
52 33 94 0 45 28 36 58 12 67 32 57 35 25 31 88 61 60 35 72 17 32 82 45 29 92 94 18 52 50 64
10 14 82 45 0 38 69 13 36 61 13 41 20 21 61 56 27 31 28 28 52 38 39 22 16 49 80 27 17 13 43
48 31 110 28 38 0 64 50 30 84 26 30 18 19 58 91 40 64 11 57 45 49 77 49 23 87 109 22 33 34 72
70 55 78 36 69 64 0 80 36 53 60 91 67 55 8 88 91 65 68 97 19 33 95 54 57 104 80 47 81 78 63
10 27 81 58 13 50 80 0 49 64 26 46 32 34 72 50 27 30 40 17 65 48 27 27 29 37 79 40 22 18 42
41 22 84 12 36 30 36 49 0 57 24 56 31 19 29 76 56 48 33 64 17 22 71 33 22 81 84 11 46 43 53
55 55 27 67 61 84 53 64 57 0 62 100 74 66 48 41 88 34 81 80 55 35 64 39 63 69 27 62 78 74 23
22 7 87 32 13 26 60 26 24 62 0 38 12 8 52 66 32 39 19 40 41 33 52 25 3 62 85 14 22 19 48
50 45 123 57 41 30 91 46 56 100 38 0 27 38 85 95 22 72 23 43 72 70 72 62 38 81 121 46 24 28 84
30 19 99 35 20 18 67 32 31 74 12 27 0 12 60 76 26 50 8 40 48 43 59 37 11 69 97 20 17 17 60
30 12 91 25 21 19 55 34 19 66 8 38 12 0 48 72 37 45 16 47 36 33 60 30 5 70 90 8 27 25 53
62 47 73 31 61 58 8 72 29 48 52 85 60 48 0 81 84 57 62 89 14 25 87 46 50 96 75 40 74 71 56
46 60 42 88 56 91 88 50 76 41 66 95 76 72 81 0 77 28 84 61 82 58 32 43 68 32 37 73 71 67 25
34 37 107 61 27 40 91 27 56 88 32 22 26 37 84 77 0 56 29 21 73 63 50 49 34 59 105 45 10 14 68
22 33 51 60 31 64 65 30 48 34 39 72 50 45 57 28 56 0 58 46 57 33 32 15 41 39 49 45 48 44 12
38 26 106 35 28 11 68 40 33 81 19 23 8 16 62 84 29 58 0 46 49 49 67 44 18 77 104 23 22 23 67
27 42 97 72 28 57 97 17 64 80 40 43 40 47 89 61 21 46 46 0 80 65 30 44 43 38 94 54 24 23 58
56 38 82 17 52 45 19 65 17 55 41 72 48 36 14 82 73 57 49 80 0 24 84 43 39 93 82 28 63 60 57
38 26 62 32 38 49 33 48 22 35 33 70 43 33 25 58 63 33 49 65 24 0 62 21 32 71 62 27 53 50 33
30 49 73 82 39 77 95 27 71 64 52 72 59 60 87 32 50 32 67 30 84 62 0 41 55 10 69 64 48 45 41
17 18 62 45 22 49 54 27 33 39 25 62 37 30 46 43 49 15 44 44 43 21 41 0 26 50 60 30 39 35 23
25 8 88 29 16 23 57 29 22 63 3 38 11 5 50 68 34 41 18 43 39 32 55 26 0 65 86 11 24 21 49
40 59 74 92 49 87 104 37 81 69 62 81 69 70 96 32 59 39 77 38 93 71 10 50 65 0 69 74 58 55 46
71 78 5 94 80 109 80 79 84 27 85 121 97 90 75 37 105 49 104 94 82 62 69 60 86 69 0 87 97 93 37
34 15 88 18 27 22 47 40 11 62 14 46 20 8 40 73 45 45 23 54 28 27 64 30 11 74 87 0 35 32 53
26 27 99 52 17 33 81 22 46 78 22 24 17 27 74 71 10 48 22 24 63 53 48 39 24 58 97 35 0 4 60
22 24 95 50 13 34 78 18 43 74 19 28 17 25 71 67 14 44 23 23 60 50 45 35 21 55 93 32 4 0 56
34 41 39 64 43 72 63 42 53 23 48 84 60 53 56 25 68 12 67 58 57 33 41 23 49 46 37 53 60 56 0
0 752
306 595
282 752
63 312
76 279
266 512
130 631
81 612
70 324
186 472
92 337
294 626
77 605
318 561
358 752
364 722
210 696
90 315
126 431
230 437
349 697
30 462
83 414
145 597
295 744
126 336
347 541
334 752
164 491
355 663
121 430
