31
0 38 49 67 29 12 64 8 30 39 42 19 28 64 66 56 31 59 57 59 64 45 13 44 20 24 33 52 74 12 3
38 0 87 105 9 50 45 46 68 36 18 19 20 43 103 89 35 48 33 97 88 74 25 78 45 62 69 15 112 26 39
49 87 0 18 78 38 94 42 30 68 83 68 70 94 17 18 61 84 92 10 41 25 62 15 45 38 46 98 25 61 48
67 105 18 0 96 56 109 60 44 84 100 86 88 110 2 25 78 99 108 8 48 39 80 30 62 53 59 116 7 79 66
29 9 78 96 0 41 45 37 59 31 17 10 12 44 94 80 27 46 34 88 80 65 16 69 36 53 61 23 103 17 30
12 50 38 56 41 0 72 4 19 46 52 31 38 72 54 47 38 66 67 48 59 38 25 35 23 14 25 64 63 24 11
64 45 94 109 45 72 0 71 90 26 28 51 38 2 108 87 34 11 12 101 73 71 55 79 51 86 97 36 116 55 62
8 46 42 60 37 4 71 0 22 45 50 27 36 71 58 51 37 65 65 52 62 42 21 39 24 16 26 60 67 20 9
30 68 30 44 59 19 90 22 0 64 71 49 57 90 42 45 56 84 86 39 64 43 43 35 40 9 16 82 51 42 30
39 36 68 84 31 46 26 45 64 0 20 32 19 26 83 63 8 20 24 76 56 47 33 54 25 60 71 37 91 33 36
42 18 83 100 17 52 28 50 71 20 0 24 14 27 99 81 23 30 17 92 76 65 30 71 38 66 74 17 107 30 41
19 19 68 86 10 31 51 27 49 32 24 0 13 50 84 72 26 49 41 78 75 58 6 60 29 43 51 33 93 7 20
28 20 70 88 12 38 38 36 57 19 14 13 0 37 87 70 15 36 29 80 68 55 17 59 26 52 61 28 95 17 27
64 43 94 110 44 72 2 71 90 26 27 50 37 0 109 88 34 12 10 102 74 72 54 80 51 86 97 34 117 54 62
66 103 17 2 94 54 108 58 42 83 99 84 87 109 0 25 77 98 107 7 49 38 78 29 61 51 57 115 9 77 64
56 89 18 25 80 47 87 51 45 63 81 72 70 88 25 0 58 76 87 18 24 16 66 12 44 52 61 98 31 65 53
31 35 61 78 27 38 34 37 56 8 23 26 15 34 77 58 0 28 31 70 53 42 26 48 17 52 63 40 85 25 28
59 48 84 99 46 66 11 65 84 20 30 49 36 12 98 76 28 0 19 91 62 60 53 69 44 80 91 43 106 52 56
57 33 92 108 34 67 12 65 86 24 17 41 29 10 107 87 31 19 0 100 78 71 46 78 48 81 90 24 115 46 56
59 97 10 8 88 48 101 52 39 76 92 78 80 102 7 18 70 91 100 0 42 31 72 22 54 48 55 108 15 71 58
64 88 41 48 80 59 73 62 64 56 76 75 68 74 49 24 53 62 78 42 0 21 71 29 46 68 79 93 53 70 61
45 74 25 39 65 38 71 42 43 47 65 58 55 72 38 16 42 60 71 31 21 0 53 10 29 47 58 82 46 52 42
13 25 62 80 16 25 55 21 43 33 30 6 17 54 78 66 26 53 46 72 71 53 0 54 25 37 45 39 87 1 14
44 78 15 30 69 35 79 39 35 54 71 60 59 80 29 12 48 69 78 22 29 10 54 0 33 41 51 87 37 53 41
20 45 45 62 36 23 51 24 40 25 38 29 26 51 61 44 17 44 48 54 46 29 25 33 0 37 48 54 69 24 17
24 62 38 53 53 14 86 16 9 60 66 43 52 86 51 52 52 80 81 48 68 47 37 41 37 0 11 76 60 36 25
33 69 46 59 61 25 97 26 16 71 74 51 61 97 57 61 63 91 90 55 79 58 45 51 48 11 0 84 66 44 35
52 15 98 116 23 64 36 60 82 37 17 33 28 34 115 98 40 43 24 108 93 82 39 87 54 76 84 0 123 40 53
74 112 25 7 103 63 116 67 51 91 107 93 95 117 9 31 85 106 115 15 53 46 87 37 69 60 66 123 0 86 73
12 26 61 79 17 24 55 20 42 33 30 7 17 54 77 65 25 52 46 71 70 52 1 53 24 36 44 40 86 0 13
3 39 48 66 30 11 62 9 30 36 41 20 27 62 64 53 28 56 56 58 61 42 14 41 17 25 35 53 73 13 0
0 777
374 700
134 408
531 777
275 462
362 654
299 430
130 406
36 279
516 756
262 595
189 441
260 454
7 347
183 433
130 388
389 520
376 610
527 732
313 573
133 352
364 591
430 656
278 577
63 279
224 447
13 231
311 617
100 224
338 683
518 710
