31
0 32 54 60 38 22 35 22 7 21 25 78 31 13 54 15 62 44 17 62 40 59 10 20 62 91 15 27 91 30 22
32 0 40 36 67 52 64 44 25 53 57 100 63 39 27 47 41 70 17 82 62 50 23 43 71 82 26 19 86 62 23
54 40 0 20 69 59 67 46 48 72 72 84 83 66 24 66 14 68 38 62 58 10 45 47 44 42 39 28 46 80 32
60 36 20 0 84 73 83 61 53 81 83 104 91 71 9 75 7 85 43 82 75 29 50 61 64 54 47 34 60 90 40
38 67 69 84 0 16 3 24 44 27 21 41 37 45 81 28 82 7 50 35 13 68 46 25 47 90 41 53 86 26 47
22 52 59 73 16 0 13 13 28 17 14 56 29 30 68 14 71 22 35 45 19 61 30 12 50 88 26 39 86 22 33
35 64 67 83 3 13 0 22 41 24 18 44 34 42 79 25 80 10 47 38 13 67 43 22 47 90 38 50 86 24 44
22 44 46 61 24 13 22 0 25 29 27 56 41 34 57 24 59 26 27 40 18 48 25 2 40 75 18 29 73 35 23
7 25 48 53 44 28 41 25 0 28 32 81 38 18 47 22 55 50 10 65 43 54 3 23 62 86 11 20 87 37 16
21 53 72 81 27 17 24 29 28 0 6 68 12 21 75 6 81 34 38 62 36 76 31 27 67 104 34 47 102 9 41
25 57 72 83 21 14 18 27 32 6 0 62 16 27 78 10 83 28 42 56 30 74 35 25 64 102 36 49 100 8 43
78 100 84 104 41 56 44 56 81 68 62 0 78 86 105 69 98 34 83 22 38 78 81 58 43 85 74 82 78 67 78
31 63 83 91 37 29 34 41 38 12 16 78 0 24 85 17 92 44 48 72 46 87 41 39 79 116 45 58 114 11 52
13 39 66 71 45 30 42 34 18 21 27 86 24 0 65 17 73 52 28 74 49 72 21 32 74 104 28 38 104 29 34
54 27 24 9 81 68 79 57 47 75 78 105 85 65 0 69 16 83 37 84 73 34 44 57 67 63 42 29 68 84 35
15 47 66 75 28 14 25 24 22 6 10 69 17 17 69 0 75 35 32 59 33 70 25 22 64 99 28 41 97 15 35
62 41 14 7 82 71 80 59 55 81 83 98 92 73 16 75 0 82 45 76 72 22 52 59 58 47 47 35 53 90 40
44 70 68 85 7 22 10 26 50 34 28 34 44 52 83 35 82 0 53 28 10 66 51 28 42 86 44 55 81 33 49
17 17 38 43 50 35 47 27 10 38 42 83 48 28 37 32 45 53 0 66 45 46 7 26 58 78 9 10 80 47 8
62 82 62 82 35 45 38 40 65 62 56 22 72 74 84 59 76 28 66 0 26 56 65 42 21 65 57 63 59 61 59
40 62 58 75 13 19 13 18 43 36 30 38 46 49 73 33 72 10 45 26 0 56 43 20 34 77 36 46 73 37 41
59 50 10 29 68 61 67 48 54 76 74 78 87 72 34 70 22 66 46 56 56 0 52 49 36 32 44 36 36 82 38
10 23 45 50 46 30 43 25 3 31 35 81 41 21 44 25 52 51 7 65 43 52 0 23 60 84 9 17 85 40 14
20 43 47 61 25 12 22 2 23 27 25 58 39 32 57 22 59 28 26 42 20 49 23 0 42 77 17 28 75 33 22
62 71 44 64 47 50 47 40 62 67 64 43 79 74 67 64 58 42 58 21 34 36 60 42 0 45 51 52 39 71 50
91 82 42 54 90 88 90 75 86 104 102 85 116 104 63 99 47 86 78 65 77 32 84 77 45 0 76 68 9 110 70
15 26 39 47 41 26 38 18 11 34 36 74 45 28 42 28 47 44 9 57 36 44 9 17 51 76 0 13 76 43 7
27 19 28 34 53 39 50 29 20 47 49 82 58 38 29 41 35 55 10 63 46 36 17 28 52 68 13 0 71 56 6
91 86 46 60 86 86 86 73 87 102 100 78 114 104 68 97 53 81 80 59 73 36 85 75 39 9 76 71 0 108 72
30 62 80 90 26 22 24 35 37 9 8 67 11 29 84 15 90 33 47 61 37 82 40 33 71 110 43 56 108 0 50
22 23 32 40 47 33 44 23 16 41 43 78 52 34 35 35 40 49 8 59 41 38 14 22 50 70 7 6 72 50 0
0 752
357 752
310 621
38 480
173 493
268 674
345 700
78 372
360 580
67 575
308 740
168 695
44 464
283 752
308 752
1 396
322 752
24 222
215 725
37 583
213 549
233 567
171 722
374 748
151 539
362 672
70 341
219 664
25 501
60 483
239 519
