31
0 70 27 57 65 62 71 31 58 71 30 61 79 74 25 4 57 64 38 72 45 56 54 62 55 23 59 57 65 39 28
70 0 46 16 60 30 67 39 83 67 40 30 9 44 46 72 33 54 36 45 78 60 29 16 81 56 60 42 83 53 72
27 46 0 37 45 35 51 16 51 51 10 34 55 49 19 27 45 42 11 47 40 36 27 35 48 11 39 32 55 19 28
57 16 37 0 64 36 71 26 82 71 28 35 23 52 33 59 19 58 29 52 73 62 32 23 79 48 63 46 84 49 65
65 60 45 64 0 30 7 58 31 7 52 30 69 23 64 63 81 6 40 21 33 10 32 44 30 42 7 18 27 26 43
62 30 35 36 30 0 37 41 56 37 36 1 39 16 48 62 55 24 24 16 53 32 8 14 54 40 31 13 54 30 52
71 67 51 71 7 37 0 65 28 0 59 37 76 28 70 68 88 13 47 26 34 15 39 51 28 48 12 25 22 32 47
31 39 16 26 58 41 65 0 67 65 6 40 48 57 7 34 29 54 18 56 56 52 33 35 64 27 54 43 71 35 44
58 83 51 82 31 56 28 67 0 28 61 55 92 52 69 54 95 35 53 50 13 24 54 67 3 42 25 43 7 33 30
71 67 51 71 7 37 0 65 28 0 59 37 76 28 70 68 88 13 47 26 34 15 39 51 28 48 12 25 22 32 47
30 40 10 28 52 36 59 6 61 59 0 35 49 52 12 32 35 48 12 50 50 46 28 32 58 21 48 37 65 29 38
61 30 34 35 30 1 37 40 55 37 35 0 39 17 47 61 54 24 23 17 52 31 7 14 53 39 30 12 53 29 51
79 9 55 23 69 39 76 48 92 76 49 39 0 51 55 81 37 63 45 52 87 69 38 25 90 65 69 51 92 62 81
74 44 49 52 23 16 28 57 52 28 52 17 51 0 64 73 71 17 40 2 53 30 24 30 51 51 27 17 49 37 59
25 46 19 33 64 48 70 7 69 70 12 47 55 64 0 28 32 60 24 62 57 55 40 42 66 27 58 49 74 38 42
4 72 27 59 63 62 68 34 54 68 32 61 81 73 28 0 60 62 38 71 41 53 54 62 51 22 56 56 61 37 24
57 33 45 19 81 55 88 29 95 88 35 54 37 71 32 60 0 75 42 71 85 77 49 42 92 56 78 63 98 62 73
64 54 42 58 6 24 13 54 35 13 48 24 63 17 60 62 75 0 36 15 36 13 26 38 34 41 10 12 32 25 45
38 36 11 29 40 24 47 18 53 47 12 23 45 40 24 38 42 36 0 38 44 35 16 24 50 20 36 25 56 20 36
72 45 47 52 21 16 26 56 50 26 50 17 52 2 62 71 71 15 38 0 51 28 23 30 49 49 25 15 47 35 57
45 78 40 73 33 53 34 56 13 34 50 52 87 53 57 41 85 36 44 51 0 24 49 62 10 30 26 40 20 25 17
56 60 36 62 10 32 15 52 24 15 46 31 69 30 55 53 77 13 35 28 24 0 31 44 22 33 3 19 23 17 33
54 29 27 32 32 8 39 33 54 39 28 7 38 24 40 54 49 26 16 23 49 31 0 13 52 33 31 14 54 24 46
62 16 35 23 44 14 51 35 67 51 32 14 25 30 42 62 42 38 24 30 62 44 13 0 65 44 44 26 67 37 59
55 81 48 79 30 54 28 64 3 28 58 53 90 51 66 51 92 34 50 49 10 22 52 65 0 39 24 41 10 30 27
23 56 11 48 42 40 48 27 42 48 21 39 65 51 27 22 56 41 20 49 30 33 33 44 39 0 36 34 47 16 17
59 60 39 63 7 31 12 54 25 12 48 30 69 27 58 56 78 10 36 25 26 3 31 44 24 36 0 18 23 20 36
57 42 32 46 18 13 25 43 43 25 37 12 51 17 49 56 63 12 25 15 40 19 14 26 41 34 18 0 41 20 43
65 83 55 84 27 54 22 71 7 22 65 53 92 49 74 61 98 32 56 47 20 23 54 67 10 47 23 41 0 36 37
39 53 19 49 26 30 32 35 33 32 29 29 62 37 38 37 62 25 20 35 25 17 24 37 30 16 20 20 36 0 23
28 72 28 65 43 52 47 44 30 47 38 51 81 59 42 24 73 45 36 57 17 33 46 59 27 17 36 43 37 23 0
0 1190
403 626
413 685
679 991
356 549
1 239
570 734
379 721
329 586
316 500
345 696
291 645
900 1043
163 340
859 1186
623 789
745 906
178 364
265 447
555 841
690 926
585 807
350 500
653 800
904 1054
280 492
45 265
70 222
10 203
400 639
132 418
