31
0 91 34 52 104 75 4 16 80 71 65 13 87 67 78 95 56 58 60 76 57 44 78 87 16 49 26 25 15 112 97
91 0 58 66 18 43 94 99 11 51 36 89 25 35 61 17 41 41 73 66 52 59 25 46 75 59 71 70 100 21 20
34 58 0 34 70 50 36 41 47 44 37 31 54 34 60 63 28 25 51 55 30 20 45 58 18 26 14 18 42 79 66
52 66 34 0 69 78 52 48 58 22 63 41 49 31 91 78 56 26 84 24 14 14 43 39 45 9 28 51 50 87 81
104 18 70 69 0 61 106 107 28 49 54 97 20 38 79 34 58 47 91 60 55 64 26 38 88 63 79 84 108 25 37
75 43 50 78 61 0 79 89 35 74 15 79 61 55 18 32 22 54 32 89 67 65 54 79 60 69 64 50 89 54 32
4 94 36 52 106 79 0 13 83 72 69 12 88 68 82 99 60 59 64 76 58 45 80 88 20 50 27 29 11 115 101
16 99 41 48 107 89 13 0 88 69 77 10 89 69 92 104 68 60 76 72 57 44 81 86 29 48 28 39 2 120 107
80 11 47 58 28 35 83 88 0 47 26 78 26 28 53 20 30 32 63 62 45 50 21 46 64 50 60 59 89 32 23
71 51 44 22 49 74 72 69 47 0 59 61 29 19 90 66 56 22 90 15 14 27 26 17 60 22 45 62 71 71 69
65 36 37 63 54 15 69 77 26 59 0 67 49 40 31 31 9 39 37 74 52 50 41 66 49 54 51 40 78 52 33
13 89 31 41 97 79 12 10 78 61 67 0 79 59 83 94 58 50 68 65 48 35 71 78 20 39 18 30 11 110 97
87 25 54 49 20 61 88 89 26 29 49 79 0 20 79 42 49 29 84 41 35 46 9 21 72 44 61 70 90 42 45
67 35 34 31 38 55 68 69 28 19 40 59 20 0 71 48 37 9 72 34 17 26 12 27 52 25 41 52 70 56 51
78 61 60 91 79 18 82 92 53 90 31 83 79 71 0 49 35 69 22 105 81 77 72 97 63 82 74 53 92 70 48
95 17 63 78 34 32 99 104 20 66 31 94 42 48 49 0 39 52 64 81 65 69 40 63 79 70 77 71 105 22 3
56 41 28 56 58 22 60 68 30 56 9 58 49 37 35 39 0 34 35 70 46 43 41 64 40 47 42 32 69 59 41
58 41 25 26 47 54 59 60 32 22 39 50 29 9 69 52 34 0 68 36 13 18 21 33 43 18 32 43 61 62 55
60 73 51 84 91 32 64 76 63 90 37 68 84 72 22 64 35 68 0 103 78 70 76 99 48 76 62 38 75 86 64
76 66 55 24 60 89 76 72 62 15 74 65 41 34 105 81 70 36 103 0 25 35 41 23 69 29 52 73 74 83 84
57 52 30 14 55 67 58 57 45 14 52 48 35 17 81 65 46 13 78 25 0 13 29 30 46 9 31 48 58 73 68
44 59 20 14 64 65 45 44 50 27 50 35 46 26 77 69 43 18 70 35 13 0 38 43 34 6 18 38 46 80 72
78 25 45 43 26 54 80 81 21 26 41 71 9 12 72 40 41 21 76 41 29 38 0 25 63 37 53 61 82 45 43
87 46 58 39 38 79 88 86 46 17 66 78 21 27 97 63 64 33 99 23 30 43 25 0 76 39 61 76 88 63 66
16 75 18 45 88 60 20 29 64 60 49 20 72 52 63 79 40 43 48 69 46 34 63 76 0 40 17 10 29 96 81
49 59 26 9 63 69 50 48 50 22 54 39 44 25 82 70 47 18 76 29 9 6 37 39 40 0 23 44 49 80 73
26 71 14 28 79 64 27 28 60 45 51 18 61 41 74 77 42 32 62 52 31 18 53 61 17 23 0 24 29 92 80
25 70 18 51 84 50 29 39 59 62 40 30 70 52 53 71 32 43 38 73 48 38 61 76 10 44 24 0 39 91 73
15 100 42 50 108 89 11 2 89 71 78 11 90 70 92 105 69 61 75 74 58 46 82 88 29 49 29 39 0 121 108
112 21 79 87 25 54 115 120 32 71 52 110 42 56 70 22 59 62 86 83 73 80 45 63 96 80 92 91 121 0 22
97 20 66 81 37 32 101 107 23 69 33 97 45 51 48 3 41 55 64 84 68 72 43 66 81 73 80 73 108 22 0
0 2244
778 1100
158 331
1890 2182
1904 2203
692 906
521 710
1507 1658
1987 2220
1127 1258
1575 1859
1662 1877
1440 1574
1094 1316
22 198
1771 1893
1857 1978
376 523
1705 2026
1815 2013
354 583
1842 1955
1248 1398
883 1186
529 850
1418 1535
697 859
922 1225
1826 2155
188 514
43 278
