31
0 17 48 49 62 48 29 17 28 40 41 14 71 47 39 38 27 19 26 64 25 37 27 18 48 18 38 10 65 25 47
17 0 62 66 71 56 42 31 11 44 49 24 88 44 55 54 13 36 29 67 42 37 23 32 61 35 51 17 73 34 64
48 62 0 36 26 23 60 53 70 36 27 39 32 55 51 13 64 43 71 48 42 46 51 30 8 38 66 45 31 31 39
49 66 36 0 62 57 42 42 77 65 57 51 30 82 24 26 75 33 60 82 27 70 69 42 44 31 42 55 67 51 5
62 71 26 62 0 15 82 74 75 31 22 49 51 47 74 36 68 64 88 28 65 41 53 44 18 59 89 55 5 38 64
48 56 23 57 15 0 71 60 60 16 7 34 54 35 67 31 53 53 74 25 54 26 38 30 15 48 78 40 17 23 59
29 42 60 42 82 71 0 12 53 67 66 41 71 76 19 47 54 18 20 91 18 66 56 41 65 23 9 39 87 51 37
17 31 53 42 74 60 12 0 42 55 55 29 69 64 25 41 42 11 18 79 15 54 44 30 57 15 21 27 77 39 38
28 11 70 77 75 60 53 42 0 45 53 31 96 41 66 62 7 47 38 66 53 36 22 40 67 46 62 25 77 39 75
40 44 36 65 31 16 67 55 45 0 9 26 68 19 67 39 38 49 66 24 53 10 23 26 29 45 74 31 32 16 66
41 49 27 57 22 7 66 55 53 9 0 27 59 28 65 31 46 48 67 26 51 19 31 25 20 44 73 33 24 16 59
14 24 39 51 49 34 41 29 31 26 27 0 65 36 45 31 26 26 40 50 31 25 18 9 37 23 50 7 51 11 50
71 88 32 30 51 54 71 69 96 68 59 65 0 87 54 34 91 58 87 78 54 77 81 56 39 55 72 71 56 61 35
47 44 55 82 47 35 76 64 41 19 28 36 87 0 81 58 34 62 72 27 67 12 22 41 48 59 85 37 47 31 82
39 55 51 24 74 67 19 25 66 67 65 45 54 81 0 38 66 20 39 91 14 70 63 41 56 22 18 47 79 51 19
38 54 13 26 36 31 47 41 62 39 31 31 34 58 38 0 57 31 59 56 29 46 48 22 18 26 53 37 41 28 28
27 13 64 75 68 53 54 42 7 38 46 26 91 34 66 57 0 46 42 59 52 29 15 35 61 45 63 20 70 33 73
19 36 43 33 64 53 18 11 47 49 48 26 58 62 20 31 46 0 29 73 6 51 44 23 47 5 25 27 69 33 29
26 29 71 60 88 74 20 18 38 66 67 40 87 72 39 59 42 29 0 90 33 63 50 44 73 33 27 36 91 51 56
64 67 48 82 28 25 91 79 66 24 26 50 78 27 91 56 59 73 90 0 77 30 44 50 40 69 98 55 25 40 84
25 42 42 27 65 54 18 15 53 53 51 31 54 67 14 29 52 6 33 77 0 56 49 27 47 8 24 33 70 37 23
37 37 46 70 41 26 66 54 36 10 19 25 77 12 70 46 29 51 63 30 56 0 14 29 39 48 75 27 42 19 70
27 23 51 69 53 38 56 44 22 23 31 18 81 22 63 48 15 44 50 44 49 14 0 27 47 41 65 17 55 20 68
18 32 30 42 44 30 41 30 40 26 25 9 56 41 41 22 35 23 44 50 27 29 27 0 30 19 48 15 47 10 42
48 61 8 44 18 15 65 57 67 29 20 37 39 48 56 18 61 47 73 40 47 39 47 30 0 42 71 44 23 28 46
18 35 38 31 59 48 23 15 46 45 44 23 55 59 22 26 45 5 33 69 8 48 41 19 42 0 30 25 64 29 29
38 51 66 42 89 78 9 21 62 74 73 50 72 85 18 53 63 25 27 98 24 75 65 48 71 30 0 48 94 58 37
10 17 45 55 55 40 39 27 25 31 33 7 71 37 47 37 20 27 36 55 33 27 17 15 44 25 48 0 57 17 53
65 73 31 67 5 17 87 77 77 32 24 51 56 47 79 41 70 69 91 25 70 42 55 47 23 64 94 57 0 40 69
25 34 31 51 38 23 51 39 39 16 16 11 61 31 51 28 33 33 51 40 37 19 20 10 28 29 58 17 40 0 51
47 64 39 5 64 59 37 38 75 66 59 50 35 82 19 28 73 29 56 84 23 70 68 42 46 29 37 53 69 51 0
0 1190
111 237
64 366
919 1123
49 328
564 829
330 637
772 997
787 1047
899 1185
706 990
13 135
357 593
288 606
810 1157
102 281
847 1113
104 268
86 383
289 532
487 786
691 971
496 630
156 337
672 1025
624 926
567 787
596 752
269 419
355 617
186 343
