31
0 45 43 12 37 17 24 29 42 9 69 86 19 13 50 11 86 88 44 61 60 49 38 74 47 35 41 63 74 17 76
45 0 85 54 36 32 21 17 84 54 36 44 58 55 92 46 82 90 81 18 73 90 34 74 19 77 32 81 69 48 34
43 85 0 31 79 54 64 71 1 38 100 121 45 30 7 49 89 87 18 99 57 8 80 78 90 8 69 53 84 54 112
12 54 31 0 49 23 33 40 30 12 74 92 24 1 38 21 81 83 32 69 53 37 50 69 59 23 44 55 72 27 83
37 36 79 49 0 39 30 24 78 41 72 80 38 50 85 30 109 114 81 54 91 86 2 98 21 72 57 96 96 26 70
17 32 54 23 39 0 12 20 53 26 52 69 36 24 61 25 72 76 49 46 52 58 39 61 40 46 24 57 60 30 60
24 21 64 33 30 12 0 8 63 33 48 63 39 34 71 27 79 84 61 37 62 69 29 68 28 56 27 68 66 30 53
29 17 71 40 24 20 8 0 70 38 50 61 41 41 78 29 85 91 69 35 70 77 22 75 20 63 33 76 72 31 51
42 84 1 30 78 53 63 70 0 37 99 120 44 29 8 48 89 87 18 98 57 8 79 78 89 7 68 53 83 53 111
9 54 38 12 41 26 33 38 37 0 78 95 12 11 44 11 92 94 43 70 65 45 42 80 54 31 50 66 82 16 85
69 36 100 74 72 52 48 50 99 78 0 22 87 75 107 75 57 66 88 21 63 101 70 52 55 92 31 72 45 78 17
86 44 121 92 80 69 63 61 120 95 22 0 102 93 128 90 76 86 109 26 85 122 78 73 60 113 52 94 65 92 10
19 58 45 24 38 36 39 41 44 12 87 102 0 23 49 12 104 106 53 76 77 52 40 92 55 39 60 78 93 12 92
13 55 30 1 50 24 34 41 29 11 75 93 23 0 37 22 82 83 32 70 54 36 51 70 60 22 45 55 73 27 84
50 92 7 38 85 61 71 78 8 44 107 128 49 37 0 55 95 93 24 106 63 11 86 84 97 15 76 59 91 60 119
11 46 49 21 30 25 27 29 48 11 75 90 12 22 55 0 96 99 53 64 71 56 31 84 44 42 49 74 85 6 80
86 82 89 81 109 72 79 85 89 92 57 76 104 82 95 96 0 10 71 75 32 85 107 12 101 85 52 39 13 102 74
88 90 87 83 114 76 84 91 87 94 66 86 106 83 93 99 10 0 69 83 30 82 113 16 108 83 58 34 21 105 83
44 81 18 32 81 49 61 69 18 43 88 109 53 32 24 53 71 69 0 90 39 14 82 60 89 17 57 35 67 59 101
61 18 99 69 54 46 37 35 98 70 21 26 76 70 106 64 75 83 90 0 74 102 52 69 35 91 34 83 62 66 16
60 73 57 53 91 52 62 70 57 65 63 85 77 54 63 71 32 30 39 74 0 53 91 21 89 53 41 9 28 77 80
49 90 8 37 86 58 69 77 8 45 101 122 52 36 11 56 85 82 14 102 53 0 87 74 96 14 70 48 81 61 113
38 34 80 50 2 39 29 22 79 42 70 78 40 51 86 31 107 113 82 52 91 87 0 97 19 73 55 96 94 28 68
74 74 78 69 98 61 68 75 78 80 52 73 92 70 84 84 12 16 60 69 21 74 97 0 92 74 42 29 8 90 69
47 19 90 59 21 40 28 20 89 54 55 60 55 60 97 44 101 108 89 35 89 96 19 92 0 82 50 96 88 43 50
35 77 8 23 72 46 56 63 7 31 92 113 39 22 15 42 85 83 17 91 53 14 73 74 82 0 61 50 79 47 104
41 32 69 44 57 24 27 33 68 50 31 52 60 45 76 49 52 58 57 34 41 70 55 42 50 61 0 49 39 54 44
63 81 53 55 96 57 68 76 53 66 72 94 78 55 59 74 39 34 35 83 9 48 96 29 96 50 49 0 37 80 89
74 69 84 72 96 60 66 72 83 82 45 65 93 73 91 85 13 21 67 62 28 81 94 8 88 79 39 37 0 90 62
17 48 54 27 26 30 30 31 53 16 78 92 12 27 60 6 102 105 59 66 77 61 28 90 43 47 54 80 90 0 82
76 34 112 83 70 60 53 51 111 85 17 10 92 84 119 80 74 83 101 16 80 113 68 69 50 104 44 89 62 82 0
0 1122
165 590
317 769
321 821
301 643
362 917
600 1122
350 712
250 649
585 1024
382 1033
504 1122
349 960
169 677
389 998
5 384
239 564
74 554
446 988
605 921
119 767
382 744
303 677
69 471
410 875
0 376
118 582
171 676
218 837
551 780
9 559
