31
0 86 46 22 33 19 42 55 50 62 76 46 4 28 64 76 59 82 95 51 47 26 39 31 57 64 40 49 65 54 59
86 0 86 102 58 104 66 70 46 86 32 55 82 86 25 15 78 30 9 35 82 63 47 72 42 28 46 58 81 42 62
46 86 0 38 62 56 20 20 75 103 60 75 48 73 76 85 16 66 95 63 90 58 59 20 79 78 57 28 103 75 29
22 102 38 0 54 19 45 55 71 83 86 67 26 48 83 95 54 92 111 69 68 47 58 34 78 83 58 53 86 75 62
33 58 62 54 0 50 48 61 17 43 59 13 29 28 35 47 68 64 67 23 31 7 11 42 24 34 13 48 42 21 60
19 104 56 19 50 0 58 70 67 70 95 62 22 35 82 94 72 101 113 69 55 43 57 47 74 82 58 66 73 71 75
42 66 20 45 48 58 0 14 57 90 42 60 43 65 56 65 20 48 75 43 77 45 41 11 61 58 39 9 90 57 17
55 70 20 55 61 70 14 0 70 104 41 73 56 79 65 72 9 47 78 54 91 59 54 24 73 68 52 14 103 69 9
50 46 75 71 17 67 57 70 0 42 57 9 46 41 21 31 77 61 53 18 36 24 16 55 7 18 18 56 38 4 67
62 86 103 83 43 70 90 104 42 0 98 34 58 35 62 71 110 102 93 59 15 45 53 83 45 59 55 91 7 46 103
76 32 60 86 59 95 42 41 57 98 0 64 74 86 41 41 48 6 39 39 90 63 48 52 57 44 46 33 95 54 32
46 55 75 67 13 62 60 73 9 34 64 0 42 33 30 40 80 68 62 25 27 20 19 55 15 27 21 59 32 13 71
4 82 48 26 29 22 43 56 46 58 74 42 0 25 60 72 60 80 91 47 43 22 35 32 53 60 36 49 61 50 60
28 86 73 48 28 35 65 79 41 35 86 33 25 0 62 72 83 92 94 51 20 23 39 55 48 59 41 69 38 45 81
64 25 76 83 35 82 56 65 21 62 41 30 60 62 0 12 74 43 33 14 57 41 25 58 17 3 25 51 57 17 60
76 15 85 95 47 94 65 72 31 71 41 40 72 72 12 0 81 41 22 26 67 53 37 69 27 13 37 59 66 27 66
59 78 16 54 68 72 20 9 77 110 48 80 60 83 74 81 0 54 86 63 97 65 61 28 81 77 59 23 110 77 16
82 30 66 92 64 101 48 47 61 102 6 68 80 92 43 41 54 0 35 43 95 69 53 58 59 46 51 39 99 57 38
95 9 95 111 67 113 75 78 53 93 39 62 91 94 33 22 86 35 0 44 89 72 56 81 49 35 55 67 87 49 70
51 35 63 69 23 69 43 54 18 59 39 25 47 51 14 26 63 43 44 0 52 28 12 44 19 15 11 40 56 16 50
47 82 90 68 31 55 77 91 36 15 90 27 43 20 57 67 97 95 89 52 0 32 42 70 41 54 44 79 18 40 91
26 63 58 47 7 43 45 59 24 45 63 20 22 23 41 53 65 69 72 28 32 0 16 38 31 40 18 47 45 28 59
39 47 59 58 11 57 41 54 16 53 48 19 35 39 25 37 61 53 56 12 42 16 0 39 21 25 2 40 51 17 52
31 72 20 34 42 47 11 24 55 83 52 55 32 55 58 69 28 58 81 44 70 38 39 0 59 59 37 19 83 55 28
57 42 79 78 24 74 61 73 7 45 57 15 53 48 17 27 81 59 49 19 41 31 21 59 0 14 22 59 40 4 69
64 28 78 83 34 82 58 68 18 59 44 27 60 59 3 13 77 46 35 15 54 40 25 59 14 0 25 54 54 14 63
40 46 57 58 13 58 39 52 18 55 46 21 36 41 25 37 59 51 55 11 44 18 2 37 22 25 0 38 53 18 50
49 58 28 53 48 66 9 14 56 91 33 59 49 69 51 59 23 39 67 40 79 47 40 19 59 54 38 0 90 55 12
65 81 103 86 42 73 90 103 38 7 95 32 61 38 57 66 110 99 87 56 18 45 51 83 40 54 53 90 0 42 102
54 42 75 75 21 71 57 69 4 46 54 13 50 45 17 27 77 57 49 16 40 28 17 55 4 14 18 55 42 0 66
59 62 29 62 60 75 17 9 67 103 32 71 60 81 60 66 16 38 70 50 91 59 52 28 69 63 50 12 102 66 0
0 752
327 633
370 752
253 501
282 752
104 591
90 355
71 394
245 635
6 263
58 619
163 692
309 752
310 750
49 292
330 752
375 752
336 611
345 701
134 535
58 301
15 361
362 752
348 745
194 568
154 347
142 630
343 752
252 744
154 596
252 703
