31
0 31 25 38 55 63 51 9 64 55 33 28 35 42 38 28 51 31 73 15 35 56 74 39 58 63 31 34 2 52 20
31 0 42 64 84 90 80 33 73 81 17 58 52 68 61 27 71 60 100 40 56 64 105 45 66 77 55 15 29 82 51
25 42 0 57 67 78 66 16 89 73 53 28 11 27 20 52 73 28 88 13 57 81 82 63 83 86 53 52 26 51 33
38 64 57 0 23 26 18 44 41 17 57 36 63 56 57 43 19 39 36 44 12 39 44 35 40 34 10 59 38 43 25
55 84 67 23 0 12 5 57 59 16 79 40 69 56 60 66 36 41 22 55 35 59 21 58 60 50 33 81 56 31 35
63 90 78 26 12 0 12 67 53 11 83 51 80 68 72 69 31 53 10 65 37 55 23 58 55 44 36 85 63 43 45
51 80 66 18 5 12 0 55 54 12 75 39 68 57 60 61 31 41 22 53 30 54 26 53 55 45 28 77 52 34 33
9 33 16 44 57 67 55 0 73 61 40 25 26 35 30 36 59 27 77 7 43 65 76 47 67 71 39 40 10 50 22
64 73 89 41 59 53 54 73 0 43 59 74 97 94 95 46 23 77 56 76 33 9 76 28 7 10 37 61 63 84 61
55 81 73 17 16 11 12 61 43 0 73 49 77 68 70 59 20 51 19 60 26 44 34 47 44 34 26 75 55 46 40
33 17 53 57 79 83 75 40 59 73 0 61 64 75 70 14 60 64 92 47 47 50 100 31 52 63 47 2 31 84 52
28 58 28 36 40 51 39 25 74 49 61 0 29 20 21 53 55 3 61 18 41 70 55 58 71 70 37 62 30 25 13
35 52 11 63 69 80 68 26 97 77 64 29 0 19 12 62 81 28 90 21 65 91 82 73 92 94 61 63 36 48 38
42 68 27 56 56 68 57 35 94 68 75 20 19 0 7 70 75 17 78 28 61 90 66 78 91 90 57 75 44 30 33
38 61 20 57 60 72 60 30 95 70 70 21 12 7 0 65 76 19 82 23 62 90 72 75 92 91 58 70 39 36 34
28 27 52 43 66 69 61 36 46 59 14 53 62 70 65 0 46 56 78 42 33 37 87 18 39 50 33 16 26 74 42
51 71 73 19 36 31 31 59 23 20 60 55 81 75 76 46 0 58 36 60 16 24 54 30 24 15 20 62 50 62 44
31 60 28 39 41 53 41 27 77 51 64 3 28 17 19 56 58 0 63 20 44 73 54 61 74 73 40 65 33 23 16
73 100 88 36 22 10 22 77 56 19 92 61 90 78 82 78 36 63 0 75 45 60 25 66 60 46 45 94 73 52 55
15 40 13 44 55 65 53 7 76 60 47 18 21 28 23 42 60 20 75 0 44 70 72 53 71 73 40 47 16 43 20
35 56 57 12 35 37 30 43 33 26 47 41 65 61 62 33 16 44 45 44 0 29 56 23 30 29 4 49 34 54 28
56 64 81 39 59 55 54 65 9 44 50 70 91 90 90 37 24 73 60 70 29 0 78 19 2 16 33 52 55 82 57
74 105 82 44 21 23 26 76 76 34 100 55 82 66 72 87 54 54 25 72 56 78 0 79 78 67 54 102 76 36 54
39 45 63 35 58 58 53 47 28 47 31 58 73 78 75 18 30 61 66 53 23 19 79 0 21 32 25 33 37 75 45
58 66 83 40 60 55 55 67 7 44 52 71 92 91 92 39 24 74 60 71 30 2 78 21 0 15 34 54 57 83 58
63 77 86 34 50 44 45 71 10 34 63 70 94 90 91 50 15 73 46 73 29 16 67 32 15 0 33 65 62 77 57
31 55 53 10 33 36 28 39 37 26 47 37 61 57 58 33 20 40 45 40 4 33 54 25 34 33 0 49 31 50 24
34 15 52 59 81 85 77 40 61 75 2 62 63 75 70 16 62 65 94 47 49 52 102 33 54 65 49 0 32 85 53
2 29 26 38 56 63 52 10 63 55 31 30 36 44 39 26 50 33 73 16 34 55 76 37 57 62 31 32 0 53 22
52 82 51 43 31 43 34 50 84 46 84 25 48 30 36 74 62 23 52 43 54 82 36 75 83 77 50 85 53 0 32
20 51 33 25 35 45 33 22 61 40 52 13 38 33 34 42 44 16 55 20 28 57 54 45 58 57 24 53 22 32 0
0 1003
418 726
307 1003
157 645
180 556
182 595
21 707
222 610
361 1003
107 480
255 676
238 517
268 785
345 905
431 954
0 323
363 699
142 618
425 985
13 479
236 865
496 936
460 1003
209 546
232 501
119 471
80 477
452 853
270 773
471 760
43 645
