31
0 61 73 12 74 64 91 84 105 70 100 72 57 86 65 90 104 83 90 56 23 74 72 58 66 44 84 99 17 89 110
61 0 26 50 14 6 31 50 72 40 69 25 53 67 12 74 51 59 45 23 40 62 81 58 14 60 58 39 63 47 60
73 26 0 64 29 31 25 24 46 18 43 1 40 44 37 51 31 36 19 17 50 41 67 45 39 54 34 32 68 21 37
12 50 64 0 62 52 80 77 99 63 94 63 54 83 53 87 95 77 82 47 15 71 74 56 54 45 78 88 23 81 101
74 14 29 62 0 10 21 53 75 47 72 28 64 73 13 80 45 65 45 34 54 70 92 69 14 73 63 29 77 49 56
64 6 31 52 10 0 31 55 77 46 74 30 59 73 6 80 53 65 50 29 44 68 87 64 8 66 64 39 67 52 63
91 31 25 80 21 31 0 44 61 43 60 25 65 66 34 73 24 59 31 39 68 66 92 70 35 79 56 8 90 37 35
84 50 24 77 53 55 44 0 23 14 19 25 34 22 61 29 33 15 14 33 62 26 54 39 63 51 12 47 75 8 32
105 72 46 99 75 77 61 23 0 37 5 47 49 23 83 26 42 23 30 56 84 35 59 52 85 66 21 61 93 26 34
70 40 18 63 47 46 43 14 37 0 32 19 24 27 52 34 41 19 23 19 48 23 49 29 54 40 18 49 61 19 43
100 69 43 94 72 74 60 19 5 32 0 44 44 18 80 22 43 18 29 51 79 30 54 47 82 61 16 61 88 24 36
72 25 1 63 28 30 25 25 47 19 44 0 40 45 36 52 32 37 20 16 49 42 68 45 38 54 35 32 67 22 38
57 53 40 54 64 59 65 34 49 24 44 40 0 29 65 33 65 26 47 30 39 17 28 5 67 17 29 72 44 42 66
86 67 44 83 73 73 66 22 23 27 18 45 29 0 79 7 55 8 36 46 68 12 36 30 81 45 10 69 73 30 51
65 12 37 53 13 6 34 61 83 52 80 36 65 79 0 86 58 71 56 35 47 74 93 70 2 71 70 42 70 58 68
90 74 51 87 80 80 73 29 26 34 22 52 33 7 86 0 62 15 43 53 72 16 33 33 88 48 17 76 76 37 57
104 51 31 95 45 53 24 33 42 41 43 32 65 55 58 62 0 48 19 48 81 59 87 70 59 81 45 21 99 25 11
83 59 36 77 65 65 59 15 23 19 18 37 26 8 71 15 48 0 29 38 62 12 40 29 73 43 3 62 70 23 45
90 45 19 82 45 50 31 14 30 23 29 20 47 36 56 43 19 29 0 35 67 40 68 52 58 63 26 33 83 6 20
56 23 17 47 34 29 39 33 56 19 51 16 30 46 35 53 48 38 35 0 33 39 58 35 37 40 37 47 51 34 54
23 40 50 15 54 44 68 62 84 48 79 49 39 68 47 72 81 62 67 33 0 56 62 42 48 33 63 76 23 66 87
74 62 41 71 70 68 66 26 35 23 30 42 17 12 74 16 59 12 40 39 56 0 28 18 76 33 15 71 61 34 57
72 81 67 74 92 87 92 54 59 49 54 68 28 36 93 33 87 40 68 58 62 28 0 23 95 29 43 98 55 62 85
58 58 45 56 69 64 70 39 52 29 47 45 5 30 70 33 70 29 52 35 42 18 23 0 72 15 32 77 43 47 71
66 14 39 54 14 8 35 63 85 54 82 38 67 81 2 88 59 73 58 37 48 76 95 72 0 73 72 43 71 60 70
44 60 54 45 73 66 79 51 66 40 61 54 17 45 71 48 81 43 63 40 33 33 29 15 73 0 46 86 28 59 83
84 58 34 78 63 64 56 12 21 18 16 35 29 10 70 17 45 3 26 37 63 15 43 32 72 46 0 59 72 20 42
99 39 32 88 29 39 8 47 61 49 61 32 72 69 42 76 21 62 33 47 76 71 98 77 43 86 59 0 98 39 32
17 63 68 23 77 67 90 75 93 61 88 67 44 73 70 76 99 70 83 51 23 61 55 43 71 28 72 98 0 80 103
89 47 21 81 49 52 37 8 26 19 24 22 42 30 58 37 25 23 6 34 66 34 62 47 60 59 20 39 80 0 24
110 60 37 101 56 63 35 32 34 43 36 38 66 51 68 57 11 45 20 54 87 57 85 71 70 83 42 32 103 24 0
0 1122
613 1070
419 816
27 524
576 1122
365 859
351 621
271 798
410 997
481 933
255 704
643 956
480 993
636 1122
200 678
273 741
149 622
647 968
167 653
454 999
332 928
329 926
504 783
556 791
442 774
602 1085
34 644
202 779
438 1075
575 1122
169 476
