31
0 37 22 45 48 63 67 42 51 103 8 54 46 64 58 54 48 57 56 45 12 73 67 45 50 45 46 59 20 95 24
37 0 41 58 36 61 30 15 33 71 38 31 28 50 36 20 11 24 29 50 44 44 30 38 18 25 39 34 17 59 26
22 41 0 67 65 83 67 38 66 112 14 67 35 81 71 61 52 53 68 66 13 62 65 62 58 58 63 48 30 100 41
45 58 67 0 30 24 83 71 36 92 53 43 82 39 44 58 62 82 48 11 57 102 84 26 54 41 26 91 47 91 33
48 36 65 30 0 25 54 51 6 62 54 13 64 17 14 29 35 57 18 19 59 78 55 5 25 12 4 70 36 61 24
63 61 83 24 25 0 79 76 31 74 70 38 89 20 35 54 60 82 42 18 75 103 80 23 50 37 22 95 57 80 43
67 30 67 83 54 79 0 29 49 57 67 42 37 63 45 26 22 15 38 72 72 29 2 57 29 42 57 31 47 39 55
42 15 38 71 51 76 29 0 48 80 39 45 13 65 50 31 20 15 43 64 44 31 27 53 31 40 54 20 26 65 38
51 33 66 36 6 31 49 48 0 56 56 7 61 17 8 23 31 53 12 25 62 74 50 11 20 8 10 67 36 55 27
103 71 112 92 62 74 57 80 56 0 106 50 92 54 48 51 60 72 47 81 112 86 59 67 54 59 66 88 84 20 80
8 38 14 53 54 70 67 39 56 106 0 58 41 70 62 56 49 54 60 53 6 68 66 51 52 49 52 54 22 97 30
54 31 67 43 13 38 42 45 7 50 58 0 58 22 5 16 25 47 5 32 64 68 43 18 14 9 17 61 37 48 30
46 28 35 82 64 89 37 13 61 92 41 58 0 78 63 44 33 22 56 76 45 27 35 66 44 53 67 13 35 76 49
64 50 81 39 17 20 63 65 17 54 70 22 78 0 18 37 47 68 25 28 75 89 64 19 36 25 18 83 53 60 40
58 36 71 44 14 35 45 50 8 48 62 5 63 18 0 19 30 50 7 33 68 71 46 19 19 13 18 66 41 47 34
54 20 61 58 29 54 26 31 23 51 56 16 44 37 19 0 11 31 12 47 62 52 27 32 4 17 32 47 34 41 33
48 11 52 62 35 60 22 20 31 60 49 25 33 47 30 11 0 22 23 52 55 43 22 38 11 23 38 36 28 48 33
57 24 53 82 57 82 15 15 53 72 54 47 22 68 50 31 22 0 43 73 59 21 13 60 33 45 60 16 40 54 50
56 29 68 48 18 42 38 43 12 47 60 5 56 25 7 12 23 43 0 37 66 64 39 23 12 12 22 59 38 43 33
45 50 66 11 19 18 72 64 25 81 53 32 76 28 33 47 52 73 37 0 57 94 73 15 43 30 15 84 41 80 27
12 44 13 57 59 75 72 44 62 112 6 64 45 75 68 62 55 59 66 57 0 72 71 56 58 55 57 58 28 103 35
73 44 62 102 78 103 29 31 74 86 68 68 27 89 71 52 43 21 64 94 72 0 27 81 54 66 81 14 57 66 69
67 30 65 84 55 80 2 27 50 59 66 43 35 64 46 27 22 13 39 73 71 27 0 58 30 43 58 29 47 41 55
45 38 62 26 5 23 57 53 11 67 51 18 66 19 19 32 38 60 23 15 56 81 58 0 28 15 1 72 34 66 21
50 18 58 54 25 50 29 31 20 54 52 14 44 36 19 4 11 33 12 43 58 54 30 28 0 13 28 47 30 45 29
45 25 58 41 12 37 42 40 8 59 49 9 53 25 13 17 23 45 12 30 55 66 43 15 13 0 15 59 28 55 21
46 39 63 26 4 22 57 54 10 66 52 17 67 18 18 32 38 60 22 15 57 81 58 1 28 15 0 73 35 65 22
59 34 48 91 70 95 31 20 67 88 54 61 13 83 66 47 36 16 59 84 58 14 29 72 47 59 73 0 45 70 58
20 17 30 47 36 57 47 26 36 84 22 37 35 53 41 34 28 40 38 41 28 57 47 34 30 28 35 45 0 75 14
95 59 100 91 61 80 39 65 55 20 97 48 76 60 47 41 48 54 43 80 103 66 41 66 45 55 65 70 75 0 74
24 26 41 33 24 43 55 38 27 80 30 30 49 40 34 33 33 50 33 27 35 69 55 21 29 21 22 58 14 74 0
0 1346
551 718
303 493
1095 1203
426 605
372 510
775 968
546 713
783 927
264 334
664 797
644 810
2 191
419 601
92 176
608 767
927 1038
544 672
873 951
373 509
310 420
1048 1181
5 90
551 730
1043 1158
214 375
1112 1196
1133 1268
781 881
544 653
1 189
