31
0 104 66 88 60 29 92 72 43 61 27 65 18 81 84 50 23 92 92 22 39 52 80 59 66 15 32 44 79 93 77
104 0 52 47 60 80 17 34 90 79 84 77 87 30 20 67 123 24 21 83 87 56 25 45 86 102 73 61 31 19 29
66 52 0 22 60 37 51 39 75 27 39 25 48 49 39 16 78 32 54 52 70 15 34 32 34 57 45 40 21 53 40
88 47 22 0 76 59 54 50 95 39 61 35 70 57 43 38 100 23 58 74 90 37 40 48 43 79 67 60 23 56 49
60 60 60 76 0 52 43 29 30 78 56 79 49 30 42 57 83 64 42 39 29 46 41 28 86 67 30 23 55 43 33
29 80 37 59 52 0 71 51 51 36 4 38 11 62 61 21 43 65 71 21 46 25 56 38 42 22 22 29 52 72 56
92 17 51 54 43 71 0 20 73 78 75 76 75 13 12 62 112 33 4 70 71 50 17 33 85 93 60 48 32 2 15
72 34 39 50 29 51 20 0 57 65 55 64 55 11 14 45 92 35 20 50 53 33 12 13 73 73 40 28 27 21 5
43 90 75 95 30 51 73 57 0 86 53 87 42 60 71 66 65 90 72 30 5 60 69 50 93 56 30 35 78 73 62
61 79 27 39 78 36 78 65 86 0 35 4 46 76 66 21 68 57 81 57 81 33 61 54 8 49 56 56 48 80 67
27 84 39 61 56 4 75 55 53 35 0 38 11 66 65 23 39 69 75 23 48 29 60 42 41 18 26 33 56 76 60
65 77 25 35 79 38 76 64 87 4 38 0 49 74 64 22 72 54 79 59 82 33 59 54 9 52 57 57 46 78 65
18 87 48 70 49 11 75 55 42 46 11 49 0 66 67 32 37 74 75 12 37 34 62 42 52 18 19 29 61 76 60
81 30 49 57 30 62 13 11 60 76 66 74 66 0 16 56 103 40 12 59 58 44 17 24 83 84 49 37 34 13 9
84 20 39 43 42 61 12 14 71 66 65 64 67 16 0 50 104 24 15 63 67 38 5 25 73 83 53 41 21 14 9
50 67 16 38 57 21 62 45 66 21 23 22 32 56 50 0 62 48 64 39 61 12 45 33 29 41 36 35 36 64 48
23 123 78 100 83 43 112 92 65 68 39 72 37 103 104 62 0 108 112 45 62 68 99 79 69 21 55 66 95 113 97
92 24 32 23 64 65 33 35 90 57 69 54 74 40 24 48 108 0 37 75 86 40 23 40 63 87 66 56 13 35 32
92 21 54 58 42 71 4 20 72 81 75 79 75 12 15 64 112 37 0 70 70 52 20 33 88 93 60 48 36 2 16
22 83 52 74 39 21 70 50 30 57 23 59 12 59 63 39 45 75 70 0 25 37 59 38 63 28 10 22 62 71 55
39 87 70 90 29 46 71 53 5 81 48 82 37 58 67 61 62 86 70 25 0 55 65 46 88 51 25 30 73 71 58
52 56 15 37 46 25 50 33 60 33 29 33 34 44 38 12 68 40 52 37 55 0 33 21 41 47 30 25 27 52 36
80 25 34 40 41 56 17 12 69 61 60 59 62 17 5 45 99 23 20 59 65 33 0 21 68 78 49 37 17 19 9
59 45 32 48 28 38 33 13 50 54 42 54 42 24 25 33 79 40 33 38 46 21 21 0 62 60 28 16 28 34 18
66 86 34 43 86 42 85 73 93 8 41 9 52 83 73 29 69 63 88 63 88 41 68 62 0 52 63 64 55 87 74
15 102 57 79 67 22 93 73 56 49 18 52 18 84 83 41 21 87 93 28 51 47 78 60 52 0 37 47 74 94 78
32 73 45 67 30 22 60 40 30 56 26 57 19 49 53 36 55 66 60 10 25 30 49 28 63 37 0 12 53 61 45
44 61 40 60 23 29 48 28 35 56 33 57 29 37 41 35 66 56 48 22 30 25 37 16 64 47 12 0 43 49 33
79 31 21 23 55 52 32 27 78 48 56 46 61 34 21 36 95 13 36 62 73 27 17 28 55 74 53 43 0 34 26
93 19 53 56 43 72 2 21 73 80 76 78 76 13 14 64 113 35 2 71 71 52 19 34 87 94 61 49 34 0 17
77 29 40 49 33 56 15 5 62 67 60 65 60 9 9 48 97 32 16 55 58 36 9 18 74 78 45 33 26 17 0
0 2244
1294 1527
51 230
1923 2091
604 856
788 956
538 718
1163 1492
1622 1753
1046 1207
743 988
1593 1737
1187 1489
1871 2020
1695 1841
431 755
1220 1480
1794 2122
1368 1619
1568 1693
160 346
1480 1641
1272 1479
959 1076
1606 1878
306 500
974 1277
945 1140
1237 1419
1711 2041
1640 1903
