31
0 58 47 51 56 22 75 28 47 86 52 99 58 43 7 25 71 64 97 95 78 57 96 53 6 27 76 86 93 115 18
58 0 17 9 2 65 17 42 62 28 13 46 12 47 57 60 44 54 43 68 69 8 69 43 56 61 20 65 46 62 40
47 17 0 20 15 60 32 41 67 45 5 63 11 52 49 58 59 65 60 84 80 25 85 52 48 59 29 80 63 79 32
51 9 20 0 9 57 26 33 53 35 17 48 18 38 50 51 39 47 46 64 62 6 65 35 49 52 29 60 46 64 33
56 2 15 9 0 64 19 41 62 30 11 48 10 47 55 59 46 55 45 70 70 10 71 44 54 60 21 67 48 64 38
22 65 60 57 64 0 82 24 29 91 64 99 69 30 15 7 60 51 99 84 61 62 85 42 16 9 85 73 89 115 28
75 17 32 26 19 82 0 59 77 13 27 35 22 62 74 77 51 64 30 69 77 21 70 55 73 78 9 71 40 49 57
28 42 41 33 41 24 59 0 26 67 43 75 48 15 23 18 43 36 75 67 50 38 68 25 23 19 62 58 67 91 17
47 62 67 53 62 29 77 26 0 81 68 81 71 15 40 22 40 25 83 57 32 56 58 23 41 20 82 46 70 96 43
86 28 45 35 30 91 13 67 81 0 40 23 35 67 85 85 49 64 17 63 75 29 64 58 84 85 21 67 30 36 68
52 13 5 17 11 64 27 43 68 40 0 59 6 53 53 61 56 64 56 81 79 21 82 52 52 62 24 77 59 75 36
99 46 63 48 48 99 35 75 81 23 59 0 56 70 97 92 43 59 6 46 67 42 47 58 96 91 44 54 13 16 81
58 12 11 18 10 69 22 48 71 35 6 56 0 56 58 66 56 65 51 80 80 20 81 53 57 67 18 77 57 70 41
43 47 52 38 47 30 62 15 15 67 53 70 56 0 37 23 30 21 71 54 35 41 55 12 37 22 67 43 59 85 32
7 57 49 50 55 15 74 23 40 85 53 97 58 37 0 18 66 58 96 90 71 56 91 48 1 20 76 80 90 113 17
25 60 58 51 59 7 77 18 22 85 61 92 66 23 18 0 53 44 93 77 54 56 78 35 19 2 80 66 82 108 27
71 44 59 39 46 60 51 43 40 49 56 43 56 30 66 53 0 16 46 26 26 36 27 18 66 52 59 21 31 57 56
64 54 65 47 55 51 64 36 25 64 64 59 65 21 58 44 16 0 62 33 15 46 34 13 58 42 72 22 47 73 53
97 43 60 46 45 99 30 75 83 17 56 6 51 71 96 93 46 62 0 52 72 40 53 60 95 92 38 59 19 19 79
95 68 84 64 70 84 69 67 57 63 81 46 80 54 90 77 26 33 52 0 28 60 1 42 90 75 78 12 34 54 82
78 69 80 62 70 61 77 50 32 75 79 67 80 35 71 54 26 15 72 28 0 61 28 28 72 52 85 16 54 78 67
57 8 25 6 10 62 21 38 56 29 21 42 20 41 56 56 36 46 40 60 61 0 61 36 55 57 26 57 40 58 39
96 69 85 65 71 85 70 68 58 64 82 47 81 55 91 78 27 34 53 1 28 61 0 43 91 76 79 12 35 55 83
53 43 52 35 44 42 55 25 23 58 52 58 53 12 48 35 18 13 60 42 28 36 43 0 48 34 62 34 47 73 40
6 56 48 49 54 16 73 23 41 84 52 96 57 37 1 19 66 58 95 90 72 55 91 48 0 21 75 80 90 112 16
27 61 59 52 60 9 78 19 20 85 62 91 67 22 20 2 52 42 92 75 52 57 76 34 21 0 81 64 81 107 29
76 20 29 29 21 85 9 62 82 21 24 44 18 67 76 80 59 72 38 78 85 26 79 62 75 81 0 80 49 57 59
86 65 80 60 67 73 71 58 46 67 77 54 77 43 80 66 21 22 59 12 16 57 12 34 80 64 80 0 41 64 74
93 46 63 46 48 89 40 67 70 30 59 13 57 59 90 82 31 47 19 34 54 40 35 47 90 81 49 41 0 26 76
115 62 79 64 64 115 49 91 96 36 75 16 70 85 113 108 57 73 19 54 78 58 55 73 112 107 57 64 26 0 97
18 40 32 33 38 28 57 17 43 68 36 81 41 32 17 27 56 53 79 82 67 39 83 40 16 29 59 74 76 97 0
0 841
372 686
269 739
450 841
346 628
348 650
442 697
51 466
80 339
401 613
477 690
480 841
285 734
369 841
138 432
251 627
407 713
285 679
206 378
419 743
141 366
377 839
165 643
273 742
250 747
241 631
242 460
96 281
314 488
416 760
417 592
