31
0 13 75 54 12 37 76 23 32 17 75 52 55 45 30 78 67 72 58 41 21 74 59 22 61 40 7 71 60 18 42
13 0 80 54 6 32 71 19 44 11 80 63 47 35 28 80 62 80 54 45 31 76 54 33 65 52 7 71 55 28 43
75 80 0 37 74 58 62 64 54 91 0 42 71 80 55 20 60 10 53 35 87 19 62 57 15 55 81 34 61 86 39
54 54 37 0 48 25 31 35 52 65 37 55 34 45 26 28 25 42 16 19 73 24 25 47 23 57 58 17 24 71 12
12 6 74 48 0 27 66 13 40 17 74 59 44 33 22 74 57 74 48 39 33 70 49 29 59 48 10 65 50 30 37
37 32 58 25 27 0 39 14 50 43 58 62 21 22 9 53 30 62 22 27 58 49 22 41 43 58 37 41 23 55 19
76 71 62 31 66 39 0 53 83 81 62 86 27 44 46 45 9 71 18 50 97 43 17 75 53 88 76 28 16 94 41
23 19 64 35 13 14 53 0 42 30 64 57 33 27 9 62 44 65 35 29 44 58 36 31 49 50 23 52 37 41 25
32 44 54 52 40 50 83 42 0 49 54 21 71 69 41 66 75 48 65 33 35 62 70 11 45 8 39 67 71 34 42
17 11 91 65 17 43 81 30 49 0 91 69 57 42 39 91 72 89 65 56 28 87 64 39 76 57 10 82 65 26 54
75 80 0 37 74 58 62 64 54 91 0 42 71 80 55 20 60 10 53 35 87 19 62 57 15 55 81 34 61 86 39
52 63 42 55 59 62 86 57 21 69 42 0 82 83 54 59 80 33 70 37 55 55 77 30 38 16 59 65 77 55 47
55 47 71 34 44 21 27 33 71 57 71 82 0 17 30 60 19 76 20 46 76 57 12 62 57 79 54 43 13 73 36
45 35 80 45 33 22 44 27 69 42 80 83 17 0 29 73 36 84 35 49 66 69 29 58 65 77 42 58 30 63 41
30 28 55 26 22 9 46 9 41 39 55 54 30 29 0 53 37 57 28 21 51 49 30 32 40 49 32 43 31 48 16
78 80 20 28 74 53 45 62 66 91 20 59 60 73 53 0 44 30 40 37 94 4 48 65 21 68 83 17 48 92 37
67 62 60 25 57 30 9 44 75 72 60 80 19 36 37 44 0 67 10 43 88 42 8 67 48 81 67 27 7 85 33
72 80 10 42 74 62 71 65 48 89 10 33 76 84 57 30 67 0 58 36 83 29 67 53 19 48 79 43 66 82 43
58 54 53 16 48 22 18 35 65 65 53 70 20 35 28 40 10 58 0 33 79 37 9 57 39 71 58 23 8 76 23
41 45 35 19 39 27 50 29 33 56 35 37 46 49 21 37 43 36 33 0 57 33 40 29 20 38 46 34 40 55 10
21 31 87 73 33 58 97 44 35 28 87 55 76 66 51 94 88 83 79 57 0 90 80 30 75 39 24 90 81 3 61
74 76 19 24 70 49 43 58 62 87 19 55 57 69 49 4 42 29 37 33 90 0 46 61 17 64 79 15 45 88 33
59 54 62 25 49 22 17 36 70 64 62 77 12 29 30 48 8 67 9 40 80 46 0 62 48 77 59 32 1 77 30
22 33 57 47 29 41 75 31 11 39 57 30 62 58 32 65 67 53 57 29 30 61 62 0 45 19 29 63 62 29 35
61 65 15 23 59 43 53 49 45 76 15 38 57 65 40 21 48 19 39 20 75 17 48 45 0 47 66 27 47 73 24
40 52 55 57 48 58 88 50 8 57 55 16 79 77 49 68 81 48 71 38 39 64 77 19 47 0 47 71 77 39 48
7 7 81 58 10 37 76 23 39 10 81 59 54 42 32 83 67 79 58 46 24 79 59 29 66 47 0 75 60 21 47
71 71 34 17 65 41 28 52 67 82 34 65 43 58 43 17 27 43 23 34 90 15 32 63 27 71 75 0 31 88 29
60 55 61 24 50 23 16 37 71 65 61 77 13 30 31 48 7 66 8 40 81 45 1 62 47 77 60 31 0 78 30
18 28 86 71 30 55 94 41 34 26 86 55 73 63 48 92 85 82 76 55 3 88 77 29 73 39 21 88 78 0 59
42 43 39 12 37 19 41 25 42 54 39 47 36 41 16 37 33 43 23 10 61 33 30 35 24 48 47 29 30 59 0
0 777
367 669
362 493
230 424
53 348
356 652
453 703
378 674
249 430
210 510
425 759
510 665
441 733
64 180
510 763
213 366
368 657
275 482
132 266
197 354
0 163
286 433
489 777
57 273
149 317
30 169
225 514
201 332
90 400
9 224
481 777
