31
0 91 49 56 16 66 16 56 67 101 84 82 78 99 27 24 69 44 28 76 6 31 61 34 97 83 45 52 73 19 24
91 0 52 35 83 30 83 51 78 29 47 79 38 42 67 70 48 50 65 26 92 79 32 74 21 12 52 39 45 78 69
49 52 0 23 50 41 37 50 36 53 35 46 60 50 22 38 21 10 21 29 48 27 20 22 50 40 37 21 24 32 25
56 35 23 0 49 18 49 31 59 49 44 66 37 52 33 36 35 16 31 24 58 45 7 41 43 27 23 4 36 44 35
16 83 50 49 0 56 28 42 75 97 85 90 64 99 30 13 71 42 30 72 22 40 55 42 91 76 33 45 74 28 28
66 30 41 18 56 0 63 21 76 53 58 82 19 62 47 43 50 33 45 35 69 62 22 58 45 29 23 20 51 58 49
16 83 37 49 28 63 0 59 51 90 71 66 79 87 16 28 56 34 18 66 12 15 51 19 87 73 46 45 60 5 14
56 51 50 31 42 21 59 0 86 74 75 96 22 82 45 33 65 40 43 54 61 60 38 59 66 50 13 30 67 55 46
67 78 36 59 75 76 51 86 0 67 39 15 95 56 46 67 30 46 47 52 63 36 54 33 68 66 73 57 34 48 48
101 29 53 49 97 53 90 74 67 0 28 62 66 15 74 84 38 57 73 25 100 79 42 74 8 24 71 52 34 85 77
84 47 35 44 85 58 71 75 39 28 0 34 75 17 57 73 15 44 56 23 83 58 37 53 31 36 67 46 11 67 60
82 79 46 66 90 82 66 96 15 62 34 0 101 49 60 81 33 56 61 53 78 51 60 48 65 67 83 66 34 63 62
78 38 60 37 64 19 79 22 95 66 75 101 0 77 63 54 69 51 61 52 81 78 41 76 58 43 33 39 70 74 65
99 42 50 52 99 62 87 82 56 15 17 49 77 0 72 86 31 57 71 28 98 74 45 69 21 34 75 55 27 82 75
27 67 22 33 30 47 16 45 46 74 57 60 63 72 0 21 42 18 2 50 26 15 35 14 71 57 32 29 46 11 3
24 70 38 36 13 43 28 33 67 84 73 81 54 86 21 0 59 29 20 59 28 35 42 35 78 63 21 32 62 24 20
69 48 21 35 71 50 56 65 30 38 15 33 69 31 42 59 0 30 42 22 68 43 28 38 38 36 56 35 4 52 45
44 50 10 16 42 33 34 40 46 57 44 56 51 57 18 29 30 0 16 32 43 29 18 25 53 40 27 13 33 29 20
28 65 21 31 30 45 18 43 47 73 56 61 61 71 2 20 42 16 0 48 27 17 33 16 69 55 30 27 45 13 4
76 26 29 24 72 35 66 54 52 25 23 53 52 28 50 59 22 32 48 0 75 56 17 51 21 14 47 27 19 61 52
6 92 48 58 22 69 12 61 63 100 83 78 81 98 26 28 68 43 27 75 0 27 60 31 96 82 48 54 72 16 23
31 79 27 45 40 62 15 60 36 79 58 51 78 74 15 35 43 29 17 56 27 0 47 5 77 67 47 42 47 12 16
61 32 20 7 55 22 51 38 54 42 37 60 41 45 35 42 28 18 33 17 60 47 0 42 36 22 30 10 29 46 37
34 74 22 41 42 58 19 59 33 74 53 48 76 69 14 35 38 25 16 51 31 5 42 0 72 62 46 38 42 15 15
97 21 50 43 91 45 87 66 68 8 31 65 58 21 71 78 38 53 69 21 96 77 36 72 0 16 64 46 35 82 73
83 12 40 27 76 29 73 50 66 24 36 67 43 34 57 63 36 40 55 14 82 67 22 62 16 0 48 31 33 68 59
45 52 37 23 33 23 46 13 73 71 67 83 33 75 32 21 56 27 30 47 48 47 30 46 64 48 0 21 58 42 33
52 39 21 4 45 20 45 30 57 52 46 66 39 55 29 32 35 13 27 27 54 42 10 38 46 31 21 0 37 40 31
73 45 24 36 74 51 60 67 34 34 11 34 70 27 46 62 4 33 45 19 72 47 29 42 35 33 58 37 0 56 49
19 78 32 44 28 58 5 55 48 85 67 63 74 82 11 24 52 29 13 61 16 12 46 15 82 68 42 40 56 0 9
24 69 25 35 28 49 14 46 48 77 60 62 65 75 3 20 45 20 4 52 23 16 37 15 73 59 33 31 49 9 0
0 1003
173 805
180 526
114 747
13 279
161 439
419 736
363 645
212 927
438 1003
472 1003
156 738
158 839
49 675
187 674
419 965
200 947
254 920
95 677
151 461
299 797
450 844
115 640
78 538
371 1003
18 641
413 1003
139 456
192 479
374 1003
276 750
