41
0 63 42 79 10 76 29 80 14 66 60 39 44 43 37 50 80 13 19 38 51 45 68 58 39 53 60 69 73 84 26 17 7 17 50 45 37 62 86 17 29
63 0 39 28 66 41 62 40 74 3 91 58 51 26 32 62 23 66 51 78 34 61 49 40 58 15 37 7 23 33 38 79 61 46 25 77 81 1 50 72 55
42 39 0 42 51 34 60 38 56 42 53 20 62 13 41 24 44 53 23 42 9 22 26 16 20 40 62 42 36 46 21 54 46 28 47 39 46 38 44 42 20
79 28 42 0 85 20 87 16 92 28 91 60 79 36 58 59 7 86 62 82 33 60 35 32 60 43 65 23 6 5 53 93 80 62 53 79 87 27 25 84 62
10 66 51 85 0 83 20 87 8 69 70 49 38 49 37 60 85 3 28 48 58 55 77 67 49 54 57 73 79 90 32 22 5 23 49 55 47 66 94 27 39
76 41 34 20 83 0 90 5 90 43 74 47 86 36 64 44 26 85 57 69 25 46 16 18 47 53 77 38 20 19 52 87 78 60 63 66 74 40 11 75 53
29 62 60 87 20 90 0 92 27 64 89 65 19 54 30 76 85 17 43 67 66 71 86 75 65 47 42 69 81 92 39 42 22 33 40 74 66 62 101 46 55
80 40 38 16 87 5 92 0 94 41 79 52 87 38 65 49 23 88 61 74 29 51 21 23 52 53 77 36 17 15 55 92 82 64 63 71 79 39 10 80 58
14 74 56 92 8 90 27 94 0 77 68 52 45 56 45 63 93 10 33 46 65 58 82 72 52 62 65 81 86 97 39 16 13 30 57 55 45 74 100 25 42
66 3 42 28 69 43 64 41 77 0 94 61 53 29 34 65 22 69 54 81 37 64 52 43 61 17 37 5 24 32 41 82 64 49 27 80 84 4 51 75 58
60 91 53 91 70 74 89 79 68 94 0 33 101 65 85 32 95 73 51 22 60 32 58 59 33 91 109 95 87 93 63 53 67 61 96 16 24 90 80 43 40
39 58 20 60 49 47 65 52 52 61 33 0 72 32 54 11 63 51 22 22 27 6 34 29 0 58 78 62 55 63 31 43 44 32 63 19 27 57 56 31 10
44 51 62 79 38 86 19 87 45 53 101 72 0 52 22 82 74 35 50 80 65 78 85 74 72 36 23 58 73 84 42 60 37 40 26 85 81 52 97 61 62
43 26 13 36 49 36 54 38 56 29 65 32 52 0 30 37 37 50 26 52 13 35 33 22 32 27 49 31 30 41 17 57 44 26 34 51 55 25 47 48 29
37 32 41 58 37 64 30 65 45 34 85 54 22 30 0 63 55 36 34 66 43 59 63 52 54 17 24 39 52 63 23 54 33 25 13 69 68 32 75 52 46
50 62 24 59 60 44 76 49 63 65 32 11 82 37 63 0 63 62 33 29 28 5 28 27 11 64 86 64 55 61 40 53 55 43 71 22 34 61 50 41 21
80 23 44 7 85 26 85 23 93 22 95 63 74 37 55 63 0 86 63 85 36 64 41 36 63 38 59 17 8 10 54 94 80 63 48 82 90 23 32 85 64
13 66 53 86 3 85 17 88 10 69 73 51 35 50 36 62 86 0 30 51 60 57 79 69 51 53 55 73 80 91 33 25 7 25 48 58 50 66 96 30 41
19 51 23 62 28 57 43 61 33 54 51 22 50 26 34 33 63 30 0 32 32 28 49 39 22 44 58 56 56 67 13 31 23 10 46 35 34 50 67 22 12
38 78 42 82 48 69 67 74 46 81 22 22 80 52 66 29 85 51 32 0 49 25 56 51 22 76 90 83 77 85 45 32 45 42 78 9 5 77 78 21 23
51 34 9 33 58 25 66 29 65 37 60 27 65 13 43 28 36 60 32 49 0 28 20 9 27 39 62 36 28 37 27 63 53 35 47 46 54 33 36 51 29
45 61 22 60 55 46 71 51 58 64 32 6 78 35 59 5 64 57 28 25 28 0 31 28 6 62 82 64 56 62 36 48 50 38 68 20 30 60 53 36 16
68 49 26 35 77 16 86 21 82 52 58 34 85 33 63 28 41 79 49 56 20 31 0 11 34 58 82 49 33 35 47 76 72 54 67 50 61 48 22 64 42
58 40 16 32 67 18 75 23 72 43 59 29 74 22 52 27 36 69 39 51 9 28 11 0 29 48 71 41 28 34 36 69 62 44 56 48 56 39 28 57 35
39 58 20 60 49 47 65 52 52 61 33 0 72 32 54 11 63 51 22 22 27 6 34 29 0 58 78 62 55 63 31 43 44 32 63 19 27 57 56 31 10
53 15 40 43 54 53 47 53 62 17 91 58 36 27 17 64 38 53 44 76 39 62 58 48 58 0 24 22 37 48 31 70 49 37 10 77 78 16 63 64 53
60 37 62 65 57 77 42 77 65 37 109 78 23 49 24 86 59 55 58 90 62 82 82 71 78 24 0 42 60 69 47 77 55 49 15 93 92 38 87 76 70
69 7 42 23 73 38 69 36 81 5 95 62 58 31 39 64 17 73 56 83 36 64 49 41 62 22 42 0 19 27 44 85 68 52 32 81 86 7 46 78 60
73 23 36 6 79 20 81 17 86 24 87 55 73 30 52 55 8 80 56 77 28 56 33 28 55 37 60 19 0 11 47 87 74 56 47 74 82 22 27 78 56
84 33 46 5 90 19 92 15 97 32 93 63 84 41 63 61 10 91 67 85 37 62 35 34 63 48 69 27 11 0 58 98 85 67 58 82 90 32 22 88 66
26 38 21 53 32 52 39 55 39 41 63 31 42 17 23 40 54 33 13 45 27 36 47 36 31 31 47 44 47 58 0 42 27 9 33 47 47 37 63 34 23
17 79 54 93 22 87 42 92 16 82 53 43 60 57 54 53 94 25 31 32 63 48 76 69 43 70 77 85 87 98 42 0 23 33 67 41 29 78 97 12 34
7 61 46 80 5 78 22 82 13 64 67 44 37 44 33 55 80 7 23 45 53 50 72 62 44 49 55 68 74 85 27 23 0 18 46 52 44 61 89 24 34
17 46 28 62 23 60 33 64 30 49 61 32 40 26 25 43 63 25 10 42 35 38 54 44 32 37 49 52 56 67 9 33 18 0 37 45 43 45 71 27 22
50 25 47 53 49 63 40 63 57 27 96 63 26 34 13 71 48 48 46 78 47 68 67 56 63 10 15 32 47 58 33 67 46 37 0 80 80 26 73 64 56
45 77 39 79 55 66 74 71 55 80 16 19 85 51 69 22 82 58 35 9 46 20 50 48 19 77 93 81 74 82 47 41 52 45 80 0 13 76 72 30 24
37 81 46 87 47 74 66 79 45 84 24 27 81 55 68 34 90 50 34 5 54 30 61 56 27 78 92 86 82 90 47 29 44 43 80 13 0 80 83 20 26
62 1 38 27 66 40 62 39 74 4 90 57 52 25 32 61 23 66 50 77 33 60 48 39 57 16 38 7 22 32 37 78 61 45 26 76 80 0 49 71 54
86 50 44 25 94 11 101 10 100 51 80 56 97 47 75 50 32 96 67 78 36 53 22 28 56 63 87 46 27 22 63 97 89 71 73 72 83 49 0 85 63
17 72 42 84 27 75 46 80 25 75 43 31 61 48 52 41 85 30 22 21 51 36 64 57 31 64 76 78 78 88 34 12 24 27 64 30 20 71 85 0 22
29 55 20 62 39 53 55 58 42 58 40 10 62 29 46 21 64 41 12 23 29 16 42 35 10 53 70 60 56 66 23 34 34 22 56 24 26 54 63 22 0
0 1154
8 484
102 713
554 1154
539 1154
2 648
31 596
458 974
215 625
449 766
397 1154
371 1077
73 477
310 877
110 946
370 1154
47 619
234 649
550 1001
354 896
23 687
346 656
86 433
296 629
22 887
319 1083
368 1152
157 690
253 571
115 858
230 713
76 762
188 947
479 990
185 983
44 447
555 1154
270 856
520 1079
125 599
495 939
