41
0 92 72 6 48 35 15 90 60 16 58 42 71 76 100 47 95 67 69 51 66 32 30 104 53 12 80 60 60 4 2 83 55 30 61 30 89 57 72 40 35
92 0 32 88 84 87 89 11 33 76 76 72 55 29 11 67 21 66 34 44 66 62 67 20 40 99 72 86 33 95 92 34 61 90 90 66 10 35 53 74 59
72 32 0 69 52 59 66 25 14 56 44 67 66 4 35 64 25 34 44 22 34 40 55 36 33 76 41 54 14 73 72 11 63 63 58 54 24 19 64 69 37
6 88 69 0 51 39 19 87 57 13 60 36 65 73 97 41 92 67 63 48 66 30 24 101 48 18 80 63 57 10 4 80 49 34 64 24 86 54 66 35 32
48 84 52 51 0 14 34 77 51 43 12 76 94 56 87 78 76 25 80 42 24 34 58 87 61 42 35 12 51 46 50 57 83 19 13 57 76 53 94 76 35
35 87 59 39 14 0 20 84 54 33 26 68 90 63 94 71 84 38 77 43 37 29 50 95 58 28 49 26 54 32 37 66 76 5 26 50 83 54 89 67 31
15 89 66 19 34 20 0 86 56 19 44 53 78 70 96 57 91 54 73 46 53 27 36 100 55 10 67 46 56 12 17 76 63 15 46 36 85 55 78 52 30
90 11 25 87 77 84 86 0 30 74 69 77 64 21 10 72 10 58 42 41 58 59 69 14 43 96 62 79 30 92 90 24 68 87 83 68 1 34 62 79 56
60 33 14 57 51 54 56 30 0 44 46 53 54 17 40 50 35 40 33 11 39 29 41 44 19 66 50 56 0 62 60 25 49 57 60 40 29 5 52 55 26
16 76 56 13 43 33 19 74 44 0 50 35 59 60 84 38 79 56 54 35 55 17 17 88 37 26 69 55 44 19 16 67 44 31 56 17 73 41 59 34 19
58 76 44 60 12 26 44 69 46 50 0 80 95 48 79 81 66 13 77 39 12 37 62 77 59 54 23 10 46 56 60 47 85 31 14 61 68 49 93 80 37
42 72 67 36 76 68 53 77 53 35 80 0 30 70 83 6 86 82 39 50 81 43 18 91 35 54 95 87 53 46 40 78 14 66 89 19 76 48 31 2 43
71 55 66 65 94 90 78 64 54 59 95 30 0 67 66 24 74 92 22 57 91 61 42 75 36 83 104 104 54 75 69 76 16 90 107 42 63 49 2 32 59
76 29 4 73 56 63 70 21 17 60 48 70 67 0 31 67 21 37 45 25 37 44 58 32 36 80 43 58 17 77 76 9 66 67 62 57 20 22 65 72 41
100 11 35 97 87 94 96 10 40 84 79 83 66 31 0 78 15 68 45 51 68 69 77 9 50 106 71 89 40 102 100 33 72 97 93 76 11 43 64 85 66
47 67 64 41 78 71 57 72 50 38 81 6 24 67 78 0 81 82 33 48 81 44 21 86 31 59 95 89 50 51 45 75 8 69 91 21 71 45 25 8 44
95 21 25 92 76 84 91 10 35 79 66 86 74 21 15 81 0 54 52 46 54 64 76 11 51 101 57 76 35 97 95 19 78 88 80 75 11 40 72 88 61
67 66 34 67 25 38 54 58 40 56 13 82 92 37 68 82 54 0 72 36 1 40 64 65 56 64 13 22 40 66 68 35 84 43 26 63 57 44 90 82 39
69 34 44 63 80 77 73 42 33 54 77 39 22 45 45 33 52 72 0 38 71 48 40 54 19 80 83 87 33 73 67 54 27 78 91 39 41 28 20 41 46
51 44 22 48 42 43 46 41 11 35 39 50 57 25 51 48 46 36 38 0 35 19 34 55 21 56 48 49 11 52 51 33 49 46 53 33 40 11 55 51 16
66 66 34 66 24 37 53 58 39 55 12 81 91 37 68 81 54 1 71 35 0 39 63 65 55 63 14 22 39 65 67 35 83 42 26 62 57 43 89 81 38
32 62 40 30 34 29 27 59 29 17 37 43 61 44 69 44 64 40 48 19 39 0 25 73 29 37 53 45 29 33 32 51 49 30 47 24 58 28 60 43 3
30 67 55 24 58 50 36 69 41 17 62 18 42 58 77 21 76 64 40 34 63 25 0 83 27 42 77 69 41 34 28 66 27 48 71 1 68 36 43 18 25
104 20 36 101 87 95 100 14 44 88 77 91 75 32 9 86 11 65 54 55 65 73 83 0 57 110 68 87 44 106 104 30 81 99 91 82 15 48 73 93 70
53 40 33 48 61 58 55 43 19 37 59 35 36 36 50 31 51 56 19 21 55 29 27 57 0 63 68 69 19 56 52 44 30 59 73 26 42 14 34 37 27
12 99 76 18 42 28 10 96 66 26 54 54 83 80 106 59 101 64 80 56 63 37 42 110 63 0 77 54 66 8 14 86 67 23 54 42 95 65 84 52 40
80 72 41 80 35 49 67 62 50 69 23 95 104 43 71 95 57 13 83 48 14 53 77 68 68 77 0 28 50 79 81 38 97 54 32 76 62 55 102 95 52
60 86 54 63 12 26 46 79 56 55 10 87 104 58 89 89 76 22 87 49 22 45 69 87 69 54 28 0 56 58 62 57 93 31 4 69 78 59 103 87 45
60 33 14 57 51 54 56 30 0 44 46 53 54 17 40 50 35 40 33 11 39 29 41 44 19 66 50 56 0 62 60 25 49 57 60 40 29 5 52 55 26
4 95 73 10 46 32 12 92 62 19 56 46 75 77 102 51 97 66 73 52 65 33 34 106 56 8 79 58 62 0 6 84 59 27 58 34 91 60 76 44 36
2 92 72 4 50 37 17 90 60 16 60 40 69 76 100 45 95 68 67 51 67 32 28 104 52 14 81 62 60 6 0 83 53 32 63 28 89 57 70 38 35
83 34 11 80 57 66 76 24 25 67 47 78 76 9 33 75 19 35 54 33 35 51 66 30 44 86 38 57 25 84 83 0 74 71 61 65 24 30 74 80 48
55 61 63 49 83 76 63 68 49 44 85 14 16 66 72 8 78 84 27 49 83 49 27 81 30 67 97 93 49 59 53 74 0 75 96 27 67 44 17 16 48
30 90 63 34 19 5 15 87 57 31 31 66 90 67 97 69 88 43 78 46 42 30 48 99 59 23 54 31 57 27 32 71 75 0 31 48 86 57 90 65 33
61 90 58 64 13 26 46 83 60 56 14 89 107 62 93 91 80 26 91 53 26 47 71 91 73 54 32 4 60 58 63 61 96 31 0 70 82 63 107 89 48
30 66 54 24 57 50 36 68 40 17 61 19 42 57 76 21 75 63 39 33 62 24 1 82 26 42 76 69 40 34 28 65 27 48 70 0 67 35 42 19 24
89 10 24 86 76 83 85 1 29 73 68 76 63 20 11 71 11 57 41 40 57 58 68 15 42 95 62 78 29 91 89 24 67 86 82 67 0 33 61 78 55
57 35 19 54 53 54 55 34 5 41 49 48 49 22 43 45 40 44 28 11 43 28 36 48 14 65 55 59 5 60 57 30 44 57 63 35 33 0 47 50 25
72 53 64 66 94 89 78 62 52 59 93 31 2 65 64 25 72 90 20 55 89 60 43 73 34 84 102 103 52 76 70 74 17 90 107 42 61 47 0 33 59
40 74 69 35 76 67 52 79 55 34 80 2 32 72 85 8 88 82 41 51 81 43 18 93 37 52 95 87 55 44 38 80 16 65 89 19 78 50 33 0 43
35 59 37 32 35 31 30 56 26 19 37 43 59 41 66 44 61 39 46 16 38 3 25 70 27 40 52 45 26 36 35 48 48 33 48 24 55 25 59 43 0
0 1290
170 859
67 764
722 1290
185 478
296 990
246 932
351 750
194 698
469 955
105 497
746 1016
481 913
111 810
578 1290
459 858
120 428
603 1086
417 841
189 831
51 416
729 1290
170 719
608 1080
488 1075
348 1087
620 1249
601 1273
638 1204
470 1098
64 796
508 1016
49 727
451 1124
685 988
295 841
576 1290
169 764
83 413
651 989
350 1009
