41
0 30 77 97 87 73 41 19 42 50 57 64 83 78 32 36 29 15 95 71 41 31 19 46 74 96 78 48 43 79 66 84 27 41 80 40 47 80 63 47 70
30 0 48 68 58 45 18 13 39 28 37 38 53 60 10 8 15 23 67 45 36 9 11 27 56 67 61 25 41 49 40 54 32 11 51 32 55 50 33 61 41
77 48 0 41 37 38 51 61 54 30 31 15 16 38 51 41 58 64 19 11 51 52 58 34 37 19 41 52 56 20 13 28 76 40 34 72 72 13 24 84 32
97 68 41 0 11 26 59 78 90 66 71 55 25 79 65 66 72 91 45 52 87 66 79 70 78 36 82 54 92 23 53 15 87 57 17 76 108 28 36 120 27
87 58 37 11 0 15 48 68 84 60 66 50 22 75 55 57 62 81 47 48 81 56 69 64 74 39 78 43 86 18 48 9 76 47 7 65 102 24 27 114 17
73 45 38 26 15 0 33 54 75 51 59 45 26 74 41 45 47 68 51 47 72 42 56 55 72 44 77 28 77 20 44 16 61 34 9 50 93 27 18 103 6
41 18 51 59 48 33 0 22 57 42 51 47 50 73 9 24 14 38 70 53 54 10 24 42 70 67 75 7 59 45 48 46 29 13 42 21 73 48 29 78 32
19 13 61 78 68 54 22 0 41 39 47 50 66 70 13 20 11 18 80 57 39 12 4 36 66 80 71 29 43 61 52 65 21 23 61 28 54 63 45 58 51
42 39 54 90 84 75 57 41 0 24 25 39 67 40 49 33 51 27 69 45 3 48 37 20 36 73 39 64 2 67 41 76 62 45 77 69 18 64 57 30 69
50 28 30 66 60 51 42 39 24 0 9 15 43 32 37 20 43 35 46 22 21 37 35 4 28 49 33 48 26 43 17 52 60 29 53 60 42 40 33 54 45
57 37 31 71 66 59 51 47 25 9 0 16 46 23 46 29 52 42 44 20 22 46 43 11 19 48 24 57 26 48 18 57 68 38 60 69 43 43 41 54 53
64 38 15 55 50 45 47 50 39 15 16 0 30 29 45 30 51 50 31 7 36 45 47 19 27 34 32 50 41 32 2 41 69 34 44 67 57 27 27 69 39
83 53 16 25 22 26 50 66 67 43 46 30 0 54 54 48 61 73 25 27 64 55 64 47 53 18 57 49 69 6 28 13 79 43 20 71 85 3 21 97 22
78 60 38 79 75 74 73 70 40 32 23 29 54 0 69 52 75 63 40 27 39 69 66 34 4 48 4 79 40 58 30 66 91 60 72 92 53 51 56 65 68
32 10 51 65 55 41 9 13 49 37 46 45 54 69 0 17 7 29 70 51 46 1 15 36 65 69 70 16 51 49 46 52 25 11 48 23 64 52 33 69 38
36 8 41 66 57 45 24 20 33 20 29 30 48 52 17 0 23 25 60 37 30 17 17 19 48 60 53 31 35 45 32 51 40 12 50 40 51 45 30 59 40
29 15 58 72 62 47 14 11 51 43 52 51 61 75 7 23 0 29 77 58 49 6 15 42 71 76 76 21 53 56 53 59 18 18 55 18 65 59 40 69 45
15 23 64 91 81 68 38 18 27 35 42 50 73 63 29 25 29 0 81 57 26 28 14 31 59 83 63 45 28 70 52 76 36 34 74 46 36 70 55 40 64
95 67 19 45 47 51 70 80 69 46 44 31 25 40 70 60 77 81 0 24 66 71 77 50 42 9 44 70 70 31 29 38 95 59 45 91 87 24 42 98 46
71 45 11 52 48 47 53 57 45 22 20 7 27 27 51 37 58 57 24 0 42 52 54 26 26 28 30 56 46 31 5 39 76 40 45 73 63 24 30 74 41
41 36 51 87 81 72 54 39 3 21 22 36 64 39 46 30 49 26 66 42 0 45 35 17 35 70 38 61 5 64 38 73 60 42 74 67 21 61 54 33 66
31 9 52 66 56 42 10 12 48 37 46 45 55 69 1 17 6 28 71 52 45 0 14 36 65 70 70 17 50 50 47 53 24 12 49 23 63 53 34 68 39
19 11 58 79 69 56 24 4 37 35 43 47 64 66 15 17 15 14 77 54 35 14 0 32 62 77 67 31 39 60 49 65 25 22 62 32 50 61 44 54 52
46 27 34 70 64 55 42 36 20 4 11 19 47 34 36 19 42 31 50 26 17 36 32 0 30 53 35 48 22 47 21 56 57 29 57 59 38 44 37 50 49
74 56 37 78 74 72 70 66 36 28 19 27 53 4 65 48 71 59 42 26 35 65 62 30 0 50 5 76 36 57 28 65 87 57 71 88 49 50 54 61 66
96 67 19 36 39 44 67 80 73 49 48 34 18 48 69 60 76 83 9 28 70 70 77 53 50 0 52 66 74 24 32 31 94 58 38 88 91 19 38 102 40
78 61 41 82 78 77 75 71 39 33 24 32 57 4 70 53 76 63 44 30 38 70 67 35 5 52 0 81 39 61 33 69 92 62 75 93 50 54 59 62 71
48 25 52 54 43 28 7 29 64 48 57 50 49 79 16 31 21 45 70 56 61 17 31 48 76 66 81 0 66 43 51 42 33 19 37 22 80 47 28 85 28
43 41 56 92 86 77 59 43 2 26 26 41 69 40 51 35 53 28 70 46 5 50 39 22 36 74 39 66 0 69 43 78 64 47 79 71 17 66 59 28 71
79 49 20 23 18 20 45 61 67 43 48 32 6 58 49 45 56 70 31 31 64 50 60 47 57 24 61 43 69 0 30 9 74 38 14 65 85 7 16 97 16
66 40 13 53 48 44 48 52 41 17 18 2 28 30 46 32 53 52 29 5 38 47 49 21 28 32 33 51 43 30 0 39 71 35 43 68 59 25 27 71 38
84 54 28 15 9 16 46 65 76 52 57 41 13 66 52 51 59 76 38 39 73 53 65 56 65 31 69 42 78 9 39 0 75 43 7 64 94 15 21 106 14
27 32 76 87 76 61 29 21 62 60 68 69 79 91 25 40 18 36 95 76 60 24 25 57 87 94 92 33 64 74 71 75 0 36 70 15 72 77 58 74 61
41 11 40 57 47 34 13 23 45 29 38 34 43 60 11 12 18 34 59 40 42 12 22 29 57 58 62 19 47 38 35 43 36 0 40 33 63 41 22 71 30
80 51 34 17 7 9 42 61 77 53 60 44 20 72 48 50 55 74 45 45 74 49 62 57 71 38 75 37 79 14 43 7 70 40 0 59 95 21 20 107 10
40 32 72 76 65 50 21 28 69 60 69 67 71 92 23 40 18 46 91 73 67 23 32 59 88 88 93 22 71 65 68 64 15 33 59 0 82 69 50 85 50
47 55 72 108 102 93 73 54 18 42 43 57 85 53 64 51 65 36 87 63 21 63 50 38 49 91 50 80 17 85 59 94 72 63 95 82 0 82 75 12 87
80 50 13 28 24 27 48 63 64 40 43 27 3 51 52 45 59 70 24 24 61 53 61 44 50 19 54 47 66 7 25 15 77 41 21 69 82 0 19 94 22
63 33 24 36 27 18 29 45 57 33 41 27 21 56 33 30 40 55 42 30 54 34 44 37 54 38 59 28 59 16 27 21 58 22 20 50 75 19 0 87 12
47 61 84 120 114 103 78 58 30 54 54 69 97 65 69 59 69 40 98 74 33 68 54 50 61 102 62 85 28 97 71 106 74 71 107 85 12 94 87 0 98
70 41 32 27 17 6 32 51 69 45 53 39 22 68 38 40 45 64 46 41 66 39 52 49 66 40 71 28 71 16 38 14 61 30 10 50 87 22 12 98 0
0 1095
210 410
360 564
197 326
703 828
595 708
863 1045
116 345
843 1007
378 614
362 568
83 346
848 963
616 859
475 609
155 346
781 1054
320 588
39 365
404 626
583 885
340 586
844 1095
766 958
779 1003
510 817
312 452
476 642
444 719
697 853
425 609
60 272
696 1012
58 345
605 825
872 1095
602 815
572 873
198 472
151 397
45 219
