41
0 55 41 58 48 63 20 77 25 33 38 14 29 30 45 53 67 23 38 49 35 43 48 26 70 74 50 18 52 42 16 72 58 49 43 69 57 74 58 90 64
55 0 47 11 33 9 43 23 54 59 32 42 84 85 19 78 81 49 93 27 88 48 56 42 40 21 71 40 55 39 40 22 4 83 50 20 83 83 38 40 76
41 47 0 41 66 50 48 60 19 15 15 41 60 63 54 31 35 18 72 62 57 2 10 54 36 57 24 26 11 9 39 51 47 37 72 48 36 39 24 65 30
58 11 41 0 44 9 49 20 52 54 27 46 85 87 30 72 74 47 96 38 88 42 50 49 29 17 65 40 47 32 44 14 8 78 61 11 77 74 28 32 69
48 33 66 44 0 41 28 54 62 69 52 35 74 74 14 91 101 57 80 6 83 68 76 22 72 52 86 44 76 59 33 55 37 92 20 53 96 104 66 72 96
63 9 50 9 41 0 52 14 59 62 35 50 92 93 28 81 83 54 101 35 95 51 59 51 36 12 74 47 56 41 48 14 5 86 59 12 86 83 36 32 78
20 43 48 49 28 52 0 66 38 46 40 8 46 47 28 68 80 34 53 29 55 50 57 6 70 64 63 22 59 46 9 63 47 66 24 60 73 86 60 81 76
77 23 60 20 54 14 66 0 71 73 46 64 105 107 42 90 90 67 115 48 108 60 67 65 37 3 83 60 63 51 62 10 19 97 73 12 95 88 41 19 85
25 54 19 52 62 59 38 71 0 8 25 30 41 44 53 30 42 5 53 60 39 21 23 44 53 68 25 18 28 24 30 63 55 30 62 60 35 49 41 79 39
33 59 15 54 69 62 46 73 8 0 27 38 46 49 60 22 34 12 58 67 42 17 17 52 51 70 17 25 23 24 38 65 59 24 70 62 27 41 39 80 31
38 32 15 27 52 35 40 46 25 27 0 34 64 66 39 46 49 21 75 48 64 16 24 44 32 43 39 20 24 7 32 38 32 51 61 35 51 52 20 54 44
14 42 41 46 35 50 8 64 30 38 34 0 42 43 31 60 72 26 51 35 49 43 50 14 64 62 55 15 52 39 2 60 45 58 32 57 65 78 54 78 68
29 84 60 85 74 92 46 105 41 46 64 42 0 3 73 57 74 43 12 75 12 62 63 52 93 102 58 45 69 64 44 99 87 47 64 96 57 83 81 117 72
30 85 63 87 74 93 47 107 44 49 66 43 3 0 74 60 77 46 9 76 15 65 66 52 96 104 61 47 72 67 45 101 88 50 63 98 60 86 84 119 75
45 19 54 30 14 28 28 42 53 60 39 31 73 74 0 82 88 48 81 9 80 55 63 25 58 40 76 35 63 46 29 41 23 83 31 39 87 91 52 59 83
53 78 31 72 91 81 68 90 30 22 46 60 57 60 82 0 17 34 68 89 48 30 23 74 62 87 7 47 28 40 60 81 78 12 92 78 5 26 51 92 16
67 81 35 74 101 83 80 90 42 34 49 72 74 77 88 17 0 46 85 97 65 33 25 86 57 87 17 59 27 43 72 81 81 29 104 78 19 9 49 88 5
23 49 18 47 57 54 34 67 5 12 21 26 43 46 48 34 46 0 55 55 43 20 25 40 50 64 29 13 29 21 26 59 50 35 58 56 39 52 38 75 42
38 93 72 96 80 101 53 115 53 58 75 51 12 9 81 68 85 55 0 82 21 74 75 58 105 112 69 56 81 76 53 110 96 58 67 107 68 94 93 128 83
49 27 62 38 6 35 29 48 60 67 48 35 75 76 9 89 97 55 82 0 84 64 72 24 67 46 84 42 72 55 33 49 31 90 25 47 94 100 61 66 92
35 88 57 88 83 95 55 108 39 42 64 49 12 15 80 48 65 43 21 84 0 59 58 61 92 105 50 48 64 63 51 102 90 37 75 99 47 74 80 118 64
43 48 2 42 68 51 50 60 21 17 16 43 62 65 55 30 33 20 74 64 59 0 8 56 35 57 23 28 9 10 41 51 48 37 74 48 35 37 23 64 28
48 56 10 50 76 59 57 67 23 17 24 50 63 66 63 23 25 25 75 72 58 8 0 63 40 64 16 35 6 18 48 58 56 32 81 55 28 29 28 69 20
26 42 54 49 22 51 6 65 44 52 44 14 52 52 25 74 86 40 58 24 61 56 63 0 73 63 69 28 65 51 15 63 46 72 18 60 79 92 63 81 82
70 40 36 29 72 36 70 37 53 51 32 64 93 96 58 62 57 50 105 67 92 35 40 73 0 34 55 52 34 29 62 27 37 72 87 25 67 54 12 31 53
74 21 57 17 52 12 64 3 68 70 43 62 102 104 40 87 87 64 112 46 105 57 64 63 34 0 80 57 60 48 60 7 17 94 71 9 92 85 38 20 82
50 71 24 65 86 74 63 83 25 17 39 55 58 61 76 7 17 29 69 84 50 23 16 69 55 80 0 42 21 33 55 74 71 17 87 71 12 25 44 85 14
18 40 26 40 44 47 22 60 18 25 20 15 45 47 35 47 59 13 56 42 48 28 35 28 52 57 42 0 37 25 13 54 42 48 46 51 52 64 40 72 54
52 55 11 47 76 56 59 63 28 23 24 52 69 72 63 28 27 29 81 72 64 9 6 65 34 60 21 37 0 17 50 54 54 38 83 51 33 28 23 64 22
42 39 9 32 59 41 46 51 24 24 7 39 64 67 46 40 43 21 76 55 63 10 18 51 29 48 33 25 17 0 37 42 38 46 68 39 45 45 17 56 38
16 40 39 44 33 48 9 62 30 38 32 2 44 45 29 60 72 26 53 33 51 41 48 15 62 60 55 13 50 37 0 58 43 59 33 55 65 77 52 76 67
72 22 51 14 55 14 63 10 63 65 38 60 99 101 41 81 81 59 110 49 102 51 58 63 27 7 74 54 54 42 58 0 18 88 72 3 86 79 32 18 76
58 4 47 8 37 5 47 19 55 59 32 45 87 88 23 78 81 50 96 31 90 48 56 46 37 17 71 42 54 38 43 18 0 83 54 16 83 82 36 36 76
49 83 37 78 92 86 66 97 30 24 51 58 47 50 83 12 29 35 58 90 37 37 32 72 72 94 17 48 38 46 59 88 83 0 90 85 10 38 60 101 28
43 50 72 61 20 59 24 73 62 70 61 32 64 63 31 92 104 58 67 25 75 74 81 18 87 71 87 46 83 68 33 72 54 90 0 70 97 110 79 90 100
69 20 48 11 53 12 60 12 60 62 35 57 96 98 39 78 78 56 107 47 99 48 55 60 25 9 71 51 51 39 55 3 16 85 70 0 83 76 29 21 73
57 83 36 77 96 86 73 95 35 27 51 65 57 60 87 5 19 39 68 94 47 35 28 79 67 92 12 52 33 45 65 86 83 10 97 83 0 28 56 97 19
74 83 39 74 104 83 86 88 49 41 52 78 83 86 91 26 9 52 94 100 74 37 29 92 54 85 25 64 28 45 77 79 82 38 110 76 28 0 47 85 11
58 38 24 28 66 36 60 41 41 39 20 54 81 84 52 51 49 38 93 61 80 23 28 63 12 38 44 40 23 17 52 32 36 60 79 29 56 47 0 41 44
90 40 65 32 72 32 81 19 79 80 54 78 117 119 59 92 88 75 128 66 118 64 69 81 31 20 85 72 64 56 76 18 36 101 90 21 97 85 41 0 84
64 76 30 69 96 78 76 85 39 31 44 68 72 75 83 16 5 42 83 92 64 28 20 82 53 82 14 54 22 38 67 76 76 28 100 73 19 11 44 84 0
0 865
401 723
176 592
107 460
334 860
90 522
57 423
397 865
246 542
325 836
239 623
121 482
294 587
330 559
360 793
103 493
276 781
362 865
76 555
312 846
211 642
24 517
274 839
30 473
82 487
20 337
321 865
352 717
28 378
51 410
170 800
427 780
15 531
417 865
260 729
410 865
4 386
83 634
393 816
266 721
212 572
