41
0 72 38 22 32 64 17 48 43 27 10 82 59 75 43 105 21 16 33 83 81 85 43 31 78 87 100 69 80 40 33 43 55 55 77 45 82 40 78 29 65
72 0 38 86 43 8 59 24 60 62 73 81 76 6 42 35 88 58 46 26 35 61 52 58 32 15 32 15 79 66 54 29 23 17 33 27 21 44 15 84 23
38 38 0 58 23 30 22 15 48 24 44 85 67 42 13 72 58 31 29 57 59 76 21 20 56 53 68 31 83 51 17 10 17 22 56 17 44 10 40 59 42
22 86 58 0 45 78 39 64 41 49 14 75 51 89 65 118 5 28 43 94 90 85 65 53 87 101 112 86 73 36 55 60 74 70 86 59 100 62 95 12 76
32 43 23 45 0 35 27 21 25 37 32 62 44 45 36 74 47 17 6 51 49 57 44 37 46 57 68 44 60 28 35 19 33 27 46 16 58 33 52 42 33
64 8 30 78 35 0 51 16 54 54 65 79 71 12 36 42 80 50 39 30 37 60 46 50 34 23 38 14 77 59 46 21 17 9 35 19 25 37 19 77 22
17 59 22 39 27 51 0 35 48 12 26 87 65 63 26 93 38 20 32 76 75 84 26 15 72 74 89 53 85 46 16 30 39 42 72 34 66 23 62 45 58
48 24 15 64 21 16 35 0 44 39 51 75 63 28 26 58 66 36 26 42 44 62 36 35 41 39 54 23 73 48 32 5 13 7 41 5 37 25 32 63 27
43 60 48 41 25 54 48 44 0 60 36 40 19 60 61 82 46 28 19 57 51 44 69 61 48 72 76 66 38 6 60 44 57 48 47 39 79 58 73 31 41
27 62 24 49 37 54 12 39 60 0 37 99 77 66 21 96 48 32 43 81 81 94 17 5 78 76 92 53 97 58 9 34 39 46 78 39 63 19 61 56 64
10 73 44 14 32 65 26 51 36 37 0 74 51 76 51 106 15 15 32 83 80 80 52 41 77 88 100 73 72 32 42 47 60 57 76 46 87 48 82 19 65
82 81 85 75 62 79 87 75 40 99 74 0 24 78 98 88 80 68 56 63 54 27 106 99 53 87 82 93 2 42 97 78 88 76 52 71 102 95 96 63 58
59 76 67 51 44 71 65 63 19 77 51 24 0 73 80 90 56 45 38 65 58 40 88 80 55 84 84 84 22 19 79 63 76 66 54 58 96 77 90 39 53
75 6 42 89 45 12 63 28 60 66 76 78 73 0 48 30 91 61 47 20 29 56 58 62 27 12 26 21 76 65 58 33 29 21 28 30 27 49 21 85 20
43 42 13 65 36 36 26 26 61 21 51 98 80 48 0 77 64 41 42 66 70 87 10 16 67 56 74 32 96 64 13 21 19 30 67 28 42 3 40 69 53
105 35 72 118 74 42 93 58 82 96 106 88 90 30 77 0 121 91 75 25 34 62 87 92 35 21 6 47 86 88 88 63 58 51 36 60 44 79 41 112 42
21 88 58 5 47 80 38 66 46 48 15 80 56 91 64 121 0 30 46 97 94 90 64 52 91 103 115 88 78 41 54 62 75 72 90 61 102 61 97 17 79
16 58 31 28 17 50 20 36 28 32 15 68 45 61 41 91 30 0 17 68 65 69 45 35 62 73 85 58 66 26 35 32 46 42 61 31 72 38 67 28 50
33 46 29 43 6 39 32 26 19 43 32 56 38 47 42 75 46 17 0 51 48 53 50 43 45 59 69 49 54 22 41 25 39 31 44 21 62 39 56 38 33
83 26 57 94 51 30 76 42 57 81 83 63 65 20 66 25 97 68 51 0 10 39 76 77 10 24 19 41 61 63 74 47 47 36 11 42 47 66 41 88 18
81 35 59 90 49 37 75 44 51 81 80 54 58 29 70 34 94 65 48 10 0 29 80 79 3 34 28 50 52 57 76 49 53 40 4 42 56 69 50 82 17
85 61 76 85 57 60 84 62 44 94 80 27 40 56 87 62 90 69 53 39 29 0 97 94 29 63 56 74 26 49 92 66 74 61 28 59 82 86 76 74 38
43 52 21 65 44 46 26 36 69 17 52 106 88 58 10 87 64 45 50 76 80 97 0 12 77 66 84 41 104 70 10 31 29 40 77 38 51 11 50 71 63
31 58 20 53 37 50 15 35 61 5 41 99 80 62 16 92 52 35 43 77 79 94 12 0 76 72 88 48 97 61 4 30 35 42 76 37 58 14 56 60 62
78 32 56 87 46 34 72 41 48 78 77 53 55 27 67 35 91 62 45 10 3 29 77 76 0 34 29 47 51 54 73 46 50 37 1 39 53 66 47 79 14
87 15 53 101 57 23 74 39 72 76 88 87 84 12 56 21 103 73 59 24 34 63 66 72 34 0 20 26 85 77 68 44 37 32 35 42 24 58 20 97 31
100 32 68 112 68 38 89 54 76 92 100 82 84 26 74 6 115 85 69 19 28 56 84 88 29 20 0 45 80 82 84 59 55 47 30 56 44 75 40 106 36
69 15 31 86 44 14 53 23 66 53 73 93 84 21 32 47 88 58 49 41 50 74 41 48 47 26 45 0 91 71 44 26 14 18 48 28 14 34 9 86 36
80 79 83 73 60 77 85 73 38 97 72 2 22 76 96 86 78 66 54 61 52 26 104 97 51 85 80 91 0 40 95 76 86 74 50 69 100 93 94 61 56
40 66 51 36 28 59 46 48 6 58 32 42 19 65 64 88 41 26 22 63 57 49 70 61 54 77 82 71 40 0 60 47 61 53 53 43 84 61 78 25 47
33 54 17 55 35 46 16 32 60 9 42 97 79 58 13 88 54 35 41 74 76 92 10 4 73 68 84 44 95 60 0 27 31 38 73 34 55 10 53 61 59
43 29 10 60 19 21 30 5 44 34 47 78 63 33 21 63 62 32 25 47 49 66 31 30 46 44 59 26 76 47 27 0 14 12 46 7 40 20 35 60 32
55 23 17 74 33 17 39 13 57 39 60 88 76 29 19 58 75 46 39 47 53 74 29 35 50 37 55 14 86 61 31 14 0 13 50 18 27 21 23 74 36
55 17 22 70 27 9 42 7 48 46 57 76 66 21 30 51 72 42 31 36 40 61 40 42 37 32 47 18 74 53 38 12 13 0 37 11 31 30 25 69 23
77 33 56 86 46 35 72 41 47 78 76 52 54 28 67 36 90 61 44 11 4 28 77 76 1 35 30 48 50 53 73 46 50 37 0 39 54 66 48 78 14
45 27 17 59 16 19 34 5 39 39 46 71 58 30 28 60 61 31 21 42 42 59 38 37 39 42 56 28 69 43 34 7 18 11 39 0 42 27 36 58 25
82 21 44 100 58 25 66 37 79 63 87 102 96 27 42 44 102 72 62 47 56 82 51 58 53 24 44 14 100 84 55 40 27 31 54 42 0 45 6 100 44
40 44 10 62 33 37 23 25 58 19 48 95 77 49 3 79 61 38 39 66 69 86 11 14 66 58 75 34 93 61 10 20 21 30 66 27 45 0 43 66 52
78 15 40 95 52 19 62 32 73 61 82 96 90 21 40 41 97 67 56 41 50 76 50 56 47 20 40 9 94 78 53 35 23 25 48 36 6 43 0 94 38
29 84 59 12 42 77 45 63 31 56 19 63 39 85 69 112 17 28 38 88 82 74 71 60 79 97 106 86 61 25 61 60 74 69 78 58 100 66 94 0 70
65 23 42 76 33 22 58 27 41 64 65 58 53 20 53 42 79 50 33 18 17 38 63 62 14 31 36 36 56 47 59 32 36 23 14 25 44 52 38 70 0
0 1490
143 546
788 1076
929 1448
203 845
522 871
222 756
519 787
318 578
662 1034
742 984
315 964
16 539
519 1090
1004 1305
754 1220
657 1253
409 677
259 637
603 977
554 1221
263 721
339 866
803 1135
75 705
513 837
479 921
61 460
832 1329
387 998
20 504
249 778
939 1397
125 779
542 1170
437 957
417 876
673 1138
629 967
1028 1399
305 921
