41
0 92 34 40 54 72 50 41 56 50 24 40 77 24 9 70 101 76 67 64 35 84 70 48 86 47 45 81 36 57 81 38 77 41 29 58 96 27 42 18 51
92 0 80 81 41 28 51 87 43 84 91 87 19 70 86 52 57 18 38 58 57 8 52 92 39 78 103 11 70 41 16 67 16 95 72 50 41 102 96 83 67
34 80 0 6 39 55 58 10 38 16 55 69 75 21 39 43 74 72 47 79 42 72 43 77 63 13 24 69 56 40 67 56 64 72 11 68 101 23 73 47 71
40 81 6 0 40 55 64 6 38 10 61 75 77 27 45 40 70 74 47 85 48 73 40 83 61 7 22 70 62 40 67 62 65 78 17 74 104 27 79 53 77
54 41 39 40 0 18 38 46 4 43 62 67 38 30 52 24 51 34 14 58 30 33 24 75 33 37 62 30 49 3 28 47 25 74 31 46 67 61 75 54 58
72 28 55 55 18 0 47 61 17 57 78 81 32 48 70 24 40 28 10 64 45 20 24 88 20 51 77 17 63 16 13 60 12 89 48 53 61 77 90 70 67
50 51 58 64 38 47 0 68 42 71 41 36 32 37 41 62 87 33 50 21 16 46 62 43 67 65 81 44 19 41 47 16 43 44 47 10 46 71 45 36 20
41 87 10 6 46 61 68 0 44 11 64 78 83 31 48 45 75 80 53 89 52 79 45 86 66 12 16 76 66 46 73 66 71 81 21 78 110 23 82 56 81
56 43 38 38 4 17 42 44 0 41 65 71 41 32 55 20 48 37 11 62 34 35 20 79 30 35 60 32 53 2 29 51 27 78 31 50 70 60 79 57 62
50 84 16 10 43 57 71 11 41 0 71 85 81 36 55 37 65 77 47 92 56 76 37 93 58 6 24 73 71 43 70 71 68 88 26 81 109 34 89 63 86
24 91 55 61 62 78 41 64 65 71 0 17 73 37 16 82 113 73 76 49 34 85 82 24 95 66 69 82 22 65 83 25 79 17 46 45 84 51 18 8 34
40 87 69 75 67 81 36 78 71 85 17 0 68 49 31 90 118 69 81 37 37 82 90 8 100 79 84 80 18 70 83 21 79 8 59 38 74 67 9 22 22
77 19 75 77 38 32 32 83 41 81 73 68 0 59 71 56 69 4 41 39 42 18 56 73 49 75 99 17 51 39 24 48 21 76 64 31 29 93 77 67 48
24 70 21 27 30 48 37 31 32 36 37 49 59 0 24 47 78 57 43 58 21 62 47 57 62 30 44 59 35 33 58 35 54 53 10 47 82 34 54 29 50
9 86 39 45 52 70 41 48 55 55 16 31 71 24 0 71 102 70 66 55 29 79 71 39 85 52 53 76 27 55 77 29 73 33 32 49 87 36 34 9 42
70 52 43 40 24 24 62 45 20 37 82 90 56 47 71 0 31 52 15 82 53 44 0 98 21 33 61 41 72 21 37 70 36 97 41 70 85 66 98 74 82
101 57 74 70 51 40 87 75 48 65 113 118 69 78 102 31 0 66 37 104 81 52 31 126 20 63 89 52 100 48 45 98 49 125 72 93 96 97 126 105 107
76 18 72 74 34 28 33 80 37 77 73 69 4 57 70 52 66 0 37 42 41 15 52 75 46 71 96 14 52 35 21 49 17 77 62 33 33 91 78 67 50
67 38 47 47 14 10 50 53 11 47 76 81 41 43 66 15 37 37 0 69 44 30 15 89 19 42 69 27 63 11 23 61 22 88 42 57 70 70 89 68 70
64 58 79 85 58 64 21 89 62 92 49 37 39 58 55 82 104 42 69 0 37 57 82 39 84 86 102 56 28 61 61 27 57 45 68 12 37 90 46 47 15
35 57 42 48 30 45 16 52 34 56 34 37 42 21 29 53 81 41 44 37 0 51 53 45 63 50 65 48 19 33 49 17 45 44 31 26 62 55 45 26 31
84 8 72 73 33 20 46 79 35 76 85 82 18 62 79 44 52 15 30 57 51 0 44 89 33 70 95 3 65 33 8 62 8 90 64 48 44 94 91 77 65
70 52 43 40 24 24 62 45 20 37 82 90 56 47 71 0 31 52 15 82 53 44 0 98 21 33 61 41 72 21 37 70 36 97 41 70 85 66 98 74 82
48 92 77 83 75 88 43 86 79 93 24 8 73 57 39 98 126 75 89 39 45 89 98 0 107 87 92 87 26 78 90 28 86 8 67 42 76 75 8 30 25
86 39 63 61 33 20 67 66 30 58 95 100 49 62 85 21 20 46 19 84 63 33 21 107 0 54 82 32 82 30 25 79 29 107 60 73 77 86 108 87 87
47 78 13 7 37 51 65 12 35 6 66 79 75 30 52 33 63 71 42 86 50 70 33 87 54 0 28 67 65 37 64 65 62 83 20 75 103 34 84 58 80
45 103 24 22 62 77 81 16 60 24 69 84 99 44 53 61 89 96 69 102 65 95 61 92 82 28 0 92 77 62 89 77 87 86 35 91 125 18 87 62 92
81 11 69 70 30 17 44 76 32 73 82 80 17 59 76 41 52 14 27 56 48 3 41 87 32 67 92 0 62 30 7 59 5 88 61 46 45 91 89 74 63
36 70 56 62 49 63 19 66 53 71 22 18 51 35 27 72 100 52 63 28 19 65 72 26 82 65 77 62 0 52 65 3 61 26 45 23 62 63 27 19 15
57 41 40 40 3 16 41 46 2 43 65 70 39 33 55 21 48 35 11 61 33 33 21 78 30 37 62 30 52 0 27 50 25 77 32 49 68 62 78 57 61
81 16 67 67 28 13 47 73 29 70 83 83 24 58 77 37 45 21 23 61 49 8 37 90 25 64 89 7 65 27 0 62 4 91 59 50 52 89 92 75 67
38 67 56 62 47 60 16 66 51 71 25 21 48 35 29 70 98 49 61 27 17 62 70 28 79 65 77 59 3 50 62 0 58 29 45 21 60 64 30 21 15
77 16 64 65 25 12 43 71 27 68 79 79 21 54 73 36 49 17 22 57 45 8 36 86 29 62 87 5 61 25 4 58 0 87 56 46 50 86 88 71 63
41 95 72 78 74 89 44 81 78 88 17 8 76 53 33 97 125 77 88 45 44 90 97 8 107 83 86 88 26 77 91 29 87 0 63 46 82 68 1 25 30
29 72 11 17 31 48 47 21 31 26 46 59 64 10 32 41 72 62 42 68 31 64 41 67 60 20 35 61 45 32 59 45 56 63 0 57 90 30 64 38 60
58 50 68 74 46 53 10 78 50 81 45 38 31 47 49 70 93 33 57 12 26 48 70 42 73 75 91 46 23 49 50 21 46 46 57 0 39 81 47 42 17
96 41 101 104 67 61 46 110 70 109 84 74 29 82 87 85 96 33 70 37 62 44 85 76 77 103 125 45 62 68 52 60 50 82 90 39 0 116 83 81 52
27 102 23 27 61 77 71 23 60 34 51 67 93 34 36 66 97 91 70 90 55 94 66 75 86 34 18 91 63 62 89 64 86 68 30 81 116 0 69 45 78
42 96 73 79 75 90 45 82 79 89 18 9 77 54 34 98 126 78 89 46 45 91 98 8 108 84 87 89 27 78 92 30 88 1 64 47 83 69 0 26 31
18 83 47 53 54 70 36 56 57 63 8 22 67 29 9 74 105 67 68 47 26 77 74 30 87 58 62 74 19 57 75 21 71 25 38 42 81 45 26 0 34
51 67 71 77 58 67 20 81 62 86 34 22 48 50 42 82 107 50 70 15 31 65 82 25 87 80 92 63 15 61 67 15 63 30 60 17 52 78 31 34 0
0 1490
965 1487
466 736
815 1120
340 948
122 529
980 1490
113 659
945 1490
816 1333
815 1364
599 1155
430 808
991 1433
893 1369
72 728
746 1074
290 571
939 1303
936 1490
1019 1400
656 1213
217 502
654 1158
592 888
997 1490
89 671
622 1199
1038 1490
56 340
1012 1299
592 874
278 808
978 1490
447 826
399 902
345 570
928 1387
36 378
279 608
164 448
