41
0 21 55 19 42 76 73 68 49 37 41 42 24 25 19 77 21 85 56 27 40 81 75 23 46 87 27 62 18 34 79 56 58 50 53 66 46 18 42 23 33
21 0 67 40 54 78 80 79 61 42 42 59 25 42 14 79 38 101 73 48 57 80 80 28 51 94 16 75 30 51 86 63 52 44 66 61 67 37 63 5 50
55 67 0 49 13 40 21 15 6 29 35 22 44 30 73 42 34 35 19 53 21 55 32 39 25 35 58 9 38 26 30 18 53 51 3 52 60 59 45 72 23
19 40 49 0 38 80 69 64 45 43 50 30 36 20 36 82 19 75 45 8 30 89 76 32 51 83 45 55 25 24 78 57 70 62 47 76 27 10 23 42 26
42 54 13 38 0 44 31 26 7 19 26 17 31 18 60 46 21 47 25 43 15 56 39 26 19 45 45 21 25 16 40 20 47 43 12 48 53 48 39 59 13
76 78 40 80 44 0 24 32 40 39 36 60 54 60 89 2 62 61 59 86 59 15 11 54 30 27 64 46 58 60 20 24 35 40 43 27 97 88 83 83 57
73 80 21 69 31 24 0 8 24 38 40 43 55 49 90 26 52 37 37 73 42 39 14 53 29 14 67 22 55 46 9 17 51 53 24 46 81 79 66 85 43
68 79 15 64 26 32 8 0 19 38 42 36 55 44 86 34 47 31 29 67 35 47 22 51 31 21 68 14 51 40 17 19 55 55 17 52 74 74 59 84 38
49 61 6 45 7 40 24 19 0 23 29 21 38 25 67 42 28 41 22 49 19 53 33 33 20 38 52 15 32 22 33 16 48 46 6 49 58 55 43 66 19
37 42 29 43 19 39 38 38 23 0 7 34 17 25 52 40 24 64 44 50 32 46 38 15 9 52 30 38 19 30 44 21 29 24 29 33 66 49 53 47 27
41 42 35 50 26 36 40 42 29 7 0 41 18 32 53 37 31 70 51 57 39 40 38 18 11 53 28 44 25 37 45 23 22 17 35 26 73 55 60 47 34
42 59 22 30 17 60 43 36 21 34 41 0 41 17 61 62 21 45 15 32 2 73 54 36 36 57 55 25 30 8 52 36 63 58 19 65 38 40 23 62 9
24 25 44 36 31 54 55 55 38 17 18 41 0 25 35 55 21 78 54 44 39 58 55 5 26 69 14 52 12 34 61 38 35 27 43 42 63 40 52 30 32
25 42 30 20 18 60 49 44 25 25 32 17 25 0 44 62 4 60 31 26 15 69 56 20 31 63 38 37 13 9 58 37 54 48 28 58 41 30 28 45 8
19 14 73 36 60 89 90 86 67 52 53 61 35 44 0 90 40 104 75 42 59 93 90 37 61 104 30 81 35 53 96 73 66 58 72 75 60 29 59 11 52
77 79 42 82 46 2 26 34 42 40 37 62 55 62 90 0 63 63 61 88 61 13 13 55 31 29 64 48 59 62 22 26 33 39 45 25 99 89 85 84 59
21 38 34 19 21 62 52 47 28 24 31 21 21 4 40 63 0 64 35 26 19 70 58 16 32 66 34 41 9 13 61 39 53 46 32 57 42 27 31 41 12
85 101 35 75 47 61 37 31 41 64 70 45 78 60 104 63 64 0 30 75 46 76 51 73 60 40 92 26 72 52 43 49 86 85 35 83 74 85 61 105 52
56 73 19 45 25 59 37 29 22 44 51 15 54 31 75 61 35 30 0 45 16 74 51 49 42 49 68 15 44 22 46 37 70 68 16 71 46 55 31 76 23
27 48 53 8 43 86 73 67 49 50 57 32 44 26 42 88 26 75 45 0 32 95 82 40 57 87 53 57 33 27 82 63 78 70 50 83 19 13 17 50 30
40 57 21 30 15 59 42 35 19 32 39 2 39 15 59 61 19 46 16 32 0 71 52 34 34 56 53 25 28 6 51 35 61 56 18 63 39 40 24 60 7
81 80 55 89 56 15 39 47 53 46 40 73 58 69 93 13 70 76 74 95 71 0 26 58 38 42 64 61 65 72 35 37 28 36 58 19 109 95 95 84 69
75 80 32 76 39 11 14 22 33 38 38 54 55 56 90 13 58 51 51 82 52 26 0 53 29 17 66 36 57 55 9 19 42 46 35 36 91 85 76 85 52
23 28 39 32 26 54 53 51 33 15 18 36 5 20 37 55 16 73 49 40 34 58 53 0 24 67 19 47 7 29 59 36 38 30 38 44 58 37 47 33 27
46 51 25 51 19 30 29 31 20 9 11 36 26 31 61 31 32 60 42 57 34 38 29 24 0 43 38 34 28 34 35 12 28 26 26 29 71 58 57 56 31
87 94 35 83 45 27 14 21 38 52 53 57 69 63 104 29 66 40 49 87 56 42 17 67 43 0 81 34 69 60 8 31 59 63 38 53 95 93 80 99 57
27 16 58 45 45 64 67 68 52 30 28 55 14 38 30 64 34 92 68 53 53 64 66 19 38 81 0 66 25 47 73 50 36 28 57 45 72 45 65 20 46
62 75 9 55 21 46 22 14 15 38 44 25 52 37 81 48 41 26 15 57 25 61 36 47 34 34 66 0 46 31 31 26 62 60 9 60 61 65 46 80 29
18 30 38 25 25 58 55 51 32 19 25 30 12 13 35 59 9 72 44 33 28 65 57 7 28 69 25 46 0 22 61 38 45 37 37 51 51 30 40 34 21
34 51 26 24 16 60 46 40 22 30 37 8 34 9 53 62 13 52 22 27 6 72 55 29 34 60 47 31 22 0 55 36 59 54 23 63 37 34 23 54 3
79 86 30 78 40 20 9 17 33 44 45 52 61 58 96 22 61 43 46 82 51 35 9 59 35 8 73 31 61 55 0 23 51 55 33 45 90 88 75 91 52
56 63 18 57 20 24 17 19 16 21 23 36 38 37 73 26 39 49 37 63 35 37 19 36 12 31 50 26 38 36 23 0 37 36 21 34 73 66 59 68 33
58 52 53 70 47 35 51 55 48 29 22 63 35 54 66 33 53 86 70 78 61 28 42 38 28 59 36 62 45 59 51 37 0 8 54 9 95 75 82 56 56
50 44 51 62 43 40 53 55 46 24 17 58 27 48 58 39 46 85 68 70 56 36 46 30 26 63 28 60 37 54 55 36 8 0 52 17 88 67 76 48 51
53 66 3 47 12 43 24 17 6 29 35 19 43 28 72 45 32 35 16 50 18 58 35 38 26 38 57 9 37 23 33 21 54 52 0 55 57 57 42 71 21
66 61 52 76 48 27 46 52 49 33 26 65 42 58 75 25 57 83 71 83 63 19 36 44 29 53 45 60 51 63 45 34 9 17 55 0 99 81 86 65 60
46 67 60 27 53 97 81 74 58 66 73 38 63 41 60 99 42 74 46 19 39 109 91 58 71 95 72 61 51 37 90 73 95 88 57 99 0 31 15 69 40
18 37 59 10 48 88 79 74 55 49 55 40 40 30 29 89 27 85 55 13 40 95 85 37 58 93 45 65 30 34 88 66 75 67 57 81 31 0 30 38 36
42 63 45 23 39 83 66 59 43 53 60 23 52 28 59 85 31 61 31 17 24 95 76 47 57 80 65 46 40 23 75 59 82 76 42 86 15 30 0 65 26
23 5 72 42 59 83 85 84 66 47 47 62 30 45 11 84 41 105 76 50 60 84 85 33 56 99 20 80 34 54 91 68 56 48 71 65 69 38 65 0 53
33 50 23 26 13 57 43 38 19 27 34 9 32 8 52 59 12 52 23 30 7 69 52 27 31 57 46 29 21 3 52 33 56 51 21 60 40 36 26 53 0
0 1825
1061 1340
1014 1361
664 871
1109 1533
352 832
913 1179
1364 1613
576 1091
682 1070
1084 1309
1385 1825
639 1044
668 1146
377 770
1349 1605
1400 1741
249 590
1159 1526
202 420
754 1238
1320 1739
621 907
423 793
89 567
781 1129
198 666
964 1349
1015 1321
628 1110
27 412
873 1151
1390 1594
542 1015
249 636
219 515
858 1101
1188 1683
233 628
249 438
1349 1825
