41
0 60 87 60 78 14 60 78 55 64 75 79 69 70 64 74 66 36 64 7 97 52 49 65 39 36 72 61 57 83 50 90 48 91 26 66 11 88 82 63 68
60 0 58 36 79 67 35 21 28 52 97 61 12 62 5 15 40 50 36 67 60 9 41 18 48 29 90 10 19 47 16 76 58 65 74 41 52 40 89 12 35
87 58 0 28 41 82 29 74 36 25 68 14 69 26 63 54 22 52 26 94 15 56 38 40 49 78 60 48 41 11 71 24 46 7 82 22 87 31 51 46 24
60 36 28 0 43 57 1 57 9 16 64 27 48 26 41 38 6 27 4 67 37 31 12 21 24 50 56 27 17 23 46 42 28 33 57 7 59 32 53 26 8
78 79 41 43 0 68 44 99 52 27 28 27 91 18 84 80 40 42 44 84 56 74 41 63 41 87 20 70 60 48 87 22 30 37 60 39 82 68 10 68 46
14 67 82 57 68 0 57 87 56 58 62 73 77 63 72 80 63 30 61 18 94 58 45 68 33 48 59 66 60 80 60 83 40 85 12 62 25 89 70 68 65
60 35 29 1 44 57 0 56 8 17 65 28 47 27 40 37 7 27 4 67 38 30 12 20 24 49 57 26 16 23 45 43 29 34 57 8 58 32 54 25 8
78 21 74 57 99 87 56 0 49 72 118 80 10 82 16 20 59 71 55 83 72 30 62 36 69 42 111 30 40 63 28 95 79 81 95 60 68 48 109 31 54
55 28 36 9 52 56 8 49 0 25 71 35 40 35 33 32 14 28 10 62 44 22 14 16 25 42 63 19 9 29 37 50 32 41 58 15 52 33 62 18 13
64 52 25 16 27 58 17 72 25 0 49 15 64 10 57 53 13 28 17 71 39 47 18 36 25 64 41 43 33 26 62 28 21 27 57 12 66 43 37 41 19
75 97 68 64 28 62 65 118 71 49 0 54 109 42 102 102 62 49 66 80 83 89 57 85 50 95 8 90 80 73 99 50 39 65 51 61 83 92 20 89 68
79 61 14 27 27 73 28 80 35 15 54 0 72 12 66 61 21 43 25 86 29 57 33 44 40 77 46 51 42 22 72 15 35 12 71 20 81 42 37 49 27
69 12 69 48 91 77 47 10 40 64 109 72 0 74 7 17 51 62 47 74 69 21 53 29 60 33 102 22 31 58 19 87 70 76 85 52 59 45 101 23 46
70 62 26 26 18 63 27 82 35 10 42 12 74 0 67 63 23 34 27 77 41 57 27 46 31 73 34 53 43 31 72 20 23 24 59 22 73 50 28 51 29
64 5 63 41 84 72 40 16 33 57 102 66 7 67 0 14 45 55 41 70 64 14 46 23 53 30 95 15 24 52 16 81 63 70 79 46 55 42 94 17 40
74 15 54 38 80 80 37 20 32 53 102 61 17 63 14 0 40 59 36 81 52 22 46 17 56 44 94 14 23 43 30 76 64 61 86 41 67 28 90 14 35
66 40 22 6 40 63 7 59 14 13 62 21 51 23 45 40 0 33 4 73 31 36 18 23 30 56 54 30 21 17 51 36 31 27 63 1 65 30 50 28 6
36 50 52 27 42 30 27 71 28 28 49 43 62 34 55 59 33 0 31 43 64 42 15 44 3 46 43 45 36 50 51 54 12 55 30 32 40 59 48 45 35
64 36 26 4 44 61 4 55 10 17 66 25 47 27 41 36 4 31 0 71 34 32 16 19 28 52 58 26 17 19 47 40 32 31 61 5 62 28 54 24 4
7 67 94 67 84 18 67 83 62 71 80 86 74 77 70 81 73 43 71 0 104 59 56 72 46 41 77 68 64 90 55 97 55 98 29 73 15 95 88 70 75
97 60 15 37 56 94 38 72 44 39 83 29 69 41 64 52 31 64 34 104 0 61 49 42 61 84 75 50 46 15 75 36 60 19 94 32 96 24 66 48 31
52 9 56 31 74 58 30 30 22 47 89 57 21 57 14 22 36 42 32 59 61 0 33 19 40 24 82 11 15 47 15 72 50 62 65 37 45 41 83 13 32
49 41 38 12 41 45 12 62 14 18 57 33 53 27 46 46 18 15 16 56 49 33 0 30 12 46 49 33 23 35 46 46 18 42 45 17 49 44 50 32 20
65 18 40 21 63 68 20 36 16 36 85 44 29 46 23 17 23 44 19 72 42 19 30 0 41 43 77 8 8 29 33 59 48 47 72 24 61 23 73 6 18
39 48 49 24 41 33 24 69 25 25 50 40 60 31 53 56 30 3 28 46 61 40 12 41 0 46 44 42 33 47 49 51 12 52 33 29 42 56 48 42 32
36 29 78 50 87 48 49 42 42 64 95 77 33 73 30 44 56 46 52 41 84 24 46 43 46 0 89 35 38 70 14 92 58 83 58 57 26 65 94 37 54
72 90 60 56 20 59 57 111 63 41 8 46 102 34 95 94 54 43 58 77 75 82 49 77 44 89 0 82 72 65 93 42 32 57 49 53 79 84 14 81 60
61 10 48 27 70 66 26 30 19 43 90 51 22 53 15 14 30 45 26 68 50 11 33 8 42 35 82 0 10 37 25 66 51 55 72 31 55 30 80 2 25
57 19 41 17 60 60 16 40 9 33 80 42 31 43 24 23 21 36 17 64 46 15 23 8 33 38 72 10 0 33 30 57 41 47 64 22 53 31 70 9 17
83 47 11 23 48 80 23 63 29 26 73 22 58 31 52 43 17 50 19 90 15 47 35 29 47 70 65 37 33 0 62 34 47 18 80 18 81 20 58 35 16
50 16 71 46 87 60 45 28 37 62 99 72 19 72 16 30 51 51 47 55 75 15 46 33 49 14 93 25 30 62 0 87 61 77 68 52 40 55 96 27 47
90 76 24 42 22 83 43 95 50 28 50 15 87 20 81 76 36 54 40 97 36 72 46 59 51 92 42 66 57 34 87 0 43 17 78 35 93 54 31 64 42
48 58 46 28 30 40 29 79 32 21 39 35 70 23 63 64 31 12 32 55 60 50 18 48 12 58 32 51 41 47 61 43 0 47 36 30 52 60 36 50 36
91 65 7 33 37 85 34 81 41 27 65 12 76 24 70 61 27 55 31 98 19 62 42 47 52 83 57 55 47 18 77 17 47 0 83 27 91 38 47 53 30
26 74 82 57 60 12 57 95 58 57 51 71 85 59 79 86 63 30 61 29 94 65 45 72 33 58 49 72 64 80 68 78 36 83 0 62 37 89 61 73 65
66 41 22 7 39 62 8 60 15 12 61 20 52 22 46 41 1 32 5 73 32 37 17 24 29 57 53 31 22 18 52 35 30 27 62 0 65 31 49 29 7
11 52 87 59 82 25 58 68 52 66 83 81 59 73 55 67 65 40 62 15 96 45 49 61 42 26 79 55 53 81 40 93 52 91 37 65 0 84 88 57 65
88 40 31 32 68 89 32 48 33 43 92 42 45 50 42 28 30 59 28 95 24 41 44 23 56 65 84 30 31 20 55 54 60 38 89 31 84 0 78 28 24
82 89 51 53 10 70 54 109 62 37 20 37 101 28 94 90 50 48 54 88 66 83 50 73 48 94 14 80 70 58 96 31 36 47 61 49 88 78 0 78 56
63 12 46 26 68 68 25 31 18 41 89 49 23 51 17 14 28 45 24 70 48 13 32 6 42 37 81 2 9 35 27 64 50 53 73 29 57 28 78 0 23
68 35 24 8 46 65 8 54 13 19 68 27 46 29 40 35 6 35 4 75 31 32 20 18 32 54 60 25 17 16 47 42 36 30 65 7 65 24 56 23 0
0 1290
129 551
650 1290
306 979
593 944
170 472
514 832
361 1051
528 814
743 1290
762 1290
649 1037
374 760
85 434
342 722
354 1056
682 1290
682 1050
294 1009
56 659
579 908
31 471
371 643
498 1108
519 1108
651 930
524 1074
513 834
710 1042
260 611
503 988
619 1290
186 912
560 1094
337 892
514 938
484 889
334 896
175 806
550 882
740 1248
