41
0 23 66 10 34 50 30 17 28 31 71 45 50 34 24 27 17 27 24 40 13 51 43 15 51 46 35 51 67 16 59 9 26 25 14 36 41 61 63 26 25
23 0 72 26 52 30 31 15 9 45 52 68 27 36 47 50 14 34 24 30 16 28 30 31 37 37 36 74 60 39 56 32 3 11 37 52 30 42 48 40 28
66 72 0 76 40 70 96 80 80 35 75 80 79 36 76 72 58 40 48 49 76 85 53 51 58 108 101 68 37 65 29 66 74 82 65 35 101 71 63 40 91
10 26 76 0 43 55 20 13 26 41 77 47 53 44 22 28 25 37 34 48 10 54 51 25 59 38 25 55 77 20 69 13 29 22 18 46 35 67 71 36 15
34 52 40 43 0 67 63 51 60 11 82 40 73 29 37 33 39 24 34 47 47 77 52 21 61 80 68 33 60 26 50 30 55 59 28 5 75 74 71 14 58
50 30 70 55 67 0 59 45 34 56 22 95 10 39 74 77 33 43 34 21 46 16 17 50 13 60 64 97 43 66 44 59 27 39 64 64 53 12 20 53 57
30 31 96 20 63 59 0 17 25 61 81 63 54 61 38 45 39 56 49 61 20 53 61 45 68 19 5 74 91 40 84 33 32 20 38 66 18 71 78 56 5
17 15 80 13 51 45 17 0 14 47 67 60 42 44 35 41 22 40 32 44 4 42 45 31 52 29 22 67 74 32 67 25 18 9 30 53 24 57 63 42 13
28 9 80 26 60 34 25 14 0 53 56 73 29 44 48 54 22 42 32 37 16 28 37 39 43 29 30 79 67 44 63 37 7 5 42 60 22 46 53 48 24
31 45 35 41 11 56 61 47 53 0 71 50 62 18 41 39 31 13 24 36 43 67 41 16 50 76 66 44 49 30 39 31 48 53 30 8 71 63 60 5 56
71 52 75 77 82 22 81 67 56 71 0 114 28 53 95 97 54 58 51 35 68 33 30 68 21 80 86 114 41 86 46 80 49 61 85 79 73 10 12 68 79
45 68 80 47 40 95 63 60 73 50 114 0 95 66 25 19 62 59 63 80 57 96 84 46 93 82 64 17 99 29 89 36 71 69 31 45 80 105 105 49 58
50 27 79 53 73 10 54 42 29 62 28 95 0 47 74 77 35 49 39 30 43 6 26 54 23 52 59 100 53 66 54 59 24 34 64 70 45 20 30 59 53
34 36 36 44 29 39 61 44 44 18 53 66 47 0 52 52 22 7 12 18 41 52 23 22 32 72 66 62 34 41 25 38 38 46 40 26 65 45 42 17 56
24 47 76 22 37 74 38 35 48 41 95 25 74 52 0 7 41 45 46 63 32 75 66 30 75 57 40 36 86 11 77 15 50 44 12 41 55 85 87 38 33
27 50 72 28 33 77 45 41 54 39 97 19 77 52 7 0 44 45 46 63 38 78 67 30 76 64 47 29 86 11 77 18 53 50 13 37 62 88 88 37 40
17 14 58 25 39 33 39 22 22 31 54 62 35 22 41 44 0 20 10 23 19 38 26 19 34 50 44 65 52 33 45 26 17 24 31 38 43 44 46 26 34
27 34 40 37 24 43 56 40 42 13 58 59 49 7 45 45 20 0 11 23 36 54 28 15 37 69 61 56 41 34 32 31 37 44 33 21 63 50 48 10 51
24 24 48 34 34 34 49 32 32 24 51 63 39 12 46 46 10 11 0 17 29 43 21 17 30 60 54 64 43 35 35 31 26 34 34 32 53 42 42 20 44
40 30 49 48 47 21 61 44 37 36 35 80 30 18 63 63 23 23 17 0 42 36 5 34 14 66 66 79 30 52 26 48 30 41 51 44 59 27 25 33 57
13 16 76 10 47 46 20 4 16 43 68 57 43 41 32 38 19 36 29 42 0 44 44 27 51 33 25 63 71 28 64 21 19 13 26 49 28 58 63 38 15
51 28 85 54 77 16 53 42 28 67 33 96 6 52 75 78 38 54 43 36 44 0 32 57 29 48 57 102 59 67 60 60 25 33 65 75 41 26 36 63 52
43 30 53 51 52 17 61 45 37 41 30 84 26 23 66 67 26 28 21 5 44 32 0 38 9 66 66 84 31 56 28 51 30 41 55 49 59 22 21 38 58
15 31 51 25 21 50 45 31 39 16 68 46 54 22 30 30 19 15 17 34 27 57 38 0 47 60 50 47 56 19 47 16 34 38 18 22 55 59 59 11 40
51 37 58 59 61 13 68 52 43 50 21 93 23 32 75 76 34 37 30 14 51 29 9 47 0 71 73 93 30 65 31 60 36 48 64 58 64 13 12 47 65
46 37 108 38 80 60 19 29 29 76 80 82 52 72 57 64 50 69 60 66 33 48 66 60 71 0 18 93 96 58 92 51 36 26 56 82 7 72 80 71 24
35 36 101 25 68 64 5 22 30 66 86 64 59 66 40 47 44 61 54 66 25 57 66 50 73 18 0 76 96 44 89 38 37 25 42 71 19 76 83 61 10
51 74 68 55 33 97 74 67 79 44 114 17 100 62 36 29 65 56 64 79 63 102 84 47 93 93 76 0 93 35 83 42 77 76 37 38 90 106 104 46 69
67 60 37 77 60 43 91 74 67 49 41 99 53 34 86 86 52 41 43 30 71 59 31 56 30 96 96 93 0 75 10 72 60 71 74 55 89 39 29 50 86
16 39 65 20 26 66 40 32 44 30 86 29 66 41 11 11 33 34 35 52 28 67 56 19 65 58 44 35 75 0 66 7 42 41 2 30 55 77 77 27 35
59 56 29 69 50 44 84 67 63 39 46 89 54 25 77 77 45 32 35 26 64 60 28 47 31 92 89 83 10 66 0 63 56 67 65 45 85 42 34 40 79
9 32 66 13 30 59 33 25 37 31 80 36 59 38 15 18 26 31 31 48 21 60 51 16 60 51 38 42 72 7 63 0 35 34 5 34 48 70 72 27 28
26 3 74 29 55 27 32 18 7 48 49 71 24 38 50 53 17 37 26 30 19 25 30 34 36 36 37 77 60 42 56 35 0 12 40 55 29 39 46 43 30
25 11 82 22 59 39 20 9 5 53 61 69 34 46 44 50 24 44 34 41 13 33 41 38 48 26 25 76 71 41 67 34 12 0 39 60 19 51 58 48 19
14 37 65 18 28 64 38 30 42 30 85 31 64 40 12 13 31 33 34 51 26 65 55 18 64 56 42 37 74 2 65 5 40 39 0 31 53 75 76 27 33
36 52 35 46 5 64 66 53 60 8 79 45 70 26 41 37 38 21 32 44 49 75 49 22 58 82 71 38 55 30 45 34 55 60 31 0 77 71 68 12 61
41 30 101 35 75 53 18 24 22 71 73 80 45 65 55 62 43 63 53 59 28 41 59 55 64 7 19 90 89 55 85 48 29 19 53 77 0 65 73 66 22
61 42 71 67 74 12 71 57 46 63 10 105 20 45 85 88 44 50 42 27 58 26 22 59 13 72 76 106 39 77 42 70 39 51 75 71 65 0 11 60 69
63 48 63 71 71 20 78 63 53 60 12 105 30 42 87 88 46 48 42 25 63 36 21 59 12 80 83 104 29 77 34 72 46 58 76 68 73 11 0 58 76
26 40 40 36 14 53 56 42 48 5 68 49 59 17 38 37 26 10 20 33 38 63 38 11 47 71 61 46 50 27 40 27 43 48 27 12 66 60 58 0 51
25 28 91 15 58 57 5 13 24 56 79 58 53 56 33 40 34 51 44 57 15 52 58 40 65 24 10 69 86 35 79 28 30 19 33 61 22 69 76 51 0
0 774
359 647
198 612
276 731
109 507
430 620
76 535
70 260
12 388
420 769
130 340
18 291
396 636
418 774
31 477
133 290
302 620
187 594
191 518
188 497
214 615
323 705
62 434
407 774
397 588
380 774
204 364
72 395
156 366
311 555
274 700
242 672
133 368
161 576
306 604
43 298
430 715
81 310
98 415
54 256
201 429
