41
0 23 86 23 34 27 34 36 74 79 11 56 33 39 79 66 35 86 35 38 65 91 34 81 22 53 62 37 76 74 66 58 62 38 38 55 17 69 22 60 45
23 0 65 41 45 21 40 29 53 78 16 55 30 23 71 48 15 72 48 15 44 75 16 70 38 30 43 34 68 52 50 37 44 15 15 39 7 50 1 39 51
86 65 0 92 84 62 75 57 12 75 81 68 62 47 49 21 51 32 87 56 22 26 69 40 87 46 25 61 48 17 25 28 25 51 59 32 72 17 66 28 81
23 41 92 0 16 32 22 35 80 65 34 44 30 47 73 71 48 84 15 56 72 91 55 78 5 70 67 33 70 84 69 67 67 53 56 60 38 75 40 71 28
34 45 84 16 0 28 9 27 72 49 44 28 22 42 59 63 46 72 3 57 64 80 61 65 12 69 59 23 57 77 60 61 59 52 60 52 45 67 45 65 12
27 21 62 32 28 0 21 9 50 57 30 34 9 15 53 41 18 59 31 30 41 64 37 54 27 41 37 13 50 52 40 35 37 24 33 30 25 45 21 39 31
34 40 75 22 9 21 0 19 64 45 42 22 14 34 51 54 39 63 12 51 56 71 56 56 17 62 51 14 48 69 51 53 51 45 54 44 42 58 40 57 11
36 29 57 35 27 9 19 0 45 49 39 26 5 15 44 36 23 51 30 36 37 57 45 46 30 45 32 6 41 50 34 34 32 29 39 25 34 40 30 38 27
74 53 12 80 72 50 64 45 0 70 69 59 50 36 46 10 39 33 75 44 10 30 57 38 75 36 13 50 44 10 16 16 14 39 47 20 60 6 54 16 70
79 78 75 65 49 57 45 49 70 0 85 23 48 60 27 60 70 45 51 83 66 54 94 36 61 89 61 44 27 78 54 68 60 76 87 56 82 64 78 72 37
11 16 81 34 44 30 42 39 69 85 0 62 38 38 83 64 31 87 45 30 60 90 24 84 33 45 59 42 80 68 65 53 60 31 30 54 9 66 15 55 53
56 55 68 44 28 34 22 26 59 23 62 0 25 40 31 49 49 47 31 62 53 56 71 38 39 70 48 21 29 66 43 53 47 55 65 41 59 53 55 57 17
33 30 62 30 22 9 14 5 50 48 38 25 0 20 46 41 26 55 25 39 42 61 46 49 25 49 37 4 43 55 39 39 37 32 42 30 34 45 30 43 23
39 23 47 47 42 15 34 15 36 60 38 40 20 0 48 27 10 49 45 23 26 52 35 47 42 30 23 21 45 37 27 20 23 16 27 16 30 30 24 24 42
79 71 49 73 59 53 51 44 46 27 83 31 46 48 0 37 58 18 62 71 44 27 83 9 68 70 39 42 3 55 31 47 38 64 75 38 77 41 71 51 48
66 48 21 71 63 41 54 36 10 60 64 49 41 27 37 0 33 29 66 41 7 28 55 31 66 35 5 40 35 18 6 13 4 35 45 11 55 4 49 15 60
35 15 51 48 46 18 39 23 39 70 31 49 26 10 58 33 0 58 49 13 30 60 25 57 44 23 28 29 55 39 35 23 29 6 17 24 22 35 16 25 49
86 72 32 84 72 59 63 51 33 45 87 47 55 49 18 29 58 0 75 68 36 9 81 9 79 63 32 51 18 43 24 40 31 61 72 34 79 31 73 44 63
35 48 87 15 3 31 12 30 75 51 45 31 25 45 62 66 49 75 0 60 67 83 64 68 13 72 62 26 60 80 63 64 62 55 63 55 47 70 48 68 14
38 15 56 56 57 30 51 36 44 83 30 62 39 23 71 41 13 68 60 0 35 69 14 68 52 15 36 42 68 41 44 28 37 7 4 34 21 41 16 28 61
65 44 22 72 64 41 56 37 10 66 60 53 42 26 44 7 30 36 67 35 0 35 49 38 67 28 5 42 42 13 13 7 6 30 39 12 51 6 45 8 62
91 75 26 91 80 64 71 57 30 54 90 56 61 52 27 28 60 9 83 69 35 0 83 18 86 63 33 58 27 39 25 41 32 63 73 36 82 29 76 43 72
34 16 69 55 61 37 56 45 57 94 24 71 46 35 83 55 25 81 64 14 49 83 0 81 53 26 50 50 80 53 58 42 51 20 10 47 17 55 16 41 67
81 70 40 78 65 54 56 46 38 36 84 38 49 47 9 31 57 9 68 68 38 18 81 0 73 64 33 45 9 48 25 41 32 61 72 34 77 35 71 45 55
22 38 87 5 12 27 17 30 75 61 33 39 25 42 68 66 44 79 13 52 67 86 53 73 0 66 62 28 65 79 64 62 62 49 53 55 36 70 38 66 24
53 30 46 70 69 41 62 45 36 89 45 70 49 30 70 35 23 63 72 15 28 63 26 64 66 0 31 51 68 29 39 23 32 17 16 34 36 34 31 20 72
62 43 25 67 59 37 51 32 13 61 59 48 37 23 39 5 28 32 62 36 5 33 50 33 62 31 0 37 37 18 8 8 1 30 40 7 50 8 44 12 57
37 34 61 33 23 13 14 6 50 44 42 21 4 21 42 40 29 51 26 42 42 58 50 45 28 51 37 0 39 55 37 39 37 35 45 30 38 44 34 43 22
76 68 48 70 57 50 48 41 44 27 80 29 43 45 3 35 55 18 60 68 42 27 80 9 65 68 37 39 0 53 29 45 36 61 72 35 74 39 68 49 46
74 52 17 84 77 52 69 50 10 78 68 66 55 37 55 18 39 43 80 41 13 39 53 48 79 29 18 55 53 0 24 17 19 37 43 25 59 14 53 14 75
66 50 25 69 60 40 51 34 16 54 65 43 39 27 31 6 35 24 63 44 13 25 58 25 64 39 8 37 29 24 0 16 7 38 48 11 57 10 51 20 56
58 37 28 67 61 35 53 34 16 68 53 53 39 20 47 13 23 40 64 28 7 41 42 41 62 23 8 39 45 17 16 0 9 23 32 12 44 13 38 4 61
62 44 25 67 59 37 51 32 14 60 60 47 37 23 38 4 29 31 62 37 6 32 51 32 62 32 1 37 36 19 7 9 0 31 41 7 51 8 45 13 57
38 15 51 53 52 24 45 29 39 76 31 55 32 16 64 35 6 61 55 7 30 63 20 61 49 17 30 35 61 37 38 23 31 0 11 27 22 36 16 24 55
38 15 59 56 60 33 54 39 47 87 30 65 42 27 75 45 17 72 63 4 39 73 10 72 53 16 40 45 72 43 48 32 41 11 0 38 21 45 16 31 64
55 39 32 60 52 30 44 25 20 56 54 41 30 16 38 11 24 34 55 34 12 36 47 34 55 34 7 30 35 25 11 12 7 27 38 0 46 15 40 16 50
17 7 72 38 45 25 42 34 60 82 9 59 34 30 77 55 22 79 47 21 51 82 17 77 36 36 50 38 74 59 57 44 51 22 21 46 0 57 6 46 53
69 50 17 75 67 45 58 40 6 64 66 53 45 30 41 4 35 31 70 41 6 29 55 35 70 34 8 44 39 14 10 13 8 36 45 15 57 0 51 14 64
22 1 66 40 45 21 40 30 54 78 15 55 30 24 71 49 16 73 48 16 45 76 16 71 38 31 44 34 68 53 51 38 45 16 16 40 6 51 0 40 51
60 39 28 71 65 39 57 38 16 72 55 57 43 24 51 15 25 44 68 28 8 43 41 45 66 20 12 43 49 14 20 4 13 24 31 16 46 14 40 0 65
45 51 81 28 12 31 11 27 70 37 53 17 23 42 48 60 49 63 14 61 62 72 67 55 24 72 57 22 46 75 56 61 57 55 64 50 53 64 51 65 0
0 1117
724 972
185 669
347 659
630 987
301 710
169 565
61 529
351 639
722 1117
649 905
659 1010
522 923
512 844
694 867
563 878
498 781
418 725
677 908
113 561
775 1117
441 868
425 669
543 726
157 643
74 267
280 477
633 891
715 1117
102 397
80 446
31 224
225 641
665 894
390 803
688 1117
685 1117
191 683
628 886
310 747
753 980
