41
0 17 21 42 19 15 57 62 22 31 28 61 68 71 70 56 53 87 54 35 25 44 61 27 40 12 39 56 41 45 39 18 83 48 56 23 28 50 61 27 45
17 0 9 53 35 23 42 46 39 40 45 64 55 54 55 43 37 76 41 36 31 56 66 42 53 29 27 61 27 33 26 16 70 44 43 40 35 33 64 10 28
21 9 0 61 40 31 36 49 42 48 49 73 60 50 58 48 32 81 47 45 40 64 75 41 49 33 18 70 32 24 33 25 75 53 48 44 30 34 73 11 29
42 53 61 0 25 30 94 79 41 13 29 32 74 103 83 68 88 85 63 29 23 3 29 55 69 32 79 26 60 85 56 38 86 42 65 36 66 78 32 61 75
19 35 40 25 0 16 76 73 17 19 12 52 75 89 79 65 72 91 62 32 20 27 51 30 44 7 58 47 52 64 48 26 90 47 64 13 41 67 52 45 63
15 23 31 30 16 0 65 58 28 17 28 46 60 76 64 50 59 77 46 21 10 33 46 39 53 15 49 41 37 55 33 11 74 35 48 27 43 52 46 32 48
57 42 36 94 76 65 0 49 77 81 85 101 67 20 58 55 9 88 58 74 72 97 105 72 76 69 19 100 46 14 50 56 78 75 59 80 55 30 101 33 27
62 46 49 79 73 58 49 0 84 67 85 67 19 40 9 12 40 39 17 50 58 82 73 88 98 71 51 69 21 53 25 47 29 41 16 83 79 19 67 38 24
22 39 42 41 17 28 77 84 0 36 14 69 87 92 90 76 74 105 73 48 36 42 68 14 28 13 58 64 63 63 59 37 102 63 75 5 30 72 69 49 67
31 40 48 13 19 17 81 67 36 0 28 33 63 90 72 57 75 77 52 18 10 16 32 49 63 25 66 28 47 72 43 25 76 33 54 32 59 65 33 48 62
28 45 49 29 12 28 85 85 14 28 0 60 87 99 91 77 81 103 74 44 32 29 57 28 41 16 67 54 64 73 60 38 102 59 76 9 44 78 60 55 73
61 64 73 32 52 46 101 67 69 33 60 0 55 101 68 55 92 58 50 28 36 34 6 82 96 58 90 6 55 95 51 48 63 26 51 65 89 74 0 69 74
68 55 60 74 75 60 67 19 87 63 87 55 0 59 14 13 58 21 14 45 56 77 61 95 107 74 68 58 28 70 29 50 15 32 12 86 90 37 55 49 41
71 54 50 103 89 76 20 40 92 90 99 101 59 0 47 50 18 78 55 77 80 106 106 90 94 83 37 101 46 34 50 65 67 75 54 94 73 27 101 44 28
70 55 58 83 79 64 58 9 90 72 91 68 14 47 0 15 49 31 20 54 63 86 74 97 107 77 60 71 29 62 31 53 20 43 18 89 88 28 68 47 33
56 43 48 68 65 50 55 12 76 57 77 55 13 50 15 0 46 34 5 39 48 71 61 83 95 63 55 57 16 58 17 39 27 29 4 75 78 25 55 37 29
53 37 32 88 72 59 9 40 74 75 81 92 58 18 49 46 0 79 49 66 66 91 97 72 76 65 19 92 37 17 41 50 69 66 50 76 55 21 92 27 18
87 76 81 85 91 77 88 39 105 77 103 58 21 78 31 34 79 0 35 59 71 88 64 114 127 92 89 64 49 91 50 69 11 44 33 104 111 58 58 70 62
54 41 47 63 62 46 58 17 73 52 74 50 14 55 20 5 49 35 0 34 43 66 56 81 93 60 56 52 15 59 15 36 29 24 2 72 76 29 50 36 31
35 36 45 29 32 21 74 50 48 18 44 28 45 77 54 39 66 59 34 0 12 32 31 59 73 35 62 26 31 67 27 20 58 15 36 45 63 50 28 41 50
25 31 40 23 20 10 72 58 36 10 32 36 56 80 63 48 66 71 43 12 0 26 36 47 61 23 58 31 37 64 33 16 70 27 45 33 53 55 36 39 52
44 56 64 3 27 33 97 82 42 16 29 34 77 106 86 71 91 88 66 32 26 0 30 56 70 34 82 28 63 88 59 41 89 45 68 37 68 81 34 64 78
61 66 75 29 51 46 105 73 68 32 57 6 61 106 74 61 97 64 56 31 36 30 0 81 95 57 93 5 60 98 56 50 69 32 57 64 89 79 6 72 79
27 42 41 55 30 39 72 88 14 49 28 82 95 90 97 83 72 114 81 59 47 56 81 0 14 24 53 77 68 59 66 45 110 74 83 19 20 75 82 52 70
40 53 49 69 44 53 76 98 28 63 41 96 107 94 107 95 76 127 93 73 61 70 95 14 0 38 57 91 80 62 78 58 122 88 95 33 21 83 96 60 78
12 29 33 32 7 15 69 71 13 25 16 58 74 83 77 63 65 92 60 35 23 34 57 24 38 0 51 53 50 57 46 24 89 50 62 12 34 62 58 39 57
39 27 18 79 58 49 19 51 58 66 67 90 68 37 60 55 19 89 56 62 58 82 93 53 57 51 0 88 41 6 44 43 80 66 57 61 36 32 90 21 27
56 61 70 26 47 41 100 69 64 28 54 6 58 101 71 57 92 64 52 26 31 28 5 77 91 53 88 0 55 93 51 45 68 28 54 60 84 74 6 67 74
41 27 32 60 52 37 46 21 63 47 64 55 28 46 29 16 37 49 15 31 37 63 60 68 80 50 41 55 0 45 4 26 43 29 16 62 62 19 55 21 19
45 33 24 85 64 55 14 53 63 72 73 95 70 34 62 58 17 91 59 67 64 88 98 59 62 57 6 93 45 0 47 48 82 71 60 67 41 34 95 26 29
39 26 33 56 48 33 50 25 59 43 60 51 29 50 31 17 41 50 15 27 33 59 56 66 78 46 44 51 4 47 0 22 44 25 17 58 61 23 51 23 23
18 16 25 38 26 11 56 47 37 25 38 48 50 65 53 39 50 69 36 20 16 41 50 45 58 24 43 45 26 48 22 0 65 30 38 36 45 41 48 23 37
83 70 75 86 90 74 78 29 102 76 102 63 15 67 20 27 69 11 29 58 70 89 69 110 122 89 80 68 43 82 44 65 0 44 27 101 105 48 63 64 53
48 44 53 42 47 35 75 41 63 33 59 26 32 75 43 29 66 44 24 15 27 45 32 74 88 50 66 28 29 71 25 30 44 0 26 60 75 48 26 45 48
56 43 48 65 64 48 59 16 75 54 76 51 12 54 18 4 50 33 2 36 45 68 57 83 95 62 57 54 16 60 17 38 27 26 0 74 78 29 51 37 32
23 40 44 36 13 27 80 83 5 32 9 65 86 94 89 75 76 104 72 45 33 37 64 19 33 12 61 60 62 67 58 36 101 60 74 0 35 73 65 50 68
28 35 30 66 41 43 55 79 30 59 44 89 90 73 88 78 55 111 76 63 53 68 89 20 21 34 36 84 62 41 61 45 105 75 78 35 0 63 89 41 58
50 33 34 78 67 52 30 19 72 65 78 74 37 27 28 25 21 58 29 50 55 81 79 75 83 62 32 74 19 34 23 41 48 48 29 73 63 0 74 23 5
61 64 73 32 52 46 101 67 69 33 60 0 55 101 68 55 92 58 50 28 36 34 6 82 96 58 90 6 55 95 51 48 63 26 51 65 89 74 0 69 74
27 10 11 61 45 32 33 38 49 48 55 69 49 44 47 37 27 70 36 41 39 64 72 52 60 39 21 67 21 26 23 23 64 45 37 50 41 23 69 0 18
45 28 29 75 63 48 27 24 67 62 73 74 41 28 33 29 18 62 31 50 52 78 79 70 78 57 27 74 19 29 23 37 53 48 32 68 58 5 74 18 0
0 1369
793 1023
211 484
227 543
255 432
488 832
710 998
251 478
822 1098
943 1278
418 606
678 938
575 757
1095 1369
364 690
1074 1369
48 340
783 985
340 489
398 785
325 512
839 1167
192 506
934 1175
112 433
887 1217
231 552
994 1256
311 623
814 1217
85 301
360 766
765 1165
162 330
861 1219
1039 1369
896 1138
535 672
961 1260
96 317
48 367
