41
0 13 37 26 21 45 68 61 5 50 65 40 18 51 42 30 3 66 25 32 50 23 27 50 31 58 55 43 57 33 46 71 37 27 15 12 29 9 41 44 69
13 0 47 13 8 38 75 74 12 53 71 35 10 51 48 42 11 79 31 40 57 35 22 63 37 46 61 56 70 20 56 77 49 40 2 10 42 21 48 31 76
37 47 0 55 49 53 33 42 35 27 31 77 54 36 12 52 37 53 18 9 16 50 40 40 60 73 23 35 36 58 9 39 55 37 49 49 18 41 9 66 32
26 13 55 0 6 32 82 87 24 56 77 38 16 52 55 53 24 92 38 47 64 46 22 76 48 35 67 69 82 9 64 81 60 53 12 21 54 34 55 19 83
21 8 49 6 0 30 76 81 18 50 71 41 16 47 49 50 18 86 32 41 58 43 17 70 45 38 61 63 76 12 58 75 57 47 8 18 48 29 49 23 77
45 38 53 32 30 0 67 93 40 37 62 70 46 29 45 75 42 103 37 44 53 68 18 87 75 20 52 81 88 24 62 61 82 69 38 48 61 54 48 22 68
68 75 33 82 76 67 0 58 65 30 6 108 84 40 27 84 68 70 44 36 18 83 61 64 93 87 15 62 52 80 28 13 86 68 77 80 49 73 27 86 2
61 74 42 87 81 93 58 0 63 68 61 91 77 77 53 51 63 12 56 50 52 53 77 14 64 111 58 19 6 92 36 70 47 38 76 70 33 56 50 102 57
5 12 35 24 18 40 65 63 0 45 61 43 19 46 38 35 3 69 21 29 47 28 22 53 36 53 51 46 58 29 44 67 42 31 14 15 30 14 38 40 66
50 53 27 56 50 37 30 68 45 0 25 88 63 10 15 75 48 80 25 23 19 70 34 67 79 57 16 62 62 53 32 25 79 61 55 60 44 57 18 56 32
65 71 31 77 71 62 6 61 61 25 0 104 80 34 23 83 64 73 40 33 15 80 56 65 91 82 10 62 55 75 28 9 86 68 73 76 49 70 24 81 8
40 35 77 38 41 70 108 91 43 88 104 0 25 86 81 43 40 94 64 72 90 38 57 79 30 71 94 72 91 47 86 110 49 54 33 28 66 38 81 55 109
18 10 54 16 16 46 84 77 19 63 80 25 0 61 57 39 17 81 40 48 66 32 32 65 32 51 70 58 75 25 63 86 46 40 8 7 47 21 57 35 85
51 51 36 52 47 29 40 77 46 10 34 86 61 0 24 79 49 89 29 30 29 74 30 76 82 48 26 71 71 47 41 32 83 66 53 60 51 60 27 50 41
42 48 12 55 49 45 27 53 38 15 23 81 57 24 0 62 41 65 17 10 9 59 35 52 69 65 13 47 47 54 17 29 66 48 50 53 30 47 3 61 28
30 42 52 53 50 75 84 51 35 75 83 43 39 79 62 0 33 51 50 52 68 7 57 37 13 88 75 32 51 62 56 91 7 16 42 32 35 21 60 72 83
3 11 37 24 18 42 68 63 3 48 64 40 17 49 41 33 0 68 24 32 50 26 24 52 33 55 54 45 59 30 46 70 40 29 13 12 31 12 41 41 69
66 79 53 92 86 103 70 12 69 80 73 94 81 89 65 51 68 0 66 61 64 56 86 16 64 120 70 23 18 98 48 82 46 42 81 74 42 60 62 109 69
25 31 18 38 32 37 44 56 21 25 40 64 40 29 17 50 24 66 0 9 26 45 22 50 54 56 30 44 51 40 27 46 54 37 33 36 24 32 17 48 45
32 40 9 47 41 44 36 50 29 23 33 72 48 30 10 52 32 61 9 0 18 49 31 47 59 64 23 41 44 49 18 39 56 38 42 44 21 37 9 57 37
50 57 16 64 58 53 18 52 47 19 15 90 66 29 9 68 50 64 26 18 0 65 44 53 76 73 7 50 46 63 16 23 71 53 59 62 34 55 9 70 19
23 35 50 46 43 68 83 53 28 70 80 38 32 74 59 7 26 56 45 49 65 0 50 41 11 81 72 34 53 55 55 88 14 16 35 25 34 14 57 65 82
27 22 40 22 17 18 61 77 22 34 56 57 32 30 35 57 24 86 22 31 44 50 0 70 57 34 46 63 72 19 49 59 64 51 24 32 44 36 37 26 62
50 63 40 76 70 87 64 14 53 67 65 79 65 76 52 37 52 16 50 47 53 41 70 0 50 104 60 7 15 82 37 74 33 26 65 58 26 44 49 93 63
31 37 60 48 45 75 93 64 36 79 91 30 32 82 69 13 33 64 54 59 76 11 57 50 0 83 82 45 64 57 66 98 19 27 37 27 45 22 67 67 92
58 46 73 35 38 20 87 111 53 57 82 71 51 48 65 88 55 120 56 64 73 81 34 104 83 0 72 97 106 26 82 80 95 84 46 56 78 67 68 16 88
55 61 23 67 61 52 15 58 51 16 10 94 70 26 13 75 54 70 30 23 7 72 46 60 82 72 0 57 52 65 23 16 78 60 63 66 41 60 15 71 16
43 56 35 69 63 81 62 19 46 62 62 72 58 71 47 32 45 23 44 41 50 34 63 7 45 97 57 0 19 75 34 71 29 19 58 51 20 37 44 86 61
57 70 36 82 76 88 52 6 58 62 55 91 75 71 47 51 59 18 51 44 46 53 72 15 64 106 52 19 0 87 30 64 48 37 72 68 28 54 44 97 51
33 20 58 9 12 24 80 92 29 53 75 47 25 47 54 62 30 98 40 49 63 55 19 82 57 26 65 75 87 0 67 78 69 59 20 30 59 41 56 11 81
46 56 9 64 58 62 28 36 44 32 28 86 63 41 17 56 46 48 27 18 16 55 49 37 66 82 23 34 30 67 0 37 58 40 58 58 21 48 14 75 27
71 77 39 81 75 61 13 70 67 25 9 110 86 32 29 91 70 82 46 39 23 88 59 74 98 80 16 71 64 78 37 0 94 76 79 82 57 76 31 81 15
37 49 55 60 57 82 86 47 42 79 86 49 46 83 66 7 40 46 54 56 71 14 64 33 19 95 78 29 48 69 58 94 0 18 49 39 37 28 63 79 85
27 40 37 53 47 69 68 38 31 61 68 54 40 66 48 16 29 42 37 38 53 16 51 26 27 84 60 19 37 59 40 76 18 0 41 33 19 19 45 70 67
15 2 49 12 8 38 77 76 14 55 73 33 8 53 50 42 13 81 33 42 59 35 24 65 37 46 63 58 72 20 58 79 49 41 0 10 44 22 50 31 78
12 10 49 21 18 48 80 70 15 60 76 28 7 60 53 32 12 74 36 44 62 25 32 58 27 56 66 51 68 30 58 82 39 33 10 0 41 14 53 40 81
29 42 18 54 48 61 49 33 30 44 49 66 47 51 30 35 31 42 24 21 34 34 44 26 45 78 41 20 28 59 21 57 37 19 44 41 0 28 27 69 48
9 21 41 34 29 54 73 56 14 57 70 38 21 60 47 21 12 60 32 37 55 14 36 44 22 67 60 37 54 41 48 76 28 19 22 14 28 0 46 52 73
41 48 9 55 49 48 27 50 38 18 24 81 57 27 3 60 41 62 17 9 9 57 37 49 67 68 15 44 44 56 14 31 63 45 50 53 27 46 0 63 28
44 31 66 19 23 22 86 102 40 56 81 55 35 50 61 72 41 109 48 57 70 65 26 93 67 16 71 86 97 11 75 81 79 70 31 40 69 52 63 0 87
69 76 32 83 77 68 2 57 66 32 8 109 85 41 28 83 69 69 45 37 19 82 62 63 92 88 16 61 51 81 27 15 85 67 78 81 48 73 28 87 0
0 894
42 254
151 447
217 475
148 391
361 746
55 242
62 371
381 598
478 857
23 185
165 521
122 487
582 894
224 506
156 531
477 708
319 540
257 606
416 617
73 405
577 836
623 894
154 340
250 476
616 894
35 191
251 576
128 301
113 262
48 330
338 729
238 389
100 450
371 650
162 324
173 402
232 540
478 717
493 742
569 857
