41
0 37 27 19 25 25 66 32 44 39 29 23 62 30 24 46 35 24 32 45 60 48 48 18 24 45 17 38 69 59 63 38 47 19 43 7 14 69 29 22 5
37 0 26 56 27 23 60 54 61 43 58 37 34 65 13 20 41 50 28 75 24 72 19 20 59 65 29 29 44 75 70 26 11 49 23 44 30 50 47 38 34
27 26 0 45 2 34 41 28 35 56 56 43 36 43 22 22 52 27 5 52 50 46 24 25 39 39 33 11 42 49 45 11 37 27 46 31 33 42 52 42 29
19 56 45 0 43 39 81 39 51 45 17 29 81 25 43 65 41 31 50 41 78 50 67 36 19 51 31 56 87 65 72 56 65 26 57 14 28 87 30 28 22
25 27 2 43 0 33 43 27 35 55 54 41 38 41 21 24 51 25 7 50 51 45 26 24 37 39 31 13 44 49 46 13 38 25 45 29 31 44 50 40 27
25 23 34 39 33 0 75 53 64 22 37 14 57 54 14 41 18 47 39 70 40 71 42 9 48 67 8 44 67 79 79 42 28 43 18 31 11 72 24 15 20
66 60 41 81 43 75 0 45 38 97 95 84 40 67 62 42 93 51 36 64 76 50 44 66 67 42 74 32 34 38 22 34 69 56 83 69 74 24 93 83 69
32 54 28 39 27 53 45 0 12 71 55 55 61 22 45 49 67 8 29 24 78 18 51 44 23 14 48 34 64 27 33 36 65 13 69 29 46 59 60 54 37
44 61 35 51 35 64 38 12 0 83 67 67 62 31 55 53 79 20 34 26 85 12 55 55 33 4 59 37 63 15 22 40 72 25 79 41 58 57 72 66 49
39 43 56 45 55 22 97 71 83 0 35 16 77 66 36 63 4 63 61 82 51 87 62 31 60 84 24 66 87 98 100 64 43 58 25 43 25 93 17 17 34
29 58 56 17 54 37 95 55 67 35 0 23 89 42 46 73 32 47 61 58 77 67 74 38 36 68 31 67 98 82 88 67 65 42 52 27 28 98 18 22 28
23 37 43 29 41 14 84 55 67 16 23 0 69 50 26 54 12 47 48 66 54 71 54 19 44 68 10 53 79 82 85 52 42 42 29 27 10 84 10 1 18
62 34 36 81 38 57 40 61 62 77 89 69 0 78 43 16 75 61 32 85 40 74 15 51 74 66 60 27 11 70 59 25 38 62 56 67 61 20 79 70 62
30 65 43 25 41 54 67 22 31 66 42 50 78 0 53 65 62 18 46 16 89 26 67 48 6 29 46 52 84 43 53 53 76 16 72 23 43 81 53 49 34
24 13 22 43 21 14 62 45 55 36 46 26 43 53 0 28 32 41 26 65 36 63 28 8 47 59 17 30 53 70 67 28 23 38 24 31 18 58 36 27 21
46 20 22 65 24 41 42 49 53 63 73 54 16 65 28 0 59 49 20 73 34 65 2 35 61 57 44 16 26 64 56 13 27 49 43 52 45 31 64 54 46
35 41 52 41 51 18 93 67 79 4 32 12 75 62 32 59 0 59 57 78 51 83 60 27 56 80 20 62 85 94 96 60 42 54 25 39 21 90 14 13 30
24 50 27 31 25 47 51 8 20 63 47 47 61 18 41 49 59 0 29 25 74 24 51 38 16 21 41 35 67 35 41 36 61 5 63 21 38 63 52 46 29
32 28 5 50 7 39 36 29 34 61 61 48 32 46 26 20 57 29 0 53 51 46 22 30 42 38 38 6 38 47 42 7 39 30 49 36 38 37 57 47 34
45 75 52 41 50 70 64 24 26 82 58 66 85 16 65 73 78 25 53 0 99 15 75 62 22 22 62 58 87 33 46 60 86 27 87 39 59 82 69 65 50
60 24 50 78 51 40 76 78 85 51 77 54 40 89 36 34 51 74 51 99 0 96 32 42 83 89 48 50 51 98 90 47 13 73 26 67 51 60 63 55 56
48 72 46 50 45 71 50 18 12 87 67 71 74 26 63 65 83 24 46 15 96 0 67 62 31 8 65 49 75 18 31 52 83 29 87 45 62 69 76 70 53
48 19 24 67 26 42 44 51 55 62 74 54 15 67 28 2 60 51 22 75 32 67 0 36 63 59 45 18 25 66 58 15 26 51 42 54 46 31 64 55 47
18 20 25 36 24 9 66 44 55 31 38 19 51 48 8 35 27 38 30 62 42 62 36 0 42 58 9 35 61 70 70 33 29 35 25 25 10 65 29 19 14
24 59 39 19 37 48 67 23 33 60 36 44 74 6 47 61 56 16 42 22 83 31 63 42 0 32 40 48 80 46 55 49 70 12 66 17 37 79 47 43 28
45 65 39 51 39 67 42 14 4 84 68 68 66 29 59 57 80 21 38 22 89 8 59 58 32 0 62 41 67 14 25 44 76 26 83 42 59 61 73 67 50
17 29 33 31 31 8 74 48 59 24 31 10 60 46 17 44 20 41 38 62 48 65 45 9 40 62 0 43 70 74 76 42 35 36 26 23 3 74 20 10 12
38 29 11 56 13 44 32 34 37 66 67 53 27 52 30 16 62 35 6 58 50 49 18 35 48 41 43 0 32 48 41 3 40 36 52 42 44 31 63 53 40
69 44 42 87 44 67 34 64 63 87 98 79 11 84 53 26 85 67 38 87 51 75 25 61 80 67 70 32 0 69 55 31 49 68 67 73 71 10 89 80 71
59 75 49 65 49 79 38 27 15 98 82 82 70 43 70 64 94 35 47 33 98 18 66 70 46 14 74 48 69 0 16 51 86 40 94 56 73 60 87 81 64
63 70 45 72 46 79 22 33 22 100 88 85 59 53 67 56 96 41 42 46 90 31 58 70 55 25 76 41 55 16 0 44 81 46 91 62 75 46 92 84 67
38 26 11 56 13 42 34 36 40 64 67 52 25 53 28 13 60 36 7 60 47 52 15 33 49 44 42 3 31 51 44 0 37 37 49 42 43 32 62 52 40
47 11 37 65 38 28 69 65 72 43 65 42 38 76 23 27 42 61 39 86 13 83 26 29 70 76 35 40 49 86 81 37 0 60 19 54 38 57 52 43 43
19 49 27 26 25 43 56 13 25 58 42 42 62 16 38 49 54 5 30 27 73 29 51 35 12 26 36 36 68 40 46 37 60 0 60 16 33 67 47 41 24
43 23 46 57 45 18 83 69 79 25 52 29 56 72 24 43 25 63 49 87 26 87 42 25 66 83 26 52 67 94 91 49 19 60 0 49 29 73 37 30 38
7 44 31 14 29 31 69 29 41 43 27 27 67 23 31 52 39 21 36 39 67 45 54 25 17 42 23 42 73 56 62 42 54 16 49 0 20 73 31 26 11
14 30 33 28 31 11 74 46 58 25 28 10 61 43 18 45 21 38 38 59 51 62 46 10 37 59 3 44 71 73 75 43 38 33 29 20 0 75 19 9 9
69 50 42 87 44 72 24 59 57 93 98 84 20 81 58 31 90 63 37 82 60 69 31 65 79 61 74 31 10 60 46 32 57 67 73 73 75 0 94 84 71
29 47 52 30 50 24 93 60 72 17 18 10 79 53 36 64 14 52 57 69 63 76 64 29 47 73 20 63 89 87 92 62 52 47 37 31 19 94 0 10 25
22 38 42 28 40 15 83 54 66 17 22 1 70 49 27 54 13 46 47 65 55 70 55 19 43 67 10 53 80 81 84 52 43 41 30 26 9 84 10 0 17
5 34 29 22 27 20 69 37 49 34 28 18 62 34 21 46 30 29 34 50 56 53 47 14 28 50 12 40 71 64 67 40 43 24 38 11 9 71 25 17 0
0 1369
333 646
345 530
9 401
451 699
151 387
148 314
730 946
306 624
829 1150
287 556
771 939
605 999
542 842
183 407
330 536
227 516
826 1030
192 437
924 1296
676 982
866 1250
717 929
226 441
755 990
121 271
5 387
367 727
502 671
955 1357
338 539
881 1035
555 911
1011 1213
259 587
456 827
348 532
287 644
507 712
169 381
593 934
