41
0 83 36 37 101 74 21 22 68 46 56 87 68 18 43 52 67 93 56 95 48 93 69 81 37 25 82 38 92 67 78 35 24 54 59 68 37 23 54 58 22
83 0 71 77 25 16 83 61 15 67 34 10 57 72 73 31 26 27 30 29 38 16 53 7 75 69 32 45 9 41 10 56 72 52 71 36 84 64 34 43 65
36 71 0 6 83 58 54 26 57 68 57 72 84 18 7 42 66 90 41 74 33 77 83 66 4 11 57 30 80 75 63 15 12 70 81 42 13 19 54 68 42
37 77 6 0 89 64 56 30 63 72 63 78 88 20 7 48 72 96 47 79 39 82 89 72 2 14 62 36 86 81 69 21 14 74 85 47 7 23 60 74 46
101 25 83 89 0 27 104 79 37 91 58 15 82 88 83 51 51 46 45 12 54 9 78 22 87 84 28 63 26 66 24 71 87 77 96 42 96 80 57 68 86
74 16 58 64 27 0 79 52 16 70 38 15 66 61 59 25 35 43 18 22 27 19 62 9 62 58 17 36 25 50 7 45 61 58 77 20 71 53 36 50 61
21 83 54 56 104 79 0 31 68 28 50 89 53 36 61 54 61 86 62 101 54 95 56 83 55 43 89 44 89 57 80 48 42 41 40 76 58 36 49 48 18
22 61 26 30 79 52 31 0 46 42 37 65 58 14 33 30 48 74 34 73 26 71 59 59 29 16 60 16 70 53 56 17 18 44 55 46 35 7 35 45 16
68 15 57 63 37 16 68 46 0 54 22 22 50 57 60 16 19 34 17 37 24 28 46 15 61 55 33 30 24 34 13 42 58 42 61 31 70 49 20 34 50
46 67 68 72 91 70 28 42 54 0 33 76 25 53 75 47 41 62 57 91 53 82 28 69 71 58 84 45 71 31 67 57 59 15 13 74 76 49 34 24 26
56 34 57 63 58 38 50 37 22 33 0 43 30 51 63 19 11 37 29 59 29 49 28 37 61 52 53 27 40 18 35 42 54 20 39 46 70 43 3 13 34
87 10 72 78 15 15 89 65 22 76 43 0 67 74 74 36 36 35 31 19 40 6 63 7 76 71 26 49 14 51 9 58 74 62 81 34 85 66 42 53 71
68 57 84 88 82 66 53 58 50 25 30 67 0 71 90 49 31 44 59 85 59 73 4 62 87 74 83 55 58 16 61 69 76 14 19 76 93 65 33 17 46
18 72 18 20 88 61 36 14 57 53 51 74 71 0 25 41 61 87 43 82 34 80 72 68 19 7 66 27 81 67 65 18 6 57 66 51 23 8 48 59 27
43 73 7 7 83 59 61 33 60 75 63 74 90 25 0 47 72 94 43 73 37 77 89 68 6 18 56 36 82 81 65 21 19 76 88 41 14 26 60 74 49
52 31 42 48 51 25 54 30 16 47 19 36 49 41 47 0 25 48 10 47 10 42 47 29 46 39 37 14 40 37 27 27 42 38 57 27 55 33 16 32 36
67 26 66 72 51 35 61 48 19 41 11 36 31 61 72 25 0 26 33 54 35 42 27 31 70 62 52 36 30 15 30 51 64 26 45 49 79 53 13 17 45
93 27 90 96 46 43 86 74 34 62 37 35 44 87 94 48 26 0 51 53 57 39 40 34 94 87 59 61 21 31 37 75 90 47 63 63 103 79 39 39 71
56 30 41 47 45 18 62 34 17 57 29 31 59 43 43 10 33 51 0 39 9 37 57 25 45 40 27 18 39 46 22 27 43 48 67 17 54 35 26 42 44
95 29 74 79 12 22 101 73 37 91 59 19 85 82 73 47 54 53 39 0 48 14 81 23 77 77 17 57 32 69 24 64 80 79 98 32 86 74 57 71 83
48 38 33 39 54 27 54 26 24 53 29 40 59 34 37 10 35 57 9 48 0 46 57 34 37 31 35 10 47 47 31 18 34 46 64 23 46 26 26 42 36
93 16 77 82 9 19 95 71 28 82 49 6 73 80 77 42 42 39 37 14 46 0 69 13 80 77 25 55 18 57 15 64 80 68 87 36 89 72 48 59 77
69 53 83 89 78 62 56 59 46 28 28 63 4 72 89 47 27 40 57 81 57 69 0 58 87 75 79 53 54 12 57 68 77 15 23 74 94 66 31 15 47
81 7 66 72 22 9 83 59 15 69 37 7 62 68 68 29 31 34 25 23 34 13 58 0 70 65 25 43 16 46 3 52 68 57 76 29 79 60 35 48 65
37 75 4 2 87 62 55 29 61 71 61 76 87 19 6 46 70 94 45 77 37 80 87 70 0 13 60 34 84 79 67 19 13 73 84 45 9 22 58 72 45
25 69 11 14 84 58 43 16 55 58 52 71 74 7 18 39 62 87 40 77 31 77 75 65 13 0 61 26 78 69 62 13 3 60 71 46 19 9 49 60 32
82 32 57 62 28 17 89 60 33 84 53 26 83 66 56 37 52 59 27 17 35 25 79 25 60 61 0 45 40 67 23 48 64 73 92 15 69 59 51 66 71
38 45 30 36 63 36 44 16 30 45 27 49 55 27 36 14 36 61 18 57 10 55 53 43 34 26 45 0 54 45 40 15 29 41 57 32 43 19 24 38 26
92 9 80 86 26 25 89 70 24 71 40 14 58 81 82 40 30 21 39 32 47 18 54 16 84 78 40 54 0 42 19 65 81 56 74 45 93 73 40 47 72
67 41 75 81 66 50 57 53 34 31 18 51 16 67 81 37 15 31 46 69 47 57 12 46 79 69 67 45 42 0 45 60 71 16 32 63 88 60 21 9 45
78 10 63 69 24 7 80 56 13 67 35 9 61 65 65 27 30 37 22 24 31 15 57 3 67 62 23 40 19 45 0 49 65 55 74 27 76 57 33 47 62
35 56 15 21 71 45 48 17 42 57 42 58 69 18 21 27 51 75 27 64 18 64 68 52 19 13 48 15 65 60 49 0 16 55 70 33 28 12 39 53 33
24 72 12 14 87 61 42 18 58 59 54 74 76 6 19 42 64 90 43 80 34 80 77 68 13 3 64 29 81 71 65 16 0 62 72 49 17 11 51 62 33
54 52 70 74 77 58 41 44 42 15 20 62 14 57 76 38 26 47 48 79 46 68 15 57 73 60 73 41 56 16 55 55 62 0 19 65 79 51 23 9 32
59 71 81 85 96 77 40 55 61 13 39 81 19 66 88 57 45 63 67 98 64 87 23 76 84 71 92 57 74 32 74 70 72 19 0 84 89 62 42 28 39
68 36 42 47 42 20 76 46 31 74 46 34 76 51 41 27 49 63 17 32 23 36 74 29 45 46 15 32 45 63 27 33 49 65 84 0 54 45 43 59 58
37 84 13 7 96 71 58 35 70 76 70 85 93 23 14 55 79 103 54 86 46 89 94 79 9 19 69 43 93 88 76 28 17 79 89 54 0 28 67 79 50
23 64 19 23 80 53 36 7 49 49 43 66 65 8 26 33 53 79 35 74 26 72 66 60 22 9 59 19 73 60 57 12 11 51 62 45 28 0 40 51 23
54 34 54 60 57 36 49 35 20 34 3 42 33 48 60 16 13 39 26 57 26 48 31 35 58 49 51 24 40 21 33 39 51 23 42 43 67 40 0 16 32
58 43 68 74 68 50 48 45 34 24 13 53 17 59 74 32 17 39 42 71 42 59 15 48 72 60 66 38 47 9 47 53 62 9 28 59 79 51 16 0 36
22 65 42 46 86 61 18 16 50 26 34 71 46 27 49 36 45 71 44 83 36 77 47 65 45 32 71 26 72 45 62 33 33 32 39 58 50 23 32 36 0
0 968
182 404
374 746
142 510
105 497
523 862
83 507
91 633
369 633
82 412
409 893
108 314
260 816
189 746
91 599
438 768
424 622
478 968
561 828
318 655
494 739
335 551
329 600
187 488
357 831
338 532
423 863
320 563
249 527
67 445
546 944
34 256
67 346
85 661
326 894
91 449
401 866
55 523
359 795
58 262
214 526
