41
0 46 45 32 39 27 94 12 38 39 63 38 24 40 16 41 47 70 72 71 53 78 10 54 44 85 24 83 79 32 54 39 19 61 30 56 47 70 68 15 51
46 0 71 30 83 69 78 53 22 8 83 41 38 41 30 27 15 50 87 93 13 106 56 90 25 76 32 112 109 17 84 81 28 42 76 14 1 65 48 61 81
45 71 0 41 67 63 71 55 75 63 18 33 69 33 54 47 61 59 27 26 83 35 40 24 51 59 66 41 38 67 13 72 54 53 51 84 71 45 58 51 10
32 30 41 0 71 59 65 44 39 22 54 11 43 13 26 9 20 38 59 64 42 76 37 62 12 58 38 82 79 30 54 71 23 29 59 43 30 43 36 47 51
39 83 67 71 0 14 131 30 68 76 84 75 48 77 53 80 86 108 93 88 88 90 34 60 83 120 53 91 87 68 69 6 56 99 16 91 84 105 106 24 66
27 69 63 59 14 0 121 16 54 62 81 65 34 67 39 68 72 97 90 86 74 90 25 61 71 111 39 92 88 54 67 12 42 88 16 77 70 96 95 13 64
94 78 71 65 131 121 0 106 97 76 63 56 107 54 90 58 63 28 58 70 90 84 97 92 57 12 101 90 90 89 78 133 87 37 116 89 77 26 30 108 78
12 53 55 44 30 16 106 0 39 46 73 50 21 52 23 53 56 82 82 81 59 86 16 60 55 97 24 91 87 38 62 28 26 73 24 62 54 82 80 9 59
38 22 75 39 68 54 97 39 0 21 91 50 21 52 22 42 34 69 98 101 20 110 48 89 41 94 15 115 112 9 86 66 21 61 63 23 23 81 67 48 83
39 8 63 22 76 62 76 46 21 0 76 33 34 35 23 22 13 48 81 86 20 98 48 82 20 73 28 104 101 13 76 74 20 40 69 21 9 61 46 54 73
63 83 18 54 84 81 63 73 91 76 0 43 87 42 72 56 70 60 9 10 96 24 58 31 60 51 84 30 29 83 17 89 70 57 68 97 84 40 59 69 18
38 41 33 11 75 65 56 50 50 33 43 0 53 2 36 14 28 33 48 53 53 66 41 55 18 47 48 72 70 41 46 77 33 25 61 54 41 32 31 52 43
24 38 69 43 48 34 107 21 21 34 87 53 0 55 17 49 47 79 94 95 41 102 33 78 50 100 6 107 103 21 78 45 20 70 45 44 39 85 77 30 75
40 41 33 13 77 67 54 52 52 35 42 2 55 0 38 14 28 31 46 52 54 66 43 56 18 45 50 72 70 43 46 79 35 23 63 55 42 30 29 54 43
16 30 54 26 53 39 90 23 22 23 72 36 17 38 0 32 33 62 79 80 37 89 26 68 34 83 12 94 91 16 65 51 3 53 46 40 31 68 60 31 62
41 27 47 9 80 68 58 53 42 22 56 14 49 14 32 0 14 30 60 66 40 80 46 69 4 52 44 86 84 33 60 80 29 21 68 41 28 39 28 56 57
47 15 61 20 86 72 63 56 34 13 70 28 47 28 33 14 0 35 74 80 28 94 54 82 10 61 41 100 98 26 74 84 30 27 76 28 15 50 33 62 71
70 50 59 38 108 97 28 82 69 48 60 33 79 31 62 30 35 0 59 70 62 84 74 83 29 27 73 90 89 61 71 109 59 9 94 61 49 22 2 85 69
72 87 27 59 93 90 58 82 98 81 9 48 94 46 79 60 74 59 0 12 100 26 67 40 64 46 91 32 32 89 26 98 77 58 77 101 88 37 59 78 27
71 93 26 64 88 86 70 81 101 86 10 53 95 52 80 66 80 70 12 0 106 14 65 31 70 58 92 20 20 93 19 93 80 67 72 107 94 49 69 75 22
53 13 83 42 88 74 90 59 20 20 96 53 41 54 37 40 28 62 100 106 0 118 63 102 38 89 35 124 121 21 96 86 35 55 82 3 13 78 60 67 93
78 106 35 76 90 90 84 86 110 98 24 66 102 66 89 80 94 84 26 14 118 0 70 30 84 72 100 6 7 102 24 96 89 81 75 119 106 63 83 80 27
10 56 40 37 34 25 97 16 48 48 58 41 33 43 26 46 54 74 67 65 63 70 0 45 49 86 34 75 71 42 46 36 28 65 22 66 57 71 72 12 43
54 90 24 62 60 61 92 60 89 82 31 55 78 56 68 69 82 83 40 31 102 30 45 0 73 80 78 31 27 82 14 66 68 77 45 103 91 67 82 52 15
44 25 51 12 83 71 57 55 41 20 60 18 50 18 34 4 10 29 64 70 38 84 49 73 0 53 44 90 88 32 64 83 31 20 71 38 25 41 27 59 61
85 76 59 58 120 111 12 97 94 73 51 47 100 45 83 52 61 27 46 58 89 72 86 80 53 0 95 78 78 85 66 122 80 34 105 88 76 15 29 98 66
24 32 66 38 53 39 101 24 15 28 84 48 6 50 12 44 41 73 91 92 35 100 34 78 44 95 0 105 102 15 76 51 15 64 48 38 33 80 71 33 73
83 112 41 82 91 92 90 91 115 104 30 72 107 72 94 86 100 90 32 20 124 6 75 31 90 78 105 0 4 107 29 97 94 87 76 125 112 69 89 83 32
79 109 38 79 87 88 90 87 112 101 29 70 103 70 91 84 98 89 32 20 121 7 71 27 88 78 102 4 0 104 26 93 91 86 72 122 109 69 88 79 29
32 17 67 30 68 54 89 38 9 13 83 41 21 43 16 33 26 61 89 93 21 102 42 82 32 85 15 107 104 0 78 66 14 52 61 24 18 72 59 46 75
54 84 13 54 69 67 78 62 86 76 17 46 78 46 65 60 74 71 26 19 96 24 46 14 64 66 76 29 26 78 0 74 65 65 53 97 84 53 69 56 3
39 81 72 71 6 12 133 28 66 74 89 77 45 79 51 80 84 109 98 93 86 96 36 66 83 122 51 97 93 66 74 0 54 100 21 89 82 107 107 25 71
19 28 54 23 56 42 87 26 21 20 70 33 20 35 3 29 30 59 77 80 35 89 28 68 31 80 15 94 91 14 65 54 0 50 49 38 29 65 57 34 62
61 42 53 29 99 88 37 73 61 40 57 25 70 23 53 21 27 9 58 67 55 81 65 77 20 34 64 87 86 52 65 100 50 0 86 54 42 25 7 76 63
30 76 51 59 16 16 116 24 63 69 68 61 45 63 46 68 76 94 77 72 82 75 22 45 71 105 48 76 72 61 53 21 49 86 0 85 77 90 92 15 50
56 14 84 43 91 77 89 62 23 21 97 54 44 55 40 41 28 61 101 107 3 119 66 103 38 88 38 125 122 24 97 89 38 54 85 0 13 78 59 70 94
47 1 71 30 84 70 77 54 23 9 84 41 39 42 31 28 15 49 88 94 13 106 57 91 25 76 33 112 109 18 84 82 29 42 77 13 0 65 47 62 81
70 65 45 43 105 96 26 82 81 61 40 32 85 30 68 39 50 22 37 49 78 63 71 67 41 15 80 69 69 72 53 107 65 25 90 78 65 0 23 83 53
68 48 58 36 106 95 30 80 67 46 59 31 77 29 60 28 33 2 59 69 60 83 72 82 27 29 71 89 88 59 69 107 57 7 92 59 47 23 0 83 68
15 61 51 47 24 13 108 9 48 54 69 52 30 54 31 56 62 85 78 75 67 80 12 52 59 98 33 83 79 46 56 25 34 76 15 70 62 83 83 0 53
51 81 10 51 66 64 78 59 83 73 18 43 75 43 62 57 71 69 27 22 93 27 43 15 61 66 73 32 29 75 3 71 62 63 50 94 81 53 68 53 0
0 2581
607 832
2174 2490
362 696
2039 2407
1541 1775
56 427
996 1251
2190 2374
1563 1791
454 754
1879 2165
1606 1964
1808 2048
1750 1884
988 1162
2045 2372
616 773
210 342
977 1347
1141 1290
1882 2084
1849 2099
992 1187
57 219
530 716
1185 1365
1343 1596
2169 2363
1291 1441
125 444
1208 1405
904 1183
226 597
1191 1352
2251 2462
791 1123
685 981
2014 2366
1227 1478
688 1040
