41
0 78 60 65 50 86 19 73 61 43 44 55 44 64 43 71 14 5 33 12 36 19 40 78 70 46 8 10 55 68 26 19 36 48 49 37 27 24 53 65 44
78 0 36 21 54 16 68 37 37 37 47 33 38 45 62 23 90 75 45 66 57 97 55 48 45 65 78 79 23 43 61 77 84 83 48 90 51 55 29 29 52
60 36 0 42 64 34 59 13 1 18 17 6 17 63 66 50 71 57 27 48 27 79 59 74 13 31 58 66 31 64 56 51 82 49 14 59 33 37 39 8 19
65 21 42 0 33 37 52 50 43 33 46 37 35 25 42 8 78 63 38 54 53 83 36 32 55 65 67 64 13 24 44 68 65 82 50 85 42 46 12 39 51
50 54 64 33 0 70 32 75 65 48 59 58 50 15 10 34 64 52 44 46 60 64 10 28 77 75 56 45 35 19 24 64 35 87 65 83 43 46 27 64 63
86 16 34 37 70 0 81 29 34 43 49 34 43 61 77 39 98 83 53 74 60 105 70 64 37 64 86 91 36 59 74 83 98 82 48 93 59 63 44 26 53
19 68 59 52 32 81 0 72 60 42 47 54 43 46 24 57 32 22 32 18 42 32 22 60 72 56 26 13 45 50 8 35 23 62 53 54 27 26 40 64 49
73 37 13 50 75 29 72 0 12 31 29 19 30 72 79 57 83 69 40 61 39 91 72 82 8 40 70 79 40 73 69 63 95 57 26 70 46 50 48 11 31
61 37 1 43 65 34 60 12 0 19 17 7 18 64 67 51 71 57 28 49 27 79 60 75 12 30 58 67 32 65 57 51 83 48 14 59 34 38 40 8 19
43 37 18 33 48 43 42 31 19 0 13 12 2 50 49 41 55 40 10 31 20 62 42 62 31 32 43 49 20 52 38 41 64 49 17 53 16 20 26 22 18
44 47 17 46 59 49 47 29 17 13 0 15 11 62 58 54 54 40 15 33 11 62 51 75 26 19 41 51 33 65 44 35 70 36 6 44 20 21 39 24 5
55 33 6 37 58 34 54 19 7 12 15 0 11 57 60 45 67 52 22 43 26 74 53 68 19 32 55 61 25 58 50 50 76 50 15 59 28 32 33 10 19
44 38 17 35 50 43 43 30 18 2 11 11 0 52 51 43 56 41 11 32 19 63 44 64 30 30 44 50 22 54 39 40 65 47 15 52 17 21 28 21 16
64 45 63 25 15 61 46 72 64 50 62 57 52 0 25 22 78 65 49 57 65 78 24 14 76 80 69 59 32 4 38 75 50 94 67 93 50 54 24 61 67
43 62 66 42 10 77 24 79 67 49 58 60 51 25 0 43 56 46 43 40 58 55 7 38 79 73 50 37 41 29 18 58 25 84 64 77 41 43 33 68 62
71 23 50 8 34 39 57 57 51 41 54 45 43 22 43 0 85 70 46 61 61 89 39 25 62 73 74 70 21 20 49 76 68 90 58 93 50 54 19 46 59
14 90 71 78 64 98 32 83 71 55 54 67 56 78 56 85 0 15 45 24 44 10 54 92 78 51 13 20 68 82 40 21 44 48 57 33 39 35 66 77 52
5 75 57 63 52 83 22 69 57 40 40 52 41 65 46 70 15 0 30 9 31 22 42 79 65 41 4 15 53 69 28 14 41 43 44 33 24 20 51 62 39
33 45 27 38 44 53 32 40 28 10 15 22 11 49 43 46 45 30 0 21 16 52 36 62 40 31 33 39 25 52 29 32 55 45 21 47 6 10 27 32 19
12 66 48 54 46 74 18 61 49 31 33 43 32 57 40 61 24 9 21 0 25 31 36 71 59 38 13 18 44 61 22 18 41 44 38 37 15 12 42 53 33
36 57 27 53 60 60 42 39 27 20 11 26 19 65 58 61 44 31 16 25 0 52 51 78 34 15 31 43 40 68 41 24 65 29 13 33 17 16 43 35 8
19 97 79 83 64 105 32 91 79 62 62 74 63 78 55 89 10 22 52 31 52 0 54 92 86 61 21 19 74 82 40 31 39 58 65 43 46 42 71 84 60
40 55 59 36 10 70 22 72 60 42 51 53 44 24 7 39 54 42 36 36 51 54 0 38 72 66 46 35 34 28 14 54 29 77 57 73 34 36 26 61 55
78 48 74 32 28 64 60 82 75 62 75 68 64 14 38 25 92 79 62 71 78 92 38 0 87 93 83 73 43 10 52 89 62 107 79 107 64 68 36 71 80
70 45 13 55 77 37 72 8 12 31 26 19 30 76 79 62 78 65 40 59 34 86 72 87 0 33 65 77 44 77 69 58 95 49 21 63 46 47 52 16 26
46 65 31 65 75 64 56 40 30 32 19 32 30 80 73 73 51 41 31 38 15 61 66 93 33 0 40 56 52 83 56 30 79 18 17 30 32 31 58 38 14
8 78 58 67 56 86 26 70 58 43 41 55 44 69 50 74 13 4 33 13 31 21 46 83 65 40 0 18 57 73 32 11 44 40 44 29 27 23 55 65 39
10 79 66 64 45 91 13 79 67 49 51 61 50 59 37 70 20 15 39 18 43 19 35 73 77 56 18 0 56 63 21 29 26 58 56 47 33 30 52 71 51
55 23 31 13 35 36 45 40 32 20 33 25 22 32 41 21 68 53 25 44 40 74 34 43 44 52 57 56 0 33 38 56 62 69 37 72 30 34 8 29 38
68 43 64 24 19 59 50 73 65 52 65 58 54 4 29 20 82 69 52 61 68 82 28 10 77 83 73 63 33 0 42 79 54 97 69 97 54 58 26 62 70
26 61 56 44 24 74 8 69 57 38 44 50 39 38 18 49 40 28 29 22 41 40 14 52 69 56 32 21 38 42 0 40 26 66 50 59 25 25 32 60 47
19 77 51 68 64 83 35 63 51 41 35 50 40 75 58 76 21 14 32 18 24 31 54 89 58 30 11 29 56 79 40 0 55 29 37 19 26 22 57 59 32
36 84 82 65 35 98 23 95 83 64 70 76 65 50 25 68 44 41 55 41 65 39 29 62 95 79 44 26 62 54 26 55 0 84 76 73 50 49 55 86 72
48 83 49 82 87 82 62 57 48 49 36 50 47 94 84 90 48 43 45 44 29 58 77 107 49 18 40 58 69 97 66 29 84 0 35 17 44 41 72 56 31
49 48 14 50 65 48 53 26 14 17 6 15 15 67 64 58 57 44 21 38 13 65 57 79 21 17 44 56 37 69 50 37 76 35 0 45 26 27 43 22 5
37 90 59 85 83 93 54 70 59 53 44 59 52 93 77 93 33 33 47 37 33 43 73 107 63 30 29 47 72 97 59 19 73 17 45 0 43 39 74 67 40
27 51 33 42 43 59 27 46 34 16 20 28 17 50 41 50 39 24 6 15 17 46 34 64 46 32 27 33 30 54 25 26 50 44 26 43 0 4 31 38 22
24 55 37 46 46 63 26 50 38 20 21 32 21 54 43 54 35 20 10 12 16 42 36 68 47 31 23 30 34 58 25 22 49 41 27 39 4 0 35 42 23
53 29 39 12 27 44 40 48 40 26 39 33 28 24 33 19 66 51 27 42 43 71 26 36 52 58 55 52 8 26 32 57 55 72 43 74 31 35 0 37 44
65 29 8 39 64 26 64 11 8 22 24 10 21 61 68 46 77 62 32 53 35 84 61 71 16 38 65 71 29 62 60 59 86 56 22 67 38 42 37 0 27
44 52 19 51 63 53 49 31 19 18 5 19 16 67 62 59 52 39 19 33 8 60 55 80 26 14 39 51 38 70 47 32 72 31 5 40 22 23 44 27 0
0 968
382 619
291 724
473 677
226 541
449 968
530 890
470 968
314 604
394 844
353 893
470 968
334 861
405 645
377 856
462 803
383 647
84 625
416 704
282 522
47 346
106 607
233 719
149 649
172 514
364 671
443 967
309 786
481 812
140 397
187 734
390 788
459 755
49 308
82 512
442 798
240 491
197 564
397 962
283 595
371 565
