51
0 73 70 53 78 68 76 42 6 23 23 37 30 11 78 87 69 25 32 54 55 3 20 22 20 70 43 41 39 68 45 80 37 52 35 50 19 37 61 27 39 32 60 69 30 10 78 26 50 53 42
73 0 78 20 59 46 4 83 72 81 66 41 102 62 74 16 24 97 94 19 46 72 56 94 56 4 39 79 74 14 35 8 36 38 89 23 59 56 23 100 34 61 48 75 83 78 7 64 86 26 47
70 78 0 63 26 33 82 110 64 93 47 81 80 64 12 90 55 85 59 76 100 73 56 86 75 74 85 108 33 87 50 82 70 93 50 74 54 94 55 81 68 39 30 3 49 80 85 44 117 56 40
53 20 63 0 50 36 24 72 52 65 46 29 82 42 62 35 21 78 74 13 42 54 36 75 38 17 30 68 54 24 15 27 18 33 69 12 39 45 13 80 16 41 33 60 63 60 27 44 75 7 27
78 59 26 50 0 14 63 112 72 98 55 72 95 68 17 69 35 97 75 63 91 79 58 96 74 55 76 109 48 72 40 62 61 83 67 62 59 88 39 95 59 46 18 23 64 86 66 52 118 43 36
68 46 33 36 14 0 50 100 63 88 47 59 87 58 28 57 22 89 71 49 78 69 48 88 62 42 63 97 44 58 27 49 48 69 63 48 49 75 25 87 46 38 8 30 60 76 53 44 105 29 26
76 4 82 24 63 50 0 85 75 84 70 44 105 66 78 12 28 101 98 22 47 76 60 98 59 8 41 81 78 14 39 6 39 38 93 26 63 58 27 103 38 65 52 79 87 81 3 68 86 30 51
42 83 110 72 112 100 85 0 48 20 65 43 58 46 117 96 91 47 72 64 43 39 56 43 38 83 44 4 81 73 73 91 54 48 76 62 56 27 83 54 56 71 94 109 72 33 87 67 9 75 76
6 72 64 52 72 63 75 48 0 29 17 39 30 10 72 87 65 28 28 54 58 9 16 25 22 69 45 47 33 68 41 79 37 54 30 50 14 41 58 28 38 26 55 63 25 16 78 20 56 50 37
23 81 93 65 98 88 84 20 29 0 46 40 39 30 101 95 83 28 52 62 48 20 40 24 27 81 44 20 62 73 62 89 47 51 56 59 40 29 75 35 49 55 80 92 52 13 86 49 29 67 62
23 66 47 46 55 47 70 65 17 46 0 42 40 19 55 81 55 42 28 52 63 26 12 41 31 63 48 63 16 66 32 73 36 57 23 48 9 51 49 40 36 9 39 46 17 33 73 3 72 42 23
37 41 81 29 72 59 44 43 39 40 42 0 67 29 83 55 48 60 67 22 21 35 30 56 17 41 6 39 58 33 32 49 11 15 65 19 33 16 40 63 13 46 54 78 59 39 46 44 46 32 41
30 102 80 82 95 87 105 58 30 39 40 67 0 40 90 117 95 11 21 84 83 32 46 15 50 99 73 59 47 98 71 109 67 82 30 80 43 64 88 4 68 49 79 80 31 30 108 43 67 80 63
11 62 64 42 68 58 66 46 10 30 19 29 40 0 71 77 58 36 38 44 49 12 10 33 13 59 35 44 35 58 34 69 27 44 38 40 10 33 50 38 28 25 50 63 32 19 68 21 53 42 32
78 74 12 62 17 28 78 117 72 101 55 83 90 71 0 85 50 95 69 75 102 81 62 96 80 70 87 115 43 86 51 77 72 94 60 74 61 98 53 91 70 47 29 10 59 88 81 52 124 55 43
87 16 90 35 69 57 12 96 87 95 81 55 117 77 85 0 35 112 109 34 57 87 71 109 70 18 52 92 88 24 50 8 50 49 104 37 74 69 36 114 49 76 61 87 98 92 9 79 97 40 61
69 24 55 21 35 22 28 91 65 83 55 48 95 58 50 35 0 93 81 33 63 70 49 90 56 20 51 87 59 37 24 27 37 54 76 33 52 64 8 93 35 47 26 52 70 76 31 52 94 16 32
25 97 85 78 97 89 101 47 28 28 42 60 11 36 95 112 93 0 30 79 74 25 44 4 43 95 66 48 52 93 69 105 62 74 38 75 42 55 86 7 63 51 81 85 37 21 103 45 56 78 64
32 94 59 74 75 71 98 72 28 52 28 67 21 38 69 109 81 30 0 78 86 35 38 33 50 91 73 71 27 92 60 101 62 82 9 74 35 69 75 24 62 34 63 59 11 39 101 30 80 69 49
54 19 76 13 63 49 22 64 54 62 52 22 84 44 75 34 33 79 78 0 30 54 40 76 37 19 20 60 65 14 27 27 17 21 75 4 43 37 26 81 16 51 46 73 69 59 25 52 67 20 39
55 46 100 42 91 78 47 43 58 48 63 21 83 49 102 57 63 74 86 30 0 53 51 70 36 48 15 39 79 33 51 53 30 9 86 30 54 19 55 79 32 67 73 97 80 53 48 65 42 49 60
3 72 73 54 79 69 76 39 9 20 26 35 32 12 81 87 70 25 35 54 53 0 21 22 18 70 41 38 42 68 46 80 37 50 38 50 21 34 62 28 38 35 61 72 33 7 78 29 47 54 43
20 56 56 36 58 48 60 56 16 40 12 30 46 10 62 71 49 44 38 40 51 21 0 41 19 53 36 53 28 54 25 63 24 45 35 36 3 39 42 44 24 17 40 54 29 28 63 14 62 34 22
22 94 86 75 96 88 98 43 25 24 41 56 15 33 96 109 90 4 33 76 70 22 41 0 39 92 62 44 53 89 66 102 59 70 40 72 39 51 83 11 60 50 80 86 38 17 100 44 52 75 62
20 56 75 38 74 62 59 38 22 27 31 17 50 13 80 70 56 43 50 37 36 18 19 39 0 54 23 35 47 50 35 64 20 32 51 33 22 20 48 46 22 36 56 73 45 22 61 33 44 40 38
70 4 74 17 55 42 8 83 69 81 63 41 99 59 70 18 20 95 91 19 48 70 53 92 54 0 39 79 70 17 32 10 34 39 86 22 56 56 19 97 32 58 44 71 80 76 11 61 86 22 43
43 39 85 30 76 63 41 44 45 44 48 6 73 35 87 52 51 66 73 20 15 41 36 62 23 39 0 40 64 29 36 47 15 9 71 18 39 17 43 69 17 52 58 82 65 45 43 50 47 36 45
41 79 108 68 109 97 81 4 47 20 63 39 59 44 115 92 87 48 71 60 39 38 53 44 35 79 40 0 79 69 70 87 50 44 75 58 54 23 79 55 52 69 91 107 71 32 83 65 9 71 73
39 74 33 54 48 44 78 81 33 62 16 58 47 35 43 88 59 52 27 65 79 42 28 53 47 70 64 79 0 78 39 80 51 73 19 61 25 67 53 48 50 14 36 33 16 49 81 15 88 48 27
68 14 87 24 72 58 14 73 68 73 66 33 98 58 86 24 37 93 92 14 33 68 54 89 50 17 29 69 78 0 39 20 31 25 89 18 57 46 33 95 30 64 57 84 83 72 15 66 73 31 51
45 35 50 15 40 27 39 73 41 62 32 32 71 34 51 50 24 69 60 27 51 46 25 66 35 32 36 70 39 39 0 42 21 43 55 24 28 48 17 69 19 26 22 47 49 53 42 30 78 10 12
80 8 82 27 62 49 6 91 79 89 73 49 109 69 77 8 27 105 101 27 53 80 63 102 64 10 47 87 80 20 42 0 44 44 96 31 66 64 28 107 42 68 53 79 90 86 5 71 92 32 53
37 36 70 18 61 48 39 54 37 47 36 11 67 27 72 50 37 62 62 17 30 37 24 59 20 34 15 50 51 31 21 44 0 23 59 13 27 27 29 64 2 37 43 67 53 42 41 37 57 21 30
52 38 93 33 83 69 38 48 54 51 57 15 82 44 94 49 54 74 82 21 9 50 45 70 32 39 9 44 73 25 43 44 23 0 80 21 48 22 46 78 25 60 65 90 74 53 40 59 48 40 53
35 89 50 69 67 63 93 76 30 56 23 65 30 38 60 104 76 38 9 75 86 38 35 40 51 86 71 75 19 89 55 96 59 80 0 71 32 71 70 33 59 29 55 50 6 43 96 25 84 64 44
50 23 74 12 62 48 26 62 50 59 48 19 80 40 74 37 33 75 74 4 30 50 36 72 33 22 18 58 61 18 24 31 13 21 71 0 39 35 25 77 12 47 45 71 65 55 28 48 65 19 36
19 59 54 39 59 49 63 56 14 40 9 33 43 10 61 74 52 42 35 43 54 21 3 39 22 56 39 54 25 57 28 66 27 48 32 39 0 42 45 41 27 15 41 53 26 28 66 11 63 37 23
37 56 94 45 88 75 58 27 41 29 51 16 64 33 98 69 64 55 69 37 19 34 39 51 20 56 17 23 67 46 48 64 27 22 71 35 42 0 56 60 29 56 70 92 65 34 60 53 30 48 55
61 23 55 13 39 25 27 83 58 75 49 40 88 50 53 36 8 86 75 26 55 62 42 83 48 19 43 79 53 33 17 28 29 46 70 25 45 56 0 86 27 41 25 52 64 68 30 46 86 8 26
27 100 81 80 95 87 103 54 28 35 40 63 4 38 91 114 93 7 24 81 79 28 44 11 46 97 69 55 48 95 69 107 64 78 33 77 41 60 86 0 66 49 79 81 32 26 105 43 63 78 63
39 34 68 16 59 46 38 56 38 49 36 13 68 28 70 49 35 63 62 16 32 38 24 60 22 32 17 52 50 30 19 42 2 25 59 12 27 29 27 66 0 36 41 65 53 44 40 36 59 19 28
32 61 39 41 46 38 65 71 26 55 9 46 49 25 47 76 47 51 34 51 67 35 17 50 36 58 52 69 14 64 26 68 37 60 29 47 15 56 41 49 36 0 30 38 23 42 68 6 78 36 15
60 48 30 33 18 8 52 94 55 80 39 54 79 50 29 61 26 81 63 46 73 61 40 80 56 44 58 91 36 57 22 53 43 65 55 45 41 70 25 79 41 30 0 27 52 68 55 36 100 26 18
69 75 3 60 23 30 79 109 63 92 46 78 80 63 10 87 52 85 59 73 97 72 54 86 73 71 82 107 33 84 47 79 67 90 50 71 53 92 52 81 65 38 27 0 49 79 82 43 116 53 37
30 83 49 63 64 60 87 72 25 52 17 59 31 32 59 98 70 37 11 69 80 33 29 38 45 80 65 71 16 83 49 90 53 74 6 65 26 65 64 32 53 23 52 49 0 39 90 19 80 58 38
10 78 80 60 86 76 81 33 16 13 33 39 30 19 88 92 76 21 39 59 53 7 28 17 22 76 45 32 49 72 53 86 42 53 43 55 28 34 68 26 44 42 68 79 39 0 83 36 41 60 50
78 7 85 27 66 53 3 87 78 86 73 46 108 68 81 9 31 103 101 25 48 78 63 100 61 11 43 83 81 15 42 5 41 40 96 28 66 60 30 105 40 68 55 82 90 83 0 71 88 33 54
26 64 44 44 52 44 68 67 20 49 3 44 43 21 52 79 52 45 30 52 65 29 14 44 33 61 50 65 15 66 30 71 37 59 25 48 11 53 46 43 36 6 36 43 19 36 71 0 74 39 20
50 86 117 75 118 105 86 9 56 29 72 46 67 53 124 97 94 56 80 67 42 47 62 52 44 86 47 9 88 73 78 92 57 48 84 65 63 30 86 63 59 78 100 116 80 41 88 74 0 78 82
53 26 56 7 43 29 30 75 50 67 42 32 80 42 55 40 16 78 69 20 49 54 34 75 40 22 36 71 48 31 10 32 21 40 64 19 37 48 8 78 19 36 26 53 58 60 33 39 78 0 21
42 47 40 27 36 26 51 76 37 62 23 41 63 32 43 61 32 64 49 39 60 43 22 62 38 43 45 73 27 51 12 53 30 53 44 36 23 55 26 63 28 15 18 37 38 50 54 20 82 21 0
0 2036
580 1026
1267 1738
811 1171
564 933
1001 1378
58 579
322 560
1412 1970
1441 1996
1076 1657
87 438
472 1041
407 744
1349 1871
1088 1303
1269 1582
1217 1612
1303 1793
396 698
1384 1689
162 660
1078 1522
178 400
361 779
1171 1680
619 1168
443 920
1166 1511
1465 1974
631 1168
1091 1487
852 1087
1147 1685
536 819
1439 1951
1236 1444
98 434
668 1057
1504 1737
798 1296
733 953
389 969
1129 1354
1542 1748
295 709
228 636
1162 1596
325 718
688 998
997 1475
