51
0 49 62 95 88 55 36 83 62 108 7 61 15 53 17 72 10 48 81 60 82 14 101 39 95 17 33 52 8 49 84 31 72 80 20 56 82 56 94 26 84 42 23 33 65 81 65 37 71 25 88
49 0 62 62 39 42 13 34 19 74 52 14 43 4 33 45 53 21 34 65 36 39 54 36 63 52 60 20 56 1 46 56 37 81 29 9 35 13 48 35 37 27 49 25 62 32 18 36 22 30 39
62 62 0 51 88 22 56 77 81 64 56 59 71 64 59 33 72 79 91 5 95 66 73 28 50 46 34 81 69 63 52 33 44 20 56 59 69 53 67 74 68 81 39 42 4 79 61 30 68 46 93
95 62 51 0 61 40 67 47 74 13 92 49 96 60 84 23 103 83 73 56 77 91 29 56 1 84 80 82 103 63 17 77 25 56 80 54 38 49 27 93 35 89 77 63 47 54 46 58 48 71 70
88 39 88 61 0 66 52 14 32 67 91 30 81 35 72 59 92 50 16 92 20 78 38 68 62 90 95 46 95 40 45 91 47 104 68 34 23 37 35 72 26 58 85 61 86 9 27 69 20 68 10
55 42 22 40 66 0 39 55 60 53 52 37 59 42 47 17 64 61 69 26 73 54 56 16 40 44 40 62 63 43 35 37 24 39 44 37 48 31 50 61 48 64 37 27 20 57 39 18 46 34 71
36 13 56 67 52 39 0 47 29 80 39 25 31 17 20 47 40 23 46 58 48 27 65 28 68 39 49 25 43 13 53 45 42 76 16 20 46 20 59 26 48 25 36 15 57 45 29 27 35 17 52
83 34 77 47 14 55 47 0 35 55 86 22 77 30 67 46 87 51 26 81 30 73 27 60 48 82 87 48 90 35 31 83 34 91 63 27 9 29 23 69 12 59 77 53 74 7 18 61 12 61 23
62 19 81 74 32 60 29 35 0 85 66 26 51 18 45 61 62 18 19 84 20 49 61 55 75 68 78 14 67 18 57 74 51 99 43 23 41 29 55 41 44 26 65 43 80 29 28 55 27 46 26
108 74 64 13 67 53 80 55 85 0 105 60 109 71 97 36 116 95 81 69 85 104 31 69 14 97 93 94 116 75 28 90 38 66 93 65 46 61 32 106 43 101 90 76 60 62 57 71 59 84 77
7 52 56 92 91 52 39 86 66 105 0 64 22 56 21 69 17 52 85 54 86 19 101 36 92 11 27 56 13 52 83 25 71 74 23 59 85 57 94 32 86 47 17 33 59 84 68 34 74 25 91
61 14 59 49 30 37 25 22 26 60 64 0 56 11 45 35 65 35 32 63 36 52 40 38 50 60 65 34 68 15 32 61 25 76 41 5 21 7 34 49 23 41 55 31 57 21 4 39 10 39 35
15 43 71 96 81 59 31 77 51 109 22 56 0 47 12 73 11 34 70 70 70 5 96 43 96 31 47 38 16 42 83 44 71 90 16 51 77 51 90 11 79 28 35 33 72 75 60 41 65 25 77
53 4 64 60 35 42 17 30 18 71 56 11 47 0 37 44 57 24 30 67 33 43 51 39 61 55 63 23 60 5 43 59 35 81 33 6 32 12 45 39 34 31 52 28 62 28 15 39 18 33 35
17 33 59 84 72 47 20 67 45 97 21 45 12 37 0 61 20 31 64 60 65 7 85 31 84 25 39 35 24 32 71 35 59 79 4 40 66 40 79 15 68 28 26 21 60 65 49 29 55 13 71
72 45 33 23 59 17 47 46 61 36 69 35 73 44 61 0 80 66 66 38 70 68 40 33 23 61 57 65 80 46 19 54 12 45 57 38 37 32 34 73 36 72 54 40 30 50 35 35 41 48 66
10 53 72 103 92 64 40 87 62 116 17 65 11 57 20 80 0 45 81 70 81 14 105 48 103 27 43 49 6 52 91 41 79 90 24 60 86 60 99 22 88 39 33 40 75 85 69 46 75 32 88
48 21 79 83 50 61 23 51 18 95 52 35 34 24 31 66 45 0 36 81 36 34 75 51 84 56 69 4 50 20 67 65 58 99 30 30 56 34 69 23 58 8 56 37 80 46 39 50 41 37 44
81 34 91 73 16 69 46 26 19 81 85 32 70 30 64 66 81 36 0 95 4 68 53 68 74 85 93 32 86 33 56 89 55 108 62 32 35 38 49 59 38 44 82 58 89 19 31 69 26 63 8
60 65 5 56 92 26 58 81 84 69 54 63 70 67 60 38 70 81 95 0 99 65 78 30 55 44 30 83 67 66 57 30 49 20 57 63 74 57 72 75 73 82 37 44 9 83 65 31 72 47 97
82 36 95 77 20 73 48 30 20 85 86 36 70 33 65 70 81 36 4 99 0 69 57 72 78 87 96 32 86 36 60 92 59 112 63 36 39 42 53 59 42 44 84 61 93 23 35 72 30 65 10
14 39 66 91 78 54 27 73 49 104 19 52 5 43 7 68 14 34 68 65 69 0 92 38 91 27 43 38 18 38 78 39 66 85 11 47 73 47 86 13 75 28 30 28 67 71 56 36 61 20 75
101 54 73 29 38 56 65 27 61 31 101 40 96 51 85 40 105 75 53 78 57 92 0 68 30 96 95 72 108 55 21 92 32 84 81 45 20 46 7 89 17 81 89 68 70 34 36 70 34 76 48
39 36 28 56 68 16 28 60 55 69 36 38 43 39 31 33 48 51 68 30 72 38 68 0 56 28 28 53 47 37 48 24 36 48 28 36 56 31 61 46 56 53 21 14 29 59 42 2 48 18 72
95 63 50 1 62 40 68 48 75 14 92 50 96 61 84 23 103 84 74 55 78 91 30 56 0 84 80 83 103 64 18 77 26 55 80 55 39 50 28 94 36 90 77 63 46 55 47 58 49 71 71
17 52 46 84 90 44 39 82 68 97 11 60 31 55 25 61 27 56 85 44 87 27 96 28 84 0 16 60 24 52 76 14 64 64 26 57 81 53 89 40 82 53 7 29 49 81 64 26 70 22 90
33 60 34 80 95 40 49 87 78 93 27 65 47 63 39 57 43 69 93 30 96 43 95 28 80 16 0 72 40 60 75 4 63 49 39 63 83 58 89 54 84 67 13 35 38 86 69 26 75 32 98
52 20 81 82 46 62 25 48 14 94 56 34 38 23 35 65 49 4 32 83 32 38 72 53 83 60 72 0 54 19 66 68 57 100 34 29 53 33 66 27 55 12 59 40 81 42 37 52 38 40 40
8 56 69 103 95 63 43 90 67 116 13 68 16 60 24 80 6 50 86 67 86 18 108 47 103 24 40 54 0 56 92 38 80 87 27 63 89 63 102 27 91 44 30 41 72 88 72 45 78 33 93
49 1 63 63 40 43 13 35 18 75 52 15 42 5 32 46 52 20 33 66 36 38 55 37 64 52 60 19 56 0 47 56 38 82 29 10 36 14 49 34 38 26 49 25 63 33 19 37 23 30 39
84 46 52 17 45 35 53 31 57 28 83 32 83 43 71 19 91 67 56 57 60 78 21 48 18 76 75 66 92 47 0 72 12 64 67 37 22 33 15 79 19 73 69 51 49 37 29 50 31 59 53
31 56 33 77 91 37 45 83 74 90 25 61 44 59 35 54 41 65 89 30 92 39 92 24 77 14 4 68 38 56 72 0 60 50 35 59 79 54 85 50 80 63 9 31 37 82 65 22 71 28 94
72 37 44 25 47 24 42 34 51 38 71 25 71 35 59 12 79 58 55 49 59 66 32 36 26 64 63 57 80 38 12 60 0 57 55 29 25 24 26 68 24 64 57 39 41 38 24 38 29 47 54
80 81 20 56 104 39 76 91 99 66 74 76 90 81 79 45 90 99 108 20 112 85 84 48 55 64 49 100 87 82 64 50 57 0 76 76 82 70 79 94 81 101 57 62 19 95 78 50 85 66 110
20 29 56 80 68 44 16 63 43 93 23 41 16 33 4 57 24 30 62 57 63 11 81 28 80 26 39 34 27 29 67 35 55 76 0 36 62 36 75 18 64 28 26 17 57 61 45 26 51 10 68
56 9 59 54 34 37 20 27 23 65 59 5 51 6 40 38 60 30 32 63 36 47 45 36 55 57 63 29 63 10 37 59 29 76 36 0 26 6 39 44 28 36 52 28 57 26 9 37 15 35 36
82 35 69 38 23 48 46 9 41 46 85 21 77 32 66 37 86 56 35 74 39 73 20 56 39 81 83 53 89 36 22 79 25 82 62 26 0 28 14 70 3 62 76 52 66 16 17 57 15 60 32
56 13 53 49 37 31 20 29 29 61 57 7 51 12 40 32 60 34 38 57 42 47 46 31 50 53 58 33 63 14 33 54 24 70 36 6 28 0 39 46 30 40 48 24 51 28 11 32 17 32 42
94 48 67 27 35 50 59 23 55 32 94 34 90 45 79 34 99 69 49 72 53 86 7 61 28 89 89 66 102 49 15 85 26 79 75 39 14 39 0 83 11 75 82 61 64 30 30 63 28 69 45
26 35 74 93 72 61 26 69 41 106 32 49 11 39 15 73 22 23 59 75 59 13 89 46 94 40 54 27 27 34 79 50 68 94 18 44 70 46 83 0 72 17 41 34 75 66 53 44 57 28 67
84 37 68 35 26 48 48 12 44 43 86 23 79 34 68 36 88 58 38 73 42 75 17 56 36 82 84 55 91 38 19 80 24 81 64 28 3 30 11 72 0 64 77 53 65 19 19 58 17 61 35
42 27 81 89 58 64 25 59 26 101 47 41 28 31 28 72 39 8 44 82 44 28 81 53 90 53 67 12 44 26 73 63 64 101 28 36 62 40 75 17 64 0 54 39 82 54 45 51 49 36 52
23 49 39 77 85 37 36 77 65 90 17 55 35 52 26 54 33 56 82 37 84 30 89 21 77 7 13 59 30 49 69 9 57 57 26 52 76 48 82 41 77 54 0 24 42 76 59 19 65 19 87
33 25 42 63 61 27 15 53 43 76 33 31 33 28 21 40 40 37 58 44 61 28 68 14 63 29 35 40 41 25 51 31 39 62 17 28 52 24 61 34 53 39 24 0 43 52 35 13 41 8 63
65 62 4 47 86 20 57 74 80 60 59 57 72 62 60 30 75 80 89 9 93 67 70 29 46 49 38 81 72 63 49 37 41 19 57 57 66 51 64 75 65 82 42 43 0 77 59 31 66 47 91
81 32 79 54 9 57 45 7 29 62 84 21 75 28 65 50 85 46 19 83 23 71 34 59 55 81 86 42 88 33 37 82 38 95 61 26 16 28 30 66 19 54 76 52 77 0 18 60 11 60 16
65 18 61 46 27 39 29 18 28 57 68 4 60 15 49 35 69 39 31 65 35 56 36 42 47 64 69 37 72 19 29 65 24 78 45 9 17 11 30 53 19 45 59 35 59 18 0 43 7 43 32
37 36 30 58 69 18 27 61 55 71 34 39 41 39 29 35 46 50 69 31 72 36 70 2 58 26 26 52 45 37 50 22 38 50 26 37 57 32 63 44 58 51 19 13 31 60 43 0 49 16 73
71 22 68 48 20 46 35 12 27 59 74 10 65 18 55 41 75 41 26 72 30 61 34 48 49 70 75 38 78 23 31 71 29 85 51 15 15 17 28 57 17 49 65 41 66 11 7 49 0 49 26
25 30 46 71 68 34 17 61 46 84 25 39 25 33 13 48 32 37 63 47 65 20 76 18 71 22 32 40 33 30 59 28 47 66 10 35 60 32 69 28 61 36 19 8 47 60 43 16 49 0 68
88 39 93 70 10 71 52 23 26 77 91 35 77 35 71 66 88 44 8 97 10 75 48 72 71 90 98 40 93 39 53 94 54 110 68 36 32 42 45 67 35 52 87 63 91 16 32 73 26 68 0
0 2879
2542 2760
1230 1638
1350 1534
744 1042
1510 1829
1969 2199
1521 1709
1355 1555
1832 2129
170 421
1091 1251
729 1126
364 662
2592 2751
667 944
1988 2314
2508 2838
2334 2709
1769 1981
2213 2425
1333 1507
739 1008
1992 2319
1498 1858
2375 2726
615 842
2579 2844
2280 2467
2423 2608
638 1052
751 972
1055 1364
1738 2057
1832 2259
878 1163
2372 2605
2228 2430
825 1234
1932 2331
2385 2606
1627 1974
1734 1961
2249 2475
1281 1671
985 1148
2185 2504
1774 2020
1897 2139
999 1342
2328 2514
