51
0 25 78 38 85 28 45 79 11 9 45 95 66 3 25 17 36 93 75 21 77 73 86 45 23 17 18 68 81 62 75 68 46 73 30 27 46 99 104 13 23 28 51 37 43 43 41 38 63 87 14
25 0 53 29 70 4 24 54 36 34 23 75 76 28 32 36 36 81 64 29 57 52 61 55 24 8 30 78 71 43 55 54 48 52 22 4 52 83 87 31 15 10 30 18 41 20 20 21 39 65 25
78 53 0 63 66 52 44 9 89 87 40 61 112 81 78 87 74 82 73 77 48 41 8 96 71 61 80 114 79 48 46 62 83 36 61 51 89 77 75 82 62 54 41 50 73 39 45 50 25 35 76
38 29 63 0 47 33 19 67 43 46 50 59 51 41 19 55 11 55 37 53 41 38 67 33 51 29 53 53 44 26 39 30 22 42 51 26 27 61 66 31 43 39 22 14 12 25 18 50 59 56 25
85 70 66 47 0 74 47 74 90 93 82 17 71 88 65 102 53 16 16 98 19 25 66 66 94 74 99 72 17 27 20 17 52 30 92 66 58 14 19 78 85 80 41 53 46 53 50 87 80 36 72
28 4 52 33 74 0 27 51 39 37 19 78 80 31 36 36 40 85 68 27 60 54 60 59 22 11 30 82 75 47 58 58 52 53 18 8 56 87 91 34 13 6 33 22 45 21 24 17 35 66 29
45 24 44 19 47 27 0 48 53 54 37 51 69 48 36 60 30 58 42 53 33 28 48 52 48 30 54 71 49 20 31 31 40 28 45 20 46 60 64 43 39 33 6 8 30 8 4 42 42 42 36
79 54 9 67 74 51 48 0 90 88 37 70 117 82 81 85 78 90 81 74 56 49 15 100 68 62 78 119 87 55 54 69 88 44 58 52 94 85 84 83 60 52 47 53 78 42 49 47 19 44 77
11 36 89 43 90 39 53 90 0 7 56 102 62 8 26 20 38 95 78 29 84 81 97 41 32 28 25 64 83 69 82 73 46 81 40 38 44 104 109 12 33 39 59 45 45 53 50 48 74 95 18
9 34 87 46 93 37 54 88 7 0 53 104 69 6 31 13 43 100 82 22 86 82 95 48 27 26 18 71 88 71 84 76 51 82 35 36 50 107 112 17 30 36 60 46 50 52 50 45 71 96 21
45 23 40 50 82 19 37 37 56 53 0 83 99 48 55 49 59 95 79 37 65 58 48 78 31 30 41 101 86 55 63 68 71 56 21 25 75 95 96 53 24 17 41 36 62 29 35 10 18 65 48
95 75 61 59 17 78 51 70 102 104 83 0 88 98 78 111 67 30 33 104 18 25 57 82 99 81 105 89 34 33 20 31 68 28 96 71 74 17 14 90 90 84 45 59 60 57 55 91 79 26 84
66 76 112 51 71 80 69 117 62 69 99 88 0 66 44 82 40 65 55 87 79 80 116 21 88 71 84 2 55 68 78 60 29 85 93 74 24 79 87 53 85 85 71 65 39 76 69 97 110 98 54
3 28 81 41 88 31 48 82 8 6 48 98 66 0 27 16 38 95 77 21 80 76 89 45 24 20 18 68 83 65 78 71 47 76 32 30 46 102 107 13 25 31 54 40 45 46 44 40 66 90 16
25 32 78 19 65 36 36 81 26 31 55 78 44 27 0 42 12 69 52 45 60 57 84 23 45 27 43 46 57 45 58 48 21 61 49 31 21 78 84 14 41 41 40 28 19 39 33 53 70 75 11
17 36 87 55 102 36 60 85 20 13 49 111 82 16 42 0 53 110 92 12 93 88 95 61 18 30 8 84 98 78 91 85 63 88 28 40 62 116 121 29 25 33 66 52 60 56 56 39 67 101 31
36 36 74 11 53 40 30 78 38 43 59 67 40 38 12 53 0 57 40 55 51 48 78 22 55 34 54 42 45 36 49 36 12 53 56 34 16 66 72 26 48 46 33 25 7 36 29 57 70 66 22
93 81 82 55 16 85 58 90 95 100 95 30 65 95 69 110 57 0 18 108 35 41 82 65 105 84 108 65 12 40 36 27 53 46 103 77 58 15 23 83 96 91 54 63 50 66 61 99 96 52 79
75 64 73 37 16 68 42 81 78 82 79 33 55 77 52 92 40 18 0 90 28 32 73 50 88 66 90 56 7 26 28 12 37 37 86 60 42 27 34 66 79 74 39 46 33 50 45 83 82 47 61
21 29 77 53 98 27 53 74 29 22 37 104 87 21 45 12 55 108 90 0 86 81 85 66 6 24 4 89 97 72 84 81 66 80 16 33 66 112 116 34 15 23 59 46 62 48 49 27 55 93 34
77 57 48 41 19 60 33 56 84 86 65 18 79 80 60 93 51 35 28 86 0 7 47 69 81 63 87 81 33 15 2 19 55 12 78 53 61 30 31 72 72 66 27 41 46 39 37 73 62 19 66
73 52 41 38 25 54 28 49 81 82 58 25 80 76 57 88 48 41 32 81 7 0 41 68 76 58 82 82 38 12 5 21 54 5 72 48 60 37 38 69 67 60 22 36 44 33 32 66 55 18 63
86 61 8 67 66 60 48 15 97 95 48 57 116 89 84 95 78 82 73 85 47 41 0 100 79 69 88 118 79 50 46 62 87 36 69 59 93 74 71 89 70 62 45 56 77 45 51 58 33 31 82
45 55 96 33 66 59 52 100 41 48 78 82 21 45 23 61 22 65 50 66 69 68 100 0 67 50 63 23 54 56 67 51 14 73 72 53 8 77 84 32 64 64 55 47 24 58 51 76 91 86 33
23 24 71 51 94 22 48 68 32 27 31 99 88 24 45 18 55 105 88 6 81 76 79 67 0 22 10 90 95 67 79 78 66 75 10 28 66 107 111 36 9 17 54 42 61 43 44 21 49 88 34
17 8 61 29 74 11 30 62 28 26 30 81 71 20 27 30 34 84 66 24 63 58 69 50 22 0 25 73 73 48 61 57 46 58 22 10 48 88 92 23 14 14 36 22 39 26 26 26 46 71 18
18 30 80 53 99 30 54 78 25 18 41 105 84 18 43 8 54 108 90 4 87 82 88 63 10 25 0 86 97 73 85 82 64 82 20 34 64 113 117 31 18 26 60 47 61 50 50 31 59 95 32
68 78 114 53 72 82 71 119 64 71 101 89 2 68 46 84 42 65 56 89 81 82 118 23 90 73 86 0 56 70 80 62 31 87 95 76 26 80 88 55 87 87 73 67 41 78 71 99 112 100 56
81 71 79 44 17 75 49 87 83 88 86 34 55 83 57 98 45 12 7 97 33 38 79 54 95 73 97 56 0 32 33 19 41 43 93 67 46 24 32 71 86 81 46 53 38 57 52 90 88 52 67
62 43 48 26 27 47 20 55 69 71 55 33 68 65 45 78 36 40 26 72 15 12 50 56 67 48 73 70 32 0 13 14 42 17 65 39 48 40 44 57 58 53 14 26 32 26 23 60 56 30 51
75 55 46 39 20 58 31 54 82 84 63 20 78 78 58 91 49 36 28 84 2 5 46 67 79 61 85 80 33 13 0 18 53 10 76 51 59 32 33 70 70 64 25 39 44 37 35 71 60 20 64
68 54 62 30 17 58 31 69 73 76 68 31 60 71 48 85 36 27 12 81 19 21 62 51 78 57 82 62 19 14 18 0 37 26 76 50 43 31 36 61 69 64 27 36 29 39 34 72 70 38 55
46 48 83 22 52 52 40 88 46 51 71 68 29 47 21 63 12 53 37 66 55 54 87 14 66 46 64 31 41 42 53 37 0 59 68 46 6 64 71 34 60 58 42 36 10 47 40 69 81 72 32
73 52 36 42 30 53 28 44 81 82 56 28 85 76 61 88 53 46 37 80 12 5 36 73 75 58 82 87 43 17 10 26 59 0 71 48 65 41 42 71 66 59 22 36 49 32 32 64 51 14 64
30 22 61 51 92 18 45 58 40 35 21 96 93 32 49 28 56 103 86 16 78 72 69 72 10 22 20 95 93 65 76 76 68 71 0 26 70 105 109 42 8 12 51 40 61 39 42 11 39 82 39
27 4 51 26 66 8 20 52 38 36 25 71 74 30 31 40 34 77 60 33 53 48 59 53 28 10 34 76 67 39 51 50 46 48 26 0 50 79 83 31 19 14 26 14 38 16 16 25 39 61 25
46 52 89 27 58 56 46 94 44 50 75 74 24 46 21 62 16 58 42 66 61 60 93 8 66 48 64 26 46 48 59 43 6 65 70 50 0 69 76 33 62 62 48 41 16 52 45 73 86 78 32
99 83 77 61 14 87 60 85 104 107 95 17 79 102 78 116 66 15 27 112 30 37 74 77 107 88 113 80 24 40 32 31 64 41 105 79 69 0 8 92 98 93 54 66 59 66 63 100 92 43 86
104 87 75 66 19 91 64 84 109 112 96 14 87 107 84 121 72 23 34 116 31 38 71 84 111 92 117 88 32 44 33 36 71 42 109 83 76 8 0 97 102 97 58 70 65 70 67 104 93 40 91
13 31 82 31 78 34 43 83 12 17 53 90 53 13 14 29 26 83 66 34 72 69 89 32 36 23 31 55 71 57 70 61 34 71 42 31 33 92 97 0 34 37 49 35 33 44 40 49 69 85 7
23 15 62 43 85 13 39 60 33 30 24 90 85 25 41 25 48 96 79 15 72 67 70 64 9 14 18 87 86 58 70 69 60 66 8 19 62 98 102 34 0 8 45 33 53 34 35 15 42 79 31
28 10 54 39 80 6 33 52 39 36 17 84 85 31 41 33 46 91 74 23 66 60 62 64 17 14 26 87 81 53 64 64 58 59 12 14 62 93 97 37 8 0 39 28 51 27 30 12 35 71 32
51 30 41 22 41 33 6 47 59 60 41 45 71 54 40 66 33 54 39 59 27 22 45 55 54 36 60 73 46 14 25 27 42 22 51 26 48 54 58 49 45 39 0 14 32 12 10 46 43 36 42
37 18 50 14 53 22 8 53 45 46 36 59 65 40 28 52 25 63 46 46 41 36 56 47 42 22 47 67 53 26 39 36 36 36 40 14 41 66 70 35 33 28 14 0 26 11 5 38 45 50 28
43 41 73 12 46 45 30 78 45 50 62 60 39 45 19 60 7 50 33 62 46 44 77 24 61 39 61 41 38 32 44 29 10 49 61 38 16 59 65 33 53 51 32 26 0 37 30 62 71 62 29
43 20 39 25 53 21 8 42 53 52 29 57 76 46 39 56 36 66 50 48 39 33 45 58 43 26 50 78 57 26 37 39 47 32 39 16 52 66 70 44 34 27 12 11 37 0 7 34 34 45 37
41 20 45 18 50 24 4 49 50 50 35 55 69 44 33 56 29 61 45 49 37 32 51 51 44 26 50 71 52 23 35 34 40 32 42 16 45 63 67 40 35 30 10 5 30 7 0 38 41 46 33
38 21 50 50 87 17 42 47 48 45 10 91 97 40 53 39 57 99 83 27 73 66 58 76 21 26 31 99 90 60 71 72 69 64 11 25 73 100 104 49 15 12 46 38 62 34 38 0 28 74 44
63 39 25 59 80 35 42 19 74 71 18 79 110 66 70 67 70 96 82 55 62 55 33 91 49 46 59 112 88 56 60 70 81 51 39 39 86 92 93 69 42 35 43 45 71 34 41 28 0 55 64
87 65 35 56 36 66 42 44 95 96 65 26 98 90 75 101 66 52 47 93 19 18 31 86 88 71 95 100 52 30 20 38 72 14 82 61 78 43 40 85 79 71 36 50 62 45 46 74 55 0 78
14 25 76 25 72 29 36 77 18 21 48 84 54 16 11 31 22 79 61 34 66 63 82 33 34 18 32 56 67 51 64 55 32 64 39 25 32 86 91 7 31 32 42 28 29 37 33 44 64 78 0
0 1287
320 829
304 1177
98 734
373 1128
52 487
48 491
6 944
338 906
348 1287
309 643
191 1074
12 967
372 1035
340 1068
40 906
192 771
175 949
574 1287
158 738
183 670
569 1030
140 752
137 892
644 1057
474 1107
344 1029
123 1028
638 1287
247 1143
374 986
103 657
248 1202
498 1287
71 651
413 1145
544 917
315 1200
37 877
289 710
524 1005
413 948
59 836
137 717
189 575
324 748
84 693
80 723
367 1264
13 479
30 925
