51
0 91 28 79 78 23 17 37 37 67 33 43 58 36 17 45 88 41 97 15 28 63 59 74 7 53 62 75 46 59 0 50 23 74 78 34 56 31 67 36 64 73 54 71 21 68 49 36 29 72 59
91 0 71 12 19 113 96 58 69 49 119 76 43 124 108 82 6 63 6 106 70 84 40 33 96 55 60 73 75 33 91 55 113 18 81 65 80 64 58 102 29 21 66 23 71 31 43 125 110 57 44
28 71 0 59 64 51 25 32 42 64 61 19 51 64 42 24 67 42 77 40 33 72 49 64 35 25 34 79 55 38 28 48 51 54 85 35 32 31 67 60 50 51 57 49 10 44 36 64 57 72 32
79 12 59 0 15 101 84 46 58 44 107 65 33 112 96 71 9 52 18 94 58 75 29 29 84 44 49 68 64 21 79 44 101 6 76 53 69 52 53 91 18 10 56 12 59 20 31 113 98 52 33
78 19 64 15 0 99 86 43 51 30 104 74 25 109 95 81 21 45 22 93 55 65 22 14 82 56 62 54 57 27 78 37 98 12 62 49 81 49 39 84 14 23 47 25 61 33 29 111 93 38 45
23 113 51 101 99 0 31 56 51 83 12 63 77 14 10 62 110 57 118 12 45 68 78 93 17 76 84 84 55 81 23 66 1 95 86 51 74 50 80 32 85 95 66 94 44 91 70 13 17 85 82
17 96 25 84 86 31 0 48 51 80 43 32 70 45 21 31 92 55 102 19 42 80 69 85 24 49 54 90 63 63 17 63 32 79 95 48 43 44 81 53 72 76 69 74 25 69 57 43 45 86 57
37 58 32 46 43 56 48 0 14 33 61 50 22 66 53 56 55 11 63 52 12 43 22 38 39 44 53 48 27 30 37 16 55 40 54 7 63 6 35 45 30 44 26 43 24 44 15 68 52 40 42
37 69 42 58 51 51 51 14 0 32 53 61 27 58 50 66 67 6 73 50 9 30 29 43 35 58 67 39 13 44 37 15 50 52 44 7 74 11 31 33 40 57 18 57 32 58 28 61 42 36 56
67 49 64 44 30 83 80 33 32 0 85 80 13 90 82 87 51 26 51 81 39 35 17 16 67 68 77 25 31 41 67 17 82 38 33 33 90 36 9 61 26 47 19 48 57 55 29 93 74 9 60
33 119 61 107 104 12 43 61 53 85 0 75 80 5 22 74 116 59 124 24 49 64 82 96 26 86 95 82 54 89 33 68 11 101 82 55 86 55 80 27 91 103 66 102 54 100 76 9 11 85 92
43 76 19 65 74 63 32 50 61 80 75 0 67 77 53 7 71 61 82 51 52 91 64 78 50 21 23 98 74 47 43 66 64 63 104 54 13 50 85 79 62 55 76 53 29 45 51 75 72 89 32
58 43 51 33 25 77 70 22 27 13 80 67 0 85 75 74 42 21 47 73 32 42 4 16 60 55 64 37 32 28 58 12 76 27 45 26 77 27 21 60 15 36 23 37 46 43 16 88 69 22 47
36 124 64 112 109 14 45 66 58 90 5 77 85 0 24 76 121 64 129 26 54 69 87 101 29 89 98 87 59 93 36 73 13 106 87 60 88 60 85 32 96 107 71 106 57 104 81 4 16 90 95
17 108 42 96 95 10 21 53 50 82 22 53 75 24 0 52 104 56 114 2 43 73 75 91 15 67 75 87 58 75 17 65 11 91 90 49 64 48 81 39 81 89 67 87 37 84 66 22 26 86 74
45 82 24 71 81 62 31 56 66 87 74 7 74 76 52 0 77 66 88 50 57 96 71 85 52 27 28 103 79 54 45 72 63 70 109 59 12 55 91 81 69 61 81 59 34 51 58 74 74 96 38
88 6 67 9 21 110 92 55 67 51 116 71 42 121 104 77 0 61 11 102 67 84 38 35 93 50 54 75 73 29 88 53 110 15 83 62 75 61 60 100 27 16 65 18 67 26 40 122 107 59 39
41 63 42 52 45 57 55 11 6 26 59 61 21 64 56 66 61 0 67 55 13 32 23 37 41 55 64 37 16 38 41 9 56 46 43 7 74 11 26 39 34 51 15 51 33 53 22 67 48 31 53
97 6 77 18 22 118 102 63 73 51 124 82 47 129 114 88 11 67 0 112 75 86 44 35 101 61 65 75 79 39 97 59 118 23 83 70 86 69 60 106 34 27 69 29 77 37 48 130 115 59 50
15 106 40 94 93 12 19 52 50 81 24 51 73 26 2 50 102 55 112 0 42 73 74 89 15 65 73 87 58 73 15 64 13 89 90 48 62 46 81 41 79 87 67 85 35 82 64 24 28 86 72
28 70 33 58 55 45 42 12 9 39 49 52 32 54 43 57 67 13 75 42 0 39 33 48 28 52 61 48 22 41 28 22 44 52 53 6 65 6 39 33 42 55 27 54 23 55 27 56 40 44 51
63 84 72 75 65 68 80 43 30 35 64 91 42 69 73 96 84 32 86 73 39 0 46 51 58 87 96 19 17 67 63 32 67 69 18 37 104 41 26 37 57 78 19 79 62 82 51 73 53 31 84
59 40 49 29 22 78 69 22 29 17 82 64 4 87 75 71 38 23 44 74 33 46 0 16 61 51 60 41 35 24 59 15 77 23 49 27 74 28 25 62 11 32 27 33 44 39 13 89 71 26 44
74 33 64 29 14 93 85 38 43 16 96 78 16 101 91 85 35 37 35 89 48 51 16 0 76 62 70 40 47 33 74 28 92 24 48 42 87 43 25 76 17 35 35 37 60 45 28 104 85 24 53
7 96 35 84 82 17 24 39 35 67 26 50 60 29 15 52 93 41 101 15 28 58 61 76 0 60 69 72 43 64 7 50 17 78 75 34 63 33 66 29 68 78 52 77 28 75 53 30 22 71 66
53 55 25 44 56 76 49 44 58 68 86 21 55 89 67 27 50 55 61 65 52 87 51 62 60 0 9 90 71 29 53 57 76 44 97 51 25 47 75 83 45 34 70 32 33 24 39 89 82 77 11
62 60 34 49 62 84 54 53 67 77 95 23 64 98 75 28 54 64 65 73 61 96 60 70 69 9 0 99 80 37 62 66 85 50 106 60 21 56 84 92 53 39 79 37 42 29 48 97 91 86 17
75 73 79 68 54 84 90 48 39 25 82 98 37 87 87 103 75 37 75 87 48 19 41 40 72 90 99 0 29 65 75 33 83 63 8 44 111 48 16 56 51 72 22 73 70 80 51 91 71 16 84
46 75 55 64 57 55 63 27 13 31 54 74 32 59 58 79 73 16 79 58 22 17 35 47 43 71 80 29 0 54 46 20 54 58 32 20 87 24 26 30 46 67 12 67 45 69 38 63 43 31 69
59 33 38 21 27 81 63 30 44 41 89 47 28 93 75 54 29 38 39 73 41 67 24 33 64 29 37 65 54 0 59 35 81 16 73 37 54 35 49 74 16 14 48 13 38 15 16 94 81 50 20
0 91 28 79 78 23 17 37 37 67 33 43 58 36 17 45 88 41 97 15 28 63 59 74 7 53 62 75 46 59 0 50 23 74 78 34 56 31 67 36 64 73 54 71 21 68 49 36 29 72 59
50 55 48 44 37 66 63 16 15 17 68 66 12 73 65 72 53 9 59 64 22 32 15 28 50 57 66 33 20 35 50 0 65 38 40 16 78 19 19 48 26 47 13 47 40 50 19 76 57 24 52
23 113 51 101 98 1 32 55 50 82 11 64 76 13 11 63 110 56 118 13 44 67 77 92 17 76 85 83 54 81 23 65 0 95 85 50 75 49 79 31 85 95 65 94 44 91 70 13 16 84 82
74 18 54 6 12 95 79 40 52 38 101 63 27 106 91 70 15 46 23 89 52 69 23 24 78 44 50 63 58 16 74 38 95 0 71 47 69 46 47 85 12 11 50 13 54 21 25 107 92 47 33
78 81 85 76 62 86 95 54 44 33 82 104 45 87 90 109 83 43 83 90 53 18 49 48 75 97 106 8 32 73 78 40 85 71 0 50 117 54 24 55 59 80 28 81 76 88 59 91 71 24 92
34 65 35 53 49 51 48 7 7 33 55 54 26 60 49 59 62 7 70 48 6 37 27 42 34 51 60 44 20 37 34 16 50 47 50 0 67 4 33 38 36 51 22 50 26 51 22 62 45 38 49
56 80 32 69 81 74 43 63 74 90 86 13 77 88 64 12 75 74 86 62 65 104 74 87 63 25 21 111 87 54 56 78 75 69 117 67 0 63 97 92 70 59 89 57 42 49 61 86 85 99 36
31 64 31 52 49 50 44 6 11 36 55 50 27 60 48 55 61 11 69 46 6 41 28 43 33 47 56 48 24 35 31 19 49 46 54 4 63 0 37 39 36 49 26 48 22 49 21 62 46 42 46
67 58 67 53 39 80 81 35 31 9 80 85 21 85 81 91 60 26 60 81 39 26 25 25 66 75 84 16 26 49 67 19 79 47 24 33 97 37 0 56 35 56 14 57 59 64 36 89 69 5 68
36 102 60 91 84 32 53 45 33 61 27 79 60 32 39 81 100 39 106 41 33 37 62 76 29 83 92 56 30 74 36 48 31 85 55 38 92 39 56 0 73 88 42 87 50 88 60 36 16 61 84
64 29 50 18 14 85 72 30 40 26 91 62 15 96 81 69 27 34 34 79 42 57 11 17 68 45 53 51 46 16 64 26 85 12 59 36 70 36 35 73 0 21 38 22 47 29 15 97 81 35 36
73 21 51 10 23 95 76 44 57 47 103 55 36 107 89 61 16 51 27 87 55 78 32 35 78 34 39 72 67 14 73 47 95 11 80 51 59 49 56 88 21 0 59 2 52 10 29 108 95 56 23
54 66 57 56 47 66 69 26 18 19 66 76 23 71 67 81 65 15 69 67 27 19 27 35 52 70 79 22 12 48 54 13 65 50 28 22 89 26 14 42 38 59 0 60 48 63 32 75 55 19 65
71 23 49 12 25 94 74 43 57 48 102 53 37 106 87 59 18 51 29 85 54 79 33 37 77 32 37 73 67 13 71 47 94 13 81 50 57 48 57 87 22 2 60 0 50 8 29 107 94 57 21
21 71 10 59 61 44 25 24 32 57 54 29 46 57 37 34 67 33 77 35 23 62 44 60 28 33 42 70 45 38 21 40 44 54 76 26 42 22 59 50 47 52 48 50 0 47 32 57 49 64 38
68 31 44 20 33 91 69 44 58 55 100 45 43 104 84 51 26 53 37 82 55 82 39 45 75 24 29 80 69 15 68 50 91 21 88 51 49 49 64 88 29 10 63 8 47 0 31 104 93 64 13
49 43 36 31 29 70 57 15 28 29 76 51 16 81 66 58 40 22 48 64 27 51 13 28 53 39 48 51 38 16 49 19 70 25 59 22 61 21 36 60 15 29 32 29 32 31 0 82 67 38 33
36 125 64 113 111 13 43 68 61 93 9 75 88 4 22 74 122 67 130 24 56 73 89 104 30 89 97 91 63 94 36 76 13 107 91 62 86 62 89 36 97 108 75 107 57 104 82 0 20 94 95
29 110 57 98 93 17 45 52 42 74 11 72 69 16 26 74 107 48 115 28 40 53 71 85 22 82 91 71 43 81 29 57 16 92 71 45 85 46 69 16 81 95 55 94 49 93 67 20 0 74 86
72 57 72 52 38 85 86 40 36 9 85 89 22 90 86 96 59 31 59 86 44 31 26 24 71 77 86 16 31 50 72 24 84 47 24 38 99 42 5 61 35 56 19 57 64 64 38 94 74 0 69
59 44 32 33 45 82 57 42 56 60 92 32 47 95 74 38 39 53 50 72 51 84 44 53 66 11 17 84 69 20 59 52 82 33 92 49 36 46 68 84 36 23 65 21 38 13 33 95 86 69 0
0 1527
962 1198
1051 1496
648 1028
1147 1527
579 774
723 891
190 398
928 1372
22 420
42 394
967 1360
264 526
348 701
1095 1310
797 1175
85 375
254 646
104 504
514 739
990 1433
596 929
875 1262
550 818
164 372
360 689
1193 1527
209 608
330 506
690 864
529 922
1083 1264
441 690
674 937
83 236
92 367
35 465
922 1250
257 630
907 1097
622 923
296 577
809 1031
117 508
734 1160
1193 1527
209 408
1125 1520
1050 1334
517 920
55 288
