51
0 25 79 77 21 68 19 26 37 101 41 17 8 74 75 19 36 76 9 13 39 22 35 28 42 19 30 103 58 44 63 59 26 31 53 65 14 101 59 73 64 63 81 67 10 75 51 78 74 70 40
25 0 61 71 8 43 43 30 31 91 26 23 17 82 54 24 46 73 31 38 46 7 57 44 30 44 16 93 59 33 45 34 12 7 50 73 20 92 56 54 40 67 73 42 16 78 33 86 76 49 29
79 61 0 32 59 55 89 56 42 34 38 62 74 72 14 60 66 41 78 88 61 58 90 74 37 94 49 37 45 35 16 46 53 54 39 69 80 39 37 8 36 57 30 47 69 57 28 73 55 17 39
77 71 32 0 65 83 82 51 42 25 47 60 78 42 45 58 52 9 74 84 47 64 77 63 41 90 55 26 24 38 35 71 59 66 24 44 86 24 18 37 64 31 4 75 72 27 43 43 25 47 43
21 8 59 65 0 49 38 22 24 85 21 15 15 74 55 16 38 66 26 34 38 1 49 36 24 40 10 87 51 27 43 38 6 10 43 65 21 86 49 53 43 59 67 47 11 70 31 78 68 50 23
68 43 55 83 49 0 86 67 57 89 46 63 60 108 42 64 84 90 74 81 80 48 98 84 52 87 48 92 81 54 48 13 48 39 72 103 61 94 75 48 19 92 82 8 59 99 42 112 97 38 52
19 43 89 82 38 86 0 33 47 107 53 27 27 69 88 29 32 79 12 8 37 39 18 21 52 9 44 108 60 54 74 76 42 48 58 60 32 106 64 85 81 61 86 85 27 73 63 73 72 83 50
26 30 56 51 22 67 33 0 14 76 23 9 27 52 57 7 17 50 23 33 16 23 35 19 20 39 19 77 32 21 41 54 20 29 27 43 35 75 33 52 55 38 55 63 21 50 32 56 48 52 18
37 31 42 42 24 57 47 14 0 64 11 20 37 53 43 18 27 42 36 46 23 24 49 33 6 52 15 66 28 7 27 44 19 26 19 46 45 64 25 38 43 37 44 52 31 47 19 57 45 39 5
101 91 34 25 85 89 107 76 64 0 65 84 100 65 48 82 77 32 99 109 72 84 102 88 61 115 75 3 49 58 46 80 79 84 49 67 106 7 43 42 70 56 21 81 94 50 58 66 48 51 63
41 26 38 47 21 46 53 23 11 65 0 26 36 64 35 24 38 50 42 52 34 20 58 42 7 58 11 68 37 10 22 33 15 19 29 57 42 68 33 32 32 48 49 41 31 56 10 68 54 30 6
17 23 62 60 15 63 27 9 20 84 26 0 18 61 61 2 24 59 16 26 25 16 35 21 25 32 17 86 41 27 47 52 16 24 36 52 26 84 42 58 55 47 64 61 12 59 36 65 57 56 23
8 17 74 78 15 60 27 27 37 100 36 18 0 79 70 20 41 77 17 21 43 16 43 34 39 27 25 102 59 42 58 51 21 24 54 70 8 101 60 68 57 65 81 59 6 77 46 83 75 65 37
74 82 72 42 74 108 69 52 53 65 64 61 79 0 82 59 38 33 67 74 36 75 55 48 57 78 68 64 28 55 66 95 71 79 36 9 87 60 36 74 92 16 46 102 73 15 66 4 17 80 58
75 54 14 45 55 42 88 57 43 48 35 61 70 82 0 59 70 54 77 87 65 54 92 76 37 93 46 51 54 36 17 33 49 47 47 78 74 53 46 8 23 66 43 34 65 68 25 84 66 5 39
19 24 60 58 16 64 29 7 18 82 24 2 20 59 59 0 22 57 18 28 23 17 36 21 23 34 16 84 39 25 45 51 16 25 34 50 28 82 40 56 54 45 62 60 14 57 34 63 55 54 21
36 46 66 52 38 84 32 17 27 77 38 24 41 38 70 22 0 47 29 37 5 39 25 11 33 41 36 78 28 34 53 71 37 46 28 29 49 76 34 64 70 29 56 79 36 41 46 42 40 66 32
76 73 41 9 66 90 79 50 42 32 50 59 77 33 54 57 47 0 73 83 42 66 72 58 43 88 57 33 19 40 42 77 61 68 23 35 85 29 17 46 71 24 13 82 71 18 48 34 16 55 45
9 31 78 74 26 74 12 23 36 99 42 16 17 67 77 18 29 73 0 10 32 27 26 19 41 16 32 100 54 43 63 64 30 36 50 58 23 98 56 74 69 56 78 73 15 68 52 71 67 72 39
13 38 88 84 34 81 8 33 46 109 52 26 21 74 87 28 37 83 10 0 42 35 26 26 51 6 42 110 64 53 73 72 39 44 60 65 25 108 66 84 77 66 88 80 23 78 62 78 77 82 49
39 46 61 47 38 80 37 16 23 72 34 25 43 36 65 23 5 42 32 42 0 39 30 16 29 46 34 73 23 29 48 67 36 45 23 27 51 71 29 59 66 24 51 75 37 36 42 40 35 62 28
22 7 58 64 1 48 39 23 24 84 20 16 16 75 54 17 39 66 27 35 39 0 50 37 23 41 9 86 52 26 42 37 5 9 43 66 22 85 49 52 42 60 66 46 12 71 30 79 69 49 22
35 57 90 77 49 98 18 35 49 102 58 35 43 55 92 36 25 72 26 26 30 50 0 16 55 27 52 103 53 56 76 87 51 59 53 46 49 101 59 87 90 51 81 96 41 63 67 58 62 87 53
28 44 74 63 36 84 21 19 33 88 42 21 34 48 76 21 11 58 19 26 16 37 16 0 39 30 37 89 39 40 60 72 37 45 39 39 42 87 45 71 74 40 67 81 30 52 51 52 51 71 37
42 30 37 41 24 52 52 20 6 61 7 25 39 57 37 23 33 43 41 51 29 23 55 39 0 57 14 63 31 3 22 39 18 25 22 51 45 62 26 33 38 41 43 47 33 50 13 61 48 33 2
19 44 94 90 40 87 9 39 52 115 58 32 27 78 93 34 41 88 16 6 46 41 27 30 57 0 48 116 69 59 79 78 45 50 66 69 29 114 72 90 83 70 94 86 29 82 68 82 81 88 55
30 16 49 55 10 48 44 19 15 75 11 17 25 68 46 16 36 57 32 42 34 9 52 37 14 48 0 77 43 17 33 35 4 11 34 60 31 76 40 43 38 52 57 44 20 62 21 72 60 41 13
103 93 37 26 87 92 108 77 66 3 68 86 102 64 51 84 78 33 100 110 73 86 103 89 63 116 77 0 50 60 49 83 81 86 50 68 108 4 44 45 73 57 22 84 96 49 60 64 48 54 65
58 59 45 24 51 81 60 32 28 49 37 41 59 28 54 39 28 19 54 64 23 52 53 39 31 69 43 50 0 28 38 68 47 54 9 24 67 48 8 46 65 12 28 75 53 19 39 31 17 52 31
44 33 35 38 27 54 54 21 7 58 10 27 42 55 36 25 34 40 43 53 29 26 56 40 3 59 17 60 28 0 20 41 21 28 19 49 48 59 23 31 39 39 40 49 36 47 13 59 45 33 5
63 45 16 35 43 48 74 41 27 46 22 47 58 66 17 45 53 42 63 73 48 42 76 60 22 79 33 49 38 20 0 36 37 38 30 62 64 50 30 11 29 50 34 40 53 54 12 69 52 14 24
59 34 46 71 38 13 76 54 44 80 33 52 51 95 33 51 71 77 64 72 67 37 87 72 39 78 35 83 68 41 36 0 36 28 59 90 53 85 62 38 10 79 70 9 49 86 29 99 84 29 39
26 12 53 59 6 48 42 20 19 79 15 16 21 71 49 16 37 61 30 39 36 5 51 37 18 45 4 81 47 21 37 36 0 9 38 63 27 80 44 47 39 56 61 45 16 66 25 75 64 44 17
31 7 54 66 10 39 48 29 26 84 19 24 24 79 47 25 46 68 36 44 45 9 59 45 25 50 11 86 54 28 38 28 9 0 45 71 27 87 51 47 34 63 68 37 21 73 26 83 71 42 23
53 50 39 24 43 72 58 27 19 49 29 36 54 36 47 34 28 23 50 60 23 43 53 39 22 66 34 50 9 19 30 59 38 45 0 32 62 48 6 39 56 20 28 66 48 28 30 40 26 44 23
65 73 69 44 65 103 60 43 46 67 57 52 70 9 78 50 29 35 58 65 27 66 46 39 51 69 60 68 24 49 62 90 63 71 32 0 78 64 32 70 88 13 48 98 64 19 62 13 20 76 51
14 20 80 86 21 61 32 35 45 106 42 26 8 87 74 28 49 85 23 25 51 22 49 42 45 29 31 108 67 48 64 53 27 27 62 78 0 107 68 74 60 73 88 61 14 85 52 91 83 69 44
101 92 39 24 86 94 106 75 64 7 68 84 101 60 53 82 76 29 98 108 71 85 101 87 62 114 76 4 48 59 50 85 80 87 48 64 107 0 42 47 75 53 20 86 95 45 61 60 44 56 64
59 56 37 18 49 75 64 33 25 43 33 42 60 36 46 40 34 17 56 66 29 49 59 45 26 72 40 44 8 23 30 62 44 51 6 32 68 42 0 38 58 20 22 69 54 24 33 39 22 44 28
73 54 8 37 53 48 85 52 38 42 32 58 68 74 8 56 64 46 74 84 59 52 87 71 33 90 43 45 46 31 11 38 47 47 39 70 74 47 38 0 29 58 35 40 63 60 22 76 58 10 35
64 40 36 64 43 19 81 55 43 70 32 55 57 92 23 54 70 71 69 77 66 42 90 74 38 83 38 73 65 39 29 10 39 34 56 88 60 75 58 29 0 76 63 11 54 82 26 96 80 19 38
63 67 57 31 59 92 61 38 37 56 48 47 65 16 66 45 29 24 56 66 24 60 51 40 41 70 52 57 12 39 50 79 56 63 20 13 73 53 20 58 76 0 35 86 59 12 50 20 11 64 42
81 73 30 4 67 82 86 55 44 21 49 64 81 46 43 62 56 13 78 88 51 66 81 67 43 94 57 22 28 40 34 70 61 68 28 48 88 20 22 35 63 35 0 74 75 31 43 47 29 45 45
67 42 47 75 47 8 85 63 52 81 41 61 59 102 34 60 79 82 73 80 75 46 96 81 47 86 44 84 75 49 40 9 45 37 66 98 61 86 69 40 11 86 74 0 58 93 36 106 91 30 47
10 16 69 72 11 59 27 21 31 94 31 12 6 73 65 14 36 71 15 23 37 12 41 30 33 29 20 96 53 36 53 49 16 21 48 64 14 95 54 63 54 59 75 58 0 71 41 77 69 60 31
75 78 57 27 70 99 73 50 47 50 56 59 77 15 68 57 41 18 68 78 36 71 63 52 50 82 62 49 19 47 54 86 66 73 28 19 85 45 24 60 82 12 31 93 71 0 57 16 2 68 50
51 33 28 43 31 42 63 32 19 58 10 36 46 66 25 34 46 48 52 62 42 30 67 51 13 68 21 60 39 13 12 29 25 26 30 62 52 61 33 22 26 50 43 36 41 57 0 70 55 20 14
78 86 73 43 78 112 73 56 57 66 68 65 83 4 84 63 42 34 71 78 40 79 58 52 61 82 72 64 31 59 69 99 75 83 40 13 91 60 39 76 96 20 47 106 77 16 70 0 18 83 62
74 76 55 25 68 97 72 48 45 48 54 57 75 17 66 55 40 16 67 77 35 69 62 51 48 81 60 48 17 45 52 84 64 71 26 20 83 44 22 58 80 11 29 91 69 2 55 18 0 66 48
70 49 17 47 50 38 83 52 39 51 30 56 65 80 5 54 66 55 72 82 62 49 87 71 33 88 41 54 52 33 14 29 44 42 44 76 69 56 44 10 19 64 45 30 60 68 20 83 66 0 34
40 29 39 43 23 52 50 18 5 63 6 23 37 58 39 21 32 45 39 49 28 22 53 37 2 55 13 65 31 5 24 39 17 23 23 51 44 64 28 35 38 42 45 47 31 50 14 62 48 34 0
0 997
590 997
434 797
16 209
304 681
387 825
512 822
560 922
261 505
384 667
32 220
461 745
322 492
606 937
309 550
267 474
357 708
460 878
628 819
479 786
221 491
473 821
3 159
685 997
594 997
75 494
556 885
496 915
477 679
333 544
419 757
225 509
690 951
47 199
253 517
599 871
561 953
506 732
685 997
656 966
277 640
500 752
500 886
417 689
364 748
607 898
14 435
599 962
269 658
669 897
333 752
