51
0 24 74 83 63 77 91 52 79 68 83 22 66 74 43 106 91 13 51 64 46 12 34 27 78 14 72 28 87 43 9 30 100 82 88 61 116 87 53 65 54 58 49 26 50 18 67 56 60 63 56
24 0 87 89 73 76 81 69 72 67 82 26 64 56 58 106 71 11 69 74 56 12 15 15 98 37 50 26 68 64 15 45 101 76 70 81 115 92 60 73 64 59 54 25 71 23 61 39 53 78 37
74 87 0 29 15 42 79 23 66 44 43 62 48 90 31 56 105 82 25 13 31 81 81 74 22 62 100 63 101 35 78 44 49 62 93 23 67 33 28 20 24 41 35 62 31 92 58 79 62 12 84
83 89 29 0 25 18 54 43 43 26 16 65 31 74 43 27 87 88 46 25 37 87 79 74 51 72 86 63 83 56 85 53 20 37 73 50 38 4 31 18 29 31 35 64 54 101 41 68 47 36 74
63 73 15 25 0 30 66 19 52 30 33 48 34 75 20 52 91 70 22 2 17 69 66 59 35 52 85 48 87 32 66 33 45 49 79 27 63 29 13 7 9 26 20 48 30 81 44 64 47 13 69
77 76 42 18 30 0 37 48 25 9 6 55 14 56 43 30 69 77 51 32 35 77 64 61 64 69 69 51 65 59 75 50 25 20 55 57 39 18 28 23 29 19 28 53 59 91 23 51 30 43 57
91 81 79 54 66 37 0 81 14 36 38 69 33 33 72 47 38 87 84 68 64 88 66 68 101 91 48 63 35 89 88 75 48 17 24 93 47 53 59 60 61 44 54 65 92 101 26 43 31 79 47
52 69 23 43 19 48 81 0 67 46 52 43 48 85 12 70 101 62 3 18 18 61 65 57 29 39 91 47 97 13 58 24 63 65 90 13 81 47 22 26 20 37 28 45 11 70 56 70 57 11 75
79 72 66 43 52 25 14 67 0 22 27 57 19 33 58 42 44 77 70 54 50 77 57 58 87 77 48 51 40 75 76 61 41 6 30 79 46 42 45 46 47 30 40 53 78 91 12 36 19 65 42
68 67 44 26 30 9 36 46 22 0 15 46 5 48 38 39 62 68 49 32 30 68 55 52 65 61 60 42 58 55 66 42 34 19 50 57 48 27 24 24 26 10 20 44 57 82 15 42 21 43 48
83 82 43 16 33 6 38 52 27 15 0 61 20 60 48 24 71 83 55 35 40 83 70 67 65 75 74 57 67 64 81 56 19 21 57 60 33 15 33 26 34 25 34 59 63 97 28 57 36 46 63
22 26 62 65 48 55 69 43 57 46 61 0 44 54 32 85 71 23 43 49 31 22 23 14 72 22 55 6 67 40 20 19 80 60 66 55 94 68 35 48 39 36 30 4 47 36 45 36 38 52 38
66 64 48 31 34 14 33 48 19 5 20 44 0 43 39 43 57 65 51 36 31 65 51 49 69 61 55 39 53 56 64 43 39 18 45 60 51 32 26 28 28 11 21 41 59 79 10 37 16 47 43
74 56 90 74 75 56 33 85 33 48 60 54 43 0 74 75 17 65 88 77 67 66 41 47 110 76 15 48 13 89 67 69 74 39 14 98 79 74 64 70 67 49 57 50 94 78 33 18 28 87 19
43 58 31 43 20 43 72 12 58 38 48 32 39 74 0 70 91 51 14 21 8 50 53 45 41 32 80 35 87 17 47 13 63 57 80 25 81 47 15 25 15 28 18 33 20 61 47 59 47 20 63
106 106 56 27 52 30 47 70 42 39 24 85 43 75 70 0 84 107 73 52 63 107 94 91 77 98 90 81 81 83 105 79 7 36 70 77 11 23 56 45 55 49 57 83 81 121 48 77 56 63 83
91 71 105 87 91 69 38 101 44 62 71 71 57 17 91 84 0 81 104 93 83 82 57 64 126 93 22 65 4 106 83 86 85 50 14 114 85 86 80 85 83 65 73 67 111 94 47 35 44 103 35
13 11 82 88 70 77 87 62 77 68 83 23 65 65 51 107 81 0 62 71 53 1 24 19 90 26 61 26 77 55 4 38 102 80 79 73 116 91 58 71 61 59 53 25 62 14 65 48 58 71 46
51 69 25 46 22 51 84 3 70 49 55 43 51 88 14 73 104 62 0 21 21 61 66 57 29 38 94 48 100 10 58 24 66 68 93 12 84 50 25 29 23 40 31 46 8 69 59 73 60 13 77
64 74 13 25 2 32 68 18 54 32 35 49 36 77 21 52 93 71 21 0 18 70 68 61 33 53 87 50 89 31 67 34 45 51 81 25 63 29 15 9 11 28 22 49 29 82 46 66 49 11 71
46 56 31 37 17 35 64 18 50 30 40 31 31 67 8 63 83 53 21 18 0 52 51 43 45 35 74 32 79 25 49 16 56 49 72 31 73 41 7 19 8 20 10 31 28 64 39 53 39 23 57
12 12 81 87 69 77 88 61 77 68 83 22 65 66 50 107 82 1 61 70 52 0 25 20 89 25 62 26 78 54 3 37 102 80 80 72 116 90 57 70 60 58 52 25 61 14 65 49 58 70 47
34 15 81 79 66 64 66 65 57 55 70 23 51 41 53 94 57 24 66 68 51 25 0 9 94 42 38 19 53 63 26 42 89 62 55 78 101 81 53 66 57 48 46 20 70 37 47 24 39 73 22
27 15 74 74 59 61 68 57 58 52 67 14 49 47 45 91 64 19 57 61 43 20 9 0 86 33 46 11 60 54 20 33 86 61 61 69 100 77 46 59 50 44 40 12 61 33 46 29 39 65 29
78 98 22 51 35 64 101 29 87 65 65 72 69 110 41 77 126 90 29 33 45 89 94 86 0 64 118 76 122 35 86 53 70 84 114 18 88 55 46 41 43 61 53 74 28 96 79 97 82 23 102
14 37 62 72 52 69 91 39 77 61 75 22 61 76 32 98 93 26 38 53 35 25 42 33 64 0 77 28 89 29 22 19 91 79 88 47 108 76 42 54 43 51 41 26 36 32 65 58 60 50 60
72 50 100 86 85 69 48 91 48 60 74 55 55 15 80 90 22 61 94 87 74 62 38 46 118 77 0 49 20 93 64 72 89 54 28 104 94 87 72 81 76 60 65 51 100 73 46 21 39 95 17
28 26 63 63 48 51 63 47 51 42 57 6 39 48 35 81 65 26 48 50 32 26 19 11 76 28 49 0 61 45 25 24 76 54 60 60 90 66 35 48 39 33 29 2 52 40 39 30 32 54 32
87 68 101 83 87 65 35 97 40 58 67 67 53 13 87 81 4 77 100 89 79 78 53 60 122 89 20 61 0 102 79 82 81 46 11 110 82 82 76 81 79 61 69 63 107 90 43 31 40 99 31
43 64 35 56 32 59 89 13 75 55 64 40 56 89 17 83 106 55 10 31 25 54 63 54 35 29 93 45 102 0 51 21 76 74 97 18 94 60 32 39 30 45 35 43 7 61 64 73 64 23 76
9 15 78 85 66 75 88 58 76 66 81 20 64 67 47 105 83 4 58 67 49 3 26 20 86 22 64 25 79 51 0 34 100 79 81 69 114 88 55 68 57 56 50 23 58 16 64 49 57 67 48
30 45 44 53 33 50 75 24 61 42 56 19 43 69 13 79 86 38 24 34 16 37 42 33 53 19 72 24 82 21 34 0 72 61 79 36 89 57 23 35 24 32 22 22 28 48 49 52 46 33 55
100 101 49 20 45 25 48 63 41 34 19 80 39 74 63 7 85 102 66 45 56 102 89 86 70 91 89 76 81 76 100 72 0 35 71 70 18 16 49 38 48 44 51 78 74 116 45 74 53 56 80
82 76 62 37 49 20 17 65 6 19 21 60 18 39 57 36 50 80 68 51 49 80 62 61 84 79 54 54 46 74 79 61 35 0 36 76 40 36 43 43 45 29 39 56 76 94 15 42 23 62 48
88 70 93 73 79 55 24 90 30 50 57 66 45 14 80 70 14 79 93 81 72 80 55 61 114 88 28 60 11 97 81 79 71 36 0 103 71 72 69 73 72 54 62 62 100 92 35 32 33 92 33
61 81 23 50 27 57 93 13 79 57 60 55 60 98 25 77 114 73 12 25 31 72 78 69 18 47 104 60 110 18 69 36 70 76 103 0 88 54 35 34 32 50 41 58 11 79 69 83 70 14 88
116 115 67 38 63 39 47 81 46 48 33 94 51 79 81 11 85 116 84 63 73 116 101 100 88 108 94 90 82 94 114 89 18 40 71 88 0 34 66 56 66 58 67 92 92 130 54 82 62 74 88
87 92 33 4 29 18 53 47 42 27 15 68 32 74 47 23 86 91 50 29 41 90 81 77 55 76 87 66 82 60 88 57 16 36 72 54 34 0 35 22 33 33 38 67 58 104 41 69 48 40 75
53 60 28 31 13 28 59 22 45 24 33 35 26 64 15 56 80 58 25 15 7 57 53 46 46 42 72 35 76 32 55 23 49 43 69 35 66 35 0 13 4 15 7 35 33 71 34 51 36 23 56
65 73 20 18 7 23 60 26 46 24 26 48 28 70 25 45 85 71 29 9 19 70 66 59 41 54 81 48 81 39 68 35 38 43 73 34 56 22 13 0 11 21 20 48 37 83 38 61 42 20 67
54 64 24 29 9 29 61 20 47 26 34 39 28 67 15 55 83 61 23 11 8 60 57 50 43 43 76 39 79 30 57 24 48 45 72 32 66 33 4 11 0 18 11 39 31 72 37 55 39 20 60
58 59 41 31 26 19 44 37 30 10 25 36 11 49 28 49 65 59 40 28 20 58 48 44 61 51 60 33 61 45 56 32 44 29 54 50 58 33 15 21 18 0 10 34 48 72 19 40 21 38 46
49 54 35 35 20 28 54 28 40 20 34 30 21 57 18 57 73 53 31 22 10 52 46 40 53 41 65 29 69 35 50 22 51 39 62 41 67 38 7 20 11 10 0 29 38 66 29 44 29 30 49
26 25 62 64 48 53 65 45 53 44 59 4 41 50 33 83 67 25 46 49 31 25 20 12 74 26 51 2 63 43 23 22 78 56 62 58 92 67 35 48 39 34 29 0 50 39 41 32 34 53 34
50 71 31 54 30 59 92 11 78 57 63 47 59 94 20 81 111 62 8 29 28 61 70 61 28 36 100 52 107 7 58 28 74 76 100 11 92 58 33 37 31 48 38 50 0 68 67 79 67 20 83
18 23 92 101 81 91 101 70 91 82 97 36 79 78 61 121 94 14 69 82 64 14 37 33 96 32 73 40 90 61 16 48 116 94 92 79 130 104 71 83 72 72 66 39 68 0 79 61 72 81 59
67 61 58 41 44 23 26 56 12 15 28 45 10 33 47 48 47 65 59 46 39 65 47 46 79 65 46 39 43 64 64 49 45 15 35 69 54 41 34 38 37 19 29 41 67 79 0 29 8 57 35
56 39 79 68 64 51 43 70 36 42 57 36 37 18 59 77 35 48 73 66 53 49 24 29 97 58 21 30 31 73 49 52 74 42 32 83 82 69 51 61 55 40 44 32 79 61 29 0 21 74 6
60 53 62 47 47 30 31 57 19 21 36 38 16 28 47 56 44 58 60 49 39 58 39 39 82 60 39 32 40 64 57 46 53 23 33 70 62 48 36 42 39 21 29 34 67 72 8 21 0 59 27
63 78 12 36 13 43 79 11 65 43 46 52 47 87 20 63 103 71 13 11 23 70 73 65 23 50 95 54 99 23 67 33 56 62 92 14 74 40 23 20 20 38 30 53 20 81 57 74 59 0 79
56 37 84 74 69 57 47 75 42 48 63 38 43 19 63 83 35 46 77 71 57 47 22 29 102 60 17 32 31 76 48 55 80 48 33 88 88 75 56 67 60 46 49 34 83 59 35 6 27 79 0
0 2879
912 1263
1904 2296
1371 1795
441 764
1787 1930
379 637
709 955
798 1078
1958 2373
1672 1863
1556 1918
990 1295
1793 1957
661 1031
1140 1539
2497 2879
2481 2760
1686 2004
991 1227
140 538
440 835
883 1054
1940 2250
493 876
84 396
2382 2579
1772 1922
113 450
158 365
2319 2563
2355 2759
2035 2370
769 1195
2041 2263
2565 2868
2491 2635
1108 1436
2013 2266
14 327
30 212
1319 1567
1825 2125
1829 2252
501 757
465 825
544 687
738 971
2406 2690
1890 2261
1906 2252
