51
0 45 95 34 50 90 41 15 77 42 69 94 50 78 34 99 67 69 51 27 15 53 33 42 43 61 36 25 53 30 83 35 62 71 31 24 12 15 51 75 45 52 28 10 54 27 73 36 74 78 52
45 0 94 54 6 57 24 30 46 22 40 99 90 48 11 104 46 78 43 19 37 46 31 61 13 71 38 40 77 36 51 10 61 56 28 39 57 32 88 45 82 10 18 37 89 56 37 77 51 56 87
95 94 0 62 92 69 113 91 63 72 63 13 87 60 95 16 52 27 51 86 80 48 69 54 105 35 61 113 55 67 64 92 34 41 111 71 95 98 79 62 79 88 96 86 75 69 72 87 51 48 77
34 54 62 0 55 75 64 35 62 35 56 60 41 61 49 65 47 35 30 37 23 31 23 8 60 27 19 57 24 18 67 47 32 48 57 16 35 42 38 60 32 54 45 29 37 9 63 33 54 57 36
50 6 92 55 0 51 30 35 40 22 34 97 94 42 17 102 42 77 41 24 42 44 32 62 19 72 39 46 78 37 45 16 59 53 34 42 62 38 91 39 85 4 24 42 92 59 31 82 46 51 90
90 57 69 75 51 0 81 77 13 48 21 81 116 14 67 85 28 71 45 65 75 45 57 76 70 70 57 96 90 62 8 64 54 32 85 69 99 83 111 15 107 47 73 80 109 83 20 108 22 23 109
41 24 113 64 30 81 0 30 70 41 64 118 91 72 18 123 69 94 62 29 42 65 46 72 11 87 54 23 88 49 75 21 80 78 10 48 53 26 92 69 86 34 19 38 94 63 61 77 75 80 92
15 30 91 35 35 77 30 0 64 29 56 94 63 65 19 99 56 69 44 12 12 47 24 43 29 61 30 22 58 24 70 20 57 63 22 21 27 7 62 62 56 37 13 8 64 33 59 49 63 68 62
77 46 63 62 40 13 70 64 0 35 8 73 103 3 55 78 15 61 32 52 62 32 44 63 59 59 44 83 78 49 6 52 43 22 73 56 86 70 98 2 94 36 60 67 96 70 10 95 12 15 96
42 22 72 35 22 48 41 29 35 0 27 77 75 36 23 82 28 56 21 17 28 24 12 42 33 50 18 48 58 17 41 20 39 37 41 24 52 35 72 33 66 19 26 32 72 40 31 65 35 40 71
69 40 63 56 34 21 64 56 8 27 0 73 97 9 47 78 12 58 26 44 54 27 37 58 53 55 37 75 73 41 14 44 40 22 65 48 78 62 93 6 88 30 52 59 91 63 9 88 13 18 91
94 99 13 60 97 81 118 94 73 77 73 0 79 70 100 5 61 25 56 90 82 53 73 52 110 33 65 116 49 70 75 97 38 51 114 73 93 101 71 72 72 94 100 88 67 67 82 82 61 59 69
50 90 87 41 94 116 91 63 103 75 97 79 0 102 82 83 88 60 71 71 53 71 63 40 92 55 60 74 32 58 108 81 67 87 81 52 40 65 8 101 9 94 76 55 12 35 104 14 95 97 10
78 48 60 61 42 14 72 65 3 36 9 70 102 0 56 75 14 58 31 53 63 31 45 62 61 57 44 84 77 49 6 53 41 19 74 56 87 71 97 3 93 38 61 68 95 70 13 94 9 12 95
34 11 95 49 17 67 18 19 55 23 47 100 82 56 0 105 51 77 44 12 29 47 28 57 11 69 36 29 73 32 60 3 62 60 18 33 46 21 81 53 75 21 7 27 82 50 47 68 57 62 81
99 104 16 65 102 85 123 99 78 82 78 5 83 75 105 0 66 30 61 95 87 58 78 57 115 38 70 121 53 75 79 102 43 56 119 78 98 106 75 77 76 99 105 93 71 72 87 86 66 63 73
67 46 52 47 42 28 69 56 15 28 12 61 88 14 51 66 0 46 17 45 52 17 34 48 59 44 31 76 63 37 20 48 28 11 69 44 75 63 83 13 79 38 54 57 81 56 21 80 7 12 81
69 78 27 35 77 71 94 69 61 56 58 25 60 58 77 30 46 0 36 65 57 33 49 27 88 8 41 91 28 45 64 74 18 39 89 48 68 76 52 59 52 74 75 63 49 42 67 60 49 49 50
51 43 51 30 41 45 62 44 32 21 26 56 71 31 44 61 17 36 0 35 36 3 20 32 54 32 15 66 47 21 37 41 18 20 60 28 59 51 67 30 62 38 45 42 65 39 34 63 24 28 65
27 19 86 37 24 65 29 12 52 17 44 90 71 53 12 95 45 65 35 0 18 38 17 45 23 58 25 31 61 20 58 10 52 54 25 21 39 18 70 50 64 25 10 18 71 38 47 58 52 57 69
15 37 80 23 42 75 42 12 62 28 54 82 53 63 29 87 52 57 36 18 0 38 18 31 40 49 21 34 46 15 68 28 47 56 34 9 24 19 52 60 46 42 24 6 53 21 59 40 59 63 52
53 46 48 31 44 45 65 47 32 24 27 53 71 31 47 58 17 33 3 38 38 0 23 31 57 29 17 69 46 23 37 44 15 18 63 30 61 54 66 30 62 41 48 44 64 39 36 64 24 26 64
33 31 69 23 32 57 46 24 44 12 37 73 63 45 28 78 34 49 20 17 18 23 0 30 39 41 8 46 46 5 50 25 35 40 42 12 42 31 60 42 54 31 27 23 60 28 42 53 41 46 59
42 61 54 8 62 76 72 43 63 42 58 52 40 62 57 57 48 27 32 45 31 31 30 0 68 19 24 65 16 25 68 54 28 47 65 24 41 50 35 61 31 61 53 37 33 15 66 35 55 57 33
43 13 105 60 19 70 11 29 59 33 53 110 92 61 11 115 59 88 54 23 40 57 39 68 0 80 47 30 84 43 64 14 72 69 17 44 55 28 91 58 85 23 16 37 93 61 50 78 64 69 91
61 71 35 27 72 70 87 61 59 50 55 33 55 57 69 38 44 8 32 58 49 29 41 19 80 0 33 83 23 38 63 66 16 38 82 40 60 68 47 57 46 69 68 55 44 34 64 53 48 48 45
36 38 61 19 39 57 54 30 44 18 37 65 60 44 36 70 31 41 15 25 21 17 8 24 47 33 0 52 40 6 50 33 27 35 50 13 44 37 57 42 51 37 35 27 56 26 44 51 38 42 55
25 40 113 57 46 96 23 22 83 48 75 116 74 84 29 121 76 91 66 31 34 69 46 65 30 83 52 0 78 46 89 32 79 85 13 43 34 15 76 81 70 50 23 28 79 52 76 60 83 88 77
53 77 55 24 78 90 88 58 78 58 73 49 32 77 73 53 63 28 47 61 46 46 46 16 84 23 40 78 0 41 83 70 37 59 80 40 50 64 24 76 24 77 69 51 21 26 81 33 68 69 22
30 36 67 18 37 62 49 24 49 17 41 70 58 49 32 75 37 45 21 20 15 23 5 25 43 38 6 46 41 0 55 29 33 41 44 7 38 31 55 47 49 36 30 21 55 23 47 48 44 48 54
83 51 64 67 45 8 75 70 6 41 14 75 108 6 60 79 20 64 37 58 68 37 50 68 64 63 50 89 83 55 0 57 47 25 78 62 92 76 103 8 99 41 66 73 101 76 14 100 15 16 101
35 10 92 47 16 64 21 20 52 20 44 97 81 53 3 102 48 74 41 10 28 44 25 54 14 66 33 32 70 29 57 0 59 57 21 31 47 22 80 50 74 18 9 27 81 48 44 68 54 59 79
62 61 34 32 59 54 80 57 43 39 40 38 67 41 62 43 28 18 18 52 47 15 35 28 72 16 27 79 37 33 47 59 0 22 77 38 66 64 61 41 58 56 62 53 58 41 49 63 32 32 59
71 56 41 48 53 32 78 63 22 37 22 51 87 19 60 56 11 39 20 54 56 18 40 47 69 38 35 85 59 41 25 57 22 0 78 48 79 70 82 21 78 49 63 62 80 57 31 81 10 10 80
31 28 111 57 34 85 10 22 73 41 65 114 81 74 18 119 69 89 60 25 34 63 42 65 17 82 50 13 80 44 78 21 77 78 0 42 43 16 82 71 76 38 15 29 85 54 65 67 75 80 83
24 39 71 16 42 69 48 21 56 24 48 73 52 56 33 78 44 48 28 21 9 30 12 24 44 40 13 43 40 7 62 31 38 48 42 0 31 28 49 54 43 42 29 15 50 17 54 41 51 55 48
12 57 95 35 62 99 53 27 86 52 78 93 40 87 46 98 75 68 59 39 24 61 42 41 55 60 44 34 50 38 92 47 66 79 43 31 0 27 42 84 36 64 40 21 45 26 83 26 82 86 43
15 32 98 42 38 83 26 7 70 35 62 101 65 71 21 106 63 76 51 18 19 54 31 50 28 68 37 15 64 31 76 22 64 70 16 28 27 0 66 68 60 40 14 13 69 38 65 51 70 75 67
51 88 79 38 91 111 92 62 98 72 93 71 8 97 81 75 83 52 67 70 52 66 60 35 91 47 57 76 24 55 103 80 61 82 82 49 42 66 0 96 6 91 75 54 4 32 101 17 90 92 2
75 45 62 60 39 15 69 62 2 33 6 72 101 3 53 77 13 59 30 50 60 30 42 61 58 57 42 81 76 47 8 50 41 21 71 54 84 68 96 0 92 35 58 65 94 68 10 93 11 15 94
45 82 79 32 85 107 86 56 94 66 88 72 9 93 75 76 79 52 62 64 46 62 54 31 85 46 51 70 24 49 99 74 58 78 76 43 36 60 6 92 0 85 69 48 9 26 95 12 86 88 7
52 10 88 54 4 47 34 37 36 19 30 94 94 38 21 99 38 74 38 25 42 41 31 61 23 69 37 50 77 36 41 18 56 49 38 42 64 40 91 35 85 0 27 43 91 59 27 82 42 47 90
28 18 96 45 24 73 19 13 60 26 52 100 76 61 7 105 54 75 45 10 24 48 27 53 16 68 35 23 69 30 66 9 62 63 15 29 40 14 75 58 69 27 0 21 77 45 53 62 61 66 75
10 37 86 29 42 80 38 8 67 32 59 88 55 68 27 93 57 63 42 18 6 44 23 37 37 55 27 28 51 21 73 27 53 62 29 15 21 13 54 65 48 43 21 0 56 25 63 41 64 69 54
54 89 75 37 92 109 94 64 96 72 91 67 12 95 82 71 81 49 65 71 53 64 60 33 93 44 56 79 21 55 101 81 58 80 85 50 45 69 4 94 9 91 77 56 0 33 99 21 88 90 2
27 56 69 9 59 83 63 33 70 40 63 67 35 70 50 72 56 42 39 38 21 39 28 15 61 34 26 52 26 23 76 48 41 57 54 17 26 38 32 68 26 59 45 25 33 0 70 25 63 65 31
73 37 72 63 31 20 61 59 10 31 9 82 104 13 47 87 21 67 34 47 59 36 42 66 50 64 44 76 81 47 14 44 49 31 65 54 83 65 101 10 95 27 53 63 99 70 0 95 21 25 99
36 77 87 33 82 108 77 49 95 65 88 82 14 94 68 86 80 60 63 58 40 64 53 35 78 53 51 60 33 48 100 68 63 81 67 41 26 51 17 93 12 82 62 41 21 25 95 0 87 90 19
74 51 51 54 46 22 75 63 12 35 13 61 95 9 57 66 7 49 24 52 59 24 41 55 64 48 38 83 68 44 15 54 32 10 75 51 82 70 90 11 86 42 61 64 88 63 21 87 0 5 88
78 56 48 57 51 23 80 68 15 40 18 59 97 12 62 63 12 49 28 57 63 26 46 57 69 48 42 88 69 48 16 59 32 10 80 55 86 75 92 15 88 47 66 69 90 65 25 90 5 0 90
52 87 77 36 90 109 92 62 96 71 91 69 10 95 81 73 81 50 65 69 52 64 59 33 91 45 55 77 22 54 101 79 59 80 83 48 43 67 2 94 7 90 75 54 2 31 99 19 88 90 0
0 965
223 860
461 844
260 544
195 693
66 417
63 454
466 965
180 435
79 462
442 746
80 537
75 698
252 602
66 613
340 938
130 520
36 398
445 833
462 891
335 815
413 965
474 852
193 680
136 423
209 839
132 563
476 965
339 645
148 815
426 740
416 940
69 691
414 829
180 510
356 904
357 748
338 796
12 546
150 598
96 643
356 895
319 620
93 643
246 665
307 710
293 649
241 886
403 965
300 754
441 965
