51
0 48 32 30 30 65 39 93 35 79 77 72 50 87 68 37 76 48 82 58 48 49 44 50 42 60 25 69 71 68 17 71 62 48 60 50 94 21 28 94 87 56 53 49 75 52 17 15 22 26 26
48 0 31 57 55 22 35 76 44 32 51 24 16 40 36 15 34 54 35 13 52 18 31 36 19 13 23 34 24 50 47 53 23 2 68 40 54 59 32 56 55 19 46 37 31 56 49 35 32 31 51
32 31 0 27 25 53 7 61 13 61 45 52 24 68 36 16 49 24 66 36 22 22 12 18 15 39 19 37 48 36 22 39 35 33 38 18 63 34 4 62 55 29 21 58 62 26 24 18 36 39 21
30 57 27 0 2 79 29 71 17 88 67 79 51 95 60 42 75 24 92 63 26 49 36 40 42 66 38 61 75 54 15 57 62 59 32 36 87 13 25 86 78 56 35 75 88 27 13 27 48 52 7
30 55 25 2 0 77 27 70 15 86 65 77 49 93 58 40 73 22 90 61 24 47 34 38 40 64 36 59 73 52 13 55 60 57 31 34 85 14 23 84 76 54 33 73 86 26 13 25 46 50 5
65 22 53 79 77 0 57 92 66 20 65 19 36 28 50 37 40 76 18 25 74 38 53 56 41 21 43 48 25 67 68 70 35 20 90 61 59 80 54 62 66 35 67 33 10 78 70 55 45 42 73
39 35 7 29 27 57 0 54 13 60 40 51 23 67 31 20 46 19 66 35 17 21 7 12 16 39 25 32 47 30 27 33 34 37 33 11 58 38 11 57 50 28 15 64 65 21 29 25 42 45 24
93 76 61 71 70 92 54 0 59 84 28 77 60 86 42 68 57 48 92 67 46 58 50 44 61 71 78 45 70 26 78 23 57 78 44 43 50 84 65 45 34 58 40 112 95 44 79 79 95 97 70
35 44 13 17 15 66 13 59 0 73 50 64 36 80 43 29 59 13 78 48 13 34 20 23 27 51 30 45 60 38 19 41 47 46 27 19 71 27 14 69 61 41 19 69 75 17 20 24 45 48 13
79 32 61 88 86 20 60 84 73 0 56 9 37 8 44 46 27 78 8 25 75 39 54 57 46 22 55 41 15 62 79 64 30 31 91 62 44 91 63 48 53 34 68 53 14 79 81 67 62 60 82
77 51 45 67 65 65 40 28 50 56 0 49 36 58 15 47 29 45 64 40 42 35 33 28 40 44 59 17 42 13 67 12 30 53 50 31 26 77 49 22 11 32 32 88 67 42 69 63 76 77 63
72 24 52 79 77 19 51 77 64 9 49 0 28 16 36 37 22 69 15 16 66 30 45 48 37 13 47 33 7 54 70 56 22 24 82 53 41 82 54 44 48 25 59 51 18 70 72 59 56 54 73
50 16 24 51 49 36 23 60 36 37 36 28 0 44 21 13 26 41 43 12 38 2 17 20 9 16 26 20 24 34 44 37 12 18 54 25 44 56 26 45 41 6 31 53 42 42 46 36 42 42 45
87 40 68 95 93 28 67 86 80 8 58 16 44 0 48 53 29 84 12 32 81 46 60 62 53 29 63 45 20 66 86 68 35 39 96 67 42 98 70 47 54 39 73 61 20 84 88 75 70 68 89
68 36 36 60 58 50 31 42 43 44 15 36 21 48 0 33 19 42 51 25 39 21 24 20 27 29 46 3 29 18 58 20 15 38 52 25 28 69 40 26 21 17 29 73 54 41 60 53 62 63 55
37 15 16 42 40 37 20 68 29 46 47 37 13 53 33 0 39 39 50 22 37 12 18 24 7 24 13 32 35 42 33 45 25 17 53 27 57 45 17 57 53 19 33 45 46 41 35 23 29 30 36
76 34 49 75 73 40 46 57 59 27 29 22 26 29 19 39 0 61 35 21 58 27 39 38 34 22 52 16 15 37 69 39 14 36 71 43 20 81 51 23 26 20 48 69 40 60 71 61 66 65 70
48 54 24 24 22 76 19 48 13 78 45 69 41 84 42 39 61 0 84 53 3 39 24 23 35 57 42 45 64 32 31 34 50 56 14 18 69 36 26 66 56 45 13 81 83 4 32 37 58 61 23
82 35 66 92 90 18 66 92 78 8 64 15 43 12 51 50 35 84 0 31 81 45 60 63 51 27 58 48 22 69 82 71 37 34 97 68 51 94 67 56 61 40 74 50 8 85 84 70 63 60 86
58 13 36 63 61 25 35 67 48 25 40 16 12 32 25 22 21 53 31 0 50 14 29 32 21 4 33 23 13 42 55 45 10 15 66 37 41 67 38 43 43 10 43 49 30 54 57 45 45 44 57
48 52 22 26 24 74 17 46 13 75 42 66 38 81 39 37 58 3 81 50 0 36 21 20 33 54 41 42 61 29 32 32 47 54 16 15 66 38 25 63 53 42 10 80 80 4 33 37 57 60 24
49 18 22 49 47 38 21 58 34 39 35 30 2 46 21 12 27 39 45 14 36 0 15 18 7 18 25 20 26 32 42 35 13 20 52 23 45 54 24 45 41 7 29 54 44 40 44 34 41 42 43
44 31 12 36 34 53 7 50 20 54 33 45 17 60 24 18 39 24 60 29 21 15 0 6 12 33 28 25 40 24 34 27 27 33 37 9 51 45 16 50 43 21 15 63 59 25 36 30 45 47 31
50 36 18 40 38 56 12 44 23 57 28 48 20 62 20 24 38 23 63 32 20 18 6 0 18 36 34 23 42 18 39 21 27 38 34 5 48 50 22 46 38 23 11 69 62 22 41 36 51 53 36
42 19 15 42 40 41 16 61 27 46 40 37 9 53 27 7 34 35 51 21 33 7 12 18 0 24 19 27 33 35 35 38 20 21 49 21 52 47 17 52 48 14 27 52 49 37 37 27 36 37 36
60 13 39 66 64 21 39 71 51 22 44 13 16 29 29 24 22 57 27 4 54 18 33 36 24 0 35 27 11 46 57 49 14 14 70 41 42 69 41 45 46 14 47 47 26 58 59 47 45 44 60
25 23 19 38 36 43 25 78 30 55 59 47 26 63 46 13 52 42 58 33 41 25 28 34 19 35 0 45 46 52 25 55 38 24 56 36 70 37 16 70 66 32 40 39 53 45 27 12 17 20 31
69 34 37 61 59 48 32 45 45 41 17 33 20 45 3 32 16 45 48 23 42 20 25 23 27 27 45 0 26 21 59 23 13 36 55 28 26 70 41 25 21 15 32 71 51 44 61 54 61 62 56
71 24 48 75 73 25 47 70 60 15 42 7 24 20 29 35 15 64 22 13 61 26 40 42 33 11 46 26 0 47 68 49 15 25 76 47 34 80 50 37 41 19 53 56 25 64 70 58 56 55 69
68 50 36 54 52 67 30 26 38 62 13 54 34 66 18 42 37 32 69 42 29 32 24 18 35 46 52 21 47 0 56 3 33 52 37 19 39 65 40 35 24 32 19 86 72 29 58 54 69 71 51
17 47 22 15 13 68 27 78 19 79 67 70 44 86 58 33 69 31 82 55 32 42 34 39 35 57 25 59 68 56 0 59 55 49 43 37 85 12 18 84 77 49 38 60 78 35 2 13 33 37 9
71 53 39 57 55 70 33 23 41 64 12 56 37 68 20 45 39 34 71 45 32 35 27 21 38 49 55 23 49 3 59 0 35 55 38 22 38 68 43 34 23 35 22 89 74 31 61 57 72 74 54
62 23 35 62 60 35 34 57 47 30 30 22 12 35 15 25 14 50 37 10 47 13 27 27 20 14 38 13 15 33 55 35 0 25 61 32 32 67 37 33 33 6 38 59 39 49 57 47 54 53 56
48 2 33 59 57 20 37 78 46 31 53 24 18 39 38 17 36 56 34 15 54 20 33 38 21 14 24 36 25 52 49 55 25 0 70 42 56 61 34 58 57 21 48 35 29 58 51 36 32 30 53
60 68 38 32 31 90 33 44 27 91 50 82 54 96 52 53 71 14 97 66 16 52 37 34 49 70 56 55 76 37 43 38 61 70 0 29 76 45 40 72 61 57 23 95 96 12 43 51 72 75 34
50 40 18 36 34 61 11 43 19 62 31 53 25 67 25 27 43 18 68 37 15 23 9 5 21 41 36 28 47 19 37 22 32 42 29 0 53 46 22 51 42 28 6 72 67 17 39 36 53 56 32
94 54 63 87 85 59 58 50 71 44 26 41 44 42 28 57 20 69 51 41 66 45 51 48 52 42 70 26 34 39 85 38 32 56 76 53 0 96 67 5 16 38 56 89 58 68 87 79 86 85 82
21 59 34 13 14 80 38 84 27 91 77 82 56 98 69 45 81 36 94 67 38 54 45 50 47 69 37 70 80 65 12 68 67 61 45 46 96 0 30 95 88 61 46 70 90 40 10 25 43 47 14
28 32 4 25 23 54 11 65 14 63 49 54 26 70 40 17 51 26 67 38 25 24 16 22 17 41 16 41 50 40 18 43 37 34 40 22 67 30 0 66 59 31 25 55 63 29 20 14 32 35 19
94 56 62 86 84 62 57 45 69 48 22 44 45 47 26 57 23 66 56 43 63 45 50 46 52 45 70 25 37 35 84 34 33 58 72 51 5 95 66 0 11 39 53 92 62 64 86 79 86 86 81
87 55 55 78 76 66 50 34 61 53 11 48 41 54 21 53 26 56 61 43 53 41 43 38 48 46 66 21 41 24 77 23 33 57 61 42 16 88 59 11 0 36 43 92 66 53 79 73 82 83 74
56 19 29 56 54 35 28 58 41 34 32 25 6 39 17 19 20 45 40 10 42 7 21 23 14 14 32 15 19 32 49 35 6 21 57 28 38 61 31 39 36 0 34 56 40 45 51 41 48 48 50
53 46 21 35 33 67 15 40 19 68 32 59 31 73 29 33 48 13 74 43 10 29 15 11 27 47 40 32 53 19 38 22 38 48 23 6 56 46 25 53 43 34 0 78 73 12 39 39 57 60 32
49 37 58 75 73 33 64 112 69 53 88 51 53 61 73 45 69 81 50 49 80 54 63 69 52 47 39 71 56 86 60 89 59 35 95 72 89 70 55 92 92 56 78 0 42 84 62 48 27 23 68
75 31 62 88 86 10 65 95 75 14 67 18 42 20 54 46 40 83 8 30 80 44 59 62 49 26 53 51 25 72 78 74 39 29 96 67 58 90 63 62 66 40 73 42 0 84 80 65 55 52 82
52 56 26 27 26 78 21 44 17 79 42 70 42 84 41 41 60 4 85 54 4 40 25 22 37 58 45 44 64 29 35 31 49 58 12 17 68 40 29 64 53 45 12 84 84 0 36 41 61 64 27
17 49 24 13 13 70 29 79 20 81 69 72 46 88 60 35 71 32 84 57 33 44 36 41 37 59 27 61 70 58 2 61 57 51 43 39 87 10 20 86 79 51 39 62 80 36 0 15 35 39 9
15 35 18 27 25 55 25 79 24 67 63 59 36 75 53 23 61 37 70 45 37 34 30 36 27 47 12 54 58 54 13 57 47 36 51 36 79 25 14 79 73 41 39 48 65 41 15 0 21 25 20
22 32 36 48 46 45 42 95 45 62 76 56 42 70 62 29 66 58 63 45 57 41 45 51 36 45 17 61 56 69 33 72 54 32 72 53 86 43 32 86 82 48 57 27 55 61 35 21 0 4 41
26 31 39 52 50 42 45 97 48 60 77 54 42 68 63 30 65 61 60 44 60 42 47 53 37 44 20 62 55 71 37 74 53 30 75 56 85 47 35 86 83 48 60 23 52 64 39 25 4 0 45
26 51 21 7 5 73 24 70 13 82 63 73 45 89 55 36 70 23 86 57 24 43 31 36 36 60 31 56 69 51 9 54 56 53 34 32 82 14 19 81 74 50 32 68 82 27 9 20 41 45 0
0 1221
655 869
969 1179
145 336
949 1221
433 782
737 930
671 973
201 555
957 1088
938 1221
745 983
684 837
417 750
449 643
170 482
931 1063
904 1069
187 455
636 897
489 740
382 515
561 859
970 1134
855 1026
535 839
447 737
28 387
431 652
48 214
247 408
722 888
186 439
545 735
779 988
963 1221
443 795
781 1035
171 316
1 164
529 830
967 1221
591 930
147 467
605 796
163 394
608 741
464 700
223 510
42 317
801 1108
