51
0 21 54 63 41 68 40 33 70 72 57 23 50 41 19 74 36 46 40 42 36 17 72 61 47 27 25 21 34 30 48 39 37 38 39 38 33 41 35 16 23 54 34 67 36 68 17 58 44 49 79
21 0 33 45 36 71 22 27 52 74 46 40 32 28 37 67 27 40 19 63 17 38 55 43 41 31 42 8 13 27 57 27 58 48 28 26 54 60 46 37 5 43 55 52 17 54 37 53 52 35 79
54 33 0 26 50 87 22 44 34 89 46 71 21 32 68 67 42 51 14 96 21 71 39 24 52 55 73 35 20 48 80 38 91 73 39 33 87 90 71 70 32 45 88 41 21 43 69 63 75 36 91
63 45 26 0 73 73 23 66 8 73 28 84 13 25 71 46 64 75 31 99 28 79 13 2 76 53 86 42 37 69 74 61 94 69 62 28 95 90 69 78 47 28 93 17 28 19 74 46 70 62 74
41 36 50 73 0 107 54 9 81 110 81 37 62 63 60 102 10 5 42 79 49 54 86 71 6 65 38 44 38 11 89 12 74 79 11 61 62 81 76 53 31 78 70 84 49 86 57 89 84 18 115
68 71 87 73 107 0 65 98 74 6 46 85 69 56 52 38 98 111 80 65 69 63 69 72 112 42 87 63 79 96 22 98 65 31 99 54 76 50 34 64 76 45 67 61 69 60 57 27 25 106 14
40 22 22 23 54 65 0 45 30 67 28 61 10 10 50 49 44 57 15 78 5 56 33 21 58 34 63 19 17 47 58 43 73 52 44 11 72 70 50 55 24 25 72 30 5 32 52 41 53 47 69
33 27 44 66 9 98 45 0 74 101 72 33 54 54 52 93 4 14 35 72 40 47 78 64 15 56 35 35 29 5 80 8 67 70 7 52 58 74 68 46 22 69 64 75 40 77 50 80 76 18 106
70 52 34 8 81 74 30 74 0 73 28 91 20 31 77 42 72 83 39 105 35 85 6 10 84 59 93 49 45 77 76 69 100 74 70 34 102 96 74 85 54 29 99 13 35 15 80 47 73 70 72
72 74 89 73 110 6 67 101 73 0 46 91 69 57 58 34 101 114 81 71 70 69 68 72 115 46 93 66 82 100 28 101 71 37 102 56 82 56 40 70 79 45 73 60 70 59 63 27 31 109 8
57 46 46 28 81 46 28 72 28 46 0 80 25 19 57 21 72 85 43 83 33 67 23 27 86 36 82 39 45 73 50 71 79 48 72 20 83 71 49 68 50 3 79 15 33 15 61 19 46 75 46
23 40 71 84 37 85 61 33 91 91 80 0 71 64 33 97 37 42 57 42 56 22 94 82 43 49 2 43 51 28 64 41 37 54 40 61 25 50 51 21 39 77 33 90 56 91 28 80 60 51 99
50 32 21 13 62 69 10 54 20 69 25 71 0 14 60 46 53 64 20 88 15 66 24 11 65 42 73 29 25 57 64 50 83 58 51 17 82 79 58 65 34 24 82 22 15 24 62 42 59 52 70
41 28 32 25 63 56 10 54 31 57 19 64 14 0 46 40 53 66 25 74 14 54 31 24 67 28 66 21 26 55 50 52 69 44 53 3 71 65 44 54 32 16 68 26 14 27 49 31 45 56 59
19 37 68 71 60 52 50 52 77 58 57 33 60 46 0 69 55 65 55 28 48 11 77 70 66 21 35 33 50 49 31 58 23 21 58 43 27 23 18 12 41 54 22 71 48 72 5 51 27 68 66
74 67 67 46 102 38 49 93 42 34 21 97 46 40 69 0 93 106 64 91 54 80 37 46 107 49 99 59 66 94 50 92 88 53 93 41 96 77 55 81 71 24 90 29 54 28 74 18 49 96 31
36 27 42 64 10 98 44 4 72 101 72 37 53 53 55 93 0 13 33 76 39 51 77 62 14 57 39 35 28 9 83 4 71 73 3 52 62 77 70 50 22 69 68 74 39 76 53 80 78 14 106
46 40 51 75 5 111 57 14 83 114 85 42 64 66 65 106 13 0 44 84 52 59 88 73 1 70 43 48 40 16 94 14 79 84 13 65 67 86 81 58 35 82 75 86 52 88 62 93 89 16 119
40 19 14 31 42 80 15 35 39 81 43 57 20 25 55 64 33 44 0 82 11 57 44 29 45 44 59 22 6 38 70 30 77 62 31 26 73 77 60 56 18 40 74 42 11 44 55 56 65 32 84
42 63 96 99 79 65 78 72 105 71 83 42 88 74 28 91 76 84 82 0 76 25 105 98 85 47 43 61 76 68 43 79 5 38 78 71 19 15 36 26 65 80 9 98 76 98 27 73 43 89 79
36 17 21 28 49 69 5 40 35 70 33 56 15 14 48 54 39 52 11 76 0 52 38 26 53 34 58 15 12 42 59 38 71 52 39 15 68 69 50 51 19 30 69 35 0 37 49 45 54 42 73
17 38 71 79 54 63 56 47 85 69 67 22 66 54 11 80 51 59 57 25 52 0 85 77 60 31 24 37 51 43 42 54 20 32 53 51 17 28 29 1 40 64 17 80 52 81 6 62 38 64 77
72 55 39 13 86 69 33 78 6 68 23 94 24 31 77 37 77 88 44 105 38 85 0 15 89 58 96 52 49 80 73 74 100 71 75 34 102 94 72 85 57 26 99 8 38 9 80 42 69 75 66
61 43 24 2 71 72 21 64 10 72 27 82 11 24 70 46 62 73 29 98 26 77 15 0 74 52 84 40 35 67 73 59 93 68 60 27 93 89 68 76 45 27 92 17 26 19 73 45 68 60 73
47 41 52 76 6 112 58 15 84 115 86 43 65 67 66 107 14 1 45 85 53 60 89 74 0 71 43 49 41 17 95 15 80 85 14 66 68 87 82 59 36 83 76 87 53 89 63 94 90 17 120
27 31 55 53 65 42 34 56 59 46 36 49 42 28 21 49 57 70 44 47 34 31 58 52 71 0 51 23 41 54 26 58 43 18 59 25 47 37 16 32 36 33 43 51 34 51 25 31 21 66 52
25 42 73 86 38 87 63 35 93 93 82 2 73 66 35 99 39 43 59 43 58 24 96 84 43 51 0 45 53 30 66 43 38 56 42 63 25 51 53 23 41 79 34 92 58 93 30 82 62 53 101
21 8 35 42 44 63 19 35 49 66 39 43 29 21 33 59 35 48 22 61 15 37 52 40 49 23 45 0 18 35 49 35 56 41 36 19 53 55 39 36 13 36 54 47 15 48 34 45 44 43 71
34 13 20 37 38 79 17 29 45 82 45 51 25 26 50 66 28 40 6 76 12 51 49 35 41 41 53 18 0 32 67 26 71 59 27 27 67 73 57 50 12 42 68 47 12 49 50 57 62 30 85
30 27 48 69 11 96 47 5 77 100 73 28 57 55 49 94 9 16 38 68 42 43 80 67 17 54 30 35 32 0 78 13 63 68 12 53 53 70 65 42 23 70 59 77 42 79 46 80 73 23 106
48 57 80 74 89 22 58 80 76 28 50 64 64 50 31 50 83 94 70 43 59 42 73 73 95 26 66 49 67 78 0 84 43 10 85 47 54 28 13 43 62 47 45 65 59 65 36 33 5 92 36
39 27 38 61 12 98 43 8 69 101 71 41 50 52 58 92 4 14 30 79 38 54 74 59 15 58 43 35 26 13 84 0 74 74 1 52 65 80 72 53 22 68 71 72 38 74 56 80 79 10 106
37 58 91 94 74 65 73 67 100 71 79 37 83 69 23 88 71 79 77 5 71 20 100 93 80 43 38 56 71 63 43 74 0 36 73 66 14 16 33 21 60 76 4 94 71 94 22 70 42 84 79
38 48 73 69 79 31 52 70 74 37 48 54 58 44 21 53 73 84 62 38 52 32 71 68 85 18 56 41 59 68 10 74 36 0 75 41 46 24 3 33 53 45 38 63 52 63 26 35 6 83 45
39 28 39 62 11 99 44 7 70 102 72 40 51 53 58 93 3 13 31 78 39 53 75 60 14 59 42 36 27 12 85 1 73 75 0 53 65 80 72 52 23 69 70 73 39 75 56 81 80 11 107
38 26 33 28 61 54 11 52 34 56 20 61 17 3 43 41 52 65 26 71 15 51 34 27 66 25 63 19 27 53 47 52 66 41 53 0 68 62 41 51 30 17 65 29 15 30 46 30 42 57 58
33 54 87 95 62 76 72 58 102 82 83 25 82 71 27 96 62 67 73 19 68 17 102 93 68 47 25 53 67 53 54 65 14 46 65 68 0 30 43 17 56 80 10 97 68 97 22 78 52 75 90
41 60 90 90 81 50 70 74 96 56 71 50 79 65 23 77 77 86 77 15 69 28 94 89 87 37 51 55 73 70 28 80 16 24 80 62 30 0 22 29 64 68 20 86 69 86 24 59 28 90 64
35 46 71 69 76 34 50 68 74 40 49 51 58 44 18 55 70 81 60 36 50 29 72 68 82 16 53 39 57 65 13 72 33 3 72 41 43 22 0 30 51 46 35 64 50 64 23 37 9 81 48
16 37 70 78 53 64 55 46 85 70 68 21 65 54 12 81 50 58 56 26 51 1 85 76 59 32 23 36 50 42 43 53 21 33 52 51 17 29 30 0 39 65 18 80 51 81 7 63 39 63 78
23 5 32 47 31 76 24 22 54 79 50 39 34 32 41 71 22 35 18 65 19 40 57 45 36 36 41 13 12 23 62 22 60 53 23 30 56 64 51 39 0 47 57 54 19 56 40 58 57 30 84
54 43 45 28 78 45 25 69 29 45 3 77 24 16 54 24 69 82 40 80 30 64 26 27 83 33 79 36 42 70 47 68 76 45 69 17 80 68 46 65 47 0 76 18 30 18 58 18 44 72 46
34 55 88 93 70 67 72 64 99 73 79 33 82 68 22 90 68 75 74 9 69 17 99 92 76 43 34 54 68 59 45 71 4 38 70 65 10 20 35 18 57 76 0 93 69 94 20 72 44 81 81
67 52 41 17 84 61 30 75 13 60 15 90 22 26 71 29 74 86 42 98 35 80 8 17 87 51 92 47 47 77 65 72 94 63 73 29 97 86 64 80 54 18 93 0 35 2 75 34 61 74 59
36 17 21 28 49 69 5 40 35 70 33 56 15 14 48 54 39 52 11 76 0 52 38 26 53 34 58 15 12 42 59 38 71 52 39 15 68 69 50 51 19 30 69 35 0 37 49 45 54 42 73
68 54 43 19 86 60 32 77 15 59 15 91 24 27 72 28 76 88 44 98 37 81 9 19 89 51 93 48 49 79 65 74 94 63 75 30 97 86 64 81 56 18 94 2 37 0 75 33 61 76 57
17 37 69 74 57 57 52 50 80 63 61 28 62 49 5 74 53 62 55 27 49 6 80 73 63 25 30 34 50 46 36 56 22 26 56 46 22 24 23 7 40 58 20 75 49 75 0 56 32 66 71
58 53 63 46 89 27 41 80 47 27 19 80 42 31 51 18 80 93 56 73 45 62 42 45 94 31 82 45 57 80 33 80 70 35 81 30 78 59 37 63 58 18 72 34 45 33 56 0 31 87 28
44 52 75 70 84 25 53 76 73 31 46 60 59 45 27 49 78 89 65 43 54 38 69 68 90 21 62 44 62 73 5 79 42 6 80 42 52 28 9 39 57 44 44 61 54 61 32 31 0 87 39
49 35 36 62 18 106 47 18 70 109 75 51 52 56 68 96 14 16 32 89 42 64 75 60 17 66 53 43 30 23 92 10 84 83 11 57 75 90 81 63 30 72 81 74 42 76 66 87 87 0 114
79 79 91 74 115 14 69 106 72 8 46 99 70 59 66 31 106 119 84 79 73 77 66 73 120 52 101 71 85 106 36 106 79 45 107 58 90 64 48 78 84 46 81 59 73 57 71 28 39 114 0
0 1662
1074 1662
969 1662
502 1219
515 780
531 973
943 1360
605 990
1041 1662
1037 1447
429 878
931 1490
365 684
1039 1662
871 1608
59 575
892 1455
402 835
302 626
16 307
1094 1388
223 917
449 935
711 1345
807 1241
888 1622
465 1061
884 1483
360 611
801 1426
914 1279
1156 1662
696 1411
658 988
149 547
1070 1643
671 1135
1095 1400
106 384
273 633
876 1320
862 1343
628 1190
956 1483
720 972
188 578
692 1265
676 1006
591 1271
136 651
694 1270
