51
0 50 60 39 19 69 34 61 26 41 54 46 52 68 24 9 31 26 31 30 51 64 51 44 51 35 67 19 66 13 35 41 44 37 45 52 24 50 45 58 46 78 27 41 34 26 44 36 35 13 23
50 0 92 64 38 71 22 58 65 46 18 95 16 116 53 51 81 26 68 21 68 112 99 75 96 79 79 45 18 39 66 77 81 86 86 53 39 88 8 68 25 92 75 91 84 76 73 63 35 62 52
60 92 0 97 56 43 87 49 34 47 83 51 82 53 84 69 62 68 29 74 26 48 46 18 34 83 30 49 99 71 91 20 20 46 24 47 84 19 84 33 71 31 43 52 59 57 100 94 57 64 83
39 64 97 0 54 106 42 97 64 77 77 65 75 89 15 30 46 54 69 51 90 85 73 82 79 27 106 56 82 35 8 77 79 61 78 88 26 83 64 95 73 117 58 60 50 47 9 3 69 33 16
19 38 56 54 0 52 32 43 27 23 38 58 36 79 39 26 48 12 30 18 38 74 62 38 58 54 54 7 52 19 52 39 43 49 48 34 32 50 31 43 28 65 38 55 50 42 61 51 16 32 38
69 71 43 106 52 0 77 13 52 29 56 84 57 91 91 77 85 57 48 62 21 86 81 38 70 102 13 50 71 71 103 47 51 76 58 20 83 57 63 12 46 23 67 83 86 79 112 103 40 79 90
34 22 87 42 32 77 0 66 57 48 36 80 34 102 31 32 63 21 61 15 69 98 85 69 85 57 81 38 40 21 44 70 74 71 78 57 17 81 22 70 36 94 61 75 67 60 51 41 37 43 30
61 58 49 97 43 13 66 0 50 20 43 84 44 94 82 69 83 46 47 51 24 89 84 41 73 95 24 42 58 62 95 50 54 76 61 9 74 60 50 16 33 36 65 83 84 77 104 94 29 72 81
26 65 34 64 27 52 57 50 0 34 64 35 62 52 50 35 33 39 5 45 31 47 36 18 31 51 47 20 79 37 58 15 18 26 21 42 50 24 58 40 52 56 15 33 34 27 67 61 37 31 49
41 46 47 77 23 29 48 20 34 0 36 69 35 83 62 49 65 28 33 33 22 78 70 32 62 75 33 22 52 42 75 39 43 60 50 11 54 50 38 22 24 46 49 67 67 59 84 74 11 52 61
54 18 83 77 38 56 36 43 64 36 0 95 2 116 64 57 85 28 65 26 58 111 99 67 95 86 65 44 16 45 78 73 77 86 84 38 51 84 14 54 12 78 75 93 88 80 86 75 27 67 63
46 95 51 65 58 84 80 84 35 69 95 0 94 24 58 49 19 69 37 75 63 20 8 46 18 41 77 51 109 59 57 37 34 9 27 77 66 32 88 72 84 82 20 5 15 21 64 63 70 38 58
52 16 82 75 36 57 34 44 62 35 2 94 0 114 62 55 83 26 64 24 57 109 98 66 93 84 66 43 17 43 76 72 76 85 83 39 49 83 12 55 11 79 74 91 86 78 84 73 26 65 61
68 116 53 89 79 91 102 94 52 83 116 24 114 0 82 72 43 90 51 96 70 5 17 53 21 64 82 72 130 81 81 44 40 31 33 88 89 36 109 79 104 84 41 29 39 45 87 87 89 62 82
24 53 84 15 39 91 31 82 50 62 64 58 62 82 0 15 39 39 55 38 75 78 66 68 69 27 91 41 71 20 14 64 67 52 66 73 14 71 51 80 60 102 46 53 43 38 23 12 54 21 1
9 51 69 30 26 77 32 69 35 49 57 49 55 72 15 0 31 30 40 31 60 68 55 53 57 29 76 27 67 12 26 50 52 41 53 60 17 57 46 66 51 87 33 44 35 28 35 27 42 11 14
31 81 62 46 48 85 63 83 33 65 85 19 83 43 39 31 0 57 38 61 64 39 27 51 35 22 80 44 97 43 38 43 42 17 38 75 48 43 76 73 76 89 20 14 4 6 45 44 63 20 39
26 26 68 54 12 57 21 46 39 28 28 69 26 90 39 30 57 0 42 6 48 86 73 50 70 59 61 19 40 19 53 51 55 60 60 37 28 62 19 50 21 74 49 66 60 52 62 51 17 39 38
31 68 29 69 30 48 61 47 5 33 65 37 64 51 55 40 38 42 0 48 27 46 37 13 30 56 42 23 80 42 63 10 14 29 19 40 55 21 61 36 53 51 19 36 38 32 72 66 38 36 54
30 21 74 51 18 62 15 51 45 33 26 75 24 96 38 31 61 6 48 0 54 91 79 56 76 60 66 25 36 19 52 57 61 66 66 42 25 68 15 55 22 79 55 71 64 56 60 49 22 42 37
51 68 26 90 38 21 69 24 31 22 58 63 57 70 75 60 64 48 27 54 0 65 60 17 49 82 16 34 74 57 86 26 30 55 37 21 70 36 60 9 46 27 46 62 65 58 95 87 33 60 74
64 112 48 85 74 86 98 89 47 78 111 20 109 5 78 68 39 86 46 91 65 0 13 48 16 61 77 67 126 77 77 39 35 27 28 83 85 31 105 74 99 79 37 25 35 41 84 83 84 58 78
51 99 46 73 62 81 85 84 36 70 99 8 98 17 66 55 27 73 37 79 60 13 0 43 12 49 73 55 113 64 65 34 30 14 23 77 72 27 92 69 88 77 24 13 23 28 72 71 73 45 66
44 75 18 82 38 38 69 41 18 32 67 46 66 53 68 53 51 50 13 56 17 48 43 0 32 69 31 31 83 53 76 9 13 38 20 36 66 19 67 26 55 38 31 45 50 45 85 79 40 49 67
51 96 34 79 58 70 85 73 31 62 95 18 93 21 69 57 35 70 30 76 49 16 12 32 0 57 61 51 110 64 71 23 19 18 12 67 74 15 89 58 83 65 24 22 31 32 79 76 68 48 69
35 79 83 27 54 102 57 95 51 75 86 41 84 64 27 29 22 59 56 60 82 61 49 69 57 0 98 53 96 41 19 63 63 39 59 86 40 64 75 90 80 107 40 36 26 26 23 25 70 23 27
67 79 30 106 54 13 81 24 47 33 65 77 66 82 91 76 80 61 42 66 16 77 73 31 61 98 0 50 81 73 102 40 43 69 50 27 86 46 71 11 55 13 61 76 80 74 111 103 44 76 90
19 45 49 56 7 50 38 42 20 22 44 51 43 72 41 27 44 19 23 25 34 67 55 31 51 53 50 0 59 23 53 32 36 42 41 33 36 43 38 39 33 61 31 49 46 38 62 53 19 30 40
66 18 99 82 52 71 40 58 79 52 16 109 17 130 71 67 97 40 80 36 74 126 113 83 110 96 81 59 0 55 84 89 93 100 99 54 57 100 21 70 28 94 89 106 100 92 91 81 43 78 70
13 39 71 35 19 71 21 62 37 42 45 59 43 81 20 12 43 19 42 19 57 77 64 53 64 41 73 23 55 0 34 52 55 50 58 53 13 61 34 62 40 84 40 54 47 39 43 32 34 23 19
35 66 91 8 52 103 44 95 58 75 78 57 76 81 14 26 38 53 63 52 86 77 65 76 71 19 102 53 84 34 0 71 73 53 71 86 27 76 65 92 74 113 51 52 42 39 9 6 68 27 15
41 77 20 77 39 47 70 50 15 39 73 37 72 44 64 50 43 51 10 57 26 39 34 9 23 63 40 32 89 52 71 0 4 29 11 44 65 11 70 35 61 46 23 36 41 37 80 74 46 44 64
44 81 20 79 43 51 74 54 18 43 77 34 76 40 67 52 42 55 14 61 30 35 30 13 19 63 43 36 93 55 73 4 0 27 7 48 68 7 74 39 65 48 23 34 40 37 82 76 50 46 66
37 86 46 61 49 76 71 76 26 60 86 9 85 31 52 41 17 60 29 66 55 27 14 38 18 39 69 42 100 50 53 29 27 0 22 68 58 27 79 64 75 75 11 7 13 14 61 58 61 31 52
45 86 24 78 48 58 78 61 21 50 84 27 83 33 66 53 38 60 19 66 37 28 23 20 12 59 50 41 99 58 71 11 7 22 0 55 69 5 79 46 72 55 20 28 35 33 80 75 57 45 66
52 53 47 88 34 20 57 9 42 11 38 77 39 88 73 60 75 37 40 42 21 83 77 36 67 86 27 33 54 53 86 44 48 68 55 0 65 55 45 16 28 40 57 75 76 69 95 85 20 63 72
24 39 84 26 32 83 17 74 50 54 51 66 49 89 14 17 48 28 55 25 70 85 72 66 74 40 86 36 57 13 27 65 68 58 69 65 0 74 38 75 47 97 50 61 52 45 35 24 45 28 13
50 88 19 83 50 57 81 60 24 50 84 32 83 36 71 57 43 62 21 68 36 31 27 19 15 64 46 43 100 61 76 11 7 27 5 55 74 0 81 45 72 50 25 33 40 38 85 80 57 50 71
45 8 84 64 31 63 22 50 58 38 14 88 12 109 51 46 76 19 61 15 60 105 92 67 89 75 71 38 21 34 65 70 74 79 79 45 38 81 0 60 17 84 68 85 79 71 73 62 27 57 50
58 68 33 95 43 12 70 16 40 22 54 72 55 79 80 66 73 50 36 55 9 74 69 26 58 90 11 39 70 62 92 35 39 64 46 16 75 45 60 0 44 24 55 71 74 67 101 92 33 68 79
46 25 71 73 28 46 36 33 52 24 12 84 11 104 60 51 76 21 53 22 46 99 88 55 83 80 55 33 28 40 74 61 65 75 72 28 47 72 17 44 0 68 64 82 78 70 82 71 15 59 59
78 92 31 117 65 23 94 36 56 46 78 82 79 84 102 87 89 74 51 79 27 79 77 38 65 107 13 61 94 84 113 46 48 75 55 40 97 50 84 24 68 0 69 82 87 83 122 114 57 87 101
27 75 43 58 38 67 61 65 15 49 75 20 74 41 46 33 20 49 19 55 46 37 24 31 24 40 61 31 89 40 51 23 23 11 20 57 50 25 68 55 64 69 0 18 19 14 60 55 50 25 46
41 91 52 60 55 83 75 83 33 67 93 5 91 29 53 44 14 66 36 71 62 25 13 45 22 36 76 49 106 54 52 36 34 7 28 75 61 33 85 71 82 82 18 0 10 16 59 58 68 33 53
34 84 59 50 50 86 67 84 34 67 88 15 86 39 43 35 4 60 38 64 65 35 23 50 31 26 80 46 100 47 42 41 40 13 35 76 52 40 79 74 78 87 19 10 0 8 49 48 65 24 43
26 76 57 47 42 79 60 77 27 59 80 21 78 45 38 28 6 52 32 56 58 41 28 45 32 26 74 38 92 39 39 37 37 14 33 69 45 38 71 67 70 83 14 16 8 0 47 44 57 17 38
44 73 100 9 61 112 51 104 67 84 86 64 84 87 23 35 45 62 72 60 95 84 72 85 79 23 111 62 91 43 9 80 82 61 80 95 35 85 73 101 82 122 60 59 49 47 0 11 77 36 24
36 63 94 3 51 103 41 94 61 74 75 63 73 87 12 27 44 51 66 49 87 83 71 79 76 25 103 53 81 32 6 74 76 58 75 85 24 80 62 92 71 114 55 58 48 44 11 0 66 30 13
35 35 57 69 16 40 37 29 37 11 27 70 26 89 54 42 63 17 38 22 33 84 73 40 68 70 44 19 43 34 68 46 50 61 57 20 45 57 27 33 15 57 50 68 65 57 77 66 0 48 53
13 62 64 33 32 79 43 72 31 52 67 38 65 62 21 11 20 39 36 42 60 58 45 49 48 23 76 30 78 23 27 44 46 31 45 63 28 50 57 68 59 87 25 33 24 17 36 30 48 0 21
23 52 83 16 38 90 30 81 49 61 63 58 61 82 1 14 39 38 54 37 74 78 66 67 69 27 90 40 70 19 15 64 66 52 66 72 13 71 50 79 59 101 46 53 43 38 24 13 53 21 0
0 1246
35 275
382 589
372 887
120 659
39 433
4 554
210 670
660 1012
273 693
287 527
403 759
781 1246
43 543
400 682
490 949
159 454
181 407
759 1246
827 1024
351 698
405 864
804 1024
447 794
355 634
734 1246
42 471
781 1146
451 790
505 917
300 814
433 685
164 627
663 1217
341 773
570 888
106 433
554 1006
309 671
685 1017
35 387
415 603
798 1124
136 399
270 664
857 1125
555 1115
687 1227
24 253
820 1017
499 880
