51
0 33 38 21 27 47 34 43 20 25 25 13 31 22 52 35 34 19 50 32 27 56 12 38 11 36 41 56 63 7 36 24 36 21 70 38 27 53 49 28 20 22 38 21 42 28 31 35 29 45 41
33 0 55 45 40 73 45 76 53 58 57 26 28 44 70 6 67 52 80 12 52 54 22 7 23 33 9 53 51 26 44 57 69 25 49 71 60 62 44 60 46 12 50 54 66 50 58 4 38 65 70
38 55 0 57 15 23 72 56 43 44 52 50 29 16 15 51 45 44 35 45 63 29 40 54 41 28 57 30 47 42 74 50 53 58 59 52 47 16 31 28 56 45 8 41 15 64 17 54 18 11 27
21 45 57 0 48 60 17 39 20 25 17 19 52 41 70 48 33 19 58 47 7 77 28 51 27 57 54 77 84 23 21 19 31 22 88 35 24 72 70 38 2 36 58 22 58 7 47 48 50 62 51
27 40 15 48 0 35 60 57 38 41 46 36 15 10 30 36 46 38 44 30 54 30 26 39 26 17 42 30 42 28 62 45 53 44 52 53 44 26 26 30 47 30 11 37 27 55 22 39 4 25 34
47 73 23 60 35 0 77 43 40 39 49 60 49 29 18 71 36 41 12 65 63 50 54 74 54 51 77 51 69 53 81 47 44 68 82 42 42 33 54 22 58 62 31 38 8 66 16 73 38 13 9
34 45 72 17 60 77 0 55 37 42 34 25 60 56 86 50 50 36 75 51 18 87 36 52 35 65 54 87 92 32 4 36 47 20 93 51 41 86 78 55 19 40 71 39 74 14 63 49 61 78 68
43 76 56 39 57 43 55 0 23 18 22 53 70 47 60 78 11 24 35 74 37 84 55 81 54 73 84 85 99 50 59 21 8 59 108 5 17 72 83 28 37 65 62 22 46 41 39 78 61 53 34
20 53 43 20 38 40 37 23 0 5 9 30 48 28 52 55 14 1 38 52 23 67 32 58 31 53 61 67 79 27 41 7 16 37 87 18 7 59 63 18 18 42 45 2 38 26 28 55 41 44 31
25 58 44 25 41 39 42 18 5 0 10 35 52 31 52 60 9 6 35 56 26 70 37 63 36 56 66 70 82 32 46 8 12 42 91 13 3 60 66 17 23 47 48 4 37 30 28 60 44 44 30
25 57 52 17 46 49 34 22 9 10 0 32 56 37 61 59 16 8 45 56 16 76 36 62 35 60 65 76 87 31 38 2 14 37 95 18 7 68 71 27 15 46 54 11 47 20 37 59 49 53 40
13 26 50 19 36 60 25 53 30 35 32 0 35 34 64 29 44 29 63 28 26 62 11 32 10 40 35 62 67 8 26 33 46 8 70 48 37 62 53 41 20 17 47 32 55 25 44 29 36 57 54
31 28 29 52 15 49 60 70 48 52 56 35 0 24 43 23 59 48 59 17 58 28 24 26 25 5 29 27 32 29 61 55 64 41 39 65 55 34 18 44 51 22 22 48 41 59 37 26 11 39 49
22 44 16 41 10 29 56 47 28 31 37 34 24 0 30 42 36 29 36 36 47 39 25 45 25 27 48 39 52 26 58 35 43 42 62 43 34 31 36 20 40 33 17 27 22 48 14 44 14 23 26
52 70 15 70 30 18 86 60 52 52 61 64 43 30 0 66 52 53 30 60 75 35 55 69 55 41 72 36 54 56 88 59 60 72 68 59 55 17 41 35 69 60 21 50 15 77 24 69 33 8 26
35 6 51 48 36 71 50 78 55 60 59 29 23 42 66 0 69 54 78 6 55 48 23 3 24 27 6 47 45 28 50 59 71 30 43 73 62 57 38 60 49 13 45 56 63 54 56 3 33 61 68
34 67 45 33 46 36 50 11 14 9 16 44 59 36 52 69 0 15 30 65 32 73 46 72 45 62 75 74 88 41 54 14 8 51 97 7 9 61 72 17 31 56 51 13 37 36 28 69 50 44 27
19 52 44 19 38 41 36 24 1 6 8 29 48 29 53 54 15 0 39 51 22 68 31 57 30 52 60 68 79 26 40 7 17 36 87 19 8 60 63 19 17 41 46 3 39 25 29 54 41 45 32
50 80 35 58 44 12 75 35 38 35 45 63 59 36 30 78 30 39 0 72 61 62 60 81 59 61 84 63 81 57 79 43 38 71 94 34 38 45 66 22 56 68 43 36 20 64 22 80 48 25 10
32 12 45 47 30 65 51 74 52 56 56 28 17 36 60 6 65 51 72 0 54 43 20 9 21 21 12 42 41 25 51 56 68 31 42 69 59 51 33 54 48 11 39 52 57 53 50 9 27 55 62
27 52 63 7 54 63 18 37 23 26 16 26 58 47 75 55 32 22 61 54 0 83 35 58 34 63 61 83 90 30 22 18 29 28 95 33 23 78 76 41 7 43 64 25 61 4 51 55 56 67 54
56 54 29 77 30 50 87 84 67 70 76 62 28 39 35 48 73 68 62 43 83 0 52 50 52 23 52 1 19 56 88 74 81 69 33 80 73 18 10 56 76 50 22 66 43 84 46 51 27 37 55
12 22 40 28 26 54 36 55 32 37 36 11 24 25 55 23 46 31 60 20 35 52 0 26 1 29 29 51 56 5 37 36 48 18 60 50 39 52 42 38 28 10 37 33 47 35 38 23 26 48 50
38 7 54 51 39 74 52 81 58 63 62 32 26 45 69 3 72 57 81 9 58 50 26 0 27 29 3 49 45 31 51 62 74 32 42 76 65 59 40 63 52 16 48 59 66 57 59 3 36 64 71
11 23 41 27 26 54 35 54 31 36 35 10 25 25 55 24 45 30 59 21 34 52 1 27 0 30 30 52 57 4 36 35 47 18 61 49 38 52 43 38 27 11 37 32 47 34 38 24 26 48 49
36 33 28 57 17 51 65 73 53 56 60 40 5 27 41 27 62 52 61 21 63 23 29 29 30 0 32 22 27 34 66 59 68 46 35 69 59 30 13 47 56 27 20 52 43 64 39 30 13 39 51
41 9 57 54 42 77 54 84 61 66 65 35 29 48 72 6 75 60 84 12 61 52 29 3 30 32 0 51 46 34 53 65 77 34 42 79 68 62 42 66 55 19 51 62 69 59 62 6 39 67 74
56 53 30 77 30 51 87 85 67 70 76 62 27 39 36 47 74 68 63 42 83 1 51 49 52 22 51 0 18 55 88 74 82 68 32 81 73 19 9 57 76 49 23 66 44 84 47 50 27 38 56
63 51 47 84 42 69 92 99 79 82 87 67 32 52 54 45 88 79 81 41 90 19 56 45 57 27 46 18 0 61 92 86 94 72 14 95 85 37 16 72 83 52 39 79 62 91 62 48 38 56 73
7 26 42 23 28 53 32 50 27 32 31 8 29 26 56 28 41 26 57 25 30 56 5 31 4 34 34 55 61 0 34 31 43 16 65 45 34 54 47 35 23 15 39 28 47 30 37 28 29 49 48
36 44 74 21 62 81 4 59 41 46 38 26 61 58 88 50 54 40 79 51 22 88 37 51 36 66 53 88 92 34 0 40 51 20 93 55 45 88 79 59 23 40 73 43 77 18 66 48 62 81 72
24 57 50 19 45 47 36 21 7 8 2 33 55 35 59 59 14 7 43 56 18 74 36 62 35 59 65 74 86 31 40 0 13 38 94 16 5 66 70 25 17 46 52 9 45 22 35 59 48 51 38
36 69 53 31 53 44 47 8 16 12 14 46 64 43 60 71 8 17 38 68 29 81 48 74 47 68 77 82 94 43 51 13 0 51 103 4 9 69 78 25 29 58 59 16 45 33 36 71 56 52 35
21 25 58 22 44 68 20 59 37 42 37 8 41 42 72 30 51 36 71 31 28 69 18 32 18 46 34 68 72 16 20 38 51 0 73 54 43 70 59 49 23 20 55 39 63 25 52 29 44 65 62
70 49 59 88 52 82 93 108 87 91 95 70 39 62 68 43 97 87 94 42 95 33 60 42 61 35 42 32 14 65 93 94 103 73 0 104 94 51 28 82 88 53 51 87 74 95 74 45 48 69 85
38 71 52 35 53 42 51 5 18 13 18 48 65 43 59 73 7 19 34 69 33 80 50 76 49 69 79 81 95 45 55 16 4 54 104 0 12 68 79 24 33 60 58 17 44 37 35 73 57 51 33
27 60 47 24 44 42 41 17 7 3 7 37 55 34 55 62 9 8 38 59 23 73 39 65 38 59 68 73 85 34 45 5 9 43 94 12 0 63 69 20 22 49 51 7 40 27 31 62 47 47 33
53 62 16 72 26 33 86 72 59 60 68 62 34 31 17 57 61 60 45 51 78 18 52 59 52 30 62 19 37 54 88 66 69 70 51 68 63 0 25 44 71 54 15 57 27 79 33 60 26 20 39
49 44 31 70 26 54 78 83 63 66 71 53 18 36 41 38 72 63 66 33 76 10 42 40 43 13 42 9 16 47 79 70 78 59 28 79 69 25 0 56 69 40 23 63 46 77 46 41 22 41 57
28 60 28 38 30 22 55 28 18 17 27 41 44 20 35 60 17 19 22 54 41 56 38 63 38 47 66 57 72 35 59 25 25 49 82 24 20 44 56 0 36 48 34 16 20 44 11 61 34 27 14
20 46 56 2 47 58 19 37 18 23 15 20 51 40 69 49 31 17 56 48 7 76 28 52 27 56 55 76 83 23 23 17 29 23 88 33 22 71 69 36 0 37 57 20 56 8 45 49 49 61 49
22 12 45 36 30 62 40 65 42 47 46 17 22 33 60 13 56 41 68 11 43 50 10 16 11 27 19 49 52 15 40 46 58 20 53 60 49 54 40 48 37 0 40 43 55 42 46 13 28 55 58
38 50 8 58 11 31 71 62 45 48 54 47 22 17 21 45 51 46 43 39 64 22 37 48 37 20 51 23 39 39 73 52 59 55 51 58 51 15 23 34 57 40 0 44 23 65 24 48 12 19 34
21 54 41 22 37 38 39 22 2 4 11 32 48 27 50 56 13 3 36 52 25 66 33 59 32 52 62 66 79 28 43 9 16 39 87 17 7 57 63 16 20 43 44 0 36 28 26 56 41 42 29
42 66 15 58 27 8 74 46 38 37 47 55 41 22 15 63 37 39 20 57 61 43 47 66 47 43 69 44 62 47 77 45 45 63 74 44 40 27 46 20 56 55 23 36 0 64 11 65 30 7 12
28 50 64 7 55 66 14 41 26 30 20 25 59 48 77 54 36 25 64 53 4 84 35 57 34 64 59 84 91 30 18 22 33 25 95 37 27 79 77 44 8 42 65 28 64 0 53 54 57 69 57
31 58 17 47 22 16 63 39 28 28 37 44 37 14 24 56 28 29 22 50 51 46 38 59 38 39 62 47 62 37 66 35 36 52 74 35 31 33 46 11 45 46 24 26 11 53 0 58 26 16 12
35 4 54 48 39 73 49 78 55 60 59 29 26 44 69 3 69 54 80 9 55 51 23 3 24 30 6 50 48 28 48 59 71 29 45 73 62 60 41 61 49 13 48 56 65 54 58 0 36 64 70
29 38 18 50 4 38 61 61 41 44 49 36 11 14 33 33 50 41 48 27 56 27 26 36 26 13 39 27 38 29 62 48 56 44 48 57 47 26 22 34 49 28 12 41 30 57 26 36 0 28 38
45 65 11 62 25 13 78 53 44 44 53 57 39 23 8 61 44 45 25 55 67 37 48 64 48 39 67 38 56 49 81 51 52 65 69 51 47 20 41 27 61 55 19 42 7 69 16 64 28 0 19
41 70 27 51 34 9 68 34 31 30 40 54 49 26 26 68 27 32 10 62 54 55 50 71 49 51 74 56 73 48 72 38 35 62 85 33 33 39 57 14 49 58 34 29 12 57 12 70 38 19 0
0 997
477 763
678 967
111 552
204 539
544 866
20 324
635 920
414 609
6 252
118 566
29 432
256 666
454 699
660 859
146 407
291 486
174 604
694 957
605 977
602 992
696 975
545 860
165 357
381 740
656 915
170 545
404 656
123 417
278 604
581 802
549 807
645 804
612 997
97 544
203 450
35 238
515 731
496 753
571 997
443 833
93 501
277 470
658 941
166 562
341 675
691 905
319 570
343 729
581 938
94 502
