51
0 91 39 73 12 34 19 21 42 100 45 10 43 98 34 50 25 56 95 79 75 75 28 15 75 46 41 28 18 17 99 75 78 58 76 104 75 89 74 37 59 49 68 19 75 57 67 71 19 78 75
91 0 64 18 87 66 83 75 61 13 47 101 48 15 62 76 82 35 16 31 61 29 67 91 45 47 83 76 107 103 12 54 39 42 28 13 20 10 64 59 50 44 25 94 28 70 67 20 110 47 61
39 64 0 49 44 44 23 39 48 76 33 48 22 66 8 18 20 32 63 43 36 40 37 50 69 20 62 47 57 56 75 74 69 49 41 76 55 67 79 8 20 23 39 34 60 21 75 47 57 39 36
73 18 49 0 69 48 66 57 43 28 29 83 30 29 45 63 65 17 28 29 56 24 49 73 35 29 66 58 89 85 27 44 31 25 24 31 9 18 54 42 39 26 12 77 18 59 54 2 92 43 56
12 87 44 69 0 25 28 12 33 95 40 19 41 95 36 58 34 52 92 79 80 73 20 6 66 44 29 17 21 17 94 66 70 50 74 100 70 84 63 39 61 47 65 31 67 64 56 67 26 80 80
34 66 44 48 25 0 42 13 8 72 21 43 28 77 36 62 47 35 75 66 75 60 7 28 41 32 20 10 44 40 71 41 45 26 61 79 47 61 40 36 54 34 48 50 43 64 34 47 51 71 75
19 83 23 66 28 42 0 32 49 94 43 25 36 87 21 31 6 49 84 66 57 62 35 34 79 37 55 40 37 36 93 82 81 60 63 95 72 84 82 24 43 40 58 11 73 38 76 64 34 62 57
21 75 39 57 12 13 32 0 21 83 28 30 31 84 31 56 37 41 81 69 75 63 8 16 54 35 23 8 32 28 82 54 58 38 64 88 58 72 53 34 55 37 54 38 55 60 47 55 38 74 75
42 61 48 43 33 8 49 21 0 66 19 51 29 72 40 66 54 33 70 64 76 58 14 35 33 33 23 17 51 47 65 33 37 19 59 73 41 55 33 40 55 34 45 57 36 68 27 42 59 71 76
100 13 76 28 95 72 94 83 66 0 55 110 58 24 73 89 93 45 26 44 74 42 75 99 44 57 88 82 115 111 1 53 38 47 41 12 25 11 63 70 63 54 37 105 31 83 67 30 119 60 74
45 47 33 29 40 21 43 28 19 55 0 55 11 56 26 51 45 14 54 45 57 39 20 44 37 15 41 30 60 56 54 42 38 17 40 60 30 44 46 25 36 15 27 54 30 51 43 27 64 52 57
10 101 48 83 19 43 25 30 51 110 55 0 53 108 43 56 31 66 105 88 82 84 38 19 84 56 46 36 12 12 109 84 88 68 85 114 85 99 82 46 68 59 78 20 85 63 75 81 9 87 82
43 48 22 30 41 28 36 31 29 58 11 53 0 55 17 40 37 13 52 38 47 32 25 47 47 4 48 36 60 57 57 52 47 27 33 61 36 48 57 14 26 6 25 47 38 40 54 28 62 43 47
98 15 66 29 95 77 87 84 72 24 56 108 55 0 66 74 86 43 3 25 54 26 76 100 60 52 95 86 115 112 23 69 54 54 25 13 34 25 79 63 48 49 30 98 43 67 82 30 117 39 54
34 62 8 45 36 36 21 31 40 73 26 43 17 66 0 26 20 28 63 45 44 41 29 42 63 16 54 39 52 50 72 68 64 43 42 74 51 63 72 3 25 19 37 32 55 29 67 43 52 44 44
50 76 18 63 58 62 31 56 66 89 51 56 40 74 26 0 25 48 71 49 28 48 55 64 87 37 79 64 68 67 88 92 87 67 49 85 71 81 97 26 26 39 52 38 76 8 93 61 64 39 28
25 82 20 65 34 47 6 37 54 93 45 31 37 86 20 25 0 48 83 63 52 60 40 40 82 36 60 45 43 42 92 86 83 62 61 94 71 83 87 23 40 39 57 14 75 33 81 63 39 59 52
56 35 32 17 52 35 49 41 33 45 14 66 13 43 28 48 48 0 40 31 49 25 34 57 41 12 55 44 73 69 44 47 39 22 26 48 23 35 54 25 28 9 13 60 28 47 52 15 75 40 49
95 16 63 28 92 75 84 81 70 26 54 105 52 3 63 71 83 40 0 22 51 23 74 97 59 49 93 84 112 109 25 68 54 53 22 16 33 26 78 60 45 46 27 95 42 64 81 28 114 36 51
79 31 43 29 79 66 66 69 64 44 45 88 38 25 45 49 63 31 22 0 30 6 63 85 64 35 86 74 97 95 43 73 60 50 5 38 38 39 82 42 24 32 19 77 47 42 80 28 97 16 30
75 61 36 56 80 75 57 75 76 74 57 82 47 54 44 28 52 49 51 30 0 33 72 86 89 43 95 82 93 92 73 96 86 71 33 67 65 69 103 41 21 42 44 66 73 20 100 54 91 15 0
75 29 40 24 73 60 62 63 58 42 39 84 32 26 41 48 60 25 23 6 33 0 57 79 58 29 80 68 92 89 41 67 54 44 1 37 33 36 76 38 22 26 13 73 41 42 74 22 93 19 33
28 67 37 49 20 7 35 8 14 75 20 38 25 76 29 55 40 34 74 63 72 57 0 24 47 29 25 11 40 36 74 47 50 30 58 80 50 64 47 31 51 31 47 43 47 58 41 47 46 68 72
15 91 50 73 6 28 34 16 35 99 44 19 47 100 42 64 40 57 97 85 86 79 24 0 68 50 27 18 16 12 98 67 72 54 80 104 74 88 64 45 67 53 70 34 71 70 57 71 24 86 86
75 45 69 35 66 41 79 54 33 44 37 84 47 60 63 87 82 41 59 64 89 58 47 68 0 51 49 50 84 80 43 9 6 20 59 54 26 35 19 61 69 49 45 89 17 87 23 36 92 77 89
46 47 20 29 44 32 37 35 33 57 15 56 4 52 16 37 36 12 49 35 43 29 29 50 51 0 52 40 64 61 56 56 50 31 30 59 35 47 61 13 22 3 22 48 40 37 58 27 65 39 43
41 83 62 66 29 20 55 23 23 88 41 46 48 95 54 79 60 55 93 86 95 80 25 27 49 52 0 15 42 38 87 44 55 41 81 95 63 77 38 56 74 54 68 60 58 83 31 65 51 91 95
28 76 47 58 17 10 40 8 17 82 30 36 36 86 39 64 45 44 84 74 82 68 11 18 50 40 15 0 34 30 81 49 54 36 69 89 57 71 46 41 62 42 57 46 53 68 39 57 42 79 82
18 107 57 89 21 44 37 32 51 115 60 12 60 115 52 68 43 73 112 97 93 92 40 16 84 64 42 34 0 4 114 83 88 70 93 120 90 104 80 55 77 66 85 32 87 75 73 87 9 96 93
17 103 56 85 17 40 36 28 47 111 56 12 57 112 50 67 42 69 109 95 92 89 36 12 80 61 38 30 4 0 110 79 84 66 90 116 86 100 76 53 75 63 82 32 83 74 69 83 13 94 92
99 12 75 27 94 71 93 82 65 1 54 109 57 23 72 88 92 44 25 43 73 41 74 98 43 56 87 81 114 110 0 52 37 46 40 12 24 10 62 69 62 53 36 104 30 82 66 29 118 59 73
75 54 74 44 66 41 82 54 33 53 42 84 52 69 68 92 86 47 68 73 96 67 47 67 9 56 44 49 83 79 52 0 15 25 68 63 35 44 10 66 75 55 54 90 26 92 15 45 91 86 96
78 39 69 31 70 45 81 58 37 38 38 88 47 54 64 87 83 39 54 60 86 54 50 72 6 50 55 54 88 84 37 15 0 21 55 48 22 29 25 61 67 48 42 91 13 86 29 32 96 73 86
58 42 49 25 50 26 60 38 19 47 17 68 27 54 43 67 62 22 53 50 71 44 30 54 20 31 41 36 70 66 46 25 21 0 45 54 22 36 32 41 50 30 31 70 17 67 30 25 76 62 71
76 28 41 24 74 61 63 64 59 41 40 85 33 25 42 49 61 26 22 5 33 1 58 80 59 30 81 69 93 90 40 68 55 45 0 36 33 36 77 39 23 27 14 74 42 43 75 23 94 19 33
104 13 76 31 100 79 95 88 73 12 60 114 61 13 74 85 94 48 16 38 67 37 80 104 54 59 95 89 120 116 12 63 48 54 36 0 32 19 73 71 59 56 37 106 39 79 77 33 123 52 67
75 20 55 9 70 47 72 58 41 25 30 85 36 34 51 71 71 23 33 38 65 33 50 74 26 35 63 57 90 86 24 35 22 22 33 32 0 14 45 48 48 32 21 83 9 68 48 11 94 52 65
89 10 67 18 84 61 84 72 55 11 44 99 48 25 63 81 83 35 26 39 69 36 64 88 35 47 77 71 104 100 10 44 29 36 36 19 14 0 54 60 56 44 29 95 20 76 58 20 108 55 69
74 64 79 54 63 40 82 53 33 63 46 82 57 79 72 97 87 54 78 82 103 76 47 64 19 61 38 46 80 76 62 10 25 32 77 73 45 54 0 71 82 61 63 90 36 97 7 54 88 94 103
37 59 8 42 39 36 24 34 40 70 25 46 14 63 3 26 23 25 60 42 41 38 31 45 61 13 56 41 55 53 69 66 61 41 39 71 48 60 71 0 22 16 34 35 52 28 67 40 55 41 41
59 50 20 39 61 54 43 55 55 63 36 68 26 48 25 26 40 28 45 24 21 22 51 67 69 22 74 62 77 75 62 75 67 50 23 59 48 56 82 22 0 21 27 54 55 20 79 37 77 19 21
49 44 23 26 47 34 40 37 34 54 15 59 6 49 19 39 39 9 46 32 42 26 31 53 49 3 54 42 66 63 53 55 48 30 27 56 32 44 61 16 21 0 19 51 37 38 58 24 68 37 42
68 25 39 12 65 48 58 54 45 37 27 78 25 30 37 52 57 13 27 19 44 13 47 70 45 22 68 57 85 82 36 54 42 31 14 37 21 29 63 34 27 19 0 69 29 47 61 10 87 32 44
19 94 34 77 31 50 11 38 57 105 54 20 47 98 32 38 14 60 95 77 66 73 43 34 89 48 60 46 32 32 104 90 91 70 74 106 83 95 90 35 54 51 69 0 84 46 84 75 27 73 66
75 28 60 18 67 43 73 55 36 31 30 85 38 43 55 76 75 28 42 47 73 41 47 71 17 40 58 53 87 83 30 26 13 17 42 39 9 20 36 52 55 37 29 84 0 74 39 19 93 60 73
57 70 21 59 64 64 38 60 68 83 51 63 40 67 29 8 33 47 64 42 20 42 58 70 87 37 83 68 75 74 82 92 86 67 43 79 68 76 97 28 20 38 47 46 74 0 94 57 72 31 20
67 67 75 54 56 34 76 47 27 67 43 75 54 82 67 93 81 52 81 80 100 74 41 57 23 58 31 39 73 69 66 15 29 30 75 77 48 58 7 67 79 58 61 84 39 94 0 55 81 92 100
71 20 47 2 67 47 64 55 42 30 27 81 28 30 43 61 63 15 28 28 54 22 47 71 36 27 65 57 87 83 29 45 32 25 23 33 11 20 54 40 37 24 10 75 19 57 55 0 90 41 54
19 110 57 92 26 51 34 38 59 119 64 9 62 117 52 64 39 75 114 97 91 93 46 24 92 65 51 42 9 13 118 91 96 76 94 123 94 108 88 55 77 68 87 27 93 72 81 90 0 96 91
78 47 39 43 80 71 62 74 71 60 52 87 43 39 44 39 59 40 36 16 15 19 68 86 77 39 91 79 96 94 59 86 73 62 19 52 52 55 94 41 19 37 32 73 60 31 92 41 96 0 15
75 61 36 56 80 75 57 75 76 74 57 82 47 54 44 28 52 49 51 30 0 33 72 86 89 43 95 82 93 92 73 96 86 71 33 67 65 69 103 41 21 42 44 66 73 20 100 54 91 15 0
0 1079
509 1046
96 350
22 567
534 1058
519 1079
190 453
376 708
627 1015
34 509
313 909
609 1079
79 522
454 902
334 761
62 638
542 792
16 417
500 970
388 699
329 940
588 815
376 709
300 798
532 840
319 634
343 594
563 891
321 789
450 745
528 894
202 611
245 461
610 1079
131 407
4 519
308 922
246 747
142 452
259 548
376 705
171 755
93 388
549 880
126 459
282 504
357 734
432 821
537 1031
71 298
426 997
