51
0 52 40 28 85 82 18 83 63 21 71 57 17 73 51 34 55 66 98 66 49 20 72 72 77 92 76 66 32 103 60 74 61 82 19 49 69 57 88 39 97 23 77 26 88 76 96 58 54 19 84
52 0 12 53 50 30 48 37 17 41 63 26 40 46 17 30 5 18 67 60 71 48 44 20 41 44 54 15 33 71 30 50 45 58 38 10 18 72 53 30 66 44 53 30 42 46 70 23 3 46 38
40 12 0 43 57 42 36 48 27 30 63 30 28 50 17 23 15 29 73 59 63 37 48 32 48 55 58 26 25 78 34 54 45 62 27 12 29 65 60 23 72 34 57 19 53 51 74 25 14 35 49
28 53 43 0 69 82 43 72 56 13 46 45 38 54 60 23 51 59 78 40 22 8 54 72 64 85 54 63 20 83 47 52 39 60 18 44 63 29 71 55 78 10 55 24 75 58 74 68 53 44 73
85 50 57 69 0 56 90 18 33 66 38 29 82 16 67 51 45 33 18 41 71 72 15 53 9 29 23 41 54 21 25 21 30 22 66 45 38 65 3 80 17 66 21 61 15 11 24 72 47 89 19
82 30 42 82 56 0 74 38 31 71 83 47 68 62 33 59 31 29 73 81 99 78 60 10 50 33 71 21 62 76 49 68 65 74 68 38 23 98 58 49 72 74 69 60 43 60 80 31 30 72 38
18 48 36 43 90 74 0 83 62 33 83 61 8 80 41 41 51 65 104 77 65 35 79 66 81 91 83 62 40 109 65 81 68 89 28 47 65 72 93 26 103 36 84 31 88 82 103 45 50 2 84
83 37 48 72 18 38 83 0 21 65 53 27 75 29 53 50 33 19 35 54 80 71 27 35 14 13 38 25 53 38 26 35 40 39 65 36 22 76 20 67 34 65 36 57 5 24 42 57 34 82 1
63 17 27 56 33 31 62 21 0 48 52 16 54 32 34 33 12 3 50 50 69 54 30 23 24 29 41 10 36 54 18 38 34 44 45 15 9 68 36 47 49 48 39 37 26 31 55 39 14 61 22
21 41 30 13 66 71 33 65 48 0 51 38 26 53 47 15 41 51 78 46 35 7 52 61 58 77 55 53 12 83 41 53 40 61 5 34 54 41 69 42 77 4 56 11 69 56 75 55 42 33 66
71 63 63 46 38 83 83 53 52 51 0 37 75 24 78 43 58 55 38 6 38 52 26 75 39 66 15 62 43 43 34 18 18 19 55 53 61 29 39 85 38 48 17 52 52 29 31 86 60 82 54
57 26 30 45 29 47 61 27 16 38 37 0 53 20 43 23 21 19 43 35 54 44 18 39 20 40 28 26 26 48 4 24 19 32 38 18 25 52 32 53 42 38 27 32 31 21 44 49 23 60 28
17 40 28 38 82 68 8 75 54 26 75 53 0 72 35 33 43 57 96 70 60 30 71 58 73 83 75 54 32 101 57 73 60 81 21 39 57 67 85 22 95 30 76 23 80 74 95 41 42 7 76
73 46 50 54 16 62 80 29 32 53 24 20 72 0 63 39 41 34 25 26 56 58 2 55 15 42 9 42 42 30 16 6 15 12 54 38 40 49 18 73 24 52 7 49 28 5 24 69 43 79 30
51 17 17 60 67 33 41 53 34 47 78 43 35 63 0 40 22 35 84 75 80 54 61 25 58 57 71 28 42 88 47 67 60 75 42 25 31 82 70 16 83 51 70 36 58 63 87 8 20 39 53
34 30 23 23 51 59 41 50 33 15 43 23 33 39 40 0 28 36 64 38 41 21 38 49 43 62 42 40 3 69 26 40 27 48 15 21 40 42 54 42 63 15 43 10 54 42 62 48 30 40 51
55 5 15 51 45 31 51 33 12 41 58 21 43 41 22 28 0 14 62 56 68 48 39 21 36 40 49 12 31 66 25 45 40 53 38 7 14 68 48 35 61 43 48 30 38 41 65 28 2 50 34
66 18 29 59 33 29 65 19 3 51 55 19 57 34 35 36 14 0 50 53 72 57 32 21 24 26 43 8 39 54 21 40 37 46 48 18 6 71 36 48 49 51 41 40 24 32 56 40 15 64 20
98 67 73 78 18 73 104 35 50 78 38 43 96 25 84 64 62 50 0 43 75 82 26 70 26 44 25 58 67 5 39 26 39 19 79 61 55 67 15 96 1 77 23 74 31 22 10 89 64 103 36
66 60 59 40 41 81 77 54 50 46 6 35 70 26 75 38 56 53 43 0 32 46 27 73 40 67 19 60 38 48 32 20 16 24 49 50 59 24 43 80 43 43 21 47 53 31 36 83 58 77 55
49 71 63 22 71 99 65 80 69 35 38 54 60 56 80 41 68 72 75 32 0 30 56 89 68 93 51 78 38 80 54 51 41 56 40 61 78 10 73 77 75 31 53 45 81 60 68 88 70 66 81
20 48 37 8 72 78 35 71 54 7 52 44 30 58 54 21 48 57 82 46 30 0 57 68 64 83 58 60 18 87 47 56 43 64 12 41 61 37 74 49 82 6 59 18 75 61 78 62 49 36 72
72 44 48 54 15 60 79 27 30 52 26 18 71 2 61 38 39 32 26 27 56 57 0 53 13 40 11 40 41 31 14 8 15 14 53 36 38 50 17 71 25 51 9 48 26 4 26 67 41 78 28
72 20 32 72 53 10 66 35 23 61 75 39 58 55 25 49 21 21 70 73 89 68 53 0 44 34 64 13 52 73 41 61 57 67 58 28 15 89 55 41 69 64 62 50 40 53 76 25 20 64 35
77 41 48 64 9 50 81 14 24 58 39 20 73 15 58 43 36 24 26 40 68 64 13 44 0 27 24 32 46 30 17 21 27 25 58 36 29 63 12 71 25 58 22 52 13 10 32 63 38 80 15
92 44 55 85 29 33 91 13 29 77 66 40 83 42 57 62 40 26 44 67 93 83 40 34 27 0 51 29 65 46 39 48 53 51 74 44 26 89 30 73 43 77 49 66 14 37 53 59 41 90 12
76 54 58 54 23 71 83 38 41 55 15 28 75 9 71 42 49 43 25 19 51 58 11 64 24 51 0 51 44 30 24 4 15 6 57 46 49 43 24 81 25 53 2 52 37 14 20 77 51 82 39
66 15 26 63 41 21 62 25 10 53 62 26 54 42 28 40 12 8 58 60 78 60 40 13 32 29 51 0 43 61 28 48 44 54 50 19 3 77 43 44 57 55 49 42 30 40 64 32 12 61 25
32 33 25 20 54 62 40 53 36 12 43 26 32 42 42 3 31 39 67 38 38 18 41 52 46 65 44 43 0 72 29 42 29 50 13 24 43 40 57 43 66 12 45 9 57 45 64 50 33 39 54
103 71 78 83 21 76 109 38 54 83 43 48 101 30 88 69 66 54 5 48 80 87 31 73 30 46 30 61 72 0 44 31 44 24 84 66 58 72 18 101 6 82 28 79 33 27 14 93 68 108 38
60 30 34 47 25 49 65 26 18 41 34 4 57 16 47 26 25 21 39 32 54 47 14 41 17 39 24 28 29 44 0 20 16 28 41 22 27 51 28 57 38 41 23 36 28 17 40 53 27 64 27
74 50 54 52 21 68 81 35 38 53 18 24 73 6 67 40 45 40 26 20 51 56 8 61 21 48 4 48 42 31 20 0 13 8 55 42 46 44 23 77 26 51 3 50 34 11 22 73 47 80 36
61 45 45 39 30 65 68 40 34 40 18 19 60 15 60 27 40 37 39 16 41 43 15 57 27 53 15 44 29 44 16 13 0 21 42 35 43 36 32 67 39 38 16 37 40 19 35 68 42 67 41
82 58 62 60 22 74 89 39 44 61 19 32 81 12 75 48 53 46 19 24 56 64 14 67 25 51 6 54 50 24 28 8 21 0 63 50 52 48 22 85 19 59 5 58 37 15 14 81 55 88 40
19 38 27 18 66 68 28 65 45 5 55 38 21 54 42 15 38 48 79 49 40 12 53 58 58 74 57 50 13 84 41 55 42 63 0 31 51 46 69 37 78 9 58 8 69 57 77 50 39 28 66
49 10 12 44 45 38 47 36 15 34 53 18 39 38 25 21 7 18 61 50 61 41 36 28 36 44 46 19 24 66 22 42 35 50 31 0 20 62 48 35 60 36 45 23 41 39 62 33 9 46 37
69 18 29 63 38 23 65 22 9 54 61 25 57 40 31 40 14 6 55 59 78 61 38 15 29 26 49 3 43 58 27 46 43 52 51 20 0 77 40 47 54 55 47 43 27 38 61 35 15 64 22
57 72 65 29 65 98 72 76 68 41 29 52 67 49 82 42 68 71 67 24 10 37 50 89 63 89 43 77 40 72 51 44 36 48 46 62 77 0 67 83 67 37 45 49 76 54 60 90 70 73 77
88 53 60 71 3 58 93 20 36 69 39 32 85 18 70 54 48 36 15 43 73 74 17 55 12 30 24 43 57 18 28 23 32 22 69 48 40 67 0 83 14 68 22 64 16 13 23 75 50 92 21
39 30 23 55 80 49 26 67 47 42 85 53 22 73 16 42 35 48 96 80 77 49 71 41 71 73 81 44 43 101 57 77 67 85 37 35 47 83 83 0 95 46 80 34 72 74 97 19 33 24 68
97 66 72 78 17 72 103 34 49 77 38 42 95 24 83 63 61 49 1 43 75 82 25 69 25 43 25 57 66 6 38 26 39 19 78 60 54 67 14 95 0 76 23 73 30 21 11 88 63 102 35
23 44 34 10 66 74 36 65 48 4 48 38 30 52 51 15 43 51 77 43 31 6 51 64 58 77 53 55 12 82 41 51 38 59 9 36 55 37 68 46 76 0 54 15 69 55 73 59 44 37 66
77 53 57 55 21 69 84 36 39 56 17 27 76 7 70 43 48 41 23 21 53 59 9 62 22 49 2 49 45 28 23 3 16 5 58 45 47 45 22 80 23 54 0 53 35 12 19 76 50 83 37
26 30 19 24 61 60 31 57 37 11 52 32 23 49 36 10 30 40 74 47 45 18 48 50 52 66 52 42 9 79 36 50 37 58 8 23 43 49 64 34 73 15 53 0 62 52 72 44 31 30 58
88 42 53 75 15 43 88 5 26 69 52 31 80 28 58 54 38 24 31 53 81 75 26 40 13 14 37 30 57 33 28 34 40 37 69 41 27 76 16 72 30 69 35 62 0 23 39 62 39 87 5
76 46 51 58 11 60 82 24 31 56 29 21 74 5 63 42 41 32 22 31 60 61 4 53 10 37 14 40 45 27 17 11 19 15 57 39 38 54 13 74 21 55 12 52 23 0 24 69 43 81 25
96 70 74 74 24 80 103 42 55 75 31 44 95 24 87 62 65 56 10 36 68 78 26 76 32 53 20 64 64 14 40 22 35 14 77 62 61 60 23 97 11 73 19 72 39 24 0 93 67 102 43
58 23 25 68 72 31 45 57 39 55 86 49 41 69 8 48 28 40 89 83 88 62 67 25 63 59 77 32 50 93 53 73 68 81 50 33 35 90 75 19 88 59 76 44 62 69 93 0 26 43 57
54 3 14 53 47 30 50 34 14 42 60 23 42 43 20 30 2 15 64 58 70 49 41 20 38 41 51 12 33 68 27 47 42 55 39 9 15 70 50 33 63 44 50 31 39 43 67 26 0 49 35
19 46 35 44 89 72 2 82 61 33 82 60 7 79 39 40 50 64 103 77 66 36 78 64 80 90 82 61 39 108 64 80 67 88 28 46 64 73 92 24 102 37 83 30 87 81 102 43 49 0 83
84 38 49 73 19 38 84 1 22 66 54 28 76 30 53 51 34 20 36 55 81 72 28 35 15 12 39 25 54 38 27 36 41 40 66 37 22 77 21 68 35 66 37 58 5 25 43 57 35 83 0
0 1246
615 953
736 1166
286 681
143 615
280 757
390 686
695 1178
741 975
620 1078
418 640
600 1054
223 480
75 559
347 578
771 1039
671 1053
22 480
743 1196
555 759
846 1212
207 739
379 667
334 678
37 387
713 1168
203 556
423 801
295 844
388 742
309 845
345 755
140 428
45 422
226 749
170 627
585 1142
168 441
100 383
766 1004
43 604
629 922
370 778
560 1030
304 821
399 866
171 368
478 753
711 1088
597 1023
521 867
