51
0 74 54 12 73 23 61 47 29 8 95 77 28 82 76 83 57 83 78 36 84 67 33 63 26 52 16 64 44 18 75 80 104 33 81 55 56 48 40 106 79 13 41 73 61 80 61 66 80 80 62
74 0 62 68 58 97 86 72 88 79 69 101 87 72 73 53 89 54 123 76 124 80 43 31 59 96 63 10 70 88 60 70 89 66 121 114 74 80 34 84 49 64 79 110 13 83 13 49 73 90 116
54 62 0 59 21 69 24 13 42 51 43 39 42 28 22 34 27 33 61 25 62 20 52 31 28 37 58 54 14 72 23 26 50 22 59 59 12 21 47 52 31 42 24 48 56 30 56 18 26 33 58
12 68 59 0 78 33 71 54 41 20 100 87 40 87 81 86 67 86 90 46 96 74 25 63 31 64 5 58 51 20 80 85 109 40 93 67 63 58 34 111 81 18 51 85 55 87 55 70 85 87 74
73 58 21 78 0 89 40 34 63 71 22 47 63 14 17 13 43 12 76 46 77 27 63 27 47 55 75 52 35 91 2 12 35 42 74 78 29 40 56 34 12 61 45 63 56 26 56 9 16 35 75
23 97 69 33 89 0 67 58 30 20 111 81 29 96 88 101 62 101 73 45 80 78 56 84 45 53 38 87 56 17 91 94 117 47 79 46 67 56 63 120 97 34 49 72 84 91 84 84 92 89 56
61 86 24 71 40 67 0 18 37 54 54 16 38 35 27 52 5 51 37 25 38 14 71 55 42 17 71 78 21 76 40 35 53 32 35 40 12 13 69 59 52 53 20 24 80 26 80 41 31 22 36
47 72 13 54 34 58 18 0 30 42 55 34 30 38 30 47 17 46 51 13 54 20 53 43 24 24 54 63 3 64 35 36 59 14 51 46 9 8 51 62 44 36 11 40 64 33 64 31 34 33 45
29 88 42 41 63 30 37 30 0 21 85 51 1 66 58 76 32 75 49 17 55 48 54 66 29 23 45 78 28 41 65 65 87 24 52 27 37 26 58 90 73 29 19 44 77 61 77 60 62 59 33
8 79 51 20 71 20 54 42 21 0 93 70 20 79 72 82 50 82 70 29 76 62 39 64 25 44 24 69 39 22 73 77 101 29 73 47 51 41 46 103 78 15 34 65 67 75 67 65 76 74 54
95 69 43 100 22 111 54 55 85 93 0 57 85 19 27 16 59 15 88 68 87 40 83 42 69 71 97 66 57 113 20 20 22 64 84 94 48 60 75 15 20 83 66 75 70 33 70 30 23 42 90
77 101 39 87 47 81 16 34 51 70 57 0 52 39 31 58 20 57 31 41 30 21 87 70 58 28 87 93 37 92 46 39 48 48 27 47 27 29 85 57 59 69 36 18 95 24 95 52 35 16 39
28 87 42 40 63 29 38 30 1 20 85 52 0 67 59 76 33 75 50 17 56 49 53 66 28 24 44 77 28 40 65 66 88 24 53 28 38 27 57 91 73 28 20 45 76 62 76 60 63 60 34
82 72 28 87 14 96 35 38 66 79 19 39 67 0 8 22 40 21 69 51 69 21 77 41 56 52 86 66 40 100 12 2 22 50 66 75 29 41 70 25 25 70 47 56 70 15 70 23 4 24 71
76 73 22 81 17 88 27 30 58 72 27 31 59 8 0 27 32 26 61 43 61 13 73 42 50 44 80 67 33 93 15 8 29 43 58 67 21 33 68 32 28 64 39 48 71 10 71 24 4 18 63
83 53 34 86 13 101 52 47 76 82 16 58 76 22 27 0 56 1 88 59 88 39 68 27 57 68 83 51 48 101 12 21 36 54 85 91 42 53 60 31 5 70 58 75 55 36 55 17 25 45 88
57 89 27 67 43 62 5 17 32 50 59 20 33 40 32 56 0 55 35 21 37 19 68 58 39 12 67 80 20 72 44 40 58 29 34 35 15 10 68 64 55 49 16 23 81 31 81 44 36 27 32
83 54 33 86 12 101 51 46 75 82 15 57 75 21 26 1 55 0 87 58 87 38 68 27 57 67 83 51 47 101 11 20 35 54 84 90 41 52 60 30 5 70 57 74 55 35 55 17 24 44 87
78 123 61 90 76 73 37 51 49 70 88 31 50 69 61 88 35 87 0 50 7 49 99 92 70 29 94 113 53 89 76 69 79 60 6 27 49 43 99 88 88 77 46 13 114 55 114 78 65 47 17
36 76 25 46 46 45 25 13 17 29 68 41 17 51 43 59 21 58 50 0 55 33 49 51 20 21 46 66 11 51 48 49 72 10 52 38 22 12 49 75 56 28 5 41 66 46 66 43 47 45 40
84 124 62 96 77 80 38 54 55 76 87 30 56 69 61 88 37 87 7 55 0 50 103 93 74 34 100 116 56 96 76 69 77 64 3 34 50 46 103 86 89 82 50 14 117 54 117 79 65 46 24
67 80 20 74 27 78 14 20 48 62 40 21 49 21 13 39 19 38 49 33 50 0 71 49 44 31 74 73 23 84 27 21 39 34 47 54 11 22 67 45 39 56 29 36 76 13 76 31 17 13 50
33 43 52 25 63 56 71 53 54 39 83 87 53 77 73 68 68 68 99 49 103 71 0 42 29 70 20 33 50 45 65 75 98 39 100 81 61 58 9 97 63 25 53 89 30 82 30 54 76 84 87
63 31 31 63 27 84 55 43 66 64 42 70 66 41 42 27 58 27 92 51 93 49 42 0 39 67 59 25 42 81 29 39 62 42 90 88 43 51 33 57 22 50 52 79 29 52 29 18 42 59 88
26 59 28 31 47 45 42 24 29 25 69 58 28 56 50 57 39 57 70 20 74 44 29 39 0 41 30 49 21 44 49 54 78 10 71 56 33 29 30 80 53 14 24 60 48 57 48 40 54 57 60
52 96 37 64 55 53 17 24 23 44 71 28 24 52 44 68 12 67 29 21 34 31 70 67 41 0 66 86 26 64 56 52 70 31 31 23 26 16 70 76 67 48 17 21 87 43 87 55 48 39 21
16 63 58 5 75 38 71 54 45 24 97 87 44 86 80 83 67 83 94 46 100 74 20 59 30 66 0 53 51 25 77 84 108 40 97 71 63 58 29 109 78 18 51 87 50 87 50 67 84 87 78
64 10 54 58 52 87 78 63 78 69 66 93 77 66 67 51 80 51 113 66 116 73 33 25 49 86 53 0 60 78 54 64 86 56 113 104 66 70 24 81 46 54 69 102 4 77 4 43 67 84 106
44 70 14 51 35 56 21 3 28 39 57 37 28 40 33 48 20 47 53 11 56 23 50 42 21 26 51 60 0 61 37 39 62 11 53 46 12 10 48 65 45 33 10 42 61 36 61 32 37 36 47
18 88 72 20 91 17 76 64 41 22 113 92 40 100 93 101 72 101 89 51 96 84 45 81 44 64 25 78 61 0 93 98 122 50 93 63 73 63 54 124 97 31 56 85 75 97 75 84 97 96 72
75 60 23 80 2 91 40 35 65 73 20 46 65 12 15 12 44 11 76 48 76 27 65 29 49 56 77 54 37 93 0 10 33 44 73 79 30 42 58 32 13 63 46 63 58 25 58 11 14 33 76
80 70 26 85 12 94 35 36 65 77 20 39 66 2 8 21 40 20 69 49 69 21 75 39 54 52 84 64 39 98 10 0 24 48 66 75 28 40 68 26 23 68 46 56 68 15 68 21 4 24 71
104 89 50 109 35 117 53 59 87 101 22 48 88 22 29 36 58 35 79 72 77 39 98 62 78 70 108 86 62 122 33 24 0 72 74 93 50 61 91 10 40 92 68 66 90 27 90 44 25 33 87
33 66 22 40 42 47 32 14 24 29 64 48 24 50 43 54 29 54 60 10 64 34 39 42 10 31 40 56 11 50 44 48 72 0 61 48 23 19 39 74 50 22 14 50 56 47 56 37 47 47 50
81 121 59 93 74 79 35 51 52 73 84 27 53 66 58 85 34 84 6 52 3 47 100 90 71 31 97 113 53 93 73 66 74 61 0 33 47 43 100 83 86 79 47 11 114 51 114 76 62 43 23
55 114 59 67 78 46 40 46 27 47 94 47 28 75 67 91 35 90 27 38 34 54 81 88 56 23 71 104 46 63 79 75 93 48 33 0 49 38 85 99 90 56 36 31 104 66 104 77 71 60 10
56 74 12 63 29 67 12 9 37 51 48 27 38 29 21 42 15 41 49 22 50 11 61 43 33 26 63 66 12 73 30 28 50 23 47 49 0 12 58 53 41 45 18 36 68 24 68 29 25 24 47
48 80 21 58 40 56 13 8 26 41 60 29 27 41 33 53 10 52 43 12 46 22 58 51 29 16 58 70 10 63 42 40 61 19 43 38 12 0 58 65 52 40 7 32 71 35 71 39 37 33 37
40 34 47 34 56 63 69 51 58 46 75 85 57 70 68 60 68 60 99 49 103 67 9 33 30 70 29 24 48 54 58 68 91 39 100 85 58 58 0 90 55 31 53 89 21 76 21 47 69 80 89
106 84 52 111 34 120 59 62 90 103 15 57 91 25 32 31 64 30 88 75 86 45 97 57 80 76 109 81 65 124 32 26 10 74 83 99 53 65 90 0 35 94 71 75 85 33 85 43 28 41 94
79 49 31 81 12 97 52 44 73 78 20 59 73 25 28 5 55 5 88 56 89 39 63 22 53 67 78 46 45 97 13 23 40 50 86 90 41 52 55 35 0 66 55 75 50 38 50 13 27 46 87
13 64 42 18 61 34 53 36 29 15 83 69 28 70 64 70 49 70 77 28 82 56 25 50 14 48 18 54 33 31 63 68 92 22 79 56 45 40 31 94 66 0 33 69 52 69 52 53 68 69 62
41 79 24 51 45 49 20 11 19 34 66 36 20 47 39 58 16 57 46 5 50 29 53 52 24 17 51 69 10 56 46 46 68 14 47 36 18 7 53 71 55 33 0 36 70 42 70 42 43 40 37
73 110 48 85 63 72 24 40 44 65 75 18 45 56 48 75 23 74 13 41 14 36 89 79 60 21 87 102 42 85 63 56 66 50 11 31 36 32 89 75 75 69 36 0 103 42 103 65 52 34 21
61 13 56 55 56 84 80 64 77 67 70 95 76 70 71 55 81 55 114 66 117 76 30 29 48 87 50 4 61 75 58 68 90 56 114 104 68 71 21 85 50 52 70 103 0 81 0 47 71 88 106
80 83 30 87 26 91 26 33 61 75 33 24 62 15 10 36 31 35 55 46 54 13 82 52 57 43 87 77 36 97 25 15 27 47 51 66 24 35 76 33 38 69 42 42 81 0 81 34 11 9 61
61 13 56 55 56 84 80 64 77 67 70 95 76 70 71 55 81 55 114 66 117 76 30 29 48 87 50 4 61 75 58 68 90 56 114 104 68 71 21 85 50 52 70 103 0 81 0 47 71 88 106
66 49 18 70 9 84 41 31 60 65 30 52 60 23 24 17 44 17 78 43 79 31 54 18 40 55 67 43 32 84 11 21 44 37 76 77 29 39 47 43 13 53 42 65 47 34 47 0 24 41 76
80 73 26 85 16 92 31 34 62 76 23 35 63 4 4 25 36 24 65 47 65 17 76 42 54 48 84 67 37 97 14 4 25 47 62 71 25 37 69 28 27 68 43 52 71 11 71 24 0 20 67
80 90 33 87 35 89 22 33 59 74 42 16 60 24 18 45 27 44 47 45 46 13 84 59 57 39 87 84 36 96 33 24 33 47 43 60 24 33 80 41 46 69 40 34 88 9 88 41 20 0 54
62 116 58 74 75 56 36 45 33 54 90 39 34 71 63 88 32 87 17 40 24 50 87 88 60 21 78 106 47 72 76 71 87 50 23 10 47 37 89 94 87 62 37 21 106 61 106 76 67 54 0
0 965
310 729
157 683
453 965
123 433
446 929
459 965
85 713
8 535
380 802
250 949
218 770
254 849
130 712
74 379
245 719
447 852
305 965
338 843
225 610
416 740
411 678
351 965
342 965
133 733
257 599
410 814
120 491
449 934
112 589
179 828
341 781
317 965
69 695
117 538
361 965
326 775
409 897
47 485
102 473
141 815
241 774
83 784
120 524
224 762
19 652
420 965
235 560
22 656
476 717
294 965
