51
0 61 20 34 57 68 29 19 58 64 39 28 70 15 53 71 59 54 56 37 18 31 30 52 11 60 76 62 21 27 60 66 87 65 4 29 27 39 50 65 63 61 58 34 55 78 68 19 66 48 59
61 0 65 84 5 78 49 70 62 41 93 76 109 48 21 69 3 31 91 25 78 87 41 22 55 99 74 103 56 80 21 29 85 58 59 51 87 24 11 7 47 92 109 27 36 87 62 44 29 22 21
20 65 0 19 60 49 19 5 42 55 28 11 52 31 50 55 62 47 37 46 20 22 25 49 14 42 60 44 9 15 57 60 69 51 17 17 27 41 57 66 52 41 44 42 47 58 54 34 60 45 56
34 84 19 0 79 52 36 16 50 70 10 8 38 48 68 62 81 64 28 65 21 10 44 67 33 30 66 30 28 7 75 77 72 60 33 34 21 60 76 85 65 33 25 61 63 58 62 52 77 64 74
57 5 60 79 0 73 44 65 57 37 88 71 104 44 16 64 2 26 86 22 74 82 36 17 50 94 69 98 51 75 17 25 80 53 55 46 83 19 8 8 42 87 104 23 31 82 57 41 25 17 17
68 78 49 52 73 0 42 54 16 40 61 48 44 73 57 13 75 47 31 74 69 62 48 56 58 37 15 42 47 56 60 54 20 21 64 41 71 61 76 75 33 28 62 70 42 10 19 74 54 56 59
29 49 19 36 44 42 0 24 29 37 46 28 61 31 32 42 46 28 43 34 38 41 8 31 18 51 47 55 10 34 39 41 58 36 25 2 46 25 41 49 34 46 60 30 28 52 39 33 41 28 38
19 70 5 16 65 54 24 0 47 60 23 9 51 32 55 60 67 52 37 49 15 17 30 54 17 41 65 43 14 10 62 65 74 56 17 22 22 46 61 71 57 42 41 45 52 62 59 36 65 50 61
58 62 42 50 57 16 29 47 0 26 60 44 54 60 41 13 59 31 38 59 62 59 34 40 47 45 18 50 37 52 44 40 29 10 54 29 67 46 60 59 19 37 66 55 26 25 12 62 40 40 43
64 41 55 70 37 40 37 60 26 0 80 63 80 60 22 29 38 13 64 47 75 77 34 21 53 71 34 76 47 70 21 14 45 19 60 38 82 34 43 36 7 63 91 45 9 48 22 60 14 24 20
39 93 28 10 88 61 46 23 60 80 0 18 39 54 78 71 90 74 33 72 22 8 53 77 40 33 76 31 37 13 85 87 81 70 39 44 18 69 84 94 75 38 19 68 73 66 72 58 87 73 84
28 76 11 8 71 48 28 9 44 63 18 0 42 41 60 56 73 56 28 57 21 15 36 59 25 32 61 34 20 8 67 69 68 54 26 26 23 52 68 77 58 33 33 53 56 56 56 45 69 56 66
70 109 52 38 104 44 61 51 54 80 39 42 0 83 90 57 106 82 18 95 59 46 69 89 66 10 59 8 57 45 95 93 58 63 68 59 57 86 102 108 73 17 26 91 78 43 63 86 93 87 94
15 48 31 48 44 73 31 32 60 60 54 41 83 0 44 73 46 48 68 23 33 46 27 43 17 73 78 75 27 41 51 57 89 65 15 32 42 29 37 52 60 72 72 21 51 83 69 4 57 39 50
53 21 50 68 16 57 32 55 41 22 78 60 90 44 0 48 18 10 72 27 67 72 25 1 43 80 53 84 41 65 8 14 64 37 49 34 76 15 21 18 26 73 92 26 15 66 41 42 14 5 7
71 69 55 62 64 13 42 60 13 29 71 56 57 73 48 0 66 38 44 70 75 71 47 47 60 50 5 55 50 64 50 43 16 11 67 42 79 57 69 65 22 41 74 67 33 19 7 75 43 49 49
59 3 62 81 2 75 46 67 59 38 90 73 106 46 18 66 0 28 88 24 76 84 38 19 52 96 71 100 53 77 18 26 82 55 57 48 85 21 10 6 44 89 106 25 33 84 59 43 26 19 18
54 31 47 64 26 47 28 52 31 13 74 56 82 48 10 38 28 0 64 34 66 69 24 9 43 72 43 77 38 62 13 13 54 27 50 30 74 21 31 28 16 65 87 32 5 56 31 47 13 11 12
56 91 37 28 86 31 43 37 38 64 33 28 18 68 72 44 88 64 0 77 49 38 51 71 51 8 46 13 41 35 77 75 49 48 54 41 49 68 84 90 57 5 31 73 60 34 48 71 75 69 76
37 25 46 65 22 74 34 49 59 47 72 57 95 23 27 70 24 34 77 0 54 66 26 27 32 85 75 88 38 59 33 41 86 59 35 36 63 13 14 30 50 80 90 4 39 84 63 19 41 23 33
18 78 20 21 74 69 38 15 62 75 22 21 59 33 67 75 76 66 49 54 0 14 43 66 24 51 80 51 28 14 74 79 89 71 19 37 9 55 67 81 72 54 41 51 66 77 74 37 79 62 73
31 87 22 10 82 62 41 17 59 77 8 15 46 46 72 71 84 69 38 66 14 0 47 71 34 39 76 38 31 7 79 82 82 69 31 39 11 63 78 88 73 43 27 62 69 68 71 50 82 67 78
30 41 25 44 36 48 8 30 34 34 53 36 69 27 25 47 38 24 51 26 43 47 0 24 19 59 52 63 16 40 32 36 63 38 26 10 52 17 33 41 33 54 68 22 25 58 42 28 36 20 31
52 22 49 67 17 56 31 54 40 21 77 59 89 43 1 47 19 9 71 27 66 71 24 0 42 79 52 83 40 64 8 14 63 36 48 33 75 14 22 19 25 72 91 25 14 65 40 41 14 4 7
11 55 14 33 50 58 18 17 47 53 40 25 66 17 43 60 52 43 51 32 24 34 19 42 0 56 65 58 11 27 50 55 76 54 7 18 33 31 45 57 52 55 58 29 44 68 57 20 55 38 49
60 99 42 30 94 37 51 41 45 71 33 32 10 73 80 50 96 72 8 85 51 39 59 79 56 0 52 5 47 37 85 83 53 55 58 49 50 76 92 98 64 9 25 81 68 38 55 76 83 77 84
76 74 60 66 69 15 47 65 18 34 76 61 59 78 53 5 71 43 46 75 80 76 52 52 65 52 0 57 55 69 55 48 11 16 72 47 84 62 74 70 27 43 77 72 38 17 12 80 48 54 54
62 103 44 30 98 42 55 43 50 76 31 34 8 75 84 55 100 77 13 88 51 38 63 83 58 5 57 0 50 37 90 88 58 60 60 53 49 80 96 102 69 14 20 84 73 43 60 78 88 81 89
21 56 9 28 51 47 10 14 37 47 37 20 57 27 41 50 53 38 41 38 28 31 16 40 11 47 55 50 0 24 48 51 66 45 17 9 36 32 48 57 44 45 53 34 38 57 48 30 51 36 47
27 80 15 7 75 56 34 10 52 70 13 8 45 41 65 64 77 62 35 59 14 7 40 64 27 37 69 37 24 0 72 75 76 62 26 32 15 56 71 81 66 40 31 55 62 64 64 45 75 60 71
60 21 57 75 17 60 39 62 44 21 85 67 95 51 8 50 18 13 77 33 74 79 32 8 50 85 55 90 48 72 0 8 66 40 56 41 83 22 24 15 28 78 99 33 18 69 43 49 8 12 1
66 29 60 77 25 54 41 65 40 14 87 69 93 57 14 43 26 13 75 41 79 82 36 14 55 83 48 88 51 75 8 0 59 33 62 43 87 28 32 22 21 76 100 39 15 62 36 55 0 18 8
87 85 69 72 80 20 58 74 29 45 81 68 58 89 64 16 82 54 49 86 89 82 63 63 76 53 11 58 66 76 66 59 0 27 83 58 91 73 85 81 38 44 78 83 49 15 23 91 59 65 65
65 58 51 60 53 21 36 56 10 19 70 54 63 65 37 11 55 27 48 59 71 69 38 36 54 55 16 60 45 62 40 33 27 0 61 36 77 46 58 55 12 46 76 57 22 29 4 66 33 38 39
4 59 17 33 55 64 25 17 54 60 39 26 68 15 49 67 57 50 54 35 19 31 26 48 7 58 72 60 17 26 56 62 83 61 0 25 28 36 48 62 59 58 57 32 51 74 64 19 62 44 55
29 51 17 34 46 41 2 22 29 38 44 26 59 32 34 42 48 30 41 36 37 39 10 33 18 49 47 53 9 32 41 43 58 36 25 0 44 27 43 51 35 44 58 32 30 51 40 33 43 30 40
27 87 27 21 83 71 46 22 67 82 18 23 57 42 76 79 85 74 49 63 9 11 52 75 33 50 84 49 36 15 83 87 91 77 28 44 0 64 76 90 79 54 37 60 74 79 79 46 87 71 82
39 24 41 60 19 61 25 46 46 34 69 52 86 29 15 57 21 21 68 13 55 63 17 14 31 76 62 80 32 56 22 28 73 46 36 27 64 0 16 26 37 71 85 11 26 71 50 27 28 10 21
50 11 57 76 8 76 41 61 60 43 84 68 102 37 21 69 10 31 84 14 67 78 33 22 45 92 74 96 48 71 24 32 85 58 48 43 76 16 0 16 47 87 101 16 36 85 62 33 32 20 24
65 7 66 85 8 75 49 71 59 36 94 77 108 52 18 65 6 28 90 30 81 88 41 19 57 98 70 102 57 81 15 22 81 55 62 51 90 26 16 0 43 91 109 31 33 84 58 49 22 21 16
63 47 52 65 42 33 34 57 19 7 75 58 73 60 26 22 44 16 57 50 72 73 33 25 52 64 27 69 44 66 28 21 38 12 59 35 79 37 47 43 0 56 84 48 11 41 15 61 21 27 27
61 92 41 33 87 28 46 42 37 63 38 33 17 72 73 41 89 65 5 80 54 43 54 72 55 9 43 14 45 40 78 76 44 46 58 44 54 71 87 91 56 0 34 76 61 29 46 75 76 70 77
58 109 44 25 104 62 60 41 66 91 19 33 26 72 92 74 106 87 31 90 41 27 68 91 58 25 77 20 53 31 99 100 78 76 57 58 37 85 101 109 84 34 0 86 85 63 78 76 100 88 98
34 27 42 61 23 70 30 45 55 45 68 53 91 21 26 67 25 32 73 4 51 62 22 25 29 81 72 84 34 55 33 39 83 57 32 32 60 11 16 31 48 76 86 0 37 80 61 18 39 21 32
55 36 47 63 31 42 28 52 26 9 73 56 78 51 15 33 33 5 60 39 66 69 25 14 44 68 38 73 38 62 18 15 49 22 51 30 74 26 36 33 11 61 85 37 0 51 26 51 15 16 17
78 87 58 58 82 10 52 62 25 48 66 56 43 83 66 19 84 56 34 84 77 68 58 65 68 38 17 43 57 64 69 62 15 29 74 51 79 71 85 84 41 29 63 80 51 0 26 84 62 65 68
68 62 54 62 57 19 39 59 12 22 72 56 63 69 41 7 59 31 48 63 74 71 42 40 57 55 12 60 48 64 43 36 23 4 64 40 79 50 62 58 15 46 78 61 26 26 0 70 36 42 42
19 44 34 52 41 74 33 36 62 60 58 45 86 4 42 75 43 47 71 19 37 50 28 41 20 76 80 78 30 45 49 55 91 66 19 33 46 27 33 49 61 75 76 18 51 84 70 0 55 37 48
66 29 60 77 25 54 41 65 40 14 87 69 93 57 14 43 26 13 75 41 79 82 36 14 55 83 48 88 51 75 8 0 59 33 62 43 87 28 32 22 21 76 100 39 15 62 36 55 0 18 8
48 22 45 64 17 56 28 50 40 24 73 56 87 39 5 49 19 11 69 23 62 67 20 4 38 77 54 81 36 60 12 18 65 38 44 30 71 10 20 21 27 70 88 21 16 65 42 37 18 0 11
59 21 56 74 17 59 38 61 43 20 84 66 94 50 7 49 18 12 76 33 73 78 31 7 49 84 54 89 47 71 1 8 65 39 55 40 82 21 24 16 27 77 98 32 17 68 42 48 8 11 0
0 772
321 729
215 508
346 723
128 666
313 579
89 549
181 448
250 772
46 291
367 625
360 614
117 422
293 550
72 435
127 700
268 772
285 686
345 601
217 707
35 250
248 619
321 637
155 670
176 467
148 382
352 772
336 772
109 609
375 772
177 565
132 327
110 436
60 430
34 309
317 772
62 441
69 466
124 447
136 544
169 375
124 628
20 533
220 622
330 772
101 422
317 755
3 236
241 772
245 487
306 723
