51
0 58 74 60 61 55 44 6 81 75 33 35 67 38 76 58 34 29 30 71 50 39 40 38 21 69 32 47 14 77 7 42 26 3 22 50 46 48 71 35 39 50 19 35 23 32 56 47 49 54 38
58 0 63 73 83 68 89 64 36 40 79 93 31 64 29 56 49 87 87 68 79 58 56 62 63 37 90 35 72 30 54 37 36 55 54 24 14 58 42 78 78 22 63 53 64 90 13 15 18 67 26
74 63 0 29 40 27 69 80 44 31 67 91 36 44 47 16 93 87 83 7 47 37 35 42 58 30 92 32 77 47 67 88 53 71 52 41 67 27 26 62 57 80 92 39 58 87 50 51 47 28 47
60 73 29 0 11 5 41 64 67 55 41 67 55 22 67 20 87 63 59 22 18 21 21 22 40 51 68 38 59 68 53 87 47 57 38 49 70 15 49 36 31 83 79 26 38 63 61 58 55 6 49
61 83 40 11 0 15 33 64 77 65 35 61 65 23 77 30 90 57 53 33 11 26 27 24 40 61 62 48 57 78 55 92 52 59 40 59 79 25 59 30 25 90 80 31 38 57 71 68 65 16 58
55 68 27 5 15 0 42 61 62 50 41 67 50 19 62 15 82 62 59 21 20 16 16 18 37 46 67 33 56 63 48 82 42 52 33 44 65 10 44 36 31 78 74 21 35 63 56 53 50 1 44
44 89 69 41 33 42 0 44 95 85 11 30 82 27 94 55 78 29 24 63 23 34 36 29 27 79 33 60 34 94 43 85 53 44 35 70 80 44 79 11 12 89 61 38 25 28 82 74 74 41 63
6 64 80 64 64 61 44 0 87 81 33 31 73 42 82 64 35 25 27 77 53 45 46 43 24 75 27 53 11 83 13 46 32 9 28 56 51 54 77 36 41 55 17 41 26 28 62 53 55 60 44
81 36 44 67 77 62 95 87 0 13 91 111 14 68 7 47 83 105 103 51 80 61 59 66 77 16 110 36 93 6 75 73 55 78 67 31 48 55 19 86 83 58 93 58 77 107 27 36 33 62 43
75 40 31 55 65 50 85 81 13 0 81 103 9 58 16 35 82 97 95 38 69 51 49 56 69 6 102 28 85 16 69 73 49 72 59 26 48 44 6 76 73 60 89 50 69 99 27 34 30 50 38
33 79 67 41 35 41 11 33 91 81 0 26 77 23 89 51 67 22 18 62 24 30 32 25 17 75 27 55 23 90 32 74 43 33 25 63 70 40 75 5 10 79 50 33 15 22 72 64 64 40 53
35 93 91 67 61 67 30 31 111 103 26 0 97 48 108 75 65 6 8 87 50 54 56 50 34 97 4 75 21 108 39 77 58 38 44 81 80 64 98 31 36 85 44 54 34 4 89 81 81 66 70
67 31 36 55 65 50 82 73 14 9 77 97 0 55 12 35 73 91 89 42 67 48 46 53 63 6 96 22 79 13 61 64 41 64 53 18 39 42 11 73 70 51 81 44 63 93 18 25 21 50 30
38 64 44 22 23 19 27 42 68 58 23 48 55 0 67 28 67 44 40 39 15 7 9 2 18 52 49 33 37 67 32 71 32 36 17 43 59 17 52 18 15 70 57 11 16 44 55 49 47 18 38
76 29 47 67 77 62 94 82 7 16 89 108 12 67 0 47 76 102 100 54 79 60 58 65 74 17 106 34 88 1 70 66 50 73 64 27 41 54 21 85 82 51 86 56 74 104 20 29 27 62 38
58 56 16 20 30 15 55 64 47 35 51 75 35 28 47 0 79 71 67 14 34 21 19 26 42 31 76 21 61 48 51 77 38 55 36 32 56 11 29 46 43 69 77 23 42 71 44 42 38 15 36
34 49 93 87 90 82 78 35 83 82 67 65 73 67 76 79 0 59 62 93 82 66 66 66 53 77 61 61 46 77 36 14 41 34 50 57 35 74 81 69 72 30 22 61 55 62 56 48 52 81 46
29 87 87 63 57 62 29 25 105 97 22 6 91 44 102 71 59 0 5 82 46 50 52 45 29 91 5 69 15 102 33 71 52 32 38 75 74 60 93 27 32 79 39 49 29 3 83 75 75 61 64
30 87 83 59 53 59 24 27 103 95 18 8 89 40 100 67 62 5 0 79 42 46 48 42 26 89 9 67 16 101 33 72 51 32 36 74 74 56 90 23 28 80 42 46 26 4 82 74 74 58 63
71 68 7 22 33 21 63 77 51 38 62 87 42 39 54 14 93 82 79 0 40 33 32 37 55 37 87 35 74 54 64 91 52 68 49 45 70 23 33 57 52 83 90 36 54 83 55 55 51 22 50
50 79 47 18 11 20 23 53 80 69 24 50 67 15 79 34 82 46 42 40 0 21 23 17 29 64 51 47 46 80 46 86 47 48 32 57 74 25 63 19 14 85 69 26 27 46 69 64 61 19 53
39 58 37 21 26 16 34 45 61 51 30 54 48 7 60 21 66 50 46 33 21 0 2 5 22 45 55 26 41 60 32 66 26 36 17 36 53 10 45 25 22 64 58 5 21 50 48 43 40 15 32
40 56 35 21 27 16 36 46 59 49 32 56 46 9 58 19 66 52 48 32 23 2 0 7 23 43 57 24 42 58 33 66 26 37 18 34 52 9 43 27 24 64 59 5 23 52 46 41 38 15 31
38 62 42 22 24 18 29 43 66 56 25 50 53 2 65 26 66 45 42 37 17 5 7 0 19 50 50 31 38 65 31 69 30 35 16 41 57 15 50 20 17 68 57 9 17 46 53 47 45 17 36
21 63 58 40 40 37 27 24 77 69 17 34 63 18 74 42 53 29 26 55 29 22 23 19 0 63 34 41 19 75 17 59 27 19 10 48 54 32 64 16 19 62 40 20 2 30 57 49 49 36 38
69 37 30 51 61 46 79 75 16 6 75 97 6 52 17 31 77 91 89 37 64 45 43 50 63 0 96 22 79 17 63 69 43 66 53 20 45 39 5 70 67 57 83 44 63 93 24 29 25 46 32
32 90 92 68 62 67 33 27 110 102 27 4 96 49 106 76 61 5 9 87 51 55 57 50 34 96 0 74 19 107 37 73 56 35 43 80 78 65 98 32 37 82 40 54 34 5 87 79 79 66 68
47 35 32 38 48 33 60 53 36 28 55 75 22 33 34 21 61 69 67 35 47 26 24 31 41 22 74 0 57 35 41 56 22 44 31 11 35 23 24 51 48 48 63 22 41 71 23 21 17 32 15
14 72 77 59 57 56 34 11 93 85 23 21 79 37 88 61 46 15 16 74 46 41 42 38 19 79 19 57 0 89 18 56 38 17 26 62 59 51 81 27 32 64 27 39 21 18 69 60 61 55 50
77 30 47 68 78 63 94 83 6 16 90 108 13 67 1 48 77 102 101 54 80 60 58 65 75 17 107 35 89 0 71 67 51 74 65 27 42 55 21 85 82 52 87 57 75 104 21 30 28 63 39
7 54 67 53 55 48 43 13 75 69 32 39 61 32 70 51 36 33 33 64 46 32 33 31 17 63 37 41 18 71 0 43 20 4 15 44 41 41 65 33 36 48 26 28 19 36 51 42 43 47 32
42 37 88 87 92 82 85 46 73 73 74 77 64 71 66 77 14 71 72 91 86 66 66 69 59 69 73 56 56 67 43 0 40 41 54 50 25 73 73 75 78 16 35 61 61 74 46 40 44 81 41
26 36 53 47 52 42 53 32 55 49 43 58 41 32 50 38 41 52 51 52 47 26 26 30 27 43 56 22 38 51 20 40 0 23 18 24 27 33 46 42 43 38 41 21 28 54 31 23 23 41 12
3 55 71 57 59 52 44 9 78 72 33 38 64 36 73 55 34 32 32 68 48 36 37 35 19 66 35 44 17 74 4 41 23 0 19 47 43 45 68 35 38 48 22 32 21 35 53 44 46 51 35
22 54 52 38 40 33 35 28 67 59 25 44 53 17 64 36 50 38 36 49 32 17 18 16 10 53 43 31 26 65 15 54 18 19 0 38 45 26 55 24 25 55 41 13 10 40 47 39 39 32 28
50 24 41 49 59 44 70 56 31 26 63 81 18 43 27 32 57 75 74 45 57 36 34 41 48 20 80 11 62 27 44 50 24 47 38 0 26 34 24 60 58 39 63 32 48 77 12 10 6 43 12
46 14 67 70 79 65 80 51 48 48 70 80 39 59 41 56 35 74 74 70 74 53 52 57 54 45 78 35 59 42 41 25 27 43 45 26 0 55 49 69 70 13 49 48 55 77 21 16 20 64 21
48 58 27 15 25 10 44 54 55 44 40 64 42 17 54 11 74 60 56 23 25 10 9 15 32 39 65 23 51 55 41 73 33 45 26 34 55 0 38 35 32 68 67 13 31 60 46 43 40 9 34
71 42 26 49 59 44 79 77 19 6 75 98 11 52 21 29 81 93 90 33 63 45 43 50 64 5 98 24 81 21 65 73 46 68 55 24 49 38 0 70 67 62 87 44 64 94 29 33 29 44 36
35 78 62 36 30 36 11 36 86 76 5 31 73 18 85 46 69 27 23 57 19 25 27 20 16 70 32 51 27 85 33 75 42 35 24 60 69 35 70 0 5 78 53 29 14 27 71 63 63 35 52
39 78 57 31 25 31 12 41 83 73 10 36 70 15 82 43 72 32 28 52 14 22 24 17 19 67 37 48 32 82 36 78 43 38 25 58 70 32 67 5 0 80 58 26 17 32 70 63 62 30 52
50 22 80 83 90 78 89 55 58 60 79 85 51 70 51 69 30 79 80 83 85 64 64 68 62 57 82 48 64 52 48 16 38 48 55 39 13 68 62 78 80 0 48 59 64 82 33 29 33 77 34
19 63 92 79 80 74 61 17 93 89 50 44 81 57 86 77 22 39 42 90 69 58 59 57 40 83 40 63 27 87 26 35 41 22 41 63 49 67 87 53 58 48 0 54 42 42 66 57 60 73 51
35 53 39 26 31 21 38 41 58 50 33 54 44 11 56 23 61 49 46 36 26 5 5 9 20 44 54 22 39 57 28 61 21 32 13 32 48 13 44 29 26 59 54 0 20 50 44 38 36 20 27
23 64 58 38 38 35 25 26 77 69 15 34 63 16 74 42 55 29 26 54 27 21 23 17 2 63 34 41 21 75 19 61 28 21 10 48 55 31 64 14 17 64 42 20 0 30 57 49 49 34 38
32 90 87 63 57 63 28 28 107 99 22 4 93 44 104 71 62 3 4 83 46 50 52 46 30 93 5 71 18 104 36 74 54 35 40 77 77 60 94 27 32 82 42 50 30 0 85 77 77 62 66
56 13 50 61 71 56 82 62 27 27 72 89 18 55 20 44 56 83 82 55 69 48 46 53 57 24 87 23 69 21 51 46 31 53 47 12 21 46 29 71 70 33 66 44 57 85 0 9 8 55 19
47 15 51 58 68 53 74 53 36 34 64 81 25 49 29 42 48 75 74 55 64 43 41 47 49 29 79 21 60 30 42 40 23 44 39 10 16 43 33 63 63 29 57 38 49 77 9 0 4 52 11
49 18 47 55 65 50 74 55 33 30 64 81 21 47 27 38 52 75 74 51 61 40 38 45 49 25 79 17 61 28 43 44 23 46 39 6 20 40 29 63 62 33 60 36 49 77 8 4 0 49 11
54 67 28 6 16 1 41 60 62 50 40 66 50 18 62 15 81 61 58 22 19 15 15 17 36 46 66 32 55 63 47 81 41 51 32 43 64 9 44 35 30 77 73 20 34 62 55 52 49 0 43
38 26 47 49 58 44 63 44 43 38 53 70 30 38 38 36 46 64 63 50 53 32 31 36 38 32 68 15 50 39 32 41 12 35 28 12 21 34 36 52 52 34 51 27 38 66 19 11 11 43 0
0 863
207 433
72 525
85 354
319 750
137 647
322 735
81 415
245 489
274 642
371 663
512 863
28 526
209 666
106 595
218 616
473 863
314 576
314 574
50 366
498 762
250 580
478 824
121 322
120 365
289 646
264 711
161 655
469 863
258 510
27 336
169 643
147 626
70 247
25 205
323 631
395 592
234 728
40 232
207 649
1 366
223 593
239 459
348 762
455 863
446 863
403 614
391 640
164 349
306 806
342 789
