51
0 76 33 56 83 50 27 39 80 71 54 58 45 80 53 58 30 24 54 10 95 19 57 64 65 14 42 64 48 49 30 26 38 93 48 15 45 18 41 56 17 73 81 41 71 80 72 77 60 6 77
76 0 47 36 28 26 75 82 8 9 64 74 49 39 37 94 52 66 44 68 27 63 92 34 16 90 44 18 30 89 48 60 81 30 54 68 49 64 38 20 67 39 14 36 23 25 40 48 17 79 31
33 47 0 43 50 26 28 35 49 40 32 40 15 47 20 53 5 19 22 23 63 32 51 31 43 46 9 43 17 45 5 13 34 60 21 22 15 32 9 32 35 40 49 25 51 47 39 45 30 39 44
56 36 43 0 61 22 69 77 44 39 73 83 56 67 49 95 47 60 57 52 63 37 93 56 20 67 48 18 34 87 39 54 76 66 62 56 56 38 40 22 41 64 50 18 19 58 64 73 32 56 59
83 28 50 61 0 42 74 74 20 22 50 60 42 13 31 81 54 67 33 73 15 77 79 21 42 96 42 44 37 80 53 61 74 10 44 71 42 77 42 39 80 16 14 52 51 3 17 23 29 89 7
50 26 26 22 42 0 54 61 32 24 52 62 35 48 27 79 31 45 35 42 49 37 77 34 17 64 27 17 12 71 24 39 60 50 41 44 35 38 19 6 41 43 34 10 25 39 43 52 13 53 40
27 75 28 69 74 54 0 12 77 68 33 33 32 67 44 31 23 9 41 20 88 41 30 53 71 33 34 71 45 22 30 15 11 84 31 14 32 40 37 60 41 60 77 51 79 72 59 62 58 33 67
39 82 35 77 74 61 12 0 81 73 27 23 33 66 45 19 30 18 41 32 88 53 18 53 78 45 38 78 52 10 38 23 1 84 30 26 33 52 44 67 53 59 78 59 86 72 58 60 65 45 67
80 8 49 44 20 32 77 81 0 9 63 73 48 32 36 93 54 68 43 70 19 69 91 31 24 93 44 26 32 88 50 62 80 22 53 70 48 70 40 26 73 33 6 42 31 18 34 42 20 85 24
71 9 40 39 22 24 68 73 9 0 55 65 40 31 28 85 45 59 35 61 26 61 83 25 20 84 36 22 23 80 41 53 72 27 45 61 40 62 31 18 65 30 11 34 29 19 31 39 11 76 23
54 64 32 73 50 52 33 27 63 55 0 10 17 41 28 31 29 31 20 45 65 62 29 32 66 65 25 66 40 30 37 28 27 60 11 39 17 62 33 55 64 34 59 55 74 49 33 33 50 60 43
58 74 40 83 60 62 33 23 73 65 10 0 27 50 38 22 36 34 30 49 75 67 20 42 76 66 35 76 50 23 44 33 23 70 21 43 27 67 43 65 69 44 69 65 84 59 43 41 60 64 53
45 49 15 56 42 35 32 33 48 40 17 27 0 35 12 45 15 25 9 35 56 47 43 21 49 57 8 49 23 40 20 19 32 52 6 30 0 47 16 38 50 28 45 38 57 40 27 32 33 51 35
80 39 47 67 13 48 67 66 32 31 41 50 35 0 27 72 50 60 26 70 27 78 70 16 51 92 38 53 39 71 51 54 66 22 36 65 35 78 41 45 81 7 26 58 60 14 8 10 35 86 8
53 37 20 49 31 27 44 45 36 28 28 38 12 27 0 57 23 36 8 43 44 51 55 11 40 66 11 40 15 52 24 30 44 41 17 40 12 51 14 29 54 20 33 34 48 28 20 27 22 59 24
58 94 53 95 81 79 31 19 93 85 31 22 45 72 57 0 48 37 51 51 96 72 2 63 93 62 52 93 67 9 56 41 20 91 40 45 45 71 60 82 72 65 90 77 101 80 64 63 78 64 74
30 52 5 47 54 31 23 30 54 45 29 36 15 50 23 48 0 14 24 20 67 33 46 34 48 43 12 48 22 40 8 8 29 64 20 17 15 33 14 37 35 43 54 29 56 51 42 47 35 36 47
24 66 19 60 67 45 9 18 68 59 31 34 25 60 36 37 14 0 34 15 80 36 36 46 62 34 25 62 36 28 21 6 17 77 26 9 25 35 28 51 36 53 68 42 70 64 52 57 49 30 60
54 44 22 57 33 35 41 41 43 35 20 30 9 26 8 51 24 34 0 44 47 54 49 12 48 66 13 48 23 48 27 28 41 43 11 39 9 54 20 37 57 19 39 41 56 31 18 23 30 60 26
10 68 23 52 73 42 20 32 70 61 45 49 35 70 43 51 20 15 44 0 85 21 50 54 59 23 32 59 38 42 20 17 31 83 39 6 35 20 31 48 21 63 71 36 66 70 62 67 51 16 67
95 27 63 63 15 49 88 88 19 26 65 75 56 27 44 96 67 80 47 85 0 86 94 35 43 108 55 45 47 95 65 74 88 5 58 84 56 87 54 44 90 31 15 59 50 16 32 37 36 100 22
19 63 32 37 77 37 41 53 69 61 62 67 47 78 51 72 33 36 54 21 86 0 71 62 51 30 41 49 40 63 27 34 52 86 53 27 47 1 37 43 4 71 71 27 54 74 71 77 50 19 73
57 92 51 93 79 77 30 18 91 83 29 20 43 70 55 2 46 36 49 50 94 71 0 61 91 62 50 91 65 9 54 40 19 89 38 44 43 70 58 80 71 63 88 75 99 78 62 61 76 63 72
64 34 31 56 21 34 53 53 31 25 32 42 21 16 11 63 34 46 12 54 35 62 61 0 42 77 22 43 23 60 35 40 53 31 23 51 21 62 25 34 65 9 27 42 51 19 9 18 24 70 14
65 16 43 20 42 17 71 78 24 20 66 76 49 51 40 93 48 62 48 59 43 51 91 42 0 79 41 2 26 87 41 56 77 46 55 61 49 52 34 11 55 49 30 24 10 39 49 58 18 68 43
14 90 46 67 96 64 33 45 93 84 65 66 57 92 66 62 43 34 66 23 108 30 62 77 79 0 55 78 61 53 43 38 44 106 60 27 57 29 54 70 26 85 94 55 84 93 84 89 74 11 90
42 44 9 48 42 27 34 38 44 36 25 35 8 38 11 52 12 25 13 32 55 41 50 22 41 55 0 41 15 47 14 19 37 52 14 29 8 41 8 30 44 31 43 30 49 39 30 36 27 48 35
64 18 43 18 44 17 71 78 26 22 66 76 49 53 40 93 48 62 48 59 45 49 91 43 2 78 41 0 26 87 41 56 77 48 55 61 49 50 34 11 53 51 32 23 8 41 51 60 19 67 45
48 30 17 34 37 12 45 52 32 23 40 50 23 39 15 67 22 36 23 38 47 40 65 23 26 61 15 26 0 61 18 30 51 46 29 38 23 40 8 15 43 32 33 19 34 34 32 41 13 53 33
49 89 45 87 80 71 22 10 88 80 30 23 40 71 52 9 40 28 48 42 95 63 9 60 87 53 47 87 61 0 48 33 11 90 37 36 40 62 53 76 63 64 85 69 95 79 63 63 73 55 73
30 48 5 39 53 24 30 38 50 41 37 44 20 51 24 56 8 21 27 20 65 27 54 35 41 43 14 41 18 48 0 15 37 63 26 20 20 27 11 30 30 44 51 21 49 50 44 50 31 36 48
26 60 13 54 61 39 15 23 62 53 28 33 19 54 30 41 8 6 28 17 74 34 40 40 56 38 19 56 30 33 15 0 22 71 22 11 19 34 22 45 36 47 62 36 64 58 46 51 43 32 54
38 81 34 76 74 60 11 1 80 72 27 23 32 66 44 20 29 17 41 31 88 52 19 53 77 44 37 77 51 11 37 22 0 84 30 25 32 51 43 66 52 59 77 58 85 72 58 60 64 44 67
93 30 60 66 10 50 84 84 22 27 60 70 52 22 41 91 64 77 43 83 5 86 89 31 46 106 52 48 46 90 63 71 84 0 54 81 52 86 52 45 89 26 16 60 53 13 27 32 37 99 17
48 54 21 62 44 41 31 30 53 45 11 21 6 36 17 40 20 26 11 39 58 53 38 23 55 60 14 55 29 37 26 22 30 54 0 33 6 53 22 44 55 29 50 44 63 42 28 31 39 54 37
15 68 22 56 71 44 14 26 70 61 39 43 30 65 40 45 17 9 39 6 84 27 44 51 61 27 29 61 38 36 20 11 25 81 33 0 30 26 30 50 27 58 70 39 69 68 57 62 51 21 64
45 49 15 56 42 35 32 33 48 40 17 27 0 35 12 45 15 25 9 35 56 47 43 21 49 57 8 49 23 40 20 19 32 52 6 30 0 47 16 38 50 28 45 38 57 40 27 32 33 51 35
18 64 32 38 77 38 40 52 70 62 62 67 47 78 51 71 33 35 54 20 87 1 70 62 52 29 41 50 40 62 27 34 51 86 53 26 47 0 37 44 3 71 72 28 55 74 71 77 51 18 73
41 38 9 40 42 19 37 44 40 31 33 43 16 41 14 60 14 28 20 31 54 37 58 25 34 54 8 34 8 53 11 22 43 52 22 30 16 37 0 23 40 34 40 22 42 39 34 41 21 47 37
56 20 32 22 39 6 60 67 26 18 55 65 38 45 29 82 37 51 37 48 44 43 80 34 11 70 30 11 15 76 30 45 66 45 44 50 38 44 23 0 47 42 29 16 19 36 42 51 10 59 37
17 67 35 41 80 41 41 53 73 65 64 69 50 81 54 72 35 36 57 21 90 4 71 65 55 26 44 53 43 63 30 36 52 89 55 27 50 3 40 47 0 74 75 31 58 77 74 80 54 15 76
73 39 40 64 16 43 60 59 33 30 34 44 28 7 20 65 43 53 19 63 31 71 63 9 49 85 31 51 32 64 44 47 59 26 29 58 28 71 34 42 74 0 27 51 58 15 1 9 32 79 9
81 14 49 50 14 34 77 78 6 11 59 69 45 26 33 90 54 68 39 71 15 71 88 27 30 94 43 32 33 85 51 62 77 16 50 70 45 72 40 29 75 27 0 44 37 12 28 36 21 86 18
41 36 25 18 52 10 51 59 42 34 55 65 38 58 34 77 29 42 41 36 59 27 75 42 24 55 30 23 19 69 21 36 58 60 44 39 38 28 22 16 31 51 44 0 30 49 51 60 23 44 50
71 23 51 19 51 25 79 86 31 29 74 84 57 60 48 101 56 70 56 66 50 54 99 51 10 84 49 8 34 95 49 64 85 53 63 69 57 55 42 19 58 58 37 30 0 48 59 67 27 73 52
80 25 47 58 3 39 72 72 18 19 49 59 40 14 28 80 51 64 31 70 16 74 78 19 39 93 39 41 34 79 50 58 72 13 42 68 40 74 39 36 77 15 12 49 48 0 16 24 26 86 6
72 40 39 64 17 43 59 58 34 31 33 43 27 8 20 64 42 52 18 62 32 71 62 9 49 84 30 51 32 63 44 46 58 27 28 57 27 71 34 42 74 1 28 51 59 16 0 9 32 78 10
77 48 45 73 23 52 62 60 42 39 33 41 32 10 27 63 47 57 23 67 37 77 61 18 58 89 36 60 41 63 50 51 60 32 31 62 32 77 41 51 80 9 36 60 67 24 9 0 41 83 18
60 17 30 32 29 13 58 65 20 11 50 60 33 35 22 78 35 49 30 51 36 50 76 24 18 74 27 19 13 73 31 43 64 37 39 51 33 51 21 10 54 32 21 23 27 26 32 41 0 65 27
6 79 39 56 89 53 33 45 85 76 60 64 51 86 59 64 36 30 60 16 100 19 63 70 68 11 48 67 53 55 36 32 44 99 54 21 51 18 47 59 15 79 86 44 73 86 78 83 65 0 83
77 31 44 59 7 40 67 67 24 23 43 53 35 8 24 74 47 60 26 67 22 73 72 14 43 90 35 45 33 73 48 54 67 17 37 64 35 73 37 37 76 9 18 50 52 6 10 18 27 83 0
0 863
46 307
307 597
278 701
350 769
477 863
379 656
306 605
354 846
112 340
241 624
193 519
110 491
421 678
27 498
447 699
375 833
251 548
32 371
380 863
1 373
286 526
195 649
148 349
471 863
135 604
492 710
236 585
303 490
304 566
129 384
76 565
466 804
343 850
293 779
337 792
50 254
468 863
482 863
367 600
66 384
258 743
265 738
80 469
269 446
78 569
452 724
289 631
460 762
323 819
378 809
