51
0 6 66 65 39 28 35 88 62 50 13 35 59 35 41 67 77 77 67 77 7 82 69 7 52 77 44 49 10 57 26 26 16 51 74 59 66 9 45 54 21 79 42 8 66 24 70 75 72 87 60
6 0 66 67 41 29 36 93 65 55 14 36 62 41 47 68 82 83 68 83 13 85 70 9 57 83 50 55 10 60 29 29 22 52 79 62 65 3 43 52 22 81 48 4 69 23 73 81 73 92 63
66 66 0 29 33 94 31 72 34 60 79 31 40 80 93 15 70 112 22 96 70 62 21 73 55 83 83 97 57 47 47 47 75 15 64 44 1 65 25 18 87 35 88 70 38 43 51 109 26 80 49
65 67 29 0 26 90 31 44 6 35 77 31 12 65 78 14 41 86 7 68 65 34 9 71 29 55 63 79 57 19 39 39 68 24 35 16 30 68 43 43 85 14 72 71 9 47 22 83 8 51 21
39 41 33 26 0 65 6 59 25 31 52 6 24 47 60 30 52 81 29 68 40 50 31 46 27 60 50 64 31 26 14 14 43 18 46 26 33 42 27 33 60 40 55 45 29 22 37 78 33 62 29
28 29 94 90 65 0 63 107 87 68 15 63 84 41 39 95 94 77 94 84 25 102 96 21 72 89 50 47 38 79 51 51 25 79 93 82 94 30 72 81 7 104 44 25 91 52 92 76 98 104 82
35 36 31 31 6 63 0 65 30 37 48 0 30 50 63 32 58 86 32 74 39 56 34 42 33 66 53 67 26 32 16 16 44 16 52 32 31 37 21 28 56 45 58 40 35 16 43 83 37 68 35
88 93 72 44 59 107 65 0 40 39 99 65 36 69 78 57 14 66 50 43 85 10 51 93 36 28 62 76 85 33 64 64 82 66 14 33 73 96 84 85 105 40 71 96 35 81 22 63 46 12 30
62 65 34 6 25 87 30 40 0 29 74 30 6 60 73 20 37 80 13 62 62 30 15 68 23 49 57 73 56 13 36 36 64 27 31 10 35 67 45 46 82 17 66 69 5 46 18 77 13 47 15
50 55 60 35 31 68 37 39 29 0 61 37 23 32 44 49 27 52 42 37 47 34 44 55 6 30 28 44 48 16 28 28 43 47 25 19 61 58 58 64 66 44 37 58 29 48 25 49 42 37 16
13 14 79 77 52 15 48 99 74 61 0 48 71 40 43 80 88 81 80 83 14 93 82 6 63 86 49 51 23 69 38 38 21 64 85 71 79 15 57 66 8 91 46 10 78 37 82 80 85 98 72
35 36 31 31 6 63 0 65 30 37 48 0 30 50 63 32 58 86 32 74 39 56 34 42 33 66 53 67 26 32 16 16 44 16 52 32 31 37 21 28 56 45 58 40 35 16 43 83 37 68 35
59 62 40 12 24 84 30 36 6 23 71 30 0 54 67 26 32 74 19 56 59 27 21 65 17 43 51 67 53 7 33 33 59 30 26 4 41 64 48 49 79 22 60 66 7 46 14 71 19 42 9
35 41 80 65 47 41 50 69 60 32 40 50 54 0 13 76 55 42 71 43 28 66 73 36 38 48 9 17 41 47 34 34 19 65 55 50 80 44 69 77 41 75 8 42 60 51 57 40 73 63 48
41 47 93 78 60 39 63 78 73 44 43 63 67 13 0 89 64 38 84 46 34 76 86 42 50 55 16 8 51 60 47 47 25 78 65 63 93 50 81 90 42 88 7 48 73 62 69 37 86 71 60
67 68 15 14 30 95 32 57 20 49 80 32 26 76 89 0 55 100 7 82 70 47 6 74 43 69 76 92 58 33 44 44 73 18 49 30 16 69 36 32 88 20 83 72 23 48 36 97 11 65 35
77 82 70 41 52 94 58 14 37 27 88 58 32 55 64 55 0 55 48 32 74 16 50 82 26 17 48 62 75 26 54 54 69 62 6 28 71 85 78 81 92 44 57 85 32 74 19 52 46 11 23
77 83 112 86 81 77 86 66 80 52 81 86 74 42 38 100 55 0 93 23 70 70 95 78 58 38 34 30 83 67 71 71 61 98 59 70 113 86 106 114 80 95 35 84 80 91 70 3 93 55 65
67 68 22 7 29 94 32 50 13 42 80 32 19 71 84 7 48 93 0 75 69 40 2 74 36 62 70 86 58 26 43 43 72 21 42 23 23 69 40 39 88 14 79 72 16 48 29 90 5 58 28
77 83 96 68 68 84 74 43 62 37 83 74 56 43 46 82 32 23 75 0 70 47 77 78 42 15 34 40 79 49 62 62 62 84 37 52 97 86 95 101 84 75 40 84 62 82 50 20 75 32 47
7 13 70 65 40 25 39 85 62 47 14 39 59 28 34 70 74 70 69 70 0 79 71 8 49 72 37 42 17 56 26 26 9 55 71 58 70 16 52 61 20 79 35 14 66 31 69 68 73 84 59
82 85 62 34 50 102 56 10 30 34 93 56 27 66 76 47 16 70 40 47 79 0 41 87 30 32 60 75 77 25 56 56 77 57 11 24 63 88 75 76 99 31 69 89 25 72 13 67 36 20 22
69 70 21 9 31 96 34 51 15 44 82 34 21 73 86 6 50 95 2 77 71 41 0 76 38 64 72 88 60 28 45 45 74 22 44 25 22 71 41 38 90 14 81 74 18 50 31 92 5 60 30
7 9 73 71 46 21 42 93 68 55 6 42 65 36 42 74 82 78 74 78 8 87 76 0 57 80 45 50 17 63 32 32 17 58 79 65 73 12 52 61 14 85 43 7 72 31 76 76 79 92 66
52 57 55 29 27 72 33 36 23 6 63 33 17 38 50 43 26 58 36 42 49 30 38 57 0 33 34 50 49 10 28 28 47 42 22 13 55 60 54 60 69 38 43 60 23 48 20 55 36 37 10
77 83 83 55 60 89 66 28 49 30 86 66 43 48 55 69 17 38 62 15 72 32 64 80 33 0 39 50 77 37 58 58 65 73 22 39 84 86 87 92 88 60 48 85 48 78 35 35 62 17 34
44 50 83 63 50 50 53 62 57 28 49 53 51 9 16 76 48 34 70 34 37 60 72 45 34 39 0 16 49 44 38 38 28 68 49 47 83 53 73 81 50 72 9 51 57 57 53 32 70 55 44
49 55 97 79 64 47 67 76 73 44 51 67 67 17 8 92 62 30 86 40 42 75 88 50 50 50 16 0 58 60 51 51 33 82 64 63 97 58 86 94 50 88 9 56 73 68 69 29 86 67 60
10 10 57 57 31 38 26 85 56 48 23 26 53 41 51 58 75 83 58 79 17 77 60 17 49 77 49 58 0 52 21 21 26 42 71 54 56 11 35 44 31 71 49 14 60 14 65 81 63 85 55
57 60 47 19 26 79 32 33 13 16 69 32 7 47 60 33 26 67 26 49 56 25 28 63 10 37 44 60 52 0 31 31 54 36 20 3 48 63 52 55 76 28 53 64 13 48 13 64 26 36 3
26 29 47 39 14 51 16 64 36 28 38 16 33 34 47 44 54 71 43 62 26 56 45 32 28 58 38 51 21 31 0 0 29 32 50 33 47 32 35 43 46 53 42 33 40 20 44 69 47 65 34
26 29 47 39 14 51 16 64 36 28 38 16 33 34 47 44 54 71 43 62 26 56 45 32 28 58 38 51 21 31 0 0 29 32 50 33 47 32 35 43 46 53 42 33 40 20 44 69 47 65 34
16 22 75 68 43 25 44 82 64 43 21 44 59 19 25 73 69 61 72 62 9 77 74 17 47 65 28 33 26 54 29 29 0 60 68 57 75 25 59 68 23 81 26 23 66 38 67 59 76 79 57
51 52 15 24 18 79 16 66 27 47 64 16 30 65 78 18 62 98 21 84 55 57 22 58 42 73 68 82 42 36 32 32 60 0 56 34 15 52 19 19 72 35 73 56 32 30 44 95 26 72 39
74 79 64 35 46 93 52 14 31 25 85 52 26 55 65 49 6 59 42 37 71 11 44 79 22 22 49 64 71 20 50 50 68 56 0 22 65 82 72 75 91 38 58 82 26 68 13 56 40 16 17
59 62 44 16 26 82 32 33 10 19 71 32 4 50 63 30 28 70 23 52 58 24 25 65 13 39 47 63 54 3 33 33 57 34 22 0 45 65 51 53 78 25 56 66 10 48 11 67 23 38 5
66 65 1 30 33 94 31 73 35 61 79 31 41 80 93 16 71 113 23 97 70 63 22 73 55 84 83 97 56 48 47 47 75 15 65 45 0 64 24 17 87 36 88 69 39 42 52 110 27 81 50
9 3 65 68 42 30 37 96 67 58 15 37 64 44 50 69 85 86 69 86 16 88 71 12 60 86 53 58 11 63 32 32 25 52 82 65 64 0 42 51 23 82 51 5 71 22 76 84 74 95 66
45 43 25 43 27 72 21 84 45 58 57 21 48 69 81 36 78 106 40 95 52 75 41 52 54 87 73 86 35 52 35 35 59 19 72 51 24 42 0 9 65 54 77 47 50 21 62 104 45 88 55
54 52 18 43 33 81 28 85 46 64 66 28 49 77 90 32 81 114 39 101 61 76 38 61 60 92 81 94 44 55 43 43 68 19 75 53 17 51 9 0 74 52 85 56 51 30 63 111 43 91 58
21 22 87 85 60 7 56 105 82 66 8 56 79 41 42 88 92 80 88 84 20 99 90 14 69 88 50 50 31 76 46 46 23 72 91 78 87 23 65 74 0 99 46 18 86 45 89 79 93 102 79
79 81 35 14 40 104 45 40 17 44 91 45 22 75 88 20 44 95 14 75 79 31 14 85 38 60 72 88 71 28 53 53 81 35 38 25 36 82 54 52 99 0 81 85 15 61 25 92 9 51 30
42 48 88 72 55 44 58 71 66 37 46 58 60 8 7 83 57 35 79 40 35 69 81 43 43 48 9 9 49 53 42 42 26 73 58 56 88 51 77 85 46 81 0 49 66 59 62 34 79 64 53
8 4 70 71 45 25 40 96 69 58 10 40 66 42 48 72 85 84 72 84 14 89 74 7 60 85 51 56 14 64 33 33 23 56 82 66 69 5 47 56 18 85 49 0 73 27 77 82 77 95 67
66 69 38 9 29 91 35 35 5 29 78 35 7 60 73 23 32 80 16 62 66 25 18 72 23 48 57 73 60 13 40 40 66 32 26 10 39 71 50 51 86 15 66 73 0 51 13 77 14 42 15
24 23 43 47 22 52 16 81 46 48 37 16 46 51 62 48 74 91 48 82 31 72 50 31 48 78 57 68 14 48 20 20 38 30 68 48 42 22 21 30 45 61 59 27 51 0 59 89 53 84 51
70 73 51 22 37 92 43 22 18 25 82 43 14 57 69 36 19 70 29 50 69 13 31 76 20 35 53 69 65 13 44 44 67 44 13 11 52 76 62 63 89 25 62 77 13 59 0 67 27 29 10
75 81 109 83 78 76 83 63 77 49 80 83 71 40 37 97 52 3 90 20 68 67 92 76 55 35 32 29 81 64 69 69 59 95 56 67 110 84 104 111 79 92 34 82 77 89 67 0 90 52 62
72 73 26 8 33 98 37 46 13 42 85 37 19 73 86 11 46 93 5 75 73 36 5 79 36 62 70 86 63 26 47 47 76 26 40 23 27 74 45 43 93 9 79 77 14 53 27 90 0 56 28
87 92 80 51 62 104 68 12 47 37 98 68 42 63 71 65 11 55 58 32 84 20 60 92 37 17 55 67 85 36 65 65 79 72 16 38 81 95 88 91 102 51 64 95 42 84 29 52 56 0 33
60 63 49 21 29 82 35 30 15 16 72 35 9 48 60 35 23 65 28 47 59 22 30 66 10 34 44 60 55 3 34 34 57 39 17 5 50 66 55 58 79 30 53 67 15 51 10 62 28 33 0
0 1079
415 738
30 419
350 699
584 902
478 760
463 775
507 982
531 756
177 610
641 1079
593 1061
535 913
9 257
485 788
295 632
264 580
621 1002
215 592
279 869
339 841
402 722
249 778
271 880
485 892
72 527
556 1079
310 566
132 575
615 1076
513 991
628 1040
442 1015
248 806
609 864
106 702
89 403
239 458
531 1079
235 642
465 1054
405 1048
519 813
151 555
78 699
600 1079
307 729
432 789
200 770
58 448
420 695
