33
0 380789 393573 360555 333016 353553 390512 335261 323883 353553 392938 412311 442040 406079 380789 372022 383275 250000 200000 180278 424264 111803 92195 392938 570088 325576 384707 147648 192353 178885 210950 155242 141421
480789 100000 130000 170711 222066 241421 211803 581041 534626 547214 605371 614782 520000 501123 400000 186023 561411 650000 453553 490512 767082 560977 435409 439706 924621 436155 354951 520476 653173 370185 588365 531393 430150
493573 130000 100000 153852 207703 222066 186023 571275 523792 534626 592443 600899 550000 531045 430000 164030 547214 650818 450571 514005 760984 568402 442053 420156 917863 422025 333452 522966 660446 370740 610882 552769 432415
460555 170711 153852 100000 153852 170711 150000 517612 470000 480789 538634 547214 572652 550444 453553 120000 493573 602494 400000 503113 708276 527200 400832 369072 864853 368328 284391 476563 618652 323607 596488 536005 386355
433016 222066 207703 153852 100000 130000 158310 464005 416228 426956 484838 493573 600100 575184 483275 150000 440000 555412 350799 499249 655788 489102 364197 319317 811969 314709 238923 432415 579270 280278 587647 525441 343516
453553 241421 222066 170711 130000 100000 150000 456931 408058 416228 473363 480789 629528 604876 512311 158310 426956 560977 354951 527200 652268 503113 380179 298494 807107 302485 214018 441760 591935 292354 614296 551774 354951
490512 211803 186023 150000 158310 150000 100000 506079 456931 464005 520595 527200 622398 600400 503113 130000 473363 609902 404138 547214 702080 547214 422490 338537 856637 350000 250000 488973 637122 337697 638516 577074 400832
435261 581041 571275 517612 464005 456931 506079 100000 150000 158310 160000 180000 842024 808025 750692 512311 178101 297231 256205 610784 300998 370000 359422 308806 451283 260000 380713 292354 403645 340832 643415 590408 316333
423883 534626 523792 470000 416228 408058 456931 150000 100000 130000 178101 194340 812811 779559 717171 464005 160000 326716 230000 593356 350799 374591 340416 261555 501123 210000 330867 291050 422025 306155 634603 578539 293132
453553 547214 534626 480789 426956 416228 464005 158310 130000 100000 158310 170711 837835 804911 740312 473363 130000 350000 258114 622015 354951 404138 369258 252971 500000 214018 330217 320907 449285 330217 664358 608035 321359
492938 605371 592443 538634 484838 473363 520595 160000 178101 158310 100000 120000 890569 857166 795270 530813 150000 350799 305913 666480 315407 430000 413847 300000 451283 270880 382843 351794 461385 384253 702080 648179 368328
512311 614782 600899 547214 493573 480789 527200 180000 194340 170711 120000 100000 907094 873886 810634 538634 153852 369258 323607 685235 323607 450000 432415 300998 453553 278885 386355 371662 480789 400000 721691 667539 386355
542041 520000 550000 572652 600100 629528 622398 842024 812811 837835 890569 907094 100000 136056 220000 592544 863217 792026 686003 377308 964522 652178 588365 796419 1112126 757419 733246 680000 717738 607740 435409 432415 626308
506079 501123 531045 550444 575184 604876 600400 808025 779559 804911 857166 873886 136056 100000 204403 570425 830616 756049 652178 341661 928794 616140 553431 767308 1076166 726498 706383 644518 681808 575079 402655 397321 592037
480789 400000 430000 453553 483275 512311 503113 750692 717171 740312 795270 810634 220000 204403 100000 473363 764003 726498 594975 350000 890569 592443 508044 686003 1043398 652268 618652 604777 669210 511096 435409 410000 539318
472022 186023 164030 120000 150000 158310 130000 512311 464005 473363 530813 538634 592544 570425 473363 100000 484838 604876 400666 520595 705310 534626 408707 356125 861183 360000 269706 480789 625547 328035 613128 552217 391203
483275 561411 547214 493573 440000 426956 473363 178101 160000 130000 150000 153852 863217 830616 764003 484838 100000 374591 286815 650818 362488 433766 398329 250000 501123 225300 333452 350799 476962 355539 694138 637587 350000
350000 650000 650818 602494 555412 560977 609902 297231 326716 350000 350799 369258 792026 756049 726498 604876 374591 100000 306155 524264 280278 241421 328035 478021 420156 410644 524853 231529 220416 380179 521900 484187 320227
300000 453553 450571 400000 350799 354951 404138 256205 230000 258114 305913 323607 686003 652178 594975 400666 286815 306155 100000 464005 416228 280278 211803 305913 574342 234164 328035 198995 354951 189442 510488 452278 163246
280278 490512 514005 503113 499249 527200 547214 610784 593356 622015 666480 685235 377308 341661 350000 520595 650818 524264 464005 100000 702080 382843 352982 630000 843302 571699 596488 427567 441321 410644 200000 160000 400832
524264 767082 760984 708276 655788 652268 702080 300998 350799 354951 315407 323607 964522 928794 890569 705310 362488 280278 416228 702080 100000 420156 482753 507922 258114 460555 581664 386007 391548 504968 702080 664004 457771
211803 560977 568402 527200 489102 503113 547214 370000 374591 404138 430000 450000 652178 616140 592443 534626 433766 241421 280278 382843 420156 100000 226491 485876 560977 413847 503113 185440 192195 310950 386355 344131 250000
192195 435409 442053 400832 364197 380179 422490 359422 340416 369258 413847 432415 588365 553431 508044 408707 398329 328035 211803 352982 482753 226491 100000 400832 637122 333452 396816 198489 318403 192195 400000 340832 150000
492938 439706 420156 369072 319317 298494 338537 308806 261555 252971 300000 300998 796419 767308 686003 356125 250000 478021 305913 630000 507922 485876 400832 100000 650818 172110 189442 402324 554533 320907 695399 633385 352982
670087 924621 917863 864853 811969 807107 856637 451283 501123 500000 451283 453553 1112126 1076166 1043398 861183 501123 420156 574342 843302 258114 560977 637122 650818 100000 610882 730079 539090 512311 663028 831095 800070 614782
425576 436155 422025 368328 314709 302485 350000 260000 210000 214018 270880 278885 757419 726498 652268 360000 225300 410644 234164 571699 460555 413847 333452 172110 610882 100000 221655 330217 482884 261245 631507 570425 284391
484707 354951 333452 284391 238923 214018 250000 380713 330867 330217 382843 386355 733246 706383 618652 269706 333452 524853 328035 596488 581664 503113 396816 189442 730079 221655 100000 426497 582701 305913 672800 609608 356125
247648 520476 522966 476563 432415 441760 488973 292354 291050 320907 351794 371662 680000 644518 604777 480789 350799 231529 198995 427567 386007 185440 198489 402324 539090 330217 426497 100000 256205 252971 451710 400832 190554
292354 653173 660446 618652 579270 591935 637122 403645 422025 449285 461385 480789 717738 681808 669210 625547 476962 220416 354951 441321 391548 192195 318403 554533 512311 482884 582701 256205 100000 399666 418904 392062 337065
278885 370185 370740 323607 280278 292354 337697 340832 306155 330217 384253 400000 607740 575079 511096 328035 355539 380179 189442 410644 504968 310950 192195 320907 663028 261245 305913 252971 399666 100000 474833 412570 163246
310950 588365 610882 596488 587647 614296 638516 643415 634603 664358 702080 721691 435409 402655 435409 613128 694138 521900 510488 200000 702080 386355 400000 695399 831095 631507 672800 451710 418904 474833 100000 163246 450000
255242 531393 552769 536005 525441 551774 577074 590408 578539 608035 648179 667539 432415 397321 410000 552217 637587 484187 452278 160000 664004 344131 340832 633385 800070 570425 609608 400832 392062 412570 163246 100000 390689
241421 430150 432415 386355 343516 354951 400832 316333 293132 321359 368328 386355 626308 592037 539318 391203 350000 320227 163246 400832 457771 250000 150000 352982 614782 284391 356125 190554 337065 163246 450000 390689 100000
0 9600000
6130000 8530000
4110000 6510000
5840000 8240000
3280000 5680000
2400000 4800000
3070000 5470000
1350000 3750000
1630000 4030000
350000 2750000
1140000 3540000
1950000 4350000
5970000 8370000
4970000 7370000
5140000 7540000
4290000 6690000
450000 2850000
1150000 3550000
3150000 5550000
5410000 7810000
420000 2820000
110000 2510000
970000 3370000
2260000 4660000
1720000 4120000
3050000 5450000
2920000 5320000
920000 3320000
450000 2850000
2000000 4400000
6880000 9280000
5020000 7420000
1120000 3520000
# scale factor = 10000
