41
0 335409 380789 451774 400500 350571 450000 350000 450444 350571 452769 585235 570088 557136 522015 520000 502892 510784 514782 474341 450444 380526 353412 250000 269258 471699 424264 291548 390512 111803 360555 570088 429418 499799 192353 354683 322025 382099 524786 481664 205183
435409 100000 150000 553431 506079 477359 524264 460555 510366 444093 490512 951469 950000 921523 900000 881601 880000 871622 856637 850000 538634 494081 720000 258114 323607 354951 250000 650000 670087 354951 280278 404138 650364 445398 372947 643415 255563 211803 744127 280278 260000
480789 150000 100000 592037 546542 520595 560977 503113 545982 485876 524264 1001388 1000000 971436 950000 931504 930000 921523 906226 900000 576340 535660 770000 306155 369258 369258 258114 700000 718466 404138 312132 400000 696153 467151 422490 692283 294165 230384 788767 270294 310000
551774 553431 592037 100000 153852 201980 140000 207703 160000 216619 190000 667979 691692 641202 649181 606063 632541 597393 556180 608035 120000 172801 510366 414006 344131 394279 471618 466197 358070 461385 383019 490000 274642 310950 369258 361725 398329 472156 330000 520595 449857
500500 506079 546542 153852 100000 150000 153852 153852 164030 164030 186023 666480 686003 638516 641202 601597 623546 592443 555412 597393 150000 120000 490512 362488 292094 370000 435261 439706 350799 408058 341661 473363 281108 302485 315870 346982 352389 431059 354951 488330 396816
450571 477359 520595 201980 150000 100000 201980 120000 207703 140000 222066 650818 666480 622015 620000 583839 601597 574342 541475 574236 200000 130000 460555 326716 256205 374591 423883 404795 335372 359615 325610 483275 282483 324722 267631 324722 328472 413209 369258 481182 356125
550000 524264 560977 140000 153852 201980 100000 200000 120000 201980 150000 704152 726498 676975 683095 641202 666039 632353 592443 640832 120000 172801 538634 391548 323607 354951 435409 490512 391548 453553 350000 450000 311896 271172 361725 392062 368701 438378 370000 482753 431059
450000 460555 503113 207703 153852 120000 200000 100000 201980 120000 211803 670087 685235 641202 638516 602892 620000 593356 560977 592443 201980 136056 477359 312132 241421 354951 404138 420156 354951 354951 306155 464005 302237 308087 262788 343516 310238 394109 387924 461248 344131
550444 510366 545982 160000 164030 207703 120000 201980 100000 200000 130000 722415 744127 695063 700333 659017 683095 650091 610784 657584 140000 180623 553431 381780 315407 335372 417648 503609 408869 451283 334307 430000 330867 251327 360192 408058 354951 422025 390000 464005 423110
450571 444093 485876 216619 164030 140000 201980 120000 200000 100000 204403 689406 704070 660446 657136 622015 638516 612445 580521 610784 207703 150000 494462 298494 228062 335372 384429 436006 374591 351794 286815 444819 322036 292094 260311 362488 292354 375135 406757 441321 333238
552769 490512 524264 190000 186023 222066 150000 211803 130000 204403 100000 750000 770819 722415 726498 686003 709016 676975 638516 683095 170000 198995 576340 369258 306155 306155 391548 524264 435409 450000 312132 400000 359615 221655 360768 432866 336008 398329 420000 436155 413209
685235 951469 1001388 667979 666480 650818 704152 670087 722415 689406 750000 100000 150000 130000 170711 170000 186023 180000 211803 211803 686003 659732 335372 800000 751919 924621 955862 404138 416228 708276 856637 1034077 493573 868960 680086 427567 842428 932166 475366 1017878 791808
670087 950000 1000000 691692 686003 666480 726498 685235 744127 704070 770819 150000 100000 158310 150000 186023 170000 194340 241421 200000 709016 677754 330000 801782 757647 938152 963134 400000 435409 702080 864853 1048683 518808 887908 681378 441760 848131 937257 510366 1025742 790000
657136 921523 971436 641202 638516 622015 676975 641202 695063 660446 722415 130000 158310 100000 153852 140000 164030 150000 186023 186023 659017 631413 306155 770000 722013 895550 926075 374591 387924 678705 826911 1005207 467151 840945 650091 398329 812531 902247 453553 988144 761891
622015 900000 950000 649181 641202 620000 683095 638516 700333 657136 726498 170711 150000 153852 100000 153852 120000 158310 211803 150000 666039 632259 280000 751919 708276 890569 913941 350000 391548 652268 815891 1001388 478021 842496 631507 395466 798713 887718 478021 976641 740000
620000 881601 931504 606063 601597 583839 641202 602892 659017 622015 686003 170000 186023 140000 153852 100000 150000 110000 158310 158310 623546 593964 267631 730000 682151 856902 886384 335372 350799 639351 787313 966833 432866 803847 610098 359615 772681 862365 426497 948528 722013
602892 880000 930000 632541 623546 601597 666039 620000 683095 638516 709016 186023 170000 164030 120000 150000 100000 150990 204403 130000 649181 614296 260000 731981 688558 871622 894292 330000 374591 632353 796348 982553 462353 824500 611566 377308 778970 867919 466197 957030 720000
610784 871622 921523 597393 592443 574342 632353 593356 650091 612445 676975 180000 194340 150000 158310 110000 150990 100000 153852 153852 614782 584665 258114 720000 672189 847262 876466 325610 341661 629528 777422 957263 424500 794622 600100 350000 762722 852396 420156 938630 712046
614782 856637 906226 556180 555412 541475 592443 560977 610784 580521 638516 211803 241421 186023 211803 158310 204403 153852 100000 200000 574236 549222 264012 702080 650000 815891 851665 323607 306155 622015 751919 924621 381780 757875 583735 320907 740078 830068 369072 913019 698415
574342 850000 900000 608035 597393 574236 640832 592443 657584 610784 683095 211803 200000 186023 150000 158310 130000 153852 200000 100000 624309 587647 230000 702080 659017 843302 864853 300000 350000 602494 767082 954400 439706 797711 581664 350599 749384 838241 449857 927647 690000
550444 538634 576340 120000 150000 200000 120000 201980 140000 207703 170000 686003 709016 659017 666039 623546 649181 614782 574236 624309 100000 170000 524264 402324 333238 374591 453412 478021 374591 456931 366271 470000 293132 291050 364764 376586 383196 455105 350000 501622 440000
480526 494081 535660 172801 120000 130000 172801 136056 180623 150000 198995 659732 677754 631413 632259 593964 614296 584665 549222 587647 170000 100000 478021 347588 276918 370740 429848 425269 343516 388617 334094 476563 280000 310238 296469 337065 341868 423110 359615 484707 380179
453412 720000 770000 510366 490512 460555 538634 477359 553431 494462 576340 335372 330000 306155 280000 267631 260000 258114 264012 230000 524264 478021 100000 572652 531741 722415 737887 170000 265529 473363 641202 834098 359422 685235 452278 250000 621728 710000 404138 800928 560000
350000 258114 306155 414006 362488 326716 391548 312132 381780 298494 369258 800000 801782 770000 751919 730000 731981 720000 702080 702080 402324 347588 572652 100000 170711 323607 280278 503113 512311 241421 211803 420156 493573 370740 220416 486394 172110 243177 588774 341868 150990
369258 323607 369258 344131 292094 256205 323607 241421 315407 228062 306155 751919 757647 722013 708276 682151 688558 672189 650000 659017 333238 276918 531741 170711 100000 312132 306155 464005 453553 258114 211803 420156 426956 330867 192195 430606 190554 280278 520595 369258 207703
571699 354951 369258 394279 370000 374591 354951 354951 335372 335372 306155 924621 938152 895550 890569 856902 871622 847262 815891 843302 374591 370740 722415 323607 312132 100000 211803 659017 609902 460555 211803 211803 550444 206301 404138 597293 252315 243177 622398 236015 373130
524264 250000 258114 471618 435261 423883 435409 404138 417648 384429 391548 955862 963134 926075 913941 886384 894292 876466 851665 864853 453412 429848 737887 280278 306155 211803 100000 670087 650000 420156 200000 258114 606360 314009 391548 630848 217047 144721 689406 163246 319317
391548 650000 700000 466197 439706 404795 490512 420156 503609 436006 524264 404138 400000 374591 350000 335372 330000 325610 323607 300000 478021 425269 170000 503113 464005 659017 670087 100000 250000 404138 574342 770819 335372 628015 382843 221655 553542 641294 400666 733246 490000
490512 670087 718466 358070 350799 335372 391548 354951 408869 374591 435409 416228 435409 387924 391548 350799 374591 341661 306155 350000 374591 343516 265529 512311 453553 609902 650000 250000 100000 460555 550000 718466 194340 553100 400832 136056 541814 631507 251327 710328 517852
211803 354951 404138 461385 408058 359615 453553 354951 451283 351794 450000 708276 702080 678705 652268 639351 632353 629528 622015 602494 456931 388617 473363 241421 258114 460555 420156 404138 460555 100000 350000 560977 475366 488973 192195 427567 312603 380179 574236 480132 202956
460555 280278 312132 383019 341661 325610 350000 306155 334307 286815 312132 856637 864853 826911 815891 787313 796348 777422 751919 767082 366271 334094 641202 211803 211803 211803 200000 574342 550000 350000 100000 312132 507922 272627 302485 531045 141231 189442 593356 261245 261555
670087 404138 400000 490000 473363 483275 450000 464005 430000 444819 400000 1034077 1048683 1005207 1001388 966833 982553 957263 924621 954400 470000 476563 834098 420156 420156 211803 258114 770819 718466 560977 312132 100000 654437 281108 512311 707289 348395 302485 720000 230384 466197
529418 650364 696153 274642 281108 282483 311896 302237 330867 322036 359615 493573 518808 467151 478021 432866 462353 424500 381780 439706 293132 280000 359422 493573 426956 550444 606360 335372 194340 475366 507922 654437 100000 480789 398329 214018 508044 594773 198995 663205 510488
599800 445398 467151 310950 302485 324722 271172 308087 251327 292094 221655 868960 887908 840945 842496 803847 824500 794622 757875 797711 291050 310238 685235 370740 330867 206301 314009 628015 553100 488973 272627 281108 480789 100000 413050 547214 310950 337065 540454 342074 421403
292354 372947 422490 369258 315870 267631 361725 262788 360192 260311 360768 680086 681378 650091 631507 610098 611566 600100 583735 581664 364764 296469 452278 220416 192195 404138 391548 382843 400832 192195 302485 512311 398329 413050 100000 372029 274642 359615 496989 454683 217047
454683 643415 692283 361725 346982 324722 392062 343516 408058 362488 432866 427567 441760 398329 395466 359615 377308 350000 320907 350599 376586 337065 250000 486394 430606 597293 630848 221655 136056 427567 531045 707289 214018 547214 372029 100000 520119 610098 284391 692115 488973
422025 255563 294165 398329 352389 328472 368701 310238 354951 292354 336008 842428 848131 812531 798713 772681 778970 762722 740078 749384 383196 341868 621728 172110 190554 252315 217047 553542 541814 312603 141231 348395 508044 310950 274642 520119 100000 190000 597695 280278 220829
482099 211803 230384 472156 431059 413209 438378 394109 422025 375135 398329 932166 937257 902247 887718 862365 867919 852396 830068 838241 455105 423110 710000 243177 280278 243177 144721 641294 631507 380179 189442 302485 594773 337065 359615 610098 190000 100000 681893 200000 278045
624786 744127 788767 330000 354951 369258 370000 387924 390000 406757 420000 475366 510366 453553 478021 426497 466197 420156 369072 449857 350000 359615 404138 588774 520595 622398 689406 400666 251327 574236 593356 720000 198995 540454 496989 284391 597695 681893 100000 743272 608035
581664 280278 270294 520595 488330 481182 482753 461248 464005 441321 436155 1017878 1025742 988144 976641 948528 957030 938630 913019 927647 501622 484707 800928 341868 369258 236015 163246 733246 710328 480132 261245 230384 663205 342074 454683 692115 280278 200000 743272 100000 378029
305183 260000 310000 449857 396816 356125 431059 344131 423110 333238 413209 791808 790000 761891 740000 722013 720000 712046 698415 690000 440000 380179 560000 150990 207703 373130 319317 490000 517852 202956 261555 466197 510488 421403 217047 488973 220829 278045 608035 378029 100000
0 9600000
3710000 4910000
6530000 7730000
0 9040000
0 9090000
0 9140000
0 9050000
0 9150000
2010000 3210000
0 9140000
7840000 9040000
0 8910000
0 8920000
0 8940000
0 8970000
0 8980000
0 8990000
0 8980000
0 8980000
0 9020000
0 9040000
0 9110000
0 9140000
0 9250000
0 9230000
7820000 9020000
0 9070000
1670000 2870000
0 9100000
0 9380000
6450000 7650000
0 8920000
2680000 3880000
7640000 8840000
0 9300000
0 9140000
0 9170000
3590000 4790000
0 8970000
0 9010000
3080000 4280000
# scale factor = 10000
