30
0 380789 308058 393573 403113 333016 353553 390512 442040 430116 406079 372022 360555 403113 308058 335409 380789 353412 377359 200000 180278 92195 274591 392938 325576 384707 178885 210950 155242 141421
480789 100000 204403 130000 150000 222066 241421 211803 520000 500000 501123 473363 453553 450000 444819 404138 400000 401496 158310 453553 490512 435409 529418 439706 436155 354951 370185 588365 531393 430150
408058 204403 100000 200000 201980 140000 170000 186023 560977 541475 535660 503113 483275 492938 460000 433766 444819 437343 172801 350799 462491 346982 522019 350000 336008 274642 271172 552769 491152 333452
493573 130000 200000 100000 120000 207703 222066 186023 550000 530000 531045 503113 483275 480000 473631 433766 430000 431361 136056 450571 514005 442053 556180 420156 422025 333452 370740 610882 552769 432415
503113 150000 201980 120000 100000 201980 211803 170711 570000 550000 550999 522966 503113 500000 492938 453553 450000 451283 130000 450000 530116 447851 574236 408058 413847 320227 372947 626308 567547 435409
433016 222066 140000 207703 201980 100000 130000 158310 600100 580521 575184 542832 522966 531741 500000 473363 483275 476563 172801 350799 499249 364197 560977 319317 314709 238923 280278 587647 525441 343516
453553 241421 170000 222066 211803 130000 100000 150000 629528 609902 604876 572652 552769 560977 530000 503113 512311 506079 186023 354951 527200 380179 590306 298494 302485 214018 292354 614296 551774 354951
490512 211803 186023 186023 170711 158310 150000 100000 622398 602494 600400 570000 550000 552769 532897 500000 503113 500500 153852 404138 547214 422490 602892 338537 350000 250000 337697 638516 577074 400832
542041 520000 560977 550000 570000 600100 629528 622398 100000 120000 136056 170711 186023 170000 234536 230000 220000 223693 570956 686003 377308 588365 303961 796419 757419 733246 607740 435409 432415 626308
530116 500000 541475 530000 550000 580521 609902 602494 120000 100000 130000 158310 170711 150000 222066 211803 200000 204403 550999 670087 369258 573814 300998 777791 739531 714003 590918 432415 425730 610882
506079 501123 535660 531045 550999 575184 604876 600400 136056 130000 100000 136056 153852 158310 198995 201980 204403 200000 550000 652178 341661 553431 271172 767308 726498 706383 575079 402655 397321 592037
472022 473363 503113 503113 522966 542832 572652 570000 170711 158310 136056 100000 120000 153852 164030 170000 186023 172801 520476 616140 311896 517732 250333 732456 690931 672713 539090 380179 369258 556070
460555 453553 483275 483275 503113 522966 552769 550000 186023 170711 153852 120000 100000 150000 153852 150000 170711 153852 500500 600000 306155 503113 252971 713514 672713 653173 521900 380179 364764 540454
503113 450000 492938 480000 500000 531741 560977 552769 170000 150000 158310 153852 150000 100000 201980 170711 150000 158310 501123 631507 354951 539318 302237 731585 695399 666127 550000 430150 414006 573814
408058 444819 460000 473631 492938 500000 530000 532897 234536 222066 198995 164030 153852 201980 100000 158310 204403 176158 486394 554863 252971 454683 211803 679741 634883 624690 480132 331948 312132 494081
435409 404138 433766 433766 453553 473363 503113 500000 230000 211803 201980 170000 150000 170711 158310 100000 150000 120000 450571 560977 300000 468782 270000 666480 627731 604480 480132 386355 360000 503113
480789 400000 444819 430000 450000 483275 512311 503113 220000 200000 204403 186023 170711 150000 204403 150000 100000 130000 451283 594975 350000 508044 315407 686003 652268 618652 511096 435409 410000 539318
453412 401496 437343 431361 451283 476563 506079 500500 223693 204403 200000 172801 153852 158310 176158 120000 130000 100000 450000 574236 320000 484187 287883 673847 637122 609608 492046 405941 380000 517253
477359 158310 172801 136056 130000 172801 186023 153852 570956 550999 550000 520476 500500 501123 486394 450571 451283 450000 100000 420000 513401 419531 562385 384253 386355 297990 343311 608035 548219 405941
300000 453553 350799 450571 450000 350799 354951 404138 686003 670087 652178 616140 600000 631507 554863 560977 594975 574236 420000 100000 464005 211803 555412 305913 234164 328035 189442 510488 452278 163246
280278 490512 462491 514005 530116 499249 527200 547214 377308 369258 341661 311896 306155 354951 252971 300000 350000 320000 513401 464005 100000 352982 194340 630000 571699 596488 410644 200000 160000 400832
192195 435409 346982 442053 447851 364197 380179 422490 588365 573814 553431 517732 503113 539318 454683 468782 508044 484187 419531 211803 352982 100000 445398 400832 333452 396816 192195 400000 340832 150000
374591 529418 522019 556180 574236 560977 590306 602892 303961 300998 271172 250333 252971 302237 211803 270000 315407 287883 562385 555412 194340 445398 100000 712046 657315 670789 496232 231529 236015 492173
492938 439706 350000 420156 408058 319317 298494 338537 796419 777791 767308 732456 713514 731585 679741 666480 686003 673847 384253 305913 630000 400832 712046 100000 172110 189442 320907 695399 633385 352982
425576 436155 336008 422025 413847 314709 302485 350000 757419 739531 726498 690931 672713 695399 634883 627731 652268 637122 386355 234164 571699 333452 657315 172110 100000 221655 261245 631507 570425 284391
484707 354951 274642 333452 320227 238923 214018 250000 733246 714003 706383 672713 653173 666127 624690 604480 618652 609608 297990 328035 596488 396816 670789 189442 221655 100000 305913 672800 609608 356125
278885 370185 271172 370740 372947 280278 292354 337697 607740 590918 575079 539090 521900 550000 480132 480132 511096 492046 343311 189442 410644 192195 496232 320907 261245 305913 100000 474833 412570 163246
310950 588365 552769 610882 626308 587647 614296 638516 435409 432415 402655 380179 380179 430150 331948 386355 435409 405941 608035 510488 200000 400000 231529 695399 631507 672800 474833 100000 163246 450000
255242 531393 491152 552769 567547 525441 551774 577074 432415 425730 397321 369258 364764 414006 312132 360000 410000 380000 548219 452278 160000 340832 236015 633385 570425 609608 412570 163246 100000 390689
241421 430150 333452 432415 435409 343516 354951 400832 626308 610882 592037 556070 540454 573814 494081 503113 539318 517253 405941 163246 400832 150000 492173 352982 284391 356125 163246 450000 390689 100000
0 9600000
3880000 9110000
300000 5460000
3530000 7080000
400000 6300000
2280000 6670000
1610000 5580000
2290000 6240000
4100000 9050000
430000 6170000
4100000 8230000
1140000 5610000
360000 6580000
1910000 5860000
2010000 6700000
330000 5680000
4290000 8380000
490000 5040000
370000 5970000
2390000 6300000
4480000 8730000
90000 5100000
270000 6220000
1350000 5560000
1900000 6590000
2150000 6080000
900000 5490000
3730000 9280000
4180000 8250000
140000 4990000
# scale factor = 10000
