45
0 360555 335409 316228 335261 323883 380789 353553 392938 412311 403113 451774 400500 350571 450000 350000 450444 350571 452769 372022 383275 450444 380526 250000 141421 269258 471699 424264 269258 206155 111803 100000 196469 360555 570088 499799 147648 192353 322025 382099 147648 206155 481664 205183 192353
460555 100000 560977 512311 517612 470000 574342 480789 538634 547214 503113 887464 833757 786222 876209 780074 871298 774462 864853 120000 493573 881601 814703 602494 323607 659017 801782 708276 306155 659017 527200 382843 286011 700000 864853 870584 476563 618652 660089 665685 595782 660802 740312 553982 270294
435409 560977 100000 150000 153852 201980 150000 211803 194340 211803 241421 553431 506079 477359 524264 460555 510366 444093 490512 557056 228062 538634 494081 258114 420156 323607 354951 250000 354951 453553 354951 490512 522019 280278 404138 445398 287883 372947 255563 211803 537379 560435 280278 260000 482753
416228 512311 150000 100000 120000 153852 170711 170711 180000 200000 211803 587955 538634 506079 560977 490512 548219 475366 530116 507922 194340 574236 525206 280278 382843 350000 404138 300000 306155 464005 350000 460555 482884 323607 453553 492173 272627 384605 294165 261245 531045 560977 328035 267631 442053
435261 517612 153852 120000 100000 150000 158310 158310 160000 180000 194340 602096 553431 522019 574236 506079 560977 490512 542041 512311 178101 587955 540454 297231 397321 366271 408058 300998 311896 483275 370000 477359 496232 333238 451283 499249 292354 403645 306155 264924 550999 580937 323607 286815 454683
423883 470000 201980 153852 150000 100000 204403 130000 178101 194340 180000 638145 587955 553431 612250 538634 600000 524264 582597 464005 160000 624976 573814 326716 366271 397321 456931 350799 265529 499249 374591 453412 461248 377308 501123 545982 291050 422025 346982 313776 550444 586621 372947 305913 418277
480789 574342 150000 170711 158310 204403 100000 200000 158310 170711 211803 592037 546542 520595 560977 503113 545982 485876 524264 568402 204403 576340 535660 306155 453553 369258 369258 258114 369258 503113 404138 530116 553431 312132 400000 467151 334094 422490 294165 230384 586621 610392 270294 310000 512311
453553 480789 211803 170711 158310 130000 200000 100000 158310 170711 150000 658659 609313 576340 631507 560977 618556 545982 600000 473363 130000 644885 595782 350000 391548 420156 464005 354951 280278 527200 404138 480789 484187 391548 500000 556946 320907 449285 364007 321359 580416 616236 370185 332594 440588
492938 538634 194340 180000 160000 178101 158310 158310 100000 120000 153852 646717 600000 571699 616624 554863 602096 538292 581041 530813 150000 631507 588262 350799 444093 417648 426956 315407 338537 541475 430000 529418 539318 369072 451283 525441 351794 461385 348395 288680 610882 640832 320907 345153 496232
512311 547214 211803 200000 180000 194340 170711 170711 120000 100000 150000 662228 616140 588774 631507 571699 616624 554863 594975 538634 153852 646717 604777 369258 460555 435409 435409 323607 350000 560977 450000 547214 554533 382843 453553 535660 371662 480789 364007 300000 630848 660802 323607 364764 511096
503113 503113 241421 211803 194340 180000 211803 150000 153852 150000 100000 694643 646717 616140 665685 600000 651725 584149 631507 493573 120000 680000 634135 391548 435409 460555 480789 369258 312132 574342 453553 527200 524382 420156 503113 578853 370740 495601 396985 341868 630377 665685 372947 378568 480132
551774 887464 553431 587955 602096 638145 592037 658659 646717 662228 694643 100000 153852 201980 140000 207703 160000 216619 190000 893788 680000 120000 172801 414006 667539 344131 394279 471618 721772 350200 461385 651453 746297 383019 490000 310950 516293 369258 398329 472156 490512 441760 520595 449857 733482
500500 833757 506079 538634 553431 587955 546542 609313 600000 616140 646717 153852 100000 150000 153852 153852 164030 164030 186023 840000 631507 150000 120000 362488 614198 292094 370000 435261 668242 302237 408058 600400 694138 341661 473363 302485 462491 315870 352389 431059 447851 404138 488330 396816 680517
450571 786222 477359 506079 522019 553431 520595 576340 571699 588774 616140 201980 150000 100000 201980 120000 207703 140000 222066 792891 600000 200000 130000 326716 565725 256205 374591 423883 624786 252971 359615 550444 644518 325610 483275 324722 417648 267631 328472 413209 400832 360768 481182 356125 631507
550000 876209 524264 560977 574236 612250 560977 631507 616624 631507 665685 140000 153852 201980 100000 200000 120000 201980 150000 881601 651725 120000 172801 391548 659017 323607 354951 435409 704152 354951 453553 650000 741949 350000 450000 271172 501622 361725 368701 438378 501622 457771 482753 431059 726498
450000 780074 460555 490512 506079 538634 503113 560977 554863 571699 600000 207703 153852 120000 200000 100000 201980 120000 211803 786222 584149 201980 136056 312132 560977 241421 354951 404138 614782 258114 354951 550000 642310 306155 464005 308087 408707 262788 310238 394109 408707 372029 461248 344131 627731
550444 871298 510366 548219 560977 600000 545982 618556 602096 616624 651725 160000 164030 207703 120000 201980 100000 200000 130000 876209 638145 140000 180623 381780 655788 315407 335372 417648 696153 359615 451283 650364 740703 334307 430000 251327 495601 360192 354951 422025 508534 467151 464005 423110 723939
450571 774462 444093 475366 490512 524264 485876 545982 538292 554863 584149 216619 164030 140000 201980 120000 200000 100000 204403 780074 568615 207703 150000 298494 557056 228062 335372 384429 605371 265529 351794 550444 640832 286815 444819 292094 400832 260311 292354 375135 417648 384253 441321 333238 624690
552769 864853 490512 530116 542041 582597 524264 600000 581041 594975 631507 190000 186023 222066 150000 211803 130000 204403 100000 869025 618556 170000 198995 369258 652268 306155 306155 391548 685235 369258 450000 652268 740000 312132 400000 221655 488330 360768 336008 398329 520476 482753 436155 413209 721289
472022 120000 557056 507922 512311 464005 568402 473363 530813 538634 493573 893788 840000 792891 881601 786222 876209 780074 869025 100000 484838 887464 821110 604876 333238 662938 800643 705310 302237 668242 534626 397321 302485 700333 861183 871622 480789 625547 660802 663205 609313 673847 735610 557056 283848
483275 493573 228062 194340 178101 160000 204403 130000 150000 153852 120000 680000 631507 600000 651725 584149 638145 568615 618556 484838 100000 665685 618556 374591 417648 444093 473363 362488 298494 555412 433766 508534 508044 408058 501123 569574 350799 476962 383196 332594 610392 645894 370740 360000 464005
550444 881601 538634 574236 587955 624976 576340 644885 631507 646717 680000 120000 150000 200000 120000 201980 140000 207703 170000 887464 665685 100000 170000 402324 662938 333238 374591 453412 712699 351794 456931 650364 743817 366271 470000 291050 508534 364764 383196 455105 495601 449285 501622 440000 729682
480526 814703 494081 525206 540454 573814 535660 595782 588262 604777 634135 172801 120000 130000 172801 136056 180623 150000 198995 821110 618556 170000 100000 347588 594773 276918 370740 429848 650727 282483 388617 580416 674282 334094 476563 310238 444384 296469 341868 423110 428938 386531 484707 380179 660892
350000 602494 258114 280278 297231 326716 306155 350000 350799 369258 391548 414006 362488 326716 391548 312132 381780 298494 369258 604876 374591 402324 347588 100000 404138 170711 323607 280278 416228 300000 241421 435409 502616 211803 420156 370740 231529 220416 172110 243177 408707 417805 341868 150990 474833
241421 323607 420156 382843 397321 366271 453553 391548 444093 460555 435409 667539 614198 565725 659017 560977 655788 557056 652268 333238 417648 662938 594773 404138 100000 450000 622015 547214 250000 435409 306155 200000 202956 512311 704152 674282 272627 398329 471079 502492 386007 447131 593964 353180 170711
369258 659017 323607 350000 366271 397321 369258 420156 417648 435409 460555 344131 292094 256205 323607 241421 315407 228062 306155 662938 444093 333238 276918 170711 450000 100000 312132 306155 480789 258114 258114 464005 542832 211803 420156 330867 282483 192195 190554 280278 392062 386355 369258 207703 520119
571699 801782 354951 404138 408058 456931 369258 464005 426956 435409 480789 394279 370000 374591 354951 354951 335372 335372 306155 800643 473363 374591 370740 323607 622015 312132 100000 211803 600000 460555 460555 659017 722977 211803 211803 206301 451141 404138 252315 243177 603289 590918 236015 373130 692030
524264 708276 250000 300000 300998 350799 258114 354951 315407 323607 369258 471618 435261 423883 435409 404138 417648 384429 391548 705310 362488 453412 429848 280278 547214 306155 211803 100000 503113 464005 420156 600000 650091 200000 258114 314009 386007 391548 217047 144721 587647 590408 163246 319317 614782
369258 306155 354951 306155 311896 265529 369258 280278 338537 350000 312132 721772 668242 624786 704152 614782 696153 605371 685235 302237 298494 712699 650727 416228 250000 480789 600000 503113 100000 524264 382843 350000 319317 503113 659017 675587 308087 464005 464966 461248 516293 570106 534166 373130 274642
306155 659017 453553 464005 483275 499249 503113 527200 541475 560977 574342 350200 302237 252971 354951 258114 359615 265529 369258 668242 555412 351794 282483 300000 435409 258114 460555 464005 524264 100000 241421 404138 502616 369258 571699 448281 322036 180623 347386 435409 252643 230384 527200 296469 495601
211803 527200 354951 350000 370000 374591 404138 404138 430000 450000 453553 461385 408058 359615 453553 354951 451283 351794 450000 534626 433766 456931 388617 241421 306155 258114 460555 420156 382843 241421 100000 306155 390000 350000 560977 488973 185440 192195 312603 380179 282483 312132 480132 202956 372947
200000 382843 490512 460555 477359 453412 530116 480789 529418 547214 527200 651453 600400 550444 650000 550000 650364 550444 652268 397321 508534 650364 580416 435409 200000 464005 659017 600000 350000 404138 306155 100000 202956 547214 751919 694811 314009 391548 507063 556070 314009 380179 653173 386531 214018
296469 286011 522019 482884 496232 461248 553431 484187 539318 554533 524382 746297 694138 644518 741949 642310 740703 640832 740000 302485 508044 743817 674282 502616 202956 542832 722977 650091 319317 502616 390000 202956 100000 612445 806824 770819 372029 480526 571275 605371 416228 482753 696825 451710 144721
460555 700000 280278 323607 333238 377308 312132 391548 369072 382843 420156 383019 341661 325610 350000 306155 334307 286815 312132 700333 408058 366271 334094 211803 512311 211803 211803 200000 503113 369258 350000 547214 612445 100000 312132 272627 340416 302485 141231 189442 502244 498121 261245 261555 582701
670087 864853 404138 453553 451283 501123 400000 500000 451283 453553 503113 490000 473363 483275 450000 464005 430000 444819 400000 861183 501123 470000 476563 420156 704152 420156 211803 258114 659017 571699 560977 751919 806824 312132 100000 281108 539090 512311 348395 302485 712209 702080 230384 466197 772309
599800 870584 445398 492173 499249 545982 467151 556946 525441 535660 578853 310950 302485 324722 271172 308087 251327 292094 221655 871622 569574 291050 310238 370740 674282 330867 206301 314009 675587 448281 488973 694811 770819 272627 281108 100000 501995 413050 310950 337065 600000 573814 342074 421403 744980
247648 476563 287883 272627 292354 291050 334094 320907 351794 371662 370740 516293 462491 417648 501622 408707 495601 400832 488330 480789 350799 508534 444384 231529 272627 282483 451141 386007 308087 322036 185440 314009 372029 340416 539090 501995 100000 256205 299249 342074 360000 396141 439706 180623 343311
292354 618652 372947 384605 403645 422025 422490 449285 461385 480789 495601 369258 315870 267631 361725 262788 360192 260311 360768 625547 476962 364764 296469 220416 398329 192195 404138 391548 464005 180623 192195 391548 480526 302485 512311 413050 256205 100000 274642 359615 300000 299249 454683 217047 464966
422025 660089 255563 294165 306155 346982 294165 364007 348395 364007 396985 398329 352389 328472 368701 310238 354951 292354 336008 660802 383196 383196 341868 172110 471079 190554 252315 217047 464966 347386 312603 507063 571275 141231 348395 310950 299249 274642 100000 190000 472156 473363 280278 220829 541475
482099 665685 211803 261245 264924 313776 230384 321359 288680 300000 341868 472156 431059 413209 438378 394109 422025 375135 398329 663205 332594 455105 423110 243177 502492 280278 243177 144721 461248 435409 380179 556070 605371 189442 302485 337065 342074 359615 190000 100000 551885 558803 200000 278045 570106
247648 595782 537379 531045 550999 550444 586621 580416 610882 630848 630377 490512 447851 400832 501622 408707 508534 417648 520476 609313 610392 495601 428938 408707 386007 392062 603289 587647 516293 252643 282483 314009 416228 502244 712209 600000 360000 300000 472156 551885 100000 167082 650091 381603 425576
306155 660802 560435 560977 580937 586621 610392 616236 640832 660802 665685 441760 404138 360768 457771 372029 467151 384253 482753 673847 645894 449285 386531 417805 447131 386355 590918 590408 570106 230384 312132 380179 482753 498121 702080 573814 396141 299249 473363 558803 167082 100000 653623 400666 490512
581664 740312 280278 328035 323607 372947 270294 370185 320907 323607 372947 520595 488330 481182 482753 461248 464005 441321 436155 735610 370740 501622 484707 341868 593964 369258 236015 163246 534166 527200 480132 653173 696825 261245 230384 342074 439706 454683 280278 200000 650091 653623 100000 378029 659464
305183 553982 260000 267631 286815 305913 310000 332594 345153 364764 378568 449857 396816 356125 431059 344131 423110 333238 413209 557056 360000 440000 380179 150990 353180 207703 373130 319317 373130 296469 202956 386531 451710 261555 466197 421403 180623 217047 220829 278045 381603 400666 378029 100000 423883
292354 270294 482753 442053 454683 418277 512311 440588 496232 511096 480132 733482 680517 631507 726498 627731 723939 624690 721289 283848 464005 729682 660892 474833 170711 520119 692030 614782 274642 495601 372947 214018 144721 582701 772309 744980 343311 464966 541475 570106 425576 490512 659464 423883 100000
0 9600000
4250000 9130000
2130000 6480000
4040000 7530000
330000 5110000
460000 5190000
3950000 9110000
350000 6970000
390000 5280000
940000 5350000
3940000 9090000
2180000 5710000
850000 5420000
3910000 8020000
450000 5170000
2290000 6400000
450000 5230000
3890000 9140000
3860000 9040000
3150000 7820000
380000 6060000
3960000 9040000
3410000 6580000
250000 5160000
4200000 8970000
2270000 6860000
4010000 9020000
420000 7060000
4010000 9230000
200000 4980000
110000 5300000
4360000 9070000
3300000 9300000
4300000 9130000
630000 5200000
3900000 9000000
140000 5060000
190000 5660000
2120000 6050000
2720000 5650000
140000 5810000
200000 5390000
4260000 7870000
1490000 5860000
3560000 9300000
# scale factor = 10000
