29
0 350571 452769 585235 570088 557136 522015 520000 502892 510784 514782 474341 372022 403113 308058 450444 353412 471699 291548 390512 252982 254951 499799 120416 524786 42426 147648 171172 206155
450571 100000 204403 689406 704070 660446 657136 622015 638516 612445 580521 610784 792891 833757 732456 207703 494462 335372 436006 374591 474833 582597 292094 543847 406757 420156 417648 480789 384253
552769 204403 100000 750000 770819 722415 726498 686003 709016 676975 638516 683095 897120 938152 836817 170000 576340 306155 524264 435409 570106 683095 221655 648179 420000 520476 520476 583011 482753
685235 689406 750000 100000 150000 130000 170711 170000 186023 180000 211803 211803 699083 751919 682580 686003 335372 924621 404138 416228 432415 490512 868960 638516 475366 704401 539659 520476 496232
670087 704070 770819 150000 100000 158310 150000 186023 170000 194340 241421 200000 658032 710328 644885 709016 330000 938152 400000 435409 417805 460555 887908 614296 510366 692283 527551 501622 490512
657136 660446 722415 130000 158310 100000 153852 140000 164030 150000 186023 186023 683095 736318 664004 659017 306155 895550 374591 387924 404631 467967 840945 613128 453553 675674 511096 493573 466742
622015 657136 726498 170711 150000 153852 100000 153852 120000 158310 211803 150000 630000 683095 612250 666039 280000 890569 350000 391548 369258 420156 842496 570106 478021 643415 478549 454683 440588
620000 622015 686003 170000 186023 140000 153852 100000 150000 110000 158310 158310 663560 717171 640832 623546 267631 856902 335372 350799 368328 439706 803847 580104 426497 637587 473363 458469 427567
602892 638516 709016 186023 170000 164030 120000 150000 100000 150990 204403 130000 619711 673062 600000 649181 260000 871622 330000 374591 350000 404795 824500 552769 466197 623927 459026 436155 420623
610784 612445 676975 180000 194340 150000 158310 110000 150990 100000 153852 153852 659017 712699 635350 614782 258114 847262 325610 341661 359422 433016 794622 572017 420156 628110 464005 449857 417805
614782 580521 638516 211803 241421 186023 211803 158310 204403 153852 100000 200000 696153 750000 668242 574236 264012 815891 323607 306155 370185 460555 757875 588365 369072 628015 467151 462353 413847
574342 610784 683095 211803 200000 186023 150000 158310 130000 153852 200000 100000 605371 659017 582597 624309 230000 843302 300000 350000 321359 382843 797711 527200 449857 594773 429848 408707 390689
472022 792891 897120 699083 658032 683095 630000 663560 619711 659017 696153 605371 100000 153852 164030 876209 560977 943149 550999 700750 480526 351794 963134 355539 851665 514005 480789 423883 534166
503113 833757 938152 751919 710328 736318 683095 717171 673062 712699 750000 659017 153852 100000 201980 920000 614198 974643 602494 751919 531856 404138 999611 391548 903057 544185 525793 471214 581664
408058 732456 836817 682580 644885 664004 612250 640832 600000 635350 668242 582597 164030 201980 100000 818053 523792 879359 506079 654437 435409 311896 900562 292354 805762 450000 423883 370185 480526
550444 207703 170000 686003 709016 659017 666039 623546 649181 614782 574236 624309 876209 920000 818053 100000 524264 374591 478021 374591 530465 650364 291050 634603 350000 522966 495601 555412 449285
453412 494462 576340 335372 330000 306155 280000 267631 260000 258114 264012 230000 560977 614198 523792 524264 100000 722415 170000 265529 206301 311896 685235 425269 404138 470000 306155 298494 261245
571699 335372 306155 924621 938152 895550 890569 856902 871622 847262 815891 843302 943149 974643 879359 374591 722415 100000 659017 609902 685235 772681 206301 688218 622398 530465 603289 666392 590918
391548 436006 524264 404138 400000 374591 350000 335372 330000 325610 323607 300000 550999 602494 506079 478021 170000 659017 100000 250000 170711 300000 628015 380179 400666 404631 244222 252643 192195
490512 374591 435409 416228 435409 387924 391548 350799 374591 341661 306155 350000 700750 751919 654437 374591 265529 609902 250000 100000 320227 450000 553100 512311 251327 488973 359422 391203 292354
352982 474833 570106 432415 417805 404631 369258 368328 350000 359422 370185 321359 480526 531856 435409 530465 206301 685235 170711 320227 100000 230384 665862 319317 471214 374591 210454 192195 194340
354951 582597 683095 490512 460555 467967 420156 439706 404795 433016 460555 382843 351794 404138 311896 650364 311896 772681 300000 450000 230384 100000 768431 262788 600400 391203 269706 206301 301246
599800 292094 221655 868960 887908 840945 842496 803847 824500 794622 757875 797711 963134 999611 900562 291050 685235 206301 628015 553100 665862 768431 100000 708358 540454 561736 600000 664004 573814
220416 543847 648179 638516 614296 613128 570106 580104 552769 572017 588365 527200 355539 391548 292354 634603 425269 688218 380179 512311 319317 262788 708358 100000 659732 262788 255242 228062 321359
624786 406757 420000 475366 510366 453553 478021 426497 466197 420156 369072 449857 851665 903057 805762 350000 404138 622398 400666 251327 471214 600400 540454 659732 100000 616140 504968 541475 438378
142426 420156 520476 704401 692283 675674 643415 637587 623927 628110 628015 594773 514005 544185 450000 522966 470000 530465 404631 488973 374591 391203 561736 262788 616140 100000 264924 300250 314709
247648 417648 520476 539659 527551 511096 478549 473363 459026 464005 467151 429848 480789 525793 423883 495601 306155 603289 244222 359422 210454 269706 600000 255242 504968 264924 100000 164030 167082
271172 480789 583011 520476 501622 493573 454683 458469 436155 449857 462353 408707 423883 471214 370185 555412 298494 666392 252643 391203 192195 206301 664004 228062 541475 300250 164030 100000 210454
306155 384253 482753 496232 490512 466742 440588 427567 420623 417805 413847 390689 534166 581664 480526 449285 261245 590918 192195 292354 194340 301246 573814 321359 438378 314709 167082 210454 100000
0 9600000
6810000 8010000
7840000 9040000
5290000 6490000
1460000 2660000
1490000 2690000
1940000 3140000
2460000 3660000
1650000 2850000
6210000 7410000
800000 2000000
4870000 6070000
2780000 3980000
3290000 4490000
3760000 4960000
7320000 8520000
5070000 6270000
7820000 9020000
1670000 2870000
390000 1590000
2680000 3880000
2410000 3610000
7640000 8840000
3550000 4750000
7130000 8330000
3590000 4790000
140000 1340000
3920000 5120000
1000000 2200000
# scale factor = 10000
