40
0 785 1090 801 1074 1018 171 436 566 410 723 720 859 997 1270 1065 280 191 945 522 205 543 1022 597 1267 417 813 919 392 829 766 425 352 338 523 369 684 834 732 828
785 0 615 488 739 646 911 815 913 378 510 492 592 819 793 810 863 602 524 584 898 243 666 234 810 368 788 456 768 476 832 836 497 783 275 673 186 472 916 152
1090 615 0 291 188 128 1131 836 843 751 376 376 270 366 190 292 994 973 144 598 1086 722 146 793 199 768 499 183 825 260 590 864 741 877 776 772 785 256 716 462
801 488 291 0 299 224 840 560 591 490 89 85 105 332 468 339 707 695 148 310 796 500 233 594 467 512 324 150 542 37 394 588 456 591 553 483 614 44 508 359
1074 739 188 299 0 93 1086 755 734 790 356 364 216 189 241 104 932 987 215 554 1035 795 73 882 222 812 362 284 757 288 455 783 743 814 849 724 892 288 580 591
1018 646 128 224 93 0 1044 730 726 713 294 299 164 241 257 182 898 920 122 508 995 709 22 794 249 734 372 191 725 206 464 758 679 780 764 682 800 205 590 497
171 911 1131 840 1086 1044 0 366 474 532 755 755 880 982 1300 1061 175 349 988 536 62 676 1044 744 1294 546 783 974 341 873 720 346 433 280 665 362 831 878 660 932
436 815 836 560 755 730 366 0 137 500 471 478 568 628 985 715 192 485 703 262 305 635 725 738 974 528 424 709 58 597 355 28 349 98 655 149 813 604 297 775
566 913 843 591 734 726 474 137 0 624 506 517 574 582 973 676 300 623 722 333 411 752 717 859 957 653 377 741 194 628 291 141 474 232 777 276 930 635 194 855
410 378 751 490 790 713 532 500 624 0 443 431 580 779 941 816 500 241 613 352 522 147 724 239 945 30 655 569 444 507 657 513 150 441 155 350 320 509 695 420
723 510 376 89 356 294 755 471 506 443 0 17 140 341 547 373 619 630 235 222 709 478 299 580 543 468 278 238 453 126 333 499 387 502 528 396 613 133 437 399
720 492 376 85 364 299 755 478 517 431 17 0 149 357 550 385 622 622 233 225 711 462 305 563 547 455 296 230 458 120 350 506 380 506 513 398 595 126 452 382
859 592 270 105 216 164 880 568 574 580 140 149 0 227 421 238 733 771 155 344 831 601 164 697 413 604 253 198 561 118 336 596 527 615 654 517 719 122 459 458
997 819 366 332 189 241 982 628 582 779 341 357 227 0 422 99 816 942 332 479 925 819 221 919 399 806 206 396 642 343 292 654 699 702 870 631 945 347 409 683
1270 793 190 468 241 257 1300 985 973 941 547 550 421 422 0 325 1155 1160 329 764 1252 911 260 980 32 958 603 373 981 442 696 1013 924 1037 966 938 968 438 821 641
1065 810 292 339 104 182 1061 715 676 816 373 385 238 99 325 0 899 996 295 542 1006 839 160 933 301 841 299 364 724 339 388 741 751 783 892 704 951 341 508 666
280 863 994 707 932 898 175 192 300 500 619 622 733 816 1155 899 0 392 855 397 113 647 895 735 1146 521 615 849 175 742 548 171 366 118 651 225 818 748 484 856
191 602 973 695 987 920 349 485 623 241 630 622 771 942 1160 996 392 0 831 467 362 358 927 406 1162 239 781 794 429 718 756 485 244 394 334 364 493 722 753 660
945 524 144 148 215 122 988 703 722 613 235 233 155 332 329 295 855 831 0 458 944 596 142 676 332 631 407 69 688 116 492 731 597 738 651 631 680 111 614 375
522 584 598 310 554 508 536 262 333 352 222 225 344 479 764 542 397 467 458 0 488 451 508 561 757 382 316 454 234 346 306 288 232 281 487 174 622 352 349 523
205 898 1086 796 1035 995 62 305 411 522 709 711 831 925 1252 1006 113 362 944 488 0 668 994 744 1244 538 725 933 283 830 660 285 408 223 662 314 830 836 598 909
543 243 722 500 795 709 676 635 752 147 478 462 601 819 911 839 647 358 596 451 668 0 724 110 921 129 727 540 581 506 746 651 290 584 54 486 177 506 801 320
1022 666 146 233 73 22 1044 725 717 724 299 305 164 221 260 160 895 927 142 508 994 724 0 810 250 745 358 211 721 218 451 753 685 777 778 681 818 218 577 517
597 234 793 594 882 794 744 738 859 239 580 563 697 919 980 933 735 406 676 561 744 110 810 0 993 214 835 615 683 596 856 753 389 681 84 588 87 595 911 355
1267 810 199 467 222 249 1294 974 957 945 543 547 413 399 32 301 1146 1162 332 757 1244 921 250 993 0 964 585 381 971 443 678 1001 924 1027 976 931 983 440 802 657
417 368 768 512 812 734 546 528 653 30 468 455 604 806 958 841 521 239 631 382 538 129 745 214 964 0 685 585 471 527 688 540 179 467 130 378 296 529 725 421
813 788 499 324 362 372 783 424 377 655 278 296 253 206 603 299 615 781 407 316 725 727 358 835 585 685 0 450 442 354 93 450 548 503 772 444 879 361 219 676
919 456 183 150 284 191 974 709 741 569 238 230 198 396 373 364 849 794 69 454 933 540 211 615 381 585 450 0 688 112 530 737 568 735 594 624 615 105 649 306
392 768 825 542 757 725 341 58 194 444 453 458 561 642 981 724 175 429 688 234 283 581 721 683 971 471 442 688 0 579 382 69 293 60 599 95 759 585 340 735
829 476 260 37 288 206 873 597 628 507 126 120 118 343 442 339 742 718 116 346 830 506 218 596 443 527 354 112 579 0 427 625 482 627 560 518 611 7 542 341
766 832 590 394 455 464 720 355 291 657 333 350 336 292 696 388 548 756 492 306 660 746 451 856 678 688 93 530 382 427 0 378 535 442 787 401 907 434 126 732
425 836 864 588 783 758 346 28 141 513 499 506 596 654 1013 741 171 485 731 288 285 651 753 753 1001 540 450 737 69 625 378 0 363 91 669 165 829 632 314 799
352 497 741 456 743 679 433 349 474 150 387 380 527 699 924 751 366 244 597 232 408 290 685 389 924 179 548 568 293 482 535 363 0 294 306 199 467 486 557 500
338 783 877 591 814 780 280 98 232 441 502 506 615 702 1037 783 118 394 738 281 223 584 777 681 1027 467 503 735 60 627 442 91 294 0 597 117 761 633 394 762
523 275 776 553 849 764 665 655 777 155 528 513 654 870 966 892 651 334 651 487 662 54 778 84 976 130 772 594 599 560 787 669 306 597 0 505 168 560 836 368
369 673 772 483 724 682 362 149 276 350 396 398 517 631 938 704 225 364 631 174 314 486 681 588 931 378 444 624 95 518 401 165 199 117 505 0 664 524 388 646
684 186 785 614 892 800 831 813 930 320 613 595 719 945 968 951 818 493 680 622 830 177 818 87 983 296 879 615 759 611 907 829 467 761 168 664 0 609 970 329
834 472 256 44 288 205 878 604 635 509 133 126 122 347 438 341 748 722 111 352 836 506 218 595 440 529 361 105 585 7 434 632 486 633 560 524 609 0 549 336
732 916 716 508 580 590 660 297 194 695 437 452 459 409 821 508 484 753 614 349 598 801 577 911 802 725 219 649 340 542 126 314 557 394 836 388 970 549 0 828
828 152 462 359 591 497 932 775 855 420 399 382 458 683 641 666 856 660 375 523 909 320 517 355 657 421 676 306 735 341 732 799 500 762 368 646 329 336 828 0
0 10710
920 1010
6780 7100
3200 3400
3870 4150
4150 4360
2280 2460
2680 2850
5490 5610
380 480
5930 6150
3020 3390
3660 3870
4470 4600
8940 9270
4110 4250
2100 2270
90 320
3680 3940
2910 3010
10260 10500
540 680
3910 4080
520 770
7080 7200
8070 8140
5140 5340
3300 3560
1850 2160
3530 3740
4730 5060
1770 1990
1420 1630
1750 2000
1130 1320
1540 1920
580 800
3150 3430
4830 5020
6430 6600
# scale factor = 10
