36
0 308058 403113 350571 350571 452769 585235 510784 474341 430116 372022 360555 403113 308058 335409 353412 377359 450444 353412 180278 471699 158114 130384 252982 254951 274591 360555 499799 76158 120416 270185 524786 42426 120416 171172 205183
408058 100000 201980 732456 720967 811969 957555 890569 846257 541475 503113 483275 492938 460000 433766 437343 172801 828011 740312 588262 753758 350799 524853 634135 574236 522019 650364 820069 475366 419061 678014 932166 417648 526380 542041 501995
503113 201980 100000 833757 822771 913941 1030054 966833 920061 550000 522966 503113 500000 492938 453553 451283 130000 929699 821388 683095 851665 420156 623927 715224 640832 574236 750000 920549 566154 496232 771193 1027847 516293 618652 623259 603587
450571 732456 833757 100000 140000 222066 650818 574342 574236 836817 780074 774462 822771 720967 762873 782495 805194 200000 460555 315407 374591 600899 320227 448281 561411 642310 325610 324722 423883 535660 305183 369258 423883 378927 462491 356125
450571 720967 822771 140000 100000 204403 689406 612445 610784 850267 792891 786222 833757 732456 771863 791230 793758 207703 494462 333238 335372 604876 322036 474833 582597 659017 286815 292094 432415 543847 336008 406757 420156 391548 480789 333238
552769 811969 913941 222066 204403 100000 750000 676975 683095 954400 897120 890569 938152 836817 876209 895550 884474 170000 576340 435409 306155 708276 425576 570106 683095 762118 312132 221655 536807 648179 425576 420000 520476 495601 583011 413209
685235 957555 1030054 650818 689406 750000 100000 180000 211803 726498 699083 710328 751919 682580 740312 756049 1012634 686003 335372 552769 924621 710328 644518 432415 490512 574236 856637 868960 609215 638516 480132 475366 704401 575395 520476 791808
610784 890569 966833 574342 612445 676975 180000 100000 153852 692368 659017 668242 712699 635350 693633 710574 948116 614782 258114 473363 847262 646717 565296 359422 433016 524382 777422 794622 534626 572017 400167 420156 628110 498497 449857 712046
574342 846257 920061 574236 610784 683095 211803 153852 100000 638516 605371 614782 659017 582597 640832 657584 902122 624309 230000 450000 843302 600000 540454 321359 382843 472022 767082 797711 498497 527200 386355 449857 594773 466742 408707 690000
530116 541475 550000 836817 850267 954400 726498 692368 638516 100000 158310 170711 150000 222066 211803 204403 550999 932406 604876 622015 1001388 382843 636656 530116 400000 300998 890569 1021303 520476 413847 665685 900250 572017 558803 478549 734114
472022 503113 522966 780074 792891 897120 699083 659017 605371 158310 100000 120000 153852 164030 170000 172801 520476 876209 560977 565725 943149 326716 578539 480526 351794 250333 832393 963134 462491 355539 612445 851665 514005 501622 423883 676281
460555 483275 503113 774462 786222 890569 710328 668242 614782 170711 120000 100000 150000 153852 150000 153852 500500 871298 565725 560977 932166 312132 570106 482099 354951 252971 821110 954282 454683 345967 610882 853259 502244 495601 421403 664004
503113 492938 500000 822771 833757 938152 751919 712699 659017 150000 153852 150000 100000 201980 170711 158310 501123 920000 614198 609902 974643 350000 616236 531856 404138 302237 863217 999611 501622 391548 660802 903057 544185 543847 471214 704649
408058 460000 492938 720967 732456 836817 682580 635350 582597 222066 164030 153852 201980 100000 158310 176158 486394 818053 523792 507922 879359 264012 516293 435409 311896 211803 768506 900562 400832 292354 560109 805762 450000 442053 370185 612250
435409 433766 453553 762873 771863 876209 740312 693633 640832 211803 170000 150000 170711 158310 100000 120000 450571 861183 581041 552769 906226 280278 552217 490512 369258 270000 794622 933847 439559 328035 610392 859539 475899 484707 420623 635350
453412 437343 451283 782495 791230 895550 756049 710574 657584 204403 172801 153852 158310 176158 120000 100000 450000 880896 599800 572652 923650 297231 571275 510000 387924 287883 811969 952350 459026 347386 630377 879295 493573 504475 440588 652268
477359 172801 130000 805194 793758 884474 1012634 948116 902122 550999 520476 500500 501123 486394 450571 450000 100000 900812 800928 657584 821734 402324 596588 694643 624786 562385 720000 890569 542041 476430 746375 1002109 489102 594065 602494 573814
550444 828011 929699 200000 207703 170000 686003 614782 624309 932406 876209 871298 920000 818053 861183 880896 900812 100000 524264 410483 374591 700750 420156 530465 650364 735689 366271 291050 522966 634603 383019 350000 522966 476563 555412 440000
453412 740312 821388 460555 494462 576340 335372 258114 230000 604876 560977 565725 614198 523792 581041 599800 800928 524264 100000 320000 722415 503609 410644 206301 311896 413209 641202 685235 377308 425269 261555 404138 470000 340416 298494 560000
280278 588262 683095 315407 333238 435409 552769 473363 450000 622015 565725 560977 609902 507922 552769 572652 657584 410483 320000 100000 530116 404138 192195 256525 350000 426956 435409 518688 223693 330217 192195 444819 276918 170711 247648 340000
571699 753758 851665 374591 335372 306155 924621 847262 843302 1001388 943149 932166 974643 879359 906226 923650 821734 374591 722415 530116 100000 726498 474833 685235 772681 830000 211803 206301 589183 688218 560977 622398 530465 566905 666392 373130
258114 350799 420156 600899 604876 708276 710328 646717 600000 382843 326716 312132 350000 264012 280278 297231 402324 700750 503609 404138 726498 100000 382843 398329 323607 280000 614782 757875 281108 180623 479473 739062 296977 333452 308087 455105
230384 524853 623927 320227 322036 425576 644518 565296 540454 636656 578539 570106 616236 516293 552217 571275 596588 420156 410644 192195 474833 382843 100000 335372 400000 456090 370185 484707 216619 324722 278885 512311 207703 194340 294165 251327
352982 634135 715224 448281 474833 570106 432415 359422 321359 530116 480526 482099 531856 435409 490512 510000 694643 530465 206301 256525 685235 398329 335372 100000 230384 330217 591935 665862 277200 319317 247648 471214 374591 250000 192195 486394
354951 574236 640832 561411 582597 683095 490512 433016 382843 400000 351794 354951 404138 311896 369258 387924 624786 650364 311896 350000 772681 323607 400000 230384 100000 201980 670087 768431 296977 262788 372029 600400 391203 306155 206301 538292
374591 522019 574236 642310 659017 762118 574236 524382 472022 300998 250333 252971 302237 211803 270000 287883 562385 735689 413209 426956 830000 280000 456090 330217 201980 100000 722415 837835 340832 256525 464966 701332 416228 369258 280278 576340
460555 650364 750000 325610 286815 312132 856637 777422 767082 890569 832393 821110 863217 768506 794622 811969 720000 366271 641202 435409 211803 614782 370185 591935 670087 722415 100000 272627 481838 578017 480789 593356 419061 464005 564004 261555
599800 820069 920549 324722 292094 221655 868960 794622 797711 1021303 963134 954282 999611 900562 933847 952350 890569 291050 685235 518688 206301 757875 484707 665862 768431 837835 272627 100000 601199 708358 528019 540454 561736 568722 664004 421403
176158 475366 566154 423883 432415 536807 609215 534626 498497 520476 462491 454683 501622 400832 439559 459026 542041 522966 377308 223693 589183 281108 216619 277200 296977 340832 481838 601199 100000 211803 305913 565188 200000 153852 200499 341868
220416 419061 496232 535660 543847 648179 638516 572017 527200 413847 355539 345967 391548 292354 328035 347386 476430 634603 425269 330217 688218 180623 324722 319317 262788 256525 578017 708358 211803 100000 400832 659732 262788 260000 228062 425269
370185 678014 771193 305183 336008 425576 480132 400167 386355 665685 612445 610882 660802 560109 610392 630377 746375 383019 261555 192195 560977 479473 278885 247648 372029 464966 480789 528019 305913 400832 100000 360000 369072 252643 290000 415753
624786 932166 1027847 369258 406757 420000 475366 420156 449857 900250 851665 853259 903057 805762 859539 879295 1002109 350000 404138 444819 622398 739062 512311 471214 600400 701332 593356 540454 565188 659732 360000 100000 616140 511460 541475 608035
142426 417648 516293 423883 420156 520476 704401 628110 594773 572017 514005 502244 544185 450000 475899 493573 489102 522966 470000 276918 530465 296977 207703 374591 391203 416228 419061 561736 200000 262788 369072 616140 100000 230000 300250 262788
220416 526380 618652 378927 391548 495601 575395 498497 466742 558803 501622 495601 543847 442053 484707 504475 594065 476563 340416 170711 566905 333452 194340 250000 306155 369258 464005 568722 153852 260000 252643 511460 230000 100000 200000 340416
271172 542041 623259 462491 480789 583011 520476 449857 408707 478549 423883 421403 471214 370185 420623 440588 602494 555412 298494 247648 666392 308087 294165 192195 206301 280278 564004 664004 200499 228062 290000 541475 300250 200000 100000 436155
305183 501995 603587 356125 333238 413209 791808 712046 690000 734114 676281 664004 704649 612250 635350 652268 573814 440000 560000 340000 373130 455105 251327 486394 538292 576340 261555 421403 341868 425269 415753 608035 262788 340416 436155 100000
0 9600000
920000 3320000
400000 2800000
4770000 7170000
6210000 8610000
6640000 9040000
4690000 7090000
5610000 8010000
4270000 6670000
430000 2830000
2180000 4580000
360000 2760000
2690000 5090000
3160000 5560000
330000 2730000
1570000 3970000
370000 2770000
6640000 9040000
4470000 6870000
4970000 7370000
6620000 9020000
1980000 4380000
5060000 7460000
2080000 4480000
1810000 4210000
270000 2670000
5850000 8250000
6600000 9000000
7020000 9420000
2950000 5350000
3350000 5750000
6530000 8930000
2990000 5390000
6590000 8990000
3320000 5720000
2480000 4880000
# scale factor = 10000
