26
0 585235 570088 557136 522015 520000 502892 514782 442040 403113 308058 380789 180278 291548 390512 252982 254951 274591 76158 354683 120416 147648 210950 171172 206155 155242
685235 100000 150000 130000 170711 170000 186023 211803 717171 751919 682580 780074 600000 404138 416228 432415 490512 574236 609215 427567 575395 539659 504968 520476 496232 566476
670087 150000 100000 158310 150000 186023 170000 241421 673062 710328 644885 740312 571699 400000 435409 417805 460555 538634 594773 441760 565296 527551 480132 501622 490512 542832
657136 130000 158310 100000 153852 140000 164030 186023 704152 736318 664004 762873 576340 374591 387924 404631 467967 554533 581041 398329 546430 511096 480132 493573 466742 541022
622015 170711 150000 153852 100000 153852 120000 211803 650364 683095 612250 710328 530116 350000 391548 369258 420156 503609 546430 395466 515933 478549 436155 454683 440588 498245
620000 170000 186023 140000 153852 100000 150000 158310 688727 717171 640832 741405 545982 335372 350799 368328 439706 530116 543847 359615 508044 473363 448281 458469 427567 508044
602892 186023 170000 164030 120000 150000 100000 204403 642310 673062 600000 699083 514005 330000 374591 350000 404795 490512 527200 377308 496232 459026 419061 436155 420623 480789
614782 211803 241421 186023 211803 158310 204403 100000 726418 750000 668242 770819 560977 323607 306155 370185 460555 556508 539090 320907 498121 467151 461248 462353 413847 517253
542041 717171 673062 704152 650364 688727 642310 726418 100000 170000 234536 220000 377308 600400 750308 531045 400666 303961 529418 721289 566154 542719 435409 483275 592443 432415
503113 751919 710328 736318 683095 717171 673062 750000 170000 100000 201980 150000 354951 602494 751919 531856 404138 302237 501622 720725 543847 525793 430150 471214 581664 414006
408058 682580 644885 664004 612250 640832 600000 668242 234536 201980 100000 204403 252971 506079 654437 435409 311896 211803 400832 622398 442053 423883 331948 370185 480526 312132
480789 780074 740312 762873 710328 741405 699083 770819 220000 150000 204403 100000 350000 609902 757647 539318 416228 315407 488330 725140 534166 520476 435409 470540 580104 410000
280278 600000 571699 576340 530116 545982 514005 560977 377308 354951 252971 350000 100000 369258 512311 301246 211803 194340 252643 478549 289737 271172 200000 221655 330217 160000
391548 404138 400000 374591 350000 335372 330000 323607 600400 602494 506079 609902 369258 100000 250000 170711 300000 400666 316333 221655 274642 244222 274642 252643 192195 314709
490512 416228 435409 387924 391548 350799 374591 306155 750308 751919 654437 757647 512311 250000 100000 320227 450000 550444 424500 136056 372029 359422 422490 391203 292354 454401
352982 432415 417805 404631 369258 368328 350000 370185 531045 531856 435409 539318 301246 170711 320227 100000 230384 330217 277200 290263 250000 210454 204403 192195 194340 250000
354951 490512 460555 467967 420156 439706 404795 460555 400666 404138 311896 416228 211803 300000 450000 230384 100000 201980 296977 420623 306155 269706 150000 206301 301246 200499
374591 574236 538634 554533 503609 530116 490512 556508 303961 302237 211803 315407 194340 400666 550444 330217 201980 100000 340832 520000 369258 341661 231529 280278 388617 236015
176158 609215 594773 581041 546430 543847 527200 539090 529418 501622 400832 488330 252643 316333 424500 277200 296977 340832 100000 388444 153852 172110 248661 200499 234536 206301
454683 427567 441760 398329 395466 359615 377308 320907 721289 720725 622398 725140 478549 221655 136056 290263 420623 520000 388444 100000 336008 323607 390689 357099 256525 420156
220416 575395 565296 546430 515933 508044 496232 498121 566154 543847 442053 534166 289737 274642 372029 250000 306155 369258 153852 336008 100000 141231 256205 200000 186023 234164
247648 539659 527551 511096 478549 473363 459026 467151 542719 525793 423883 520476 271172 244222 359422 210454 269706 341661 172110 323607 141231 100000 220416 164030 167082 211803
310950 504968 480132 480132 436155 448281 419061 461248 435409 430150 331948 435409 200000 274642 422490 204403 150000 231529 248661 390689 256205 220416 100000 156569 258114 163246
271172 520476 501622 493573 454683 458469 436155 462353 483275 471214 370185 470540 221655 252643 391203 192195 206301 280278 200499 357099 200000 164030 156569 100000 210454 163246
306155 496232 490512 466742 440588 427567 420623 413847 592443 581664 480526 580104 330217 192195 292354 194340 301246 388617 234536 256525 186023 167082 258114 210454 100000 270294
255242 566476 542832 541022 498245 508044 480789 517253 432415 414006 312132 410000 160000 314709 454401 250000 200499 236015 206301 420156 234164 211803 163246 163246 270294 100000
0 9600000
0 8910000
1460000 2660000
1490000 2690000
1940000 3140000
2460000 3660000
0 8990000
800000 2000000
6570000 7770000
3290000 4490000
3760000 4960000
5740000 6940000
6010000 7210000
1670000 2870000
390000 1590000
2680000 3880000
2410000 3610000
0 9220000
8220000 9420000
0 9140000
0 9370000
140000 1340000
8080000 9280000
0 9320000
0 9290000
0 9340000
# scale factor = 10000
