28
0 585235 570088 557136 522015 520000 502892 510784 514782 474341 353412 335409 180278 158114 291548 390512 130384 252982 254951 429418 76158 120416 270185 354683 524786 42426 120416 171172
685235 100000 150000 130000 170711 170000 186023 180000 211803 211803 335372 512311 552769 710328 404138 416228 644518 432415 490512 493573 609215 638516 480132 427567 475366 704401 575395 520476
670087 150000 100000 158310 150000 186023 170000 194340 241421 200000 330000 527200 550000 683095 400000 435409 640370 417805 460555 518808 594773 614296 484707 441760 510366 692283 565296 501622
657136 130000 158310 100000 153852 140000 164030 150000 186023 186023 306155 483275 522966 686003 374591 387924 614782 404631 467967 467151 581041 613128 450143 398329 453553 675674 546430 493573
622015 170711 150000 153852 100000 153852 120000 158310 211803 150000 280000 480789 500000 640832 350000 391548 590408 369258 420156 478021 546430 570106 435409 395466 478021 643415 515933 454683
620000 170000 186023 140000 153852 100000 150000 110000 158310 158310 267631 444819 483275 654437 335372 350799 575184 368328 439706 432866 543847 580104 410161 359615 426497 637587 508044 458469
602892 186023 170000 164030 120000 150000 100000 150990 204403 130000 260000 462491 480000 624309 330000 374591 570425 350000 404795 462353 527200 552769 415753 377308 466197 623927 496232 436155
610784 180000 194340 150000 158310 110000 150990 100000 153852 153852 258114 435261 473363 646717 325610 341661 565296 359422 433016 424500 534626 572017 400167 350000 420156 628110 498497 449857
614782 211803 241421 186023 211803 158310 204403 153852 100000 200000 264012 404138 464005 665685 323607 306155 556070 370185 460555 381780 539090 588365 382843 320907 369072 628015 498121 462353
574342 211803 200000 186023 150000 158310 130000 153852 200000 100000 230000 435409 450000 600000 300000 350000 540454 321359 382843 439706 498497 527200 386355 350599 449857 594773 466742 408707
453412 335372 330000 306155 280000 267631 260000 258114 264012 230000 100000 326716 320000 503609 170000 265529 410644 206301 311896 359422 377308 425269 261555 250000 404138 470000 340416 298494
435409 512311 527200 483275 480789 444819 462491 435261 404138 435409 326716 100000 258114 560977 280278 200000 320227 337697 464005 194340 381603 484707 192195 185440 292094 424500 328035 380713
280278 552769 550000 522966 500000 483275 480000 473363 464005 450000 320000 258114 100000 404138 250000 312132 192195 256525 350000 350799 223693 330217 192195 276918 444819 276918 170711 247648
258114 710328 683095 686003 640832 654437 624309 646717 665685 600000 503609 560977 404138 100000 460555 592443 382843 398329 323607 650818 281108 180623 479473 556946 739062 296977 333452 308087
391548 404138 400000 374591 350000 335372 330000 325610 323607 300000 170000 280278 250000 460555 100000 250000 340832 170711 300000 335372 316333 380179 200000 221655 400666 404631 274642 252643
490512 416228 435409 387924 391548 350799 374591 341661 306155 350000 265529 200000 312132 592443 250000 100000 394109 320227 450000 194340 424500 512311 220416 136056 251327 488973 372029 391203
230384 644518 640370 614782 590408 575184 570425 565296 556070 540454 410644 320227 192195 382843 340832 394109 100000 335372 400000 414006 216619 324722 278885 360768 512311 207703 194340 294165
352982 432415 417805 404631 369258 368328 350000 359422 370185 321359 206301 337697 256525 398329 170711 320227 335372 100000 230384 402655 277200 319317 247648 290263 471214 374591 250000 192195
354951 490512 460555 467967 420156 439706 404795 433016 460555 382843 311896 464005 350000 323607 300000 450000 400000 230384 100000 532897 296977 262788 372029 420623 600400 391203 306155 206301
529418 493573 518808 467151 478021 432866 462353 424500 381780 439706 359422 194340 350799 650818 335372 194340 414006 402655 532897 100000 473363 572969 272627 214018 198995 518808 419531 461248
176158 609215 594773 581041 546430 543847 527200 534626 539090 498497 377308 381603 223693 281108 316333 424500 216619 277200 296977 473363 100000 211803 305913 388444 565188 200000 153852 200499
220416 638516 614296 613128 570106 580104 552769 572017 588365 527200 425269 484707 330217 180623 380179 512311 324722 319317 262788 572969 211803 100000 400832 476962 659732 262788 260000 228062
370185 480132 484707 450143 435409 410161 415753 400167 382843 386355 261555 192195 192195 479473 200000 220416 278885 247648 372029 272627 305913 400832 100000 184853 360000 369072 252643 290000
454683 427567 441760 398329 395466 359615 377308 350000 320907 350599 250000 185440 276918 556946 221655 136056 360768 290263 420623 214018 388444 476962 184853 100000 284391 453836 336008 357099
624786 475366 510366 453553 478021 426497 466197 420156 369072 449857 404138 292094 444819 739062 400666 251327 512311 471214 600400 198995 565188 659732 360000 284391 100000 616140 511460 541475
142426 704401 692283 675674 643415 637587 623927 628110 628015 594773 470000 424500 276918 296977 404631 488973 207703 374591 391203 518808 200000 262788 369072 453836 616140 100000 230000 300250
220416 575395 565296 546430 515933 508044 496232 498497 498121 466742 340416 328035 170711 333452 274642 372029 194340 250000 306155 419531 153852 260000 252643 336008 511460 230000 100000 200000
271172 520476 501622 493573 454683 458469 436155 449857 462353 408707 298494 380713 247648 308087 252643 391203 294165 192195 206301 461248 200499 228062 290000 357099 541475 300250 200000 100000
0 9600000
3890000 7880000
570000 6000000
550000 5750000
520000 5360000
900000 5210000
500000 5340000
4250000 8980000
510000 6020000
3420000 7510000
3510000 7820000
1610000 6100000
3900000 8430000
1100000 5250000
290000 5480000
390000 5930000
4040000 8470000
1000000 5550000
810000 5200000
1250000 5300000
4440000 9420000
2490000 5800000
2590000 6500000
1980000 6090000
3250000 8970000
2040000 6330000
4420000 9370000
2650000 6380000
# scale factor = 10000
