23
0 335409 316228 380789 403113 451774 400500 450000 450444 250000 269258 424264 269258 206155 111803 196469 570088 192353 322025 382099 481664 205183 192353
435409 100000 150000 150000 241421 553431 506079 524264 510366 258114 323607 250000 354951 453553 354951 522019 404138 372947 255563 211803 280278 260000 482753
416228 150000 100000 170711 211803 587955 538634 560977 548219 280278 350000 300000 306155 464005 350000 482884 453553 384605 294165 261245 328035 267631 442053
480789 150000 170711 100000 211803 592037 546542 560977 545982 306155 369258 258114 369258 503113 404138 553431 400000 422490 294165 230384 270294 310000 512311
503113 241421 211803 211803 100000 694643 646717 665685 651725 391548 460555 369258 312132 574342 453553 524382 503113 495601 396985 341868 372947 378568 480132
551774 553431 587955 592037 694643 100000 153852 140000 160000 414006 344131 471618 721772 350200 461385 746297 490000 369258 398329 472156 520595 449857 733482
500500 506079 538634 546542 646717 153852 100000 153852 164030 362488 292094 435261 668242 302237 408058 694138 473363 315870 352389 431059 488330 396816 680517
550000 524264 560977 560977 665685 140000 153852 100000 120000 391548 323607 435409 704152 354951 453553 741949 450000 361725 368701 438378 482753 431059 726498
550444 510366 548219 545982 651725 160000 164030 120000 100000 381780 315407 417648 696153 359615 451283 740703 430000 360192 354951 422025 464005 423110 723939
350000 258114 280278 306155 391548 414006 362488 391548 381780 100000 170711 280278 416228 300000 241421 502616 420156 220416 172110 243177 341868 150990 474833
369258 323607 350000 369258 460555 344131 292094 323607 315407 170711 100000 306155 480789 258114 258114 542832 420156 192195 190554 280278 369258 207703 520119
524264 250000 300000 258114 369258 471618 435261 435409 417648 280278 306155 100000 503113 464005 420156 650091 258114 391548 217047 144721 163246 319317 614782
369258 354951 306155 369258 312132 721772 668242 704152 696153 416228 480789 503113 100000 524264 382843 319317 659017 464005 464966 461248 534166 373130 274642
306155 453553 464005 503113 574342 350200 302237 354951 359615 300000 258114 464005 524264 100000 241421 502616 571699 180623 347386 435409 527200 296469 495601
211803 354951 350000 404138 453553 461385 408058 453553 451283 241421 258114 420156 382843 241421 100000 390000 560977 192195 312603 380179 480132 202956 372947
296469 522019 482884 553431 524382 746297 694138 741949 740703 502616 542832 650091 319317 502616 390000 100000 806824 480526 571275 605371 696825 451710 144721
670087 404138 453553 400000 503113 490000 473363 450000 430000 420156 420156 258114 659017 571699 560977 806824 100000 512311 348395 302485 230384 466197 772309
292354 372947 384605 422490 495601 369258 315870 361725 360192 220416 192195 391548 464005 180623 192195 480526 512311 100000 274642 359615 454683 217047 464966
422025 255563 294165 294165 396985 398329 352389 368701 354951 172110 190554 217047 464966 347386 312603 571275 348395 274642 100000 190000 280278 220829 541475
482099 211803 261245 230384 341868 472156 431059 438378 422025 243177 280278 144721 461248 435409 380179 605371 302485 359615 190000 100000 200000 278045 570106
581664 280278 328035 270294 372947 520595 488330 482753 464005 341868 369258 163246 534166 527200 480132 696825 230384 454683 280278 200000 100000 378029 659464
305183 260000 267631 310000 378568 449857 396816 431059 423110 150990 207703 319317 373130 296469 202956 451710 466197 217047 220829 278045 378029 100000 423883
292354 482753 442053 512311 480132 733482 680517 726498 723939 474833 520119 614782 274642 495601 372947 144721 772309 464966 541475 570106 659464 423883 100000
0 9600000
4010000 4610000
5350000 6220000
6830000 7430000
6980000 8270000
3060000 4830000
1990000 4280000
450000 5250000
2310000 2910000
250000 5050000
3420000 5710000
420000 5220000
6230000 8840000
1910000 3100000
110000 1400000
7800000 9300000
570000 5370000
190000 4990000
3100000 5070000
3890000 4490000
5160000 6970000
3380000 3980000
8700000 9300000
# scale factor = 10000
