36
0 335261 323883 353553 392938 451774 400500 350571 450000 350000 450444 350571 452769 450444 380526 335409 180278 269258 471699 424264 390512 206155 111803 130384 360555 570088 429418 499799 147648 192353 270185 354683 322025 524786 42426 481664
435261 100000 150000 158310 160000 602096 553431 522019 574236 506079 560977 490512 542041 587955 540454 610784 522966 366271 408058 300998 704070 483275 370000 431361 333238 451283 690592 499249 292354 403645 602195 675674 306155 786003 398329 323607
423883 150000 100000 130000 178101 638145 587955 553431 612250 538634 600000 524264 582597 624976 573814 632353 531741 397321 456931 350799 722415 499249 374591 439559 377308 501123 715873 545982 291050 422025 615461 692368 346982 812811 390689 372947
453553 158310 130000 100000 158310 658659 609313 576340 631507 560977 618556 545982 600000 644885 595782 659017 560977 420156 464005 354951 750000 527200 404138 468782 391548 500000 741405 556946 320907 449285 644059 720322 364007 837835 420623 370185
492938 160000 178101 158310 100000 646717 600000 571699 616624 554863 602096 538292 581041 631507 588262 666480 582597 417648 426956 315407 760984 541475 430000 491152 369072 451283 744050 525441 351794 461385 660892 733246 348395 838241 456931 320907
551774 602096 638145 658659 646717 100000 153852 201980 140000 207703 160000 216619 190000 120000 172801 286011 405941 344131 394279 471618 358070 350200 461385 421403 383019 490000 274642 310950 516293 369258 372947 361725 398329 330000 525793 520595
500500 553431 587955 609313 600000 153852 100000 150000 153852 153852 164030 164030 186023 150000 120000 264012 362488 292094 370000 435261 350799 302237 408058 370185 341661 473363 281108 302485 462491 315870 342074 346982 352389 354951 473363 488330
450571 522019 553431 576340 571699 201980 150000 100000 201980 120000 207703 140000 222066 200000 130000 239284 315407 256205 374591 423883 335372 252971 359615 320227 325610 483275 282483 324722 417648 267631 305183 324722 328472 369258 423883 481182
550000 574236 612250 631507 616624 140000 153852 201980 100000 200000 120000 201980 150000 120000 172801 312132 416228 323607 354951 435409 391548 354951 453553 420156 350000 450000 311896 271172 501622 361725 394109 392062 368701 370000 521070 482753
450000 506079 538634 560977 554863 207703 153852 120000 200000 100000 201980 120000 211803 201980 136056 258114 323607 241421 354951 404138 354951 258114 354951 320227 306155 464005 302237 308087 408707 262788 320227 343516 310238 387924 421403 461248
550444 560977 600000 618556 602096 160000 164030 207703 120000 201980 100000 200000 130000 140000 180623 326716 423110 315407 335372 417648 408869 359615 451283 421403 334307 430000 330867 251327 495601 360192 406105 408058 354951 390000 520119 464005
450571 490512 524264 545982 538292 216619 164030 140000 201980 120000 200000 100000 204403 207703 150000 277200 333238 228062 335372 384429 374591 265529 351794 322036 286815 444819 322036 292094 400832 260311 336008 362488 292354 406757 420156 441321
552769 542041 582597 600000 581041 190000 186023 222066 150000 211803 130000 204403 100000 170000 198995 350000 435409 306155 306155 391548 435409 369258 450000 425576 312132 400000 359615 221655 488330 360768 425576 432866 336008 420000 520476 436155
550444 587955 624976 644885 631507 120000 150000 200000 120000 201980 140000 207703 170000 100000 170000 298494 410483 333238 374591 453412 374591 351794 456931 420156 366271 470000 293132 291050 508534 364764 383019 376586 383196 350000 522966 501622
480526 540454 573814 595782 588262 172801 120000 130000 172801 136056 180623 150000 198995 170000 100000 252643 343516 276918 370740 429848 343516 282483 388617 350200 334094 476563 280000 310238 444384 296469 326716 337065 341868 359615 453553 484707
435409 610784 632353 659017 666480 286011 264012 239284 312132 258114 326716 277200 350000 298494 252643 100000 258114 354951 512311 550000 200000 241421 382843 320227 450000 622015 194340 462353 462353 310950 192195 185440 442344 292094 424500 610392
280278 522966 531741 560977 582597 405941 362488 315407 416228 323607 423110 333238 435409 410483 343516 258114 100000 323607 530116 527200 312132 170711 258114 192195 435409 640832 350799 518688 343516 236015 192195 276918 410161 444819 276918 590408
369258 366271 397321 420156 417648 344131 292094 256205 323607 241421 315407 228062 306155 333238 276918 354951 323607 100000 312132 306155 453553 258114 258114 262788 211803 420156 426956 330867 282483 192195 372947 430606 190554 520595 330867 369258
571699 408058 456931 464005 426956 394279 370000 374591 354951 354951 335372 335372 306155 374591 370740 512311 530116 312132 100000 211803 609902 460555 460555 474833 211803 211803 550444 206301 451141 404138 560977 597293 252315 622398 530465 236015
524264 300998 350799 354951 315407 471618 435261 423883 435409 404138 417648 384429 391548 453412 429848 550000 527200 306155 211803 100000 650000 464005 420156 453553 200000 258114 606360 314009 386007 391548 578539 630848 217047 689406 481838 163246
490512 704070 722415 750000 760984 358070 350799 335372 391548 354951 408869 374591 435409 374591 343516 200000 312132 453553 609902 650000 100000 323607 460555 394109 550000 718466 194340 553100 544185 400832 220416 136056 541814 251327 488973 710328
306155 483275 499249 527200 541475 350200 302237 252971 354951 258114 359615 265529 369258 351794 282483 241421 170711 258114 460555 464005 323607 100000 241421 180623 369258 571699 334307 448281 322036 180623 220416 293132 347386 433016 287883 527200
211803 370000 374591 404138 430000 461385 408058 359615 453553 354951 451283 351794 450000 456931 388617 382843 258114 258114 460555 420156 460555 241421 100000 167082 350000 560977 475366 488973 185440 192195 345967 427567 312603 574236 172801 480132
230384 431361 439559 468782 491152 421403 370185 320227 420156 320227 421403 322036 425576 420156 350200 320227 192195 262788 474833 453553 394109 180623 167082 100000 370185 581664 414006 484707 252315 172110 278885 360768 338537 512311 207703 515933
460555 333238 377308 391548 369072 383019 341661 325610 350000 306155 334307 286815 312132 366271 334094 450000 435409 211803 211803 200000 550000 369258 350000 370185 100000 312132 507922 272627 340416 302485 480789 531045 141231 593356 419061 261245
670087 451283 501123 500000 451283 490000 473363 483275 450000 464005 430000 444819 400000 470000 476563 622015 640832 420156 211803 258114 718466 571699 560977 581664 312132 100000 654437 281108 539090 512311 672713 707289 348395 720000 628015 230384
529418 690592 715873 741405 744050 274642 281108 282483 311896 302237 330867 322036 359615 293132 280000 194340 350799 426956 550444 606360 194340 334307 475366 414006 507922 654437 100000 480789 552769 398329 272627 214018 508044 198995 518808 663205
599800 499249 545982 556946 525441 310950 302485 324722 271172 308087 251327 292094 221655 291050 310238 462353 518688 330867 206301 314009 553100 448281 488973 484707 272627 281108 480789 100000 501995 413050 528019 547214 310950 540454 561736 342074
247648 292354 291050 320907 351794 516293 462491 417648 501622 408707 495601 400832 488330 508534 444384 462353 343516 282483 451141 386007 544185 322036 185440 252315 340416 539090 552769 501995 100000 256205 431059 511825 299249 651725 207703 439706
292354 403645 422025 449285 461385 369258 315870 267631 361725 262788 360192 260311 360768 364764 296469 310950 236015 192195 404138 391548 400832 180623 192195 172110 302485 512311 398329 413050 256205 100000 300998 372029 274642 496989 260000 454683
370185 602195 615461 644059 660892 372947 342074 305183 394109 320227 406105 336008 425576 383019 326716 192195 192195 372947 560977 578539 220416 220416 345967 278885 480789 672713 272627 528019 431059 300998 100000 184853 463456 360000 369072 641294
454683 675674 692368 720322 733246 361725 346982 324722 392062 343516 408058 362488 432866 376586 337065 185440 276918 430606 597293 630848 136056 293132 427567 360768 531045 707289 214018 547214 511825 372029 184853 100000 520119 284391 453836 692115
422025 306155 346982 364007 348395 398329 352389 328472 368701 310238 354951 292354 336008 383196 341868 442344 410161 190554 252315 217047 541814 347386 312603 338537 141231 348395 508044 310950 299249 274642 463456 520119 100000 597695 380179 280278
624786 786003 812811 837835 838241 330000 354951 369258 370000 387924 390000 406757 420000 350000 359615 292094 444819 520595 622398 689406 251327 433016 574236 512311 593356 720000 198995 540454 651725 496989 360000 284391 597695 100000 616140 743272
142426 398329 390689 420623 456931 525793 473363 423883 521070 421403 520119 420156 520476 522966 453553 424500 276918 330867 530465 481838 488973 287883 172801 207703 419061 628015 518808 561736 207703 260000 369072 453836 380179 616140 100000 539318
581664 323607 372947 370185 320907 520595 488330 481182 482753 461248 464005 441321 436155 501622 484707 610392 590408 369258 236015 163246 710328 527200 480132 515933 261245 230384 663205 342074 439706 454683 641294 692115 280278 743272 539318 100000
0 9600000
1950000 3150000
0 9170000
0 9140000
1740000 2940000
0 9040000
0 9090000
0 9140000
0 9050000
3750000 4950000
2010000 3210000
0 9140000
7840000 9040000
0 9040000
4400000 5600000
0 9160000
5570000 6770000
0 9230000
7820000 9020000
0 9070000
0 9100000
1910000 3110000
110000 1310000
5660000 6860000
6450000 7650000
0 8920000
2680000 3880000
7640000 8840000
0 9350000
0 9300000
3950000 5150000
0 9140000
0 9170000
0 8970000
0 9450000
0 9010000
# scale factor = 10000
