33
0 380789 308058 393573 360555 403113 333016 353553 390512 316228 335261 323883 353553 392938 412311 403113 377359 372022 383275 200000 141421 269258 158114 100000 92195 196469 392938 325576 384707 147648 178885 141421 192353
480789 100000 204403 130000 170711 150000 222066 241421 211803 574342 581041 534626 547214 605371 614782 571699 158310 186023 561411 453553 354951 369258 382843 391548 435409 288680 439706 436155 354951 520476 370185 430150 289737
408058 204403 100000 200000 153852 201980 140000 170000 186023 470000 476962 431059 444819 503113 513401 472022 172801 164030 460555 350799 270000 265529 350799 334307 346982 243177 350000 336008 274642 423883 271172 333452 220416
493573 130000 200000 100000 153852 120000 207703 222066 186023 565725 571275 523792 534626 592443 600899 556508 136056 164030 547214 450571 362488 359615 404795 408058 442053 306155 420156 422025 333452 522966 370740 432415 301246
460555 170711 153852 153852 100000 150000 153852 170711 150000 512311 517612 470000 480789 538634 547214 503113 120000 120000 493573 400000 323607 306155 391548 382843 400832 286011 369072 368328 284391 476563 323607 386355 270294
503113 150000 201980 120000 150000 100000 201980 211803 170711 560977 565725 517612 527200 584665 592443 547214 130000 153852 538634 450000 369258 354951 420156 420156 447851 319317 408058 413847 320227 525793 372947 435409 310950
433016 222066 140000 207703 153852 201980 100000 130000 158310 459026 464005 416228 426956 484838 493573 449857 172801 150000 440000 350799 292094 252971 387924 366271 364197 280278 319317 314709 238923 432415 280278 343516 252643
453553 241421 170000 222066 170711 211803 130000 100000 150000 453553 456931 408058 416228 473363 480789 435409 186023 158310 426956 354951 312132 250000 416228 391548 380179 308806 298494 302485 214018 441760 292354 354951 278885
490512 211803 186023 186023 150000 170711 158310 150000 100000 503113 506079 456931 464005 520595 527200 480789 153852 130000 473363 404138 350000 300000 435409 420156 422490 328254 338537 350000 250000 488973 337697 400832 306155
416228 574342 470000 565725 512311 560977 459026 453553 503113 100000 120000 153852 170711 180000 200000 211803 531741 507922 194340 241421 382843 306155 530116 460555 341868 482884 315407 261245 382843 272627 328035 300000 442053
435261 581041 476962 571275 517612 565725 464005 456931 506079 120000 100000 150000 158310 160000 180000 194340 536807 512311 178101 256205 397321 311896 546542 477359 359422 496232 308806 260000 380713 292354 340832 316333 454683
423883 534626 431059 523792 470000 517612 416228 408058 456931 153852 150000 100000 130000 178101 194340 180000 488973 464005 160000 230000 366271 265529 520595 453412 340416 461248 261555 210000 330867 291050 306155 293132 418277
453553 547214 444819 534626 480789 527200 426956 416228 464005 170711 158310 130000 100000 158310 170711 150000 499249 473363 130000 258114 391548 280278 547214 480789 369258 484187 252971 214018 330217 320907 330217 321359 440588
492938 605371 503113 592443 538634 584665 484838 473363 520595 180000 160000 178101 158310 100000 120000 153852 556946 530813 150000 305913 444093 338537 597393 529418 413847 539318 300000 270880 382843 351794 384253 368328 496232
512311 614782 513401 600899 547214 592443 493573 480789 527200 200000 180000 194340 170711 120000 100000 150000 565188 538634 153852 323607 460555 350000 614782 547214 432415 554533 300998 278885 386355 371662 400000 386355 511096
503113 571699 472022 556508 503113 547214 449857 435409 480789 211803 194340 180000 150000 153852 150000 100000 520595 493573 120000 306155 435409 312132 592443 527200 417805 524382 251327 236015 337697 370740 372947 369258 480132
477359 158310 172801 136056 120000 130000 172801 186023 153852 531741 536807 488973 499249 556946 565188 520595 100000 128284 511460 420000 341661 325610 402324 397321 419531 298494 384253 386355 297990 496232 343311 405941 286011
472022 186023 164030 164030 120000 153852 150000 158310 130000 507922 512311 464005 473363 530813 538634 493573 128284 100000 484838 400666 333238 302237 408869 397321 408707 302485 356125 360000 269706 480789 328035 391203 283848
483275 561411 460555 547214 493573 538634 440000 426956 473363 194340 178101 160000 130000 150000 153852 120000 511460 484838 100000 286815 417648 298494 574236 508534 398329 508044 250000 225300 333452 350799 355539 350000 464005
300000 453553 350799 450571 400000 450000 350799 354951 404138 241421 256205 230000 258114 305913 323607 306155 420000 400666 286815 100000 241421 211803 391548 323607 211803 342074 305913 234164 328035 198995 189442 163246 302485
241421 354951 270000 362488 323607 369258 292094 312132 350000 382843 397321 366271 391548 444093 460555 435409 341661 333238 417648 241421 100000 250000 258114 200000 180623 202956 380000 323607 352982 272627 163246 189442 170711
369258 369258 265529 359615 306155 354951 252971 250000 300000 306155 311896 265529 280278 338537 350000 312132 325610 302237 298494 211803 250000 100000 404138 350000 278885 319317 230000 180623 220416 308087 192195 236015 274642
258114 382843 350799 404795 391548 420156 387924 416228 435409 530116 546542 520595 547214 597393 614782 592443 402324 408869 574236 391548 258114 404138 100000 170711 291050 207703 532897 480789 491152 384253 321359 330217 241421
200000 391548 334307 408058 382843 420156 366271 391548 420156 460555 477359 453412 480789 529418 547214 527200 397321 397321 508534 323607 200000 350000 170711 100000 220416 202956 480000 422490 449285 314009 261245 261245 214018
192195 435409 346982 442053 400832 447851 364197 380179 422490 341868 359422 340416 369258 413847 432415 417805 419531 408707 398329 211803 180623 278885 291050 220416 100000 274642 400832 333452 396816 198489 192195 150000 250000
296469 288680 243177 306155 286011 319317 280278 308806 328254 482884 496232 461248 484187 539318 554533 524382 298494 302485 508044 342074 202956 319317 207703 202956 274642 100000 442053 399666 390172 372029 255563 292354 144721
492938 439706 350000 420156 369072 408058 319317 298494 338537 315407 308806 261555 252971 300000 300998 251327 384253 356125 250000 305913 380000 230000 532897 480000 400832 442053 100000 172110 189442 402324 320907 352982 398329
425576 436155 336008 422025 368328 413847 314709 302485 350000 261245 260000 210000 214018 270880 278885 236015 386355 360000 225300 234164 323607 180623 480789 422490 333452 399666 172110 100000 221655 330217 261245 284391 354951
484707 354951 274642 333452 284391 320227 238923 214018 250000 382843 380713 330867 330217 382843 386355 337697 297990 269706 333452 328035 352982 220416 491152 449285 396816 390172 189442 221655 100000 426497 305913 356125 350200
247648 520476 423883 522966 476563 525793 432415 441760 488973 272627 292354 291050 320907 351794 371662 370740 496232 480789 350799 198995 272627 308087 384253 314009 198489 372029 402324 330217 426497 100000 252971 190554 343311
278885 370185 271172 370740 323607 372947 280278 292354 337697 328035 340832 306155 330217 384253 400000 372947 343311 328035 355539 189442 163246 192195 321359 261245 192195 255563 320907 261245 305913 252971 100000 163246 214018
241421 430150 333452 432415 386355 435409 343516 354951 400832 300000 316333 293132 321359 368328 386355 369258 405941 391203 350000 163246 189442 236015 330217 261245 150000 292354 352982 284391 356125 190554 163246 100000 258114
292354 289737 220416 301246 270294 310950 252643 278885 306155 442053 454683 418277 440588 496232 511096 480132 286011 283848 464005 302485 170711 274642 241421 214018 250000 144721 398329 354951 350200 343311 214018 258114 100000
0 9600000
0 9110000
0 9190000
0 9100000
6440000 7640000
0 9090000
0 9160000
0 9140000
3670000 4870000
0 9180000
1950000 3150000
0 9170000
0 9140000
1740000 2940000
0 9080000
0 9090000
0 9120000
0 9120000
0 9110000
3750000 4950000
5990000 7190000
0 9230000
0 9340000
0 9400000
1570000 2770000
0 9300000
0 9100000
0 9170000
3520000 4720000
0 9350000
0 9320000
0 9350000
8100000 9300000
# scale factor = 10000
