27
0 451774 400500 350571 450000 350000 450444 350571 452769 510784 474341 450444 380526 353412 335409 250000 180278 471699 206155 130384 92195 570088 429418 499799 192353 270185 524786
551774 100000 153852 201980 140000 207703 160000 216619 190000 597393 608035 120000 172801 510366 286011 414006 405941 394279 350200 421403 587647 490000 274642 310950 369258 372947 330000
500500 153852 100000 150000 153852 153852 164030 164030 186023 592443 597393 150000 120000 490512 264012 362488 362488 370000 302237 370185 534166 473363 281108 302485 315870 342074 354951
450571 201980 150000 100000 201980 120000 207703 140000 222066 574342 574236 200000 130000 460555 239284 326716 315407 374591 252971 320227 486004 483275 282483 324722 267631 305183 369258
550000 140000 153852 201980 100000 200000 120000 201980 150000 632353 640832 120000 172801 538634 312132 391548 416228 354951 354951 420156 578539 450000 311896 271172 361725 394109 370000
450000 207703 153852 120000 200000 100000 201980 120000 211803 593356 592443 201980 136056 477359 258114 312132 323607 354951 258114 320227 480789 464005 302237 308087 262788 320227 387924
550444 160000 164030 207703 120000 201980 100000 200000 130000 650091 657584 140000 180623 553431 326716 381780 423110 335372 359615 421403 575184 430000 330867 251327 360192 406105 390000
450571 216619 164030 140000 201980 120000 200000 100000 204403 612445 610784 207703 150000 494462 277200 298494 333238 335372 265529 322036 476563 444819 322036 292094 260311 336008 406757
552769 190000 186023 222066 150000 211803 130000 204403 100000 676975 683095 170000 198995 576340 350000 369258 435409 306155 369258 425576 571699 400000 359615 221655 360768 425576 420000
610784 597393 592443 574342 632353 593356 650091 612445 676975 100000 153852 614782 584665 258114 435261 720000 473363 847262 520000 565296 701664 957263 424500 794622 600100 400167 420156
574342 608035 597393 574236 640832 592443 657584 610784 683095 153852 100000 624309 587647 230000 435409 702080 450000 843302 503113 540454 666127 954400 439706 797711 581664 386355 449857
550444 120000 150000 200000 120000 201980 140000 207703 170000 614782 624309 100000 170000 524264 298494 402324 410483 374591 351794 420156 582701 470000 293132 291050 364764 383019 350000
480526 172801 120000 130000 172801 136056 180623 150000 198995 584665 587647 170000 100000 478021 252643 347588 343516 370740 282483 350200 514849 476563 280000 310238 296469 326716 359615
453412 510366 490512 460555 538634 477359 553431 494462 576340 258114 230000 524264 478021 100000 326716 572652 320000 722415 374591 410644 543847 834098 359422 685235 452278 261555 404138
435409 286011 264012 239284 312132 258114 326716 277200 350000 435261 435409 298494 252643 326716 100000 416228 258114 512311 241421 320227 500000 622015 194340 462353 310950 192195 292094
350000 414006 362488 326716 391548 312132 381780 298494 369258 720000 702080 402324 347588 572652 416228 100000 354951 323607 300000 274642 328035 420156 493573 370740 220416 420156 588774
280278 405941 362488 315407 416228 323607 423110 333238 435409 473363 450000 410483 343516 320000 258114 354951 100000 530116 170711 192195 354951 640832 350799 518688 236015 192195 444819
571699 394279 370000 374591 354951 354951 335372 335372 306155 847262 843302 374591 370740 722415 512311 323607 530116 100000 460555 474833 549444 211803 550444 206301 404138 560977 622398
306155 350200 302237 252971 354951 258114 359615 265529 369258 520000 503113 351794 282483 374591 241421 300000 170711 460555 100000 180623 360768 571699 334307 448281 180623 220416 433016
230384 421403 370185 320227 420156 320227 421403 322036 425576 565296 540454 420156 350200 410644 320227 274642 192195 474833 180623 100000 280278 581664 414006 484707 172110 278885 512311
192195 587647 534166 486004 578539 480789 575184 476563 571699 701664 666127 582701 514849 543847 500000 328035 354951 549444 360768 280278 100000 637122 594065 596488 318403 447131 692030
670087 490000 473363 483275 450000 464005 430000 444819 400000 957263 954400 470000 476563 834098 622015 420156 640832 211803 571699 581664 637122 100000 654437 281108 512311 672713 720000
529418 274642 281108 282483 311896 302237 330867 322036 359615 424500 439706 293132 280000 359422 194340 493573 350799 550444 334307 414006 594065 654437 100000 480789 398329 272627 198995
599800 310950 302485 324722 271172 308087 251327 292094 221655 794622 797711 291050 310238 685235 462353 370740 518688 206301 448281 484707 596488 281108 480789 100000 413050 528019 540454
292354 369258 315870 267631 361725 262788 360192 260311 360768 600100 581664 364764 296469 452278 310950 220416 236015 404138 180623 172110 318403 512311 398329 413050 100000 300998 496989
370185 372947 342074 305183 394109 320227 406105 336008 425576 400167 386355 383019 326716 261555 192195 420156 192195 560977 220416 278885 447131 672713 272627 528019 300998 100000 360000
624786 330000 354951 369258 370000 387924 390000 406757 420000 420156 449857 350000 359615 404138 292094 588774 444819 622398 433016 512311 692030 720000 198995 540454 496989 360000 100000
0 9600000
3350000 4550000
2540000 3740000
5370000 6570000
0 9050000
3750000 4950000
2010000 3210000
6810000 8010000
7840000 9040000
6210000 7410000
0 9020000
0 9040000
4400000 5600000
0 9140000
3260000 4460000
0 9250000
5570000 6770000
7820000 9020000
1910000 3110000
5660000 6860000
1570000 2770000
0 8920000
2680000 3880000
7640000 8840000
0 9300000
3950000 5150000
7130000 8330000
# scale factor = 10000
