29
0 350571 350000 350571 452769 585235 570088 557136 522015 520000 502892 510784 514782 474341 450444 380526 353412 335409 471699 390512 252982 360555 429418 499799 270185 354683 524786 147648 206155
450571 100000 120000 140000 222066 650818 666480 622015 620000 583839 601597 574342 541475 574236 200000 130000 460555 239284 374591 335372 448281 325610 282483 324722 305183 324722 369258 400832 360768
450000 120000 100000 120000 211803 670087 685235 641202 638516 602892 620000 593356 560977 592443 201980 136056 477359 258114 354951 354951 461248 306155 302237 308087 320227 343516 387924 408707 372029
450571 140000 120000 100000 204403 689406 704070 660446 657136 622015 638516 612445 580521 610784 207703 150000 494462 277200 335372 374591 474833 286815 322036 292094 336008 362488 406757 417648 384253
552769 222066 211803 204403 100000 750000 770819 722415 726498 686003 709016 676975 638516 683095 170000 198995 576340 350000 306155 435409 570106 312132 359615 221655 425576 432866 420000 520476 482753
685235 650818 670087 689406 750000 100000 150000 130000 170711 170000 186023 180000 211803 211803 686003 659732 335372 512311 924621 416228 432415 856637 493573 868960 480132 427567 475366 539659 496232
670087 666480 685235 704070 770819 150000 100000 158310 150000 186023 170000 194340 241421 200000 709016 677754 330000 527200 938152 435409 417805 864853 518808 887908 484707 441760 510366 527551 490512
657136 622015 641202 660446 722415 130000 158310 100000 153852 140000 164030 150000 186023 186023 659017 631413 306155 483275 895550 387924 404631 826911 467151 840945 450143 398329 453553 511096 466742
622015 620000 638516 657136 726498 170711 150000 153852 100000 153852 120000 158310 211803 150000 666039 632259 280000 480789 890569 391548 369258 815891 478021 842496 435409 395466 478021 478549 440588
620000 583839 602892 622015 686003 170000 186023 140000 153852 100000 150000 110000 158310 158310 623546 593964 267631 444819 856902 350799 368328 787313 432866 803847 410161 359615 426497 473363 427567
602892 601597 620000 638516 709016 186023 170000 164030 120000 150000 100000 150990 204403 130000 649181 614296 260000 462491 871622 374591 350000 796348 462353 824500 415753 377308 466197 459026 420623
610784 574342 593356 612445 676975 180000 194340 150000 158310 110000 150990 100000 153852 153852 614782 584665 258114 435261 847262 341661 359422 777422 424500 794622 400167 350000 420156 464005 417805
614782 541475 560977 580521 638516 211803 241421 186023 211803 158310 204403 153852 100000 200000 574236 549222 264012 404138 815891 306155 370185 751919 381780 757875 382843 320907 369072 467151 413847
574342 574236 592443 610784 683095 211803 200000 186023 150000 158310 130000 153852 200000 100000 624309 587647 230000 435409 843302 350000 321359 767082 439706 797711 386355 350599 449857 429848 390689
550444 200000 201980 207703 170000 686003 709016 659017 666039 623546 649181 614782 574236 624309 100000 170000 524264 298494 374591 374591 530465 366271 293132 291050 383019 376586 350000 495601 449285
480526 130000 136056 150000 198995 659732 677754 631413 632259 593964 614296 584665 549222 587647 170000 100000 478021 252643 370740 343516 472022 334094 280000 310238 326716 337065 359615 428938 386531
453412 460555 477359 494462 576340 335372 330000 306155 280000 267631 260000 258114 264012 230000 524264 478021 100000 326716 722415 265529 206301 641202 359422 685235 261555 250000 404138 306155 261245
435409 239284 258114 277200 350000 512311 527200 483275 480789 444819 462491 435261 404138 435409 298494 252643 326716 100000 512311 200000 337697 450000 194340 462353 192195 185440 292094 330867 270294
571699 374591 354951 335372 306155 924621 938152 895550 890569 856902 871622 847262 815891 843302 374591 370740 722415 512311 100000 609902 685235 211803 550444 206301 560977 597293 622398 603289 590918
490512 335372 354951 374591 435409 416228 435409 387924 391548 350799 374591 341661 306155 350000 374591 343516 265529 200000 609902 100000 320227 550000 194340 553100 220416 136056 251327 359422 292354
352982 448281 461248 474833 570106 432415 417805 404631 369258 368328 350000 359422 370185 321359 530465 472022 206301 337697 685235 320227 100000 591935 402655 665862 247648 290263 471214 210454 194340
460555 325610 306155 286815 312132 856637 864853 826911 815891 787313 796348 777422 751919 767082 366271 334094 641202 450000 211803 550000 591935 100000 507922 272627 480789 531045 593356 502244 498121
529418 282483 302237 322036 359615 493573 518808 467151 478021 432866 462353 424500 381780 439706 293132 280000 359422 194340 550444 194340 402655 507922 100000 480789 272627 214018 198995 417805 353180
599800 324722 308087 292094 221655 868960 887908 840945 842496 803847 824500 794622 757875 797711 291050 310238 685235 462353 206301 553100 665862 272627 480789 100000 528019 547214 540454 600000 573814
370185 305183 320227 336008 425576 480132 484707 450143 435409 410161 415753 400167 382843 386355 383019 326716 261555 192195 560977 220416 247648 480789 272627 528019 100000 184853 360000 245601 180623
454683 324722 343516 362488 432866 427567 441760 398329 395466 359615 377308 350000 320907 350599 376586 337065 250000 185440 597293 136056 290263 531045 214018 547214 184853 100000 284391 323607 256525
624786 369258 387924 406757 420000 475366 510366 453553 478021 426497 466197 420156 369072 449857 350000 359615 404138 292094 622398 251327 471214 593356 198995 540454 360000 284391 100000 504968 438378
247648 400832 408707 417648 520476 539659 527551 511096 478549 473363 459026 464005 467151 429848 495601 428938 306155 330867 603289 359422 210454 502244 417805 600000 245601 323607 504968 100000 167082
306155 360768 372029 384253 482753 496232 490512 466742 440588 427567 420623 417805 413847 390689 449285 386531 261245 270294 590918 292354 194340 498121 353180 573814 180623 256525 438378 167082 100000
0 9600000
4940000 6990000
3830000 4860000
6090000 8720000
8210000 8810000
3490000 8290000
1380000 2730000
780000 3390000
1320000 3750000
2520000 3590000
500000 5300000
5620000 7990000
710000 2080000
3070000 7870000
4240000 9040000
4600000 5390000
3270000 8070000
2730000 4980000
8420000 9020000
390000 3160000
2980000 3580000
6750000 7350000
2980000 3580000
7940000 8540000
4250000 4850000
1640000 6440000
6110000 8970000
140000 740000
200000 5000000
# scale factor = 10000
