21
0 35 69 81 29 60 66 47 39 57 92 73 80 33 53 82 62 70 64 33 39
35 0 62 66 40 26 37 28 36 48 81 78 92 59 29 48 27 59 30 42 13
69 62 0 17 42 55 42 34 30 14 23 28 46 57 36 68 68 7 56 38 75
81 66 17 0 56 52 37 38 42 24 17 44 62 74 37 59 65 12 51 52 78
29 40 42 56 0 54 52 31 15 32 65 44 54 22 38 75 63 44 58 4 51
60 26 55 52 54 0 16 25 42 43 69 79 96 76 20 22 13 50 4 54 33
66 37 42 37 52 16 0 21 38 32 54 68 85 73 14 26 28 36 14 50 47
47 28 34 38 31 25 21 0 17 20 53 55 71 52 7 45 37 31 28 29 41
39 36 30 42 15 42 38 17 0 18 53 42 56 35 24 62 53 31 45 12 49
57 48 14 24 32 43 32 20 18 0 35 36 53 51 24 58 56 13 45 28 61
92 81 23 17 65 69 54 53 53 35 0 39 56 79 54 76 82 23 68 61 94
73 78 28 44 44 79 68 55 42 36 39 0 18 48 60 94 92 35 81 40 91
80 92 46 62 54 96 85 71 56 53 56 18 0 49 76 111 108 53 98 50 103
33 59 57 74 22 76 73 52 35 51 79 48 49 0 59 97 84 62 80 23 68
53 29 36 37 38 20 14 7 24 24 54 60 76 59 0 38 32 32 22 36 41
82 48 68 59 75 22 26 45 62 58 76 94 111 97 38 0 23 61 18 74 51
62 27 68 65 63 13 28 37 53 56 82 92 108 84 32 23 0 63 14 63 29
70 59 7 12 44 50 36 31 31 13 23 35 53 62 32 61 63 0 50 40 72
64 30 56 51 58 4 14 28 45 45 68 81 98 80 22 18 14 50 0 57 37
33 42 38 52 4 54 50 29 12 28 61 40 50 23 36 74 63 40 57 0 53
39 13 75 78 51 33 47 41 49 61 94 91 103 68 41 51 29 72 37 53 0
0 826
93 704
359 768
167 604
109 642
307 826
5 509
15 406
114 419
341 807
360 719
199 736
413 745
79 589
156 413
344 554
310 809
289 621
6 289
212 652
32 563
