21
0 70 33 26 95 104 44 24 48 90 82 23 20 70 45 57 23 23 48 10 87
70 0 65 44 39 42 48 76 22 41 20 61 66 17 68 48 47 58 56 68 20
33 65 0 27 76 88 19 57 43 98 83 51 51 57 73 30 24 49 72 24 76
26 44 27 0 70 78 24 42 22 72 60 30 32 44 50 36 3 27 46 24 61
95 39 76 70 0 12 57 108 50 74 52 94 98 26 105 48 72 91 95 92 22
104 42 88 78 12 0 69 116 58 72 52 102 106 34 110 60 81 99 98 102 22
44 48 19 24 57 69 0 65 29 85 68 54 56 39 74 13 24 51 70 37 58
24 76 57 42 108 116 65 0 58 85 83 15 10 82 26 77 41 18 36 34 96
48 22 43 22 50 58 29 58 0 56 40 44 48 24 57 34 25 41 48 46 39
90 41 98 72 74 72 85 85 56 0 22 72 77 58 64 88 75 69 51 94 52
82 20 83 60 52 52 68 83 40 22 0 68 73 37 67 68 63 65 54 84 30
23 61 51 30 94 102 54 15 44 72 68 0 5 68 23 66 30 3 26 32 81
20 66 51 32 98 106 56 10 48 77 73 5 0 72 25 68 32 8 30 30 86
70 17 57 44 26 34 39 82 24 58 37 68 72 0 79 34 47 65 69 68 19
45 68 73 50 105 110 74 26 57 64 67 23 25 79 0 86 51 24 13 55 88
57 48 30 36 48 60 13 77 34 88 68 66 68 34 86 0 36 63 79 50 53
23 47 24 3 72 81 24 41 25 75 63 30 32 47 51 36 0 28 48 21 64
23 58 49 27 91 99 51 18 41 69 65 3 8 65 24 63 28 0 25 31 78
48 56 72 46 95 98 70 36 48 51 54 26 30 69 13 79 48 25 0 56 76
10 68 24 24 92 102 37 34 46 94 84 32 30 68 55 50 21 31 56 0 85
87 20 76 61 22 22 58 96 39 52 30 81 86 19 88 53 64 78 76 85 0
0 783
462 637
260 455
271 449
573 729
621 783
250 394
234 435
62 287
479 712
340 501
348 502
588 766
62 252
316 527
108 188
273 485
167 283
627 783
235 323
404 552
