21
0 28 27 94 74 113 83 122 53 57 114 115 76 67 26 87 13 86 51 93 75
28 0 6 66 46 85 55 94 25 39 86 87 51 39 22 69 18 58 26 68 52
27 6 0 69 47 88 57 97 28 45 89 88 56 42 16 75 15 59 24 66 58
94 66 69 0 22 19 12 29 41 60 21 21 36 28 81 67 84 12 47 37 45
74 46 47 22 0 41 10 51 22 51 43 41 35 15 59 68 62 12 25 31 44
113 85 88 19 41 0 31 16 60 77 9 6 51 47 100 78 103 29 66 46 59
83 55 57 12 10 31 0 41 30 54 33 32 34 19 69 67 72 4 35 31 43
122 94 97 29 51 16 41 0 69 78 8 21 52 55 110 74 112 41 76 62 59
53 25 28 41 22 60 30 69 0 34 61 62 31 14 43 59 43 34 16 50 36
57 39 45 60 51 77 54 78 34 0 72 81 26 36 61 30 54 58 49 82 21
114 86 89 21 43 9 33 8 61 72 0 15 46 47 102 72 104 33 68 54 54
115 87 88 21 41 6 32 21 62 81 15 0 55 49 100 84 103 29 66 42 64
76 51 56 36 35 51 34 52 31 26 46 55 0 22 72 33 69 38 47 65 9
67 39 42 28 15 47 19 55 14 36 47 49 22 0 57 54 57 23 26 46 30
26 22 16 81 59 100 69 110 43 61 102 100 72 57 0 91 13 71 34 72 74
87 69 75 67 68 78 67 74 59 30 72 84 33 54 91 0 84 71 75 98 24
13 18 15 84 62 103 72 112 43 54 104 103 69 57 13 84 0 74 39 81 70
86 58 59 12 12 29 4 41 34 58 33 29 38 23 71 71 74 0 37 28 47
51 26 24 47 25 66 35 76 16 49 68 66 47 26 34 75 39 37 0 42 52
93 68 66 37 31 46 31 62 50 82 54 42 65 46 72 98 81 28 42 0 74
75 52 58 45 44 59 43 59 36 21 54 64 9 30 74 24 70 47 52 74 0
0 1385
1117 1266
1188 1320
927 1123
65 164
375 486
980 1124
230 333
830 910
946 1148
456 544
856 1028
858 938
1130 1306
505 687
186 301
371 554
828 1002
835 913
780 933
461 667
