21
0 65 38 51 18 14 78 76 37 35 78 6 43 71 40 50 16 18 89 26 26
65 0 72 102 58 59 27 84 53 80 67 70 79 82 76 77 53 47 80 40 83
38 72 0 31 54 50 71 40 72 10 49 36 7 35 4 12 49 37 57 50 24
51 102 31 0 69 65 102 58 88 22 75 46 25 53 27 34 67 60 79 73 25
18 58 54 69 0 4 77 90 19 53 87 23 60 86 57 66 7 21 100 18 44
14 59 50 65 4 0 77 87 23 49 85 19 56 82 53 62 6 19 98 19 40
78 27 71 102 77 77 0 69 77 81 47 82 77 68 75 71 71 60 59 59 88
76 84 40 58 90 87 69 0 104 47 23 75 37 5 39 28 83 69 22 80 62
37 53 72 88 19 23 77 104 0 72 98 42 78 100 75 82 23 35 111 24 63
35 80 10 22 53 49 81 47 72 0 59 32 10 42 8 19 49 40 66 53 15
78 67 49 75 87 85 47 23 98 59 0 79 50 25 51 41 80 66 13 74 73
6 70 36 46 23 19 82 75 42 32 79 0 41 70 38 48 22 23 90 32 21
43 79 7 25 60 56 77 37 78 10 50 41 0 32 3 9 55 44 56 57 25
71 82 35 53 86 82 68 5 100 42 25 70 32 0 34 23 79 65 26 76 57
40 76 4 27 57 53 75 39 75 8 51 38 3 34 0 11 52 41 58 54 23
50 77 12 34 66 62 71 28 82 19 41 48 9 23 11 0 60 47 47 60 34
16 53 49 67 7 6 71 83 23 49 80 22 55 79 52 60 0 14 93 13 42
18 47 37 60 21 19 60 69 35 40 66 23 44 65 41 47 14 0 79 13 37
89 80 57 79 100 98 59 22 111 66 13 90 56 26 58 47 93 79 0 87 81
26 40 50 73 18 19 59 80 24 53 74 32 57 76 54 60 13 13 87 0 50
26 83 24 25 44 40 88 62 63 15 73 21 25 57 23 34 42 37 81 50 0
0 1306
830 1120
164 480
811 945
259 613
952 1306
971 1306
713 934
922 1113
300 584
897 1285
974 1122
277 522
224 509
357 720
884 1167
336 499
314 506
706 1087
775 1067
763 1059
