21
0 31 31 86 24 42 42 58 76 92 37 53 47 66 43 94 30 35 66 20 42
31 0 4 57 8 13 34 34 62 63 13 36 25 36 26 65 17 8 56 19 11
31 4 0 55 7 11 30 30 66 61 17 40 21 37 30 63 21 12 60 16 12
86 57 55 0 62 44 56 29 96 6 62 76 40 42 72 9 70 58 97 67 49
24 8 7 62 0 18 30 36 68 68 20 42 26 43 32 70 20 15 61 11 18
42 13 11 44 18 0 32 22 68 50 21 42 16 29 34 52 28 16 63 26 8
42 34 30 56 30 32 0 27 96 62 47 70 19 60 60 65 50 42 90 23 39
58 34 30 29 36 22 27 0 89 35 43 64 11 40 56 38 50 38 85 38 30
76 62 66 96 68 68 96 89 0 101 49 26 84 54 36 100 49 54 11 79 60
92 63 61 6 68 50 62 35 101 0 68 82 46 47 78 4 76 64 102 73 55
37 13 17 62 20 21 47 43 49 68 0 23 37 30 13 69 10 5 43 31 13
53 36 40 76 42 42 70 64 26 82 23 0 58 36 10 82 23 28 21 53 34
47 25 21 40 26 16 19 11 84 46 37 58 0 42 50 49 42 32 79 27 24
66 36 37 42 43 29 60 40 54 47 30 36 42 0 35 46 40 31 55 53 25
43 26 30 72 32 34 60 56 36 78 13 10 50 35 0 78 13 18 30 43 26
94 65 63 9 70 52 65 38 100 4 69 82 49 46 78 0 78 66 101 76 57
30 17 21 70 20 28 50 50 49 76 10 23 42 40 13 78 0 12 41 30 21
35 8 12 58 15 16 42 38 54 64 5 28 32 31 18 66 12 0 48 26 9
66 56 60 97 61 63 90 85 11 102 43 21 79 55 30 101 41 48 0 71 55
20 19 16 67 11 26 23 38 79 73 31 53 27 53 43 76 30 26 71 0 28
42 11 12 49 18 8 39 30 60 55 13 34 24 25 26 57 21 9 55 28 0
0 1306
289 608
909 1209
722 1104
599 972
765 958
352 695
369 612
132 501
889 1167
509 742
939 1172
173 437
276 637
81 217
63 320
1030 1232
793 1171
758 1125
141 335
204 568
