21
0 28 39 43 10 20 88 25 31 57 70 55 58 34 24 81 49 33 46 44 30
28 0 24 18 33 25 99 10 24 84 85 72 41 59 50 86 56 29 67 32 21
39 24 0 15 49 21 84 16 48 86 72 61 19 59 54 68 41 14 61 8 10
43 18 15 0 51 32 99 18 41 97 87 76 25 70 63 83 56 29 74 23 22
10 33 49 51 0 30 95 33 29 56 77 62 68 36 25 91 59 43 51 54 40
20 25 21 32 30 0 76 15 42 65 60 47 40 38 33 65 33 13 43 25 11
88 99 84 99 95 76 0 89 117 73 19 34 89 63 73 24 43 70 47 77 78
25 10 16 18 33 15 89 0 33 79 75 62 35 52 45 76 46 19 58 24 11
31 24 48 41 29 42 117 33 0 85 100 86 65 64 54 107 75 52 77 56 44
57 84 86 97 56 65 73 79 85 0 56 45 103 27 34 83 65 74 33 86 76
70 85 72 87 77 60 19 75 100 56 0 15 80 44 54 29 31 58 28 66 65
55 72 61 76 62 47 34 62 86 45 15 0 73 30 39 38 24 47 14 57 54
58 41 19 25 68 40 89 35 65 103 80 73 0 76 73 68 49 29 76 17 29
34 59 59 70 36 38 63 52 64 27 44 30 76 0 11 67 41 47 16 59 49
24 50 54 63 25 33 73 45 54 34 54 39 73 11 0 74 45 44 26 56 44
81 86 68 83 91 65 24 76 107 83 29 38 68 67 74 0 32 57 52 60 65
49 56 41 56 59 33 43 46 75 65 31 24 49 41 45 32 0 27 32 35 35
33 29 14 29 43 13 70 19 52 74 58 47 29 47 44 57 27 0 47 12 8
46 67 61 74 51 43 47 58 77 33 28 14 76 16 26 52 32 47 0 59 52
44 32 8 23 54 25 77 24 56 86 66 57 17 59 56 60 35 12 59 0 14
30 21 10 22 40 11 78 11 44 76 65 54 29 49 44 65 35 8 52 14 0
0 1066
42 214
181 544
58 524
518 683
374 589
106 471
76 534
47 363
46 269
19 447
553 914
726 941
383 615
170 590
697 1066
158 535
521 966
256 462
393 634
639 904
