21
0 71 56 55 19 81 14 33 34 23 52 45 59 19 73 59 38 82 72 53 42
71 0 22 16 74 35 74 40 61 69 21 33 18 65 29 53 40 50 39 85 83
56 22 0 19 54 54 64 23 59 63 24 12 4 45 18 61 19 66 22 85 81
55 16 19 0 60 36 58 26 46 53 6 24 16 51 34 43 28 47 41 71 68
19 74 54 60 0 92 33 34 52 42 59 42 58 9 70 75 35 95 66 72 61
81 35 54 36 92 0 77 60 56 69 34 60 50 84 64 34 63 16 74 70 74
14 74 64 58 33 77 0 41 24 10 54 53 66 33 81 50 48 75 81 39 28
33 40 23 26 34 60 41 0 42 41 26 12 26 25 40 53 7 68 40 68 62
34 61 59 46 52 56 24 42 0 14 40 53 59 49 77 26 49 51 81 26 22
23 69 63 53 42 69 10 41 14 0 48 53 64 40 81 40 48 65 81 30 21
52 21 24 6 59 34 54 26 40 48 0 26 22 51 40 37 29 43 46 65 62
45 33 12 24 42 60 53 12 53 53 26 0 16 33 28 60 7 69 28 79 74
59 18 4 16 58 50 66 26 59 64 22 16 0 49 18 59 23 63 25 85 81
19 65 45 51 9 84 33 25 49 40 51 33 49 0 61 69 26 88 57 70 61
73 29 18 34 70 64 81 40 77 81 40 28 18 61 0 77 35 79 10 103 99
59 53 61 43 75 34 50 53 26 40 37 60 59 69 77 0 60 26 83 36 40
38 40 19 28 35 63 48 7 49 48 29 7 23 26 35 60 0 72 34 75 69
82 50 66 47 95 16 75 68 51 65 43 69 63 88 79 26 72 0 87 60 66
72 39 22 41 66 74 81 40 81 81 46 28 25 57 10 83 34 87 0 107 102
53 85 85 71 72 70 39 68 26 30 65 79 85 70 103 36 75 60 107 0 11
42 83 81 68 61 74 28 62 22 21 62 74 81 61 99 40 69 66 102 11 0
0 783
538 720
458 541
319 547
262 486
532 672
390 577
100 286
402 626
618 783
589 697
86 235
163 393
98 330
51 234
229 428
273 429
91 225
63 157
305 459
295 474
