21
0 9 57 25 60 29 29 46 31 16 34 28 62 51 60 21 37 17 74 38 22
9 0 66 33 69 38 35 53 39 25 30 29 59 60 69 17 35 9 81 43 25
57 66 0 39 21 36 43 48 33 42 85 71 91 10 10 69 79 74 43 60 52
25 33 39 0 51 32 7 52 6 23 59 51 56 30 45 31 60 42 49 53 14
60 69 21 51 0 32 57 34 47 44 82 66 107 31 11 78 73 77 64 50 64
29 38 36 32 32 0 39 20 32 13 50 35 86 37 35 49 43 45 71 25 41
29 35 43 7 57 39 0 59 10 29 63 57 50 33 50 30 66 44 46 59 12
46 53 48 52 34 20 59 0 52 32 52 36 105 52 43 67 42 56 88 17 60
31 39 33 6 47 32 10 52 0 25 65 55 60 24 40 37 64 48 44 55 19
16 25 42 23 44 13 29 32 25 0 43 31 73 39 44 36 40 33 69 30 28
34 30 85 59 82 50 63 52 65 43 0 16 86 82 85 45 13 23 108 36 55
28 29 71 51 66 35 57 36 55 31 16 0 88 70 70 46 9 26 99 20 50
62 59 91 56 107 86 50 105 60 73 86 88 0 81 100 42 94 63 75 100 45
51 60 10 30 31 37 33 52 24 39 82 70 81 0 20 61 79 68 36 62 43
60 69 10 45 11 35 50 43 40 44 85 70 100 20 0 75 78 77 53 57 59
21 17 69 31 78 49 30 67 37 36 45 46 42 61 75 0 52 22 75 58 18
37 35 79 60 73 43 66 42 64 40 13 9 94 79 78 52 0 31 108 25 59
17 9 74 42 77 45 44 56 48 33 23 26 63 68 77 22 31 0 90 44 34
74 81 43 49 64 71 46 88 44 69 108 99 75 36 53 75 108 90 0 96 58
38 43 60 53 50 25 59 17 55 30 36 20 100 62 57 58 25 44 96 0 57
22 25 52 14 64 41 12 60 19 28 55 50 45 43 59 18 59 34 58 57 0
0 692
321 692
407 692
173 359
26 439
135 336
74 340
404 655
44 448
409 594
354 540
112 448
395 548
51 268
377 689
6 290
147 529
180 570
69 292
38 234
309 647
