21
0 90 59 8 77 52 40 35 69 49 30 51 64 13 36 8 31 23 87 33 80
90 0 47 84 20 88 52 73 32 41 64 49 27 85 58 82 76 88 5 87 75
59 47 0 57 27 41 22 29 51 31 47 49 36 61 44 51 33 46 48 43 35
8 84 57 0 73 56 36 36 61 43 23 44 58 6 28 6 33 27 81 37 81
77 20 27 73 0 68 37 55 38 32 55 47 24 75 50 69 58 71 22 69 55
52 88 41 56 68 0 47 23 87 63 63 78 74 62 64 50 25 29 89 19 35
40 52 22 36 37 47 0 24 40 16 25 31 29 39 22 32 26 36 49 38 55
35 73 29 36 55 23 24 0 64 40 40 55 53 42 41 30 4 17 72 14 45
69 32 51 61 38 87 40 64 0 24 39 18 15 60 33 61 66 74 27 78 86
49 41 31 43 32 63 16 40 24 0 23 18 15 44 18 41 42 50 38 54 66
30 64 47 23 55 63 25 40 39 23 0 21 37 22 6 23 39 41 60 49 79
51 49 49 44 47 78 31 55 18 18 21 0 23 42 16 44 55 60 44 66 84
64 27 36 58 24 74 29 53 15 15 37 23 0 59 31 56 55 65 23 67 71
13 85 61 6 75 62 39 42 60 44 22 42 59 0 28 12 39 33 82 43 87
36 58 44 28 50 64 22 41 33 18 6 16 31 28 0 28 40 44 54 51 77
8 82 51 6 69 50 32 30 61 41 23 44 56 12 28 0 27 22 79 32 75
31 76 33 33 58 25 26 4 66 42 39 55 55 39 40 27 0 13 75 12 49
23 88 46 27 71 29 36 17 74 50 41 60 65 33 44 22 13 0 85 10 60
87 5 48 81 22 89 49 72 27 38 60 44 23 82 54 79 75 85 0 86 77
33 87 43 37 69 19 38 14 78 54 49 66 67 43 51 32 12 10 86 0 51
80 75 35 81 55 35 55 45 86 66 79 84 71 87 77 75 49 60 77 51 0
0 495
147 428
237 369
201 492
103 341
210 426
159 461
48 359
231 495
21 225
27 383
190 495
45 259
27 157
241 480
47 278
239 463
83 380
246 495
224 378
56 231
