21
0 69 47 18 14 37 23 75 19 47 42 34 67 28 34 69 56 36 19 58 27
69 0 23 55 76 55 48 25 50 43 47 71 11 42 57 20 15 34 63 43 52
47 23 0 34 53 40 26 32 28 28 34 55 22 19 41 25 14 11 40 34 30
18 55 34 0 32 20 8 66 9 45 24 25 56 20 18 59 41 26 28 56 29
14 76 53 32 0 51 35 77 30 47 56 48 73 34 48 72 67 42 16 58 27
37 55 40 20 51 0 22 72 27 60 9 17 60 36 3 65 40 38 48 70 46
23 48 26 8 35 22 0 58 5 39 23 32 48 14 21 51 34 18 27 50 24
75 25 32 66 77 72 58 0 58 33 66 87 14 47 73 7 36 40 61 26 50
19 50 28 9 30 27 5 58 0 36 28 34 49 11 26 51 37 18 22 47 20
47 43 28 45 47 60 39 33 36 0 57 70 35 25 60 29 42 23 31 11 20
42 47 34 24 56 9 23 66 28 57 0 26 53 35 12 59 32 34 50 66 47
34 71 55 25 48 17 32 87 34 70 26 0 76 45 14 80 56 50 51 81 54
67 11 22 56 73 60 48 14 49 35 53 76 0 39 62 9 22 31 58 33 47
28 42 19 20 34 36 14 47 11 25 35 45 39 0 35 41 33 8 21 36 13
34 57 41 18 48 3 21 73 26 60 12 14 62 35 0 66 42 38 46 70 45
69 20 25 59 72 65 51 7 51 29 59 80 9 41 66 0 29 33 56 25 45
56 15 14 41 67 40 34 36 37 42 32 56 22 33 42 29 0 25 54 46 44
36 34 11 26 42 38 18 40 18 23 34 50 31 8 38 33 25 0 29 32 19
19 63 40 28 16 48 27 61 22 31 50 51 58 21 46 56 54 29 0 42 11
58 43 34 56 58 70 50 26 47 11 66 81 33 36 70 25 46 32 42 0 31
27 52 30 29 27 46 24 50 20 20 47 54 47 13 45 45 44 19 11 31 0
0 979
267 513
579 759
213 402
231 426
722 892
159 362
11 291
271 483
105 391
722 865
330 557
178 300
554 784
753 979
581 846
537 763
246 502
757 979
552 823
243 485
