21
0 89 95 26 82 13 10 5 53 31 82 77 98 4 76 30 30 66 84 35 86
89 0 28 90 28 100 92 94 46 59 59 20 19 87 86 62 66 48 89 89 47
95 28 0 89 55 108 96 100 67 64 38 20 11 95 69 65 80 36 70 85 24
26 90 89 0 91 35 17 28 67 31 65 73 94 30 52 28 49 54 60 9 74
82 28 55 91 0 92 89 86 30 60 80 42 47 79 104 63 54 66 108 93 71
13 100 108 35 92 0 18 8 62 44 94 89 110 13 87 43 38 79 95 44 99
10 92 96 17 89 18 0 11 61 33 78 79 100 14 69 31 39 64 77 26 84
5 94 100 28 86 8 11 0 57 36 86 82 103 7 80 35 33 71 88 37 91
53 46 67 67 30 62 61 57 0 38 77 48 63 50 93 41 24 60 99 71 73
31 59 64 31 60 44 33 36 38 0 54 46 67 31 58 3 28 36 66 33 56
82 59 38 65 80 94 78 86 77 54 0 39 49 83 31 52 80 18 32 58 14
77 20 20 73 42 89 79 82 48 46 39 0 21 76 66 48 60 28 69 72 29
98 19 11 94 47 110 100 103 63 67 49 21 0 97 80 69 80 45 81 92 35
4 87 95 30 79 13 14 7 50 31 83 76 97 0 79 31 26 67 87 39 87
76 86 69 52 104 87 69 80 93 58 31 66 80 79 0 55 86 38 8 43 45
30 62 65 28 63 43 31 35 41 3 52 48 69 31 55 0 31 36 63 30 56
30 66 80 49 54 38 39 33 24 28 80 60 80 26 86 31 0 62 94 56 80
66 48 36 54 66 79 64 71 60 36 18 28 45 67 38 36 62 0 42 49 20
84 89 70 60 108 95 77 88 99 66 32 69 81 87 8 63 94 42 0 51 46
35 89 85 9 93 44 26 37 71 33 58 72 92 39 43 30 56 49 51 0 68
86 47 24 74 71 99 84 91 73 56 14 29 35 87 45 56 80 20 46 68 0
0 1066
140 374
404 805
103 483
158 625
632 910
448 872
223 549
128 492
8 359
620 983
483 714
637 877
738 1066
517 848
627 936
651 1066
408 612
546 962
428 793
155 433
