21
0 51 24 32 17 41 18 34 33 16 37 52 54 43 5 45 28 29 37 49 69
51 0 57 47 50 21 51 36 62 35 52 32 5 44 49 68 42 31 14 9 25
24 57 0 56 9 56 42 25 9 28 17 43 57 27 29 69 51 26 47 59 80
32 47 56 0 47 26 14 53 64 30 64 66 52 64 27 21 5 45 34 39 52
17 50 9 47 0 47 35 21 17 19 20 40 51 28 22 62 42 20 38 50 71
41 21 56 26 47 0 34 43 64 28 57 48 26 54 37 47 22 35 13 13 28
18 51 42 14 35 34 0 48 51 24 55 63 55 58 13 27 14 40 37 46 62
34 36 25 53 21 43 48 0 27 24 16 19 35 11 37 73 48 8 30 41 61
33 62 9 64 17 64 51 27 0 36 14 43 62 25 38 78 59 31 53 65 86
16 35 28 30 19 28 24 24 36 0 34 39 38 35 15 49 25 16 21 33 54
37 52 17 64 20 57 55 16 14 34 0 29 51 11 42 82 59 22 45 56 77
52 32 43 66 40 48 63 19 43 39 29 0 29 18 53 87 61 23 35 40 57
54 5 57 52 51 26 55 35 62 38 51 29 0 42 53 73 47 31 18 14 28
43 44 27 64 28 54 58 11 25 35 11 18 42 0 46 84 59 19 41 50 69
5 49 29 27 22 37 13 37 38 15 42 53 53 46 0 40 23 30 35 47 65
45 68 69 21 62 47 27 73 78 49 82 87 73 84 40 0 26 65 55 60 69
28 42 51 5 42 22 14 48 59 25 59 61 47 59 23 26 0 40 29 35 49
29 31 26 45 20 35 40 8 31 16 22 23 31 19 30 65 40 0 23 34 55
37 14 47 34 38 13 37 30 53 21 45 35 18 41 35 55 29 23 0 12 33
49 9 59 39 50 13 46 41 65 33 56 40 14 50 47 60 35 34 12 0 21
69 25 80 52 71 28 62 61 86 54 77 57 28 69 65 69 49 55 33 21 0
0 640
196 307
105 320
247 521
217 336
93 379
305 431
426 640
293 573
435 599
61 287
304 495
246 416
409 636
353 474
208 431
300 469
140 340
372 565
331 534
116 214
