21
0 68 48 28 32 68 43 36 24 54 72 70 39 42 56 9 9 36 17 84 38
68 0 34 70 36 54 25 57 44 20 10 61 67 46 37 77 69 44 52 64 42
48 34 0 63 23 27 21 57 26 14 42 77 33 50 9 57 46 13 35 42 43
28 70 63 0 41 87 48 15 37 62 69 47 65 27 72 30 37 54 28 103 29
32 36 23 41 0 49 11 34 8 22 41 57 40 28 32 41 33 18 16 65 21
68 54 27 87 49 0 48 83 50 37 64 104 36 77 18 76 63 33 59 16 70
43 25 21 48 11 48 0 39 19 14 30 56 46 30 30 52 44 23 27 63 23
36 57 57 15 34 83 39 0 34 53 55 34 67 12 66 42 44 51 27 99 16
24 44 26 37 8 50 19 34 0 30 49 61 34 32 35 33 25 17 9 66 25
54 20 14 62 22 37 14 53 30 0 28 68 47 44 19 63 54 24 38 51 37
72 10 42 69 41 64 30 55 49 28 0 53 74 43 47 81 74 51 55 74 40
70 61 77 47 57 104 56 34 61 68 53 0 95 29 86 76 78 75 58 119 36
39 67 33 65 40 36 46 67 34 47 74 95 0 66 35 44 31 23 40 50 59
42 46 50 27 28 77 30 12 32 44 43 29 66 0 59 49 49 46 29 92 7
56 37 9 72 32 18 30 66 35 19 47 86 35 59 0 65 53 20 44 33 52
9 77 57 30 41 76 52 42 33 63 81 76 44 49 65 0 13 45 26 91 46
9 69 46 37 33 63 44 44 25 54 74 78 31 49 53 13 0 33 21 78 44
36 44 13 54 18 33 23 51 17 24 51 75 23 46 20 45 33 0 26 49 39
17 52 35 28 16 59 27 27 9 38 55 58 40 29 44 26 21 26 0 75 23
84 64 42 103 65 16 63 99 66 51 74 119 50 92 33 91 78 49 75 0 85
38 42 43 29 21 70 23 16 25 37 40 36 59 7 52 46 44 39 23 85 0
0 640
371 587
120 235
433 640
241 458
336 574
343 616
406 640
259 359
16 268
421 596
159 447
220 451
286 525
6 290
142 430
81 239
94 242
280 410
149 345
191 351
