21
0 101 118 63 75 25 90 35 41 60 100 32 67 16 81 44 64 30 36 43 62
101 0 29 53 30 81 25 85 74 44 8 69 65 98 30 60 47 75 65 83 78
118 29 0 59 43 102 54 94 97 67 23 86 94 111 59 83 73 97 85 90 79
63 53 59 0 23 54 60 35 59 39 49 35 73 52 54 43 51 51 38 31 25
75 30 43 23 0 60 39 55 57 28 27 43 62 69 35 41 39 54 42 53 48
25 81 102 54 60 0 67 41 16 37 82 19 42 33 58 21 40 6 18 48 64
90 25 54 60 39 67 0 84 56 32 33 61 42 91 9 46 28 61 55 85 85
35 85 94 35 55 41 84 0 54 54 82 28 77 19 76 45 64 41 34 8 27
41 74 97 59 57 16 56 54 0 30 76 28 26 49 47 16 28 13 23 61 75
60 44 67 39 28 37 32 54 30 0 46 29 34 59 23 16 12 31 24 56 62
100 8 23 49 27 82 33 82 76 46 0 68 71 96 36 62 51 76 66 80 73
32 69 86 35 43 19 61 28 28 29 68 0 49 30 52 17 37 16 6 33 47
67 65 94 73 62 42 42 77 26 34 71 49 0 75 35 32 23 39 43 82 93
16 98 111 52 69 33 91 19 49 59 96 30 75 0 82 47 67 36 36 27 46
81 30 59 54 35 58 9 76 47 23 36 52 35 82 0 37 19 52 46 78 79
44 60 83 43 41 21 46 45 16 16 62 17 32 47 37 0 20 15 11 50 61
64 47 73 51 39 40 28 64 28 12 51 37 23 67 19 20 0 34 31 67 74
30 75 97 51 54 6 61 41 13 31 76 16 39 36 52 15 34 0 13 48 63
36 65 85 38 42 18 55 34 23 24 66 6 43 36 46 11 31 13 0 39 52
43 83 90 31 53 48 85 8 61 56 80 33 82 27 78 50 67 48 39 0 19
62 78 79 25 48 64 85 27 75 62 73 47 93 46 79 61 74 63 52 19 0
0 979
541 731
762 925
781 979
390 638
543 646
708 979
21 209
3 106
264 509
210 381
365 513
440 648
688 959
89 265
575 677
491 664
325 453
205 469
152 442
14 265
