21
0 35 55 14 29 25 27 11 52 41 42 44 35 14 17 24 60 24 39 56 58
35 0 29 26 57 23 35 46 21 72 73 28 35 35 30 32 47 37 39 88 88
55 29 0 42 67 31 64 66 41 96 97 56 64 47 41 61 74 43 68 111 113
14 26 42 0 31 11 34 25 47 55 56 45 41 9 5 31 63 14 46 70 72
29 57 67 31 0 38 56 26 78 48 49 73 64 22 28 53 89 24 68 57 64
25 23 31 11 38 0 42 36 44 66 67 48 48 16 10 39 67 15 53 81 83
27 35 64 34 56 42 0 31 40 43 45 23 9 40 39 3 34 48 12 60 57
11 46 66 25 26 36 31 0 62 30 31 51 40 21 27 29 65 31 43 45 47
52 21 41 47 78 44 40 62 0 82 84 20 34 56 50 38 33 58 37 99 96
41 72 96 55 48 66 43 30 82 0 2 66 51 51 57 44 74 61 51 17 17
42 73 97 56 49 67 45 31 84 2 0 68 53 52 58 46 76 62 53 15 16
44 28 56 45 73 48 23 51 20 66 68 0 15 53 50 23 19 59 17 83 79
35 35 64 41 64 48 9 40 34 51 53 15 0 48 46 11 25 55 5 68 64
14 35 47 9 22 16 40 21 56 51 52 53 48 0 6 37 71 10 52 66 68
17 30 41 5 28 10 39 27 50 57 58 50 46 6 0 36 68 9 51 71 74
24 32 61 31 53 39 3 29 38 44 46 23 11 37 36 0 36 45 15 61 58
60 47 74 63 89 67 34 65 33 74 76 19 25 71 68 36 0 77 23 90 83
24 37 43 14 24 15 48 31 58 61 62 59 55 10 9 45 77 0 60 74 78
39 39 68 46 68 53 12 43 37 51 53 17 5 52 51 15 23 60 0 68 63
56 88 111 70 57 81 60 45 99 17 15 83 68 66 71 61 90 74 68 0 11
58 88 113 72 64 83 57 47 96 17 16 79 64 68 74 58 83 78 63 11 0
0 923
529 813
4 395
212 460
537 733
323 752
59 480
18 299
111 454
342 706
537 923
343 721
402 923
345 555
319 838
9 330
291 540
65 536
394 639
329 777
262 459
