31
0 57 55 53 42 55 45 27 52 31 40 43 13 56 36 21 42 44 46 46 28 43 46 36 20 55 13 65 27 34 41
57 0 18 80 99 3 15 34 48 26 80 90 70 90 53 36 88 55 46 103 85 60 18 50 76 28 64 17 56 65 98
55 18 0 67 97 20 11 28 63 24 85 80 68 77 63 34 78 67 31 100 83 47 9 60 74 44 58 11 62 72 93
53 80 67 0 73 80 65 51 102 60 91 27 57 10 89 56 26 97 36 67 62 20 62 88 66 95 41 77 80 87 58
42 99 97 73 0 97 87 69 81 73 41 48 29 68 63 63 48 70 83 10 15 74 88 64 25 92 42 107 53 51 17
55 3 20 80 97 0 15 33 45 24 77 89 68 90 50 34 87 52 47 101 83 60 19 47 73 25 62 20 53 62 96
45 15 11 65 87 15 0 19 52 14 75 75 58 75 52 24 73 56 32 91 73 45 4 49 64 36 50 20 51 61 85
27 34 28 51 69 33 19 0 53 9 62 56 40 59 46 9 54 52 25 72 55 32 19 43 47 44 31 38 41 51 66
52 48 63 102 81 45 52 53 0 46 45 95 59 107 18 46 94 12 78 87 69 84 56 17 56 21 65 65 28 31 86
31 26 24 60 73 24 14 9 46 0 61 65 44 68 41 10 63 46 32 77 59 41 15 38 50 35 38 34 38 48 72
40 80 85 91 41 77 75 62 45 61 0 74 34 91 28 53 74 33 85 51 37 83 76 31 26 61 51 94 24 15 54
43 90 80 27 48 89 75 56 95 65 74 0 41 21 79 56 2 87 52 40 40 37 73 79 48 96 30 91 70 75 31
13 70 68 57 29 68 58 40 59 44 34 41 0 57 41 34 40 49 57 33 15 50 59 42 9 66 17 78 31 34 30
56 90 77 10 68 90 75 59 107 68 91 21 57 0 92 62 20 100 46 61 60 30 72 92 66 102 43 87 83 90 52
36 53 63 89 63 50 52 46 18 41 28 79 41 92 0 37 78 8 71 69 51 75 55 3 38 33 49 69 10 13 68
21 36 34 56 63 34 24 9 46 10 53 56 34 62 37 0 54 44 34 67 49 38 25 35 40 40 28 44 32 42 62
42 88 78 26 48 87 73 54 94 63 74 2 40 20 78 54 0 86 50 41 40 35 71 78 48 94 29 89 69 74 32
44 55 67 97 70 52 56 52 12 46 33 87 49 100 8 44 86 0 77 77 59 82 59 9 46 31 57 72 18 19 76
46 46 31 36 83 47 32 25 78 32 85 52 57 46 71 34 50 77 0 82 69 16 28 68 66 67 41 42 66 75 74
46 103 100 67 10 101 91 72 87 77 51 40 33 61 69 67 41 77 82 0 18 71 91 71 31 98 42 110 60 60 9
28 85 83 62 15 83 73 55 69 59 37 40 15 60 51 49 40 59 69 18 0 60 74 53 13 80 28 93 42 42 17
43 60 47 20 74 60 45 32 84 41 83 37 50 30 75 38 35 82 16 71 60 0 42 73 59 76 33 57 67 76 62
46 18 9 62 88 19 4 19 56 15 76 73 59 72 55 25 71 59 28 91 74 42 0 52 65 40 50 19 53 63 85
36 50 60 88 64 47 49 43 17 38 31 79 42 92 3 35 78 9 68 71 53 73 52 0 40 30 49 66 11 16 70
20 76 74 66 25 73 64 47 56 50 26 48 9 66 38 40 48 46 66 31 13 59 65 40 0 67 26 84 29 29 30
55 28 44 95 92 25 36 44 21 35 61 96 66 102 33 40 94 31 67 98 80 76 40 30 67 0 67 45 40 46 96
13 64 58 41 42 62 50 31 65 38 51 30 17 43 49 28 29 57 41 42 28 33 50 49 26 67 0 69 40 47 35
65 17 11 77 107 20 20 38 65 34 94 91 78 87 69 44 89 72 42 110 93 57 19 66 84 45 69 0 70 80 104
27 56 62 80 53 53 51 41 28 38 24 70 31 83 10 32 69 18 66 60 42 67 53 11 29 40 40 70 0 10 59
34 65 72 87 51 62 61 51 31 48 15 75 34 90 13 42 74 19 75 60 42 76 63 16 29 46 47 80 10 0 59
41 98 93 58 17 96 85 66 86 72 54 31 30 52 68 62 32 76 74 9 17 62 85 70 30 96 35 104 59 59 0
0 777
435 777
320 663
94 331
409 544
131 387
283 563
265 465
161 375
300 640
172 303
349 568
480 777
486 777
76 386
327 449
105 262
2 208
537 732
508 705
479 777
163 382
323 567
255 577
522 777
293 443
203 443
116 445
4 192
495 777
507 777
