31
0 36 67 54 53 55 102 90 24 75 19 97 85 71 72 55 100 27 33 97 69 51 25 58 107 5 107 33 85 3 55
36 0 71 37 60 25 79 56 43 51 41 66 51 47 62 28 78 17 46 68 36 23 11 30 82 31 79 38 54 39 59
67 71 0 41 14 60 62 84 43 52 86 77 85 50 25 99 60 80 34 74 71 94 64 101 71 69 77 36 73 67 13
54 37 41 0 36 19 48 47 41 21 69 47 46 17 25 63 46 52 36 45 30 58 36 63 53 52 53 28 38 56 32
53 60 14 36 0 53 67 82 29 51 72 78 82 49 29 88 65 67 20 76 66 83 52 90 76 55 81 23 72 53 4
55 25 60 19 53 0 54 35 50 26 64 42 32 22 43 46 53 42 48 43 15 42 30 46 57 51 54 39 30 57 50
102 79 62 48 67 54 0 45 87 28 116 27 50 32 38 98 2 96 79 24 50 95 82 97 9 100 17 74 35 104 63
90 56 84 47 82 35 45 0 85 33 97 18 6 34 60 62 46 73 82 21 21 60 65 60 40 86 34 74 12 92 79
24 43 43 41 29 50 87 85 0 62 43 88 82 58 52 70 85 44 9 86 65 65 32 72 94 27 94 13 78 24 31
75 51 52 21 51 26 28 33 62 0 88 27 35 4 27 72 27 68 57 25 26 68 54 72 32 72 32 49 21 77 47
19 41 86 69 72 64 116 97 43 88 0 106 92 84 88 50 115 25 52 107 77 47 34 53 120 17 118 50 94 20 73
97 66 77 47 78 42 27 18 88 27 106 0 24 30 52 78 28 83 83 3 30 75 72 77 22 93 16 75 12 99 74
85 51 85 46 82 32 50 6 82 35 92 24 0 35 62 56 50 67 80 27 17 54 60 54 46 81 40 71 15 88 78
71 47 50 17 49 22 32 34 58 4 84 30 35 0 27 68 31 64 53 28 24 64 50 68 36 68 36 45 23 73 45
72 62 25 25 29 43 38 60 52 27 88 52 62 27 0 88 36 75 43 49 50 83 59 88 47 71 52 40 48 73 25
55 28 99 63 88 46 98 62 70 72 50 78 56 68 88 0 98 28 74 80 48 5 38 3 99 50 93 66 66 58 87
100 78 60 46 65 53 2 46 85 27 115 28 50 31 36 98 0 95 77 25 50 94 81 97 11 98 19 72 35 102 61
27 17 80 52 67 42 96 73 44 68 25 83 67 64 75 28 95 0 50 85 53 24 16 31 99 22 96 44 71 30 67
33 46 34 36 20 48 79 82 9 57 52 83 80 53 43 74 77 50 0 81 63 69 36 76 87 35 89 9 74 33 22
97 68 74 45 76 43 24 21 86 25 107 3 27 28 49 80 25 85 81 0 32 77 73 79 19 94 13 73 14 100 72
69 36 71 30 66 15 50 21 65 26 77 30 17 24 50 48 50 53 63 32 0 45 44 47 51 65 45 54 18 72 62
51 23 94 58 83 42 95 60 65 68 47 75 54 64 83 5 94 24 69 77 45 0 33 7 96 46 90 61 63 54 82
25 11 64 36 52 30 82 65 32 54 34 72 60 50 59 38 81 16 36 73 44 33 0 40 86 21 84 29 60 28 51
58 30 101 63 90 46 97 60 72 72 53 77 54 68 88 3 97 31 76 79 47 7 40 0 98 53 92 68 65 61 89
107 82 71 53 76 57 9 40 94 32 120 22 46 36 47 99 11 99 87 19 51 96 86 98 0 104 9 81 33 109 72
5 31 69 52 55 51 100 86 27 72 17 93 81 68 71 50 98 22 35 94 65 46 21 53 104 0 104 33 81 8 56
107 79 77 53 81 54 17 34 94 32 118 16 40 36 52 93 19 96 89 13 45 90 84 92 9 104 0 81 27 109 77
33 38 36 28 23 39 74 74 13 49 50 75 71 45 40 66 72 44 9 73 54 61 29 68 81 33 81 0 65 33 23
85 54 73 38 72 30 35 12 78 21 94 12 15 23 48 66 35 71 74 14 18 63 60 65 33 81 27 65 0 87 68
3 39 67 56 53 57 104 92 24 77 20 99 88 73 73 58 102 30 33 100 72 54 28 61 109 8 109 33 87 0 55
55 59 13 32 4 50 63 79 31 47 73 74 78 45 25 87 61 67 22 72 62 82 51 89 72 56 77 23 68 55 0
0 1587
991 1387
1000 1302
73 329
336 809
594 926
1070 1399
647 876
777 1028
264 651
651 894
1024 1406
11 420
731 1146
57 269
738 1118
645 866
990 1307
61 455
618 914
138 581
108 429
1155 1367
186 362
499 898
23 415
83 376
1067 1306
523 800
575 764
127 601
