31
0 51 64 25 28 63 74 34 62 48 30 24 73 63 89 63 72 20 41 55 43 61 88 35 30 83 15 67 62 84 50
51 0 88 30 27 25 69 17 15 15 40 73 33 92 59 12 70 32 18 69 74 17 58 73 68 53 66 91 40 62 84
64 88 0 80 64 80 43 76 103 96 49 53 87 7 79 100 40 65 70 20 21 85 77 31 34 76 63 3 62 68 18
25 30 80 0 21 50 77 16 37 23 34 49 60 82 81 41 76 15 29 65 62 44 80 57 52 75 40 83 56 80 72
28 27 64 21 0 35 56 12 41 32 15 47 45 67 62 39 55 8 13 47 48 33 61 46 41 56 43 67 36 60 58
63 25 80 50 35 0 49 34 35 40 40 82 10 85 34 28 50 43 22 60 72 8 33 74 70 28 78 83 19 38 82
74 69 43 77 56 49 0 66 84 83 45 77 53 50 37 77 3 63 54 28 50 57 35 58 58 35 83 44 30 25 56
34 17 76 16 12 34 66 0 30 20 27 56 44 79 65 29 65 15 13 59 60 29 64 57 52 59 49 79 40 64 70
62 15 103 37 41 35 84 30 0 14 55 86 41 107 69 8 84 45 33 84 89 27 68 87 82 63 77 106 54 73 99
48 15 96 23 32 40 83 20 14 0 47 72 48 99 74 19 82 33 29 79 80 32 73 76 71 68 63 99 54 77 90
30 40 49 34 15 40 45 27 55 47 0 42 50 52 59 52 43 19 23 32 34 41 58 34 30 53 42 52 32 54 44
24 73 53 49 47 82 77 56 86 72 42 0 92 50 101 85 74 41 60 50 32 80 99 22 19 95 13 55 74 94 36
73 33 87 60 45 10 53 44 41 48 50 92 0 93 28 33 55 53 32 67 81 16 29 84 80 24 88 90 25 36 91
63 92 7 82 67 85 50 79 107 99 52 50 93 0 86 104 47 67 74 26 20 90 84 29 33 83 61 7 68 75 14
89 59 79 81 62 34 37 65 69 74 59 101 28 86 0 61 40 70 52 61 81 42 2 87 85 6 101 81 27 12 89
63 12 100 41 39 28 77 29 8 19 52 85 33 104 61 0 78 44 30 81 86 20 61 85 80 56 78 103 47 66 96
72 70 40 76 55 50 3 65 84 82 43 74 55 47 40 78 0 62 53 25 47 58 38 55 55 38 80 41 31 28 53
20 32 65 15 8 43 63 15 45 33 19 41 53 67 70 44 62 0 21 50 47 41 69 43 38 64 35 68 44 68 57
41 18 70 29 13 22 54 13 33 29 23 60 32 74 52 30 53 21 0 51 57 20 51 57 52 46 56 73 27 51 67
55 69 20 65 47 60 28 59 84 79 32 50 67 26 61 81 25 50 51 0 22 65 59 31 31 57 59 23 42 51 28
43 74 21 62 48 72 50 60 89 80 34 32 81 20 81 86 47 47 57 22 0 75 79 10 13 76 42 24 58 71 10
61 17 85 44 33 8 57 29 27 32 41 80 16 90 42 20 58 41 20 65 75 0 41 75 71 36 76 88 27 46 85
88 58 77 80 61 33 35 64 68 73 58 99 29 84 2 61 38 69 51 59 79 41 0 85 83 5 100 79 26 10 87
35 73 31 57 46 74 58 57 87 76 34 22 84 29 87 85 55 43 57 31 10 75 85 0 5 82 32 34 62 78 15
30 68 34 52 41 70 58 52 82 71 30 19 80 33 85 80 55 38 52 31 13 71 83 5 0 79 29 37 59 77 20
83 53 76 75 56 28 35 59 63 68 53 95 24 83 6 56 38 64 46 57 76 36 5 82 79 0 95 78 21 12 85
15 66 63 40 43 78 83 49 77 63 42 13 88 61 101 78 80 35 56 59 42 76 100 32 29 95 0 66 74 96 47
67 91 3 83 67 83 44 79 106 99 52 55 90 7 81 103 41 68 73 23 24 88 79 34 37 78 66 0 65 69 20
62 40 62 56 36 19 30 40 54 54 32 74 25 68 27 47 31 44 27 42 58 27 26 62 59 21 74 65 0 24 67
84 62 68 80 60 38 25 64 73 77 54 94 36 75 12 66 28 68 51 51 71 46 10 78 77 12 96 69 24 0 79
50 84 18 72 58 82 56 70 99 90 44 36 91 14 89 96 53 57 67 28 10 85 87 15 20 85 47 20 67 79 0
0 1587
24 366
92 503
784 1043
765 1097
379 595
1041 1389
839 1080
847 1285
1234 1587
558 870
222 499
420 674
1144 1422
346 582
547 999
1066 1314
763 1133
778 1120
1220 1475
686 871
602 873
533 702
872 1200
502 942
156 363
756 1130
141 457
866 1315
706 1106
663 1138
