31
0 57 17 65 24 39 35 38 44 23 17 53 30 30 61 23 69 29 54 63 57 47 80 22 19 34 31 38 50 66 56
57 0 40 14 78 95 22 71 31 63 69 69 87 66 35 80 35 82 48 6 8 58 35 36 75 54 59 89 70 10 61
17 40 0 50 40 55 18 40 34 32 29 48 47 38 46 40 53 42 49 46 42 40 64 11 35 28 35 50 47 49 48
65 14 50 0 84 104 33 83 29 66 79 83 95 67 49 87 48 92 42 10 8 72 44 43 84 67 60 100 84 15 75
24 78 40 84 0 25 58 54 58 21 28 72 15 25 85 7 93 30 61 84 77 69 104 42 16 56 32 38 69 88 78
39 95 55 104 25 0 73 49 81 46 29 67 10 50 94 19 102 19 86 101 96 69 116 61 20 59 57 22 64 104 77
35 22 18 33 58 73 0 50 29 46 47 53 65 50 32 58 38 60 47 28 25 42 47 18 53 34 46 67 53 31 48
38 71 40 83 54 49 50 0 74 61 26 18 48 68 53 48 61 30 89 77 75 21 76 51 38 17 69 29 15 78 29
44 31 34 29 58 81 29 74 0 38 60 80 71 38 60 62 64 73 18 33 25 70 66 23 62 60 31 81 79 39 77
23 63 32 66 21 46 46 61 38 0 37 76 36 7 77 27 84 45 40 68 60 69 93 28 31 56 11 54 73 73 78
17 69 29 79 28 29 47 26 60 37 0 44 24 44 65 22 73 13 71 75 71 42 87 38 12 30 47 21 41 78 51
53 69 48 83 72 67 53 18 80 76 44 0 66 83 43 66 51 48 97 75 75 11 66 59 56 20 82 47 3 74 12
30 87 47 95 15 10 65 48 71 36 24 66 0 40 88 9 96 19 76 93 87 66 109 52 12 54 47 26 63 96 75
30 66 38 67 25 50 50 68 38 7 44 83 40 0 82 32 88 51 37 70 62 76 97 32 37 63 7 60 80 76 85
61 35 46 49 85 94 32 53 60 77 65 43 88 82 0 83 8 76 78 39 43 33 23 50 76 37 78 79 45 35 32
23 80 40 87 7 19 58 48 62 27 22 66 9 32 83 0 91 23 67 86 79 64 103 44 10 52 38 31 63 89 73
69 35 53 48 93 102 38 61 64 84 73 51 96 88 8 91 0 84 82 38 43 41 15 56 84 45 84 87 53 34 39
29 82 42 92 30 19 60 30 73 45 13 48 19 51 76 23 84 0 83 88 84 50 99 51 14 40 56 9 45 91 58
54 48 49 42 61 86 47 89 18 40 71 97 76 37 78 67 82 83 0 49 41 88 83 38 70 77 30 92 96 55 95
63 6 46 10 84 101 28 77 33 68 75 75 93 70 39 86 38 88 49 0 8 64 35 42 81 60 63 95 76 6 67
57 8 42 8 77 96 25 75 25 60 71 75 87 62 43 79 43 84 41 8 0 64 43 35 76 59 55 92 76 14 68
47 58 40 72 69 69 42 21 70 69 42 11 66 76 33 64 41 50 88 64 64 0 56 50 54 13 75 50 12 63 9
80 35 64 44 104 116 47 76 66 93 87 66 109 97 23 103 15 99 83 35 43 56 0 65 97 60 92 102 68 29 54
22 36 11 43 42 61 18 51 23 28 38 59 52 32 50 44 56 51 38 42 35 50 65 0 41 39 28 59 58 46 58
19 75 35 84 16 20 53 38 62 31 12 56 12 37 76 10 84 14 70 81 76 54 97 41 0 42 42 23 53 84 63
34 54 28 67 56 59 34 17 60 56 30 20 54 63 37 52 45 40 77 60 59 13 60 39 42 0 62 42 19 61 22
31 59 35 60 32 57 46 69 31 11 47 82 47 7 78 38 84 56 30 63 55 75 92 28 42 62 0 65 81 69 83
38 89 50 100 38 22 67 29 81 54 21 47 26 60 79 31 87 9 92 95 92 50 102 59 23 42 65 0 44 98 58
50 70 47 84 69 64 53 15 79 73 41 3 63 80 45 63 53 45 96 76 76 12 68 58 53 19 81 44 0 75 15
66 10 49 15 88 104 31 78 39 73 78 74 96 76 35 89 34 91 55 6 14 63 29 46 84 61 69 98 75 0 65
56 61 48 75 78 77 48 29 77 78 51 12 75 85 32 73 39 58 95 67 68 9 54 58 63 22 83 58 15 65 0
0 972
353 565
500 935
665 941
558 923
326 613
308 627
522 735
534 936
282 534
152 321
205 403
379 786
393 739
127 320
562 849
29 416
461 774
48 254
511 828
534 698
312 583
627 972
223 403
147 317
508 870
532 799
190 341
647 922
338 666
633 929
