31
0 32 51 53 26 46 28 54 55 6 65 56 46 51 47 67 46 16 36 54 30 49 14 86 60 42 55 41 56 12 13
32 0 21 44 46 28 31 31 32 26 52 24 72 19 52 36 60 35 27 77 15 45 33 67 29 10 67 17 47 21 45
51 21 0 37 58 41 38 16 14 45 39 17 84 7 53 16 66 48 29 86 22 43 54 50 25 17 72 11 40 39 64
53 44 37 0 42 72 25 23 25 48 12 54 64 44 21 46 38 40 18 61 30 9 65 34 62 48 40 29 3 43 62
26 46 58 42 0 68 20 54 56 26 54 70 26 61 27 74 21 12 31 31 36 35 40 76 75 56 30 47 44 27 26
46 28 41 72 68 0 58 56 55 43 78 29 92 35 79 49 86 56 55 99 43 73 38 91 25 24 94 43 75 41 58
28 31 38 25 20 58 0 34 36 24 37 51 46 42 21 54 29 15 11 48 17 21 41 59 58 39 36 27 28 20 37
54 31 16 23 54 56 34 0 2 48 23 33 80 23 42 23 58 48 23 81 24 31 62 36 41 32 61 14 25 42 67
55 32 14 25 56 55 36 2 0 49 25 31 82 21 44 21 60 49 25 83 25 33 63 36 39 31 63 15 27 43 68
6 26 45 48 26 43 24 48 49 0 59 50 49 45 45 61 45 14 30 56 24 45 17 80 54 36 54 35 51 6 19
65 52 39 12 54 78 37 23 25 59 0 56 75 46 32 45 49 52 29 72 39 20 76 22 64 54 49 35 11 54 74
56 24 17 54 70 29 51 33 31 50 56 0 96 10 69 20 80 59 44 99 34 60 55 67 8 14 87 26 57 45 69
46 72 84 64 26 92 46 80 82 49 75 96 0 87 44 100 27 37 57 11 62 55 59 97 101 82 32 73 64 52 38
51 19 7 44 61 35 42 23 21 45 46 10 87 0 59 17 71 51 34 90 25 50 52 57 18 12 77 16 47 39 64
47 52 53 21 27 79 21 42 44 45 32 69 44 59 0 65 17 31 25 41 37 12 61 53 77 59 19 43 21 41 52
67 36 16 46 74 49 54 23 21 61 45 20 100 17 65 0 81 64 44 102 38 54 69 49 27 29 84 27 48 55 80
46 60 66 38 21 86 29 58 60 45 49 80 27 71 17 81 0 31 37 24 46 29 60 70 87 68 9 55 38 45 46
16 35 48 40 12 56 15 48 49 14 52 59 37 51 31 64 31 0 25 43 26 35 30 74 64 45 40 37 42 15 22
36 27 29 18 31 55 11 23 25 30 29 44 57 34 25 44 37 25 0 58 12 18 47 50 52 34 43 18 21 25 47
54 77 86 61 31 99 48 81 83 56 72 99 11 90 41 102 24 43 58 0 65 52 68 93 106 87 25 75 61 58 48
30 15 22 30 36 43 17 24 25 24 39 34 62 25 37 38 46 26 12 65 0 30 38 58 41 22 53 11 33 18 43
49 45 43 9 35 73 21 31 33 45 20 60 55 50 12 54 29 35 18 52 30 0 62 42 68 52 31 34 9 41 57
14 33 54 65 40 38 41 62 63 17 76 55 59 52 61 69 60 30 47 68 38 62 0 96 56 41 69 48 68 22 21
86 67 50 34 76 91 59 36 36 80 22 67 97 57 53 49 70 74 50 93 58 42 96 0 75 67 69 50 33 75 96
60 29 25 62 75 25 58 41 39 54 64 8 101 18 77 27 87 64 52 106 41 68 56 75 0 19 94 34 65 50 73
42 10 17 48 56 24 39 32 31 36 54 14 82 12 59 29 68 45 34 87 22 52 41 67 19 0 75 19 51 31 55
55 67 72 40 30 94 36 61 63 54 49 87 32 77 19 84 9 40 43 25 53 31 69 69 94 75 0 61 39 54 55
41 17 11 29 47 43 27 14 15 35 35 26 73 16 43 27 55 37 18 75 11 34 48 50 34 19 61 0 32 29 54
56 47 40 3 44 75 28 25 27 51 11 57 64 47 21 48 38 42 21 61 33 9 68 33 65 51 39 32 0 46 64
12 21 39 43 27 41 20 42 43 6 54 45 52 39 41 55 45 15 25 58 18 41 22 75 50 31 54 29 46 0 25
13 45 64 62 26 58 37 67 68 19 74 69 38 64 52 80 46 22 47 48 43 57 21 96 73 55 55 54 64 25 0
0 1346
774 909
134 310
1108 1203
1032 1160
484 607
551 642
317 406
137 332
501 579
730 930
943 1144
7 156
260 341
816 930
689 810
592 789
414 544
156 353
145 294
246 442
35 103
911 1080
961 1158
197 276
890 1032
268 409
641 800
368 495
1112 1238
1159 1263
