31
0 54 86 41 39 20 64 50 45 25 34 81 95 91 4 72 58 51 75 57 89 82 41 67 54 70 41 19 90 82 89
54 0 61 76 17 49 67 17 13 62 74 77 44 45 54 22 6 61 90 87 75 60 65 57 2 80 13 59 84 81 60
86 61 0 72 69 67 37 46 54 72 79 32 50 32 82 43 55 45 59 73 18 5 59 23 63 49 65 75 32 36 5
41 76 72 0 67 28 38 61 63 16 11 54 105 92 37 82 76 27 37 16 67 67 13 49 77 36 67 22 63 54 77
39 17 69 67 0 39 69 23 15 52 63 82 61 61 39 38 22 59 88 81 82 68 59 62 17 79 4 47 89 85 70
20 49 67 28 39 0 44 38 37 13 25 61 85 76 16 61 51 31 57 43 69 62 23 47 50 50 39 10 70 62 70
64 67 37 38 69 44 0 50 56 43 48 17 79 63 60 63 65 14 24 36 29 32 28 15 69 13 66 48 26 18 42
50 17 46 61 23 38 50 0 8 50 62 60 47 41 47 23 15 44 73 71 59 45 49 40 19 63 19 48 67 64 47
45 13 54 63 15 37 56 8 0 50 62 67 50 48 44 27 14 49 78 74 67 53 52 47 14 68 11 47 74 71 55
25 62 72 16 52 13 43 50 50 0 12 60 96 86 21 72 64 29 50 32 71 67 16 50 63 45 52 6 69 61 76
34 74 79 11 63 25 48 62 62 12 0 64 108 97 30 84 76 34 48 26 76 74 20 56 75 46 64 16 73 64 84
81 77 32 54 82 61 17 60 67 60 64 0 80 63 77 68 74 31 29 48 16 27 45 20 79 21 78 65 9 4 37
95 44 50 105 61 85 79 47 50 96 108 80 0 18 94 24 39 81 103 110 68 53 92 64 45 92 57 95 82 84 45
91 45 32 92 61 76 63 41 48 86 97 63 18 0 88 23 39 67 87 96 50 36 79 48 47 76 57 86 64 67 27
4 54 82 37 39 16 60 47 44 21 30 77 94 88 0 70 57 47 71 53 85 78 37 63 54 66 41 15 86 78 85
72 22 43 82 38 61 63 23 27 72 84 68 24 23 70 0 16 61 87 90 60 44 70 49 24 76 34 71 73 72 41
58 6 55 76 22 51 65 15 14 64 76 74 39 39 57 16 0 59 88 86 70 55 64 54 8 78 18 61 80 78 54
51 61 45 27 59 31 14 44 49 29 34 31 81 67 47 61 59 0 29 29 42 40 14 22 63 20 57 34 40 32 50
75 90 59 37 88 57 24 73 78 50 48 29 103 87 71 87 88 29 0 25 45 54 34 39 92 11 86 56 34 26 64
57 87 73 16 81 43 36 71 74 32 26 48 110 96 53 90 86 29 25 0 64 68 22 50 88 27 79 38 55 46 78
89 75 18 67 82 69 29 59 67 71 76 16 68 50 85 60 70 42 45 64 0 16 56 22 77 37 78 75 14 20 23
82 60 5 67 68 62 32 45 53 67 74 27 53 36 78 44 55 40 54 68 16 0 54 18 62 44 64 70 29 31 10
41 65 59 13 59 23 28 49 52 16 20 45 92 79 37 70 64 14 34 22 56 54 0 36 66 29 57 22 54 45 64
67 57 23 49 62 47 15 40 47 50 56 20 64 48 63 49 54 22 39 50 22 18 36 0 59 28 58 53 27 24 28
54 2 63 77 17 50 69 19 14 63 75 79 45 47 54 24 8 63 92 88 77 62 66 59 0 82 13 60 86 83 62
70 80 49 36 79 50 13 63 68 45 46 21 92 76 66 76 78 20 11 27 37 44 29 28 82 0 77 51 28 19 54
41 13 65 67 4 39 66 19 11 52 64 78 57 57 41 34 18 57 86 79 78 64 57 58 13 77 0 48 85 82 66
19 59 75 22 47 10 48 48 47 6 16 65 95 86 15 71 61 34 56 38 75 70 22 53 60 51 48 0 74 66 79
90 84 32 63 89 70 26 67 74 69 73 9 82 64 86 73 80 40 34 55 14 29 54 27 86 28 85 74 0 9 37
82 81 36 54 85 62 18 64 71 61 64 4 84 67 78 72 78 32 26 46 20 31 45 24 83 19 82 66 9 0 41
89 60 5 77 70 70 42 47 55 76 84 37 45 27 85 41 54 50 64 78 23 10 64 28 62 54 66 79 37 41 0
0 1122
395 959
43 591
243 564
310 726
581 1122
76 326
425 748
329 771
243 731
150 670
8 460
495 835
109 663
436 757
29 578
654 1069
452 1067
86 397
21 482
101 440
97 389
501 735
565 1122
399 721
298 958
275 760
596 1083
560 791
18 419
510 869
