31
0 10 83 64 45 28 82 53 5 26 25 67 69 40 67 53 56 55 59 28 51 8 25 13 20 59 15 48 29 27 35
10 0 90 71 55 35 89 60 15 33 30 73 79 50 76 55 60 59 69 23 55 16 19 23 10 66 22 48 38 37 39
83 90 0 21 63 97 5 30 79 96 100 20 54 63 45 48 36 39 65 81 39 75 85 78 100 24 69 60 59 66 52
64 71 21 0 42 76 19 12 60 75 79 19 38 42 29 41 30 32 46 65 29 56 69 58 81 6 49 51 38 45 36
45 55 63 42 0 41 59 41 40 42 47 58 24 5 25 65 60 60 14 66 56 41 66 33 65 43 40 69 21 18 47
28 35 97 76 41 0 95 68 27 2 7 85 65 38 66 78 79 78 53 56 74 32 53 22 40 73 38 74 38 31 58
82 89 5 19 59 95 0 29 78 94 98 23 49 60 40 51 39 42 60 82 41 74 86 77 99 23 68 63 57 64 53
53 60 30 12 41 68 29 0 50 67 71 17 45 39 36 31 21 22 49 53 19 45 57 49 70 6 39 40 30 38 24
5 15 79 60 40 27 78 50 0 25 25 64 64 35 62 51 53 52 54 31 48 5 29 9 25 55 12 47 24 22 32
26 33 96 75 42 2 94 67 25 0 6 84 66 38 67 76 77 76 54 54 72 30 51 20 38 72 36 72 37 30 56
25 30 100 79 47 7 98 71 25 6 0 87 71 43 72 76 78 77 59 53 73 30 49 22 33 76 37 72 41 34 57
67 73 20 19 58 85 23 17 64 84 87 0 57 56 48 28 16 19 63 61 19 59 65 65 82 15 52 40 47 55 34
69 79 54 38 24 65 49 45 64 66 71 57 0 29 9 75 66 67 14 86 64 64 87 57 89 43 61 82 42 42 61
40 50 63 42 5 38 60 39 35 38 43 56 29 0 29 62 57 57 19 61 53 36 61 28 60 42 35 65 17 13 43
67 76 45 29 25 66 40 36 62 67 72 48 9 29 0 67 57 58 20 80 55 60 82 55 86 34 57 75 38 40 54
53 55 48 41 65 78 51 31 51 76 76 28 75 62 67 0 12 9 76 36 12 46 41 56 62 35 40 12 46 54 20
56 60 36 30 60 79 39 21 53 77 78 16 66 57 57 12 0 3 69 46 5 48 51 57 69 24 41 24 44 52 21
55 59 39 32 60 78 42 22 52 76 77 19 67 57 58 9 3 0 70 43 4 47 48 56 67 26 40 21 43 51 20
59 69 65 46 14 53 60 49 54 54 59 63 14 19 20 76 69 70 0 80 66 55 80 47 79 48 54 81 35 32 59
28 23 81 65 66 56 82 53 31 54 53 61 86 61 80 36 46 43 80 0 42 26 5 39 27 59 26 27 45 48 29
51 55 39 29 56 74 41 19 48 72 73 19 64 53 55 12 5 4 66 42 0 43 46 52 64 23 36 22 39 47 16
8 16 75 56 41 32 74 45 5 30 30 59 64 36 60 46 48 47 55 26 43 0 25 13 26 51 7 42 22 23 27
25 19 85 69 66 53 86 57 29 51 49 65 87 61 82 41 51 48 80 5 46 25 0 38 22 63 26 32 45 48 33
13 23 78 58 33 22 77 49 9 20 22 65 57 28 55 56 57 56 47 39 52 13 38 0 33 54 17 54 20 15 36
20 10 100 81 65 40 99 70 25 38 33 82 89 60 86 62 69 67 79 27 64 26 22 33 0 76 32 54 48 47 48
59 66 24 6 43 73 23 6 55 72 76 15 43 42 34 35 24 26 48 59 23 51 63 54 76 0 45 45 35 43 30
15 22 69 49 40 38 68 39 12 36 37 52 61 35 57 40 41 40 54 26 36 7 26 17 32 45 0 37 19 22 20
48 48 60 51 69 74 63 40 47 72 72 40 82 65 75 12 24 21 81 27 22 42 32 54 54 45 37 0 48 56 22
29 38 59 38 21 38 57 30 24 37 41 47 42 17 38 46 44 43 35 45 39 22 45 20 48 35 19 48 0 8 26
27 37 66 45 18 31 64 38 22 30 34 55 42 13 40 54 52 51 32 48 47 23 48 15 47 43 22 56 8 0 34
35 39 52 36 47 58 53 24 32 56 57 34 61 43 54 20 21 20 59 29 16 27 33 36 48 30 20 22 26 34 0
0 777
324 512
106 291
506 745
385 695
236 453
483 632
226 416
36 366
393 711
92 283
213 381
253 426
147 415
453 656
31 354
110 252
413 651
512 777
137 442
372 544
401 518
400 744
81 316
320 501
107 323
187 523
207 436
55 288
363 621
350 691
