31
0 42 35 32 62 33 43 60 37 17 3 34 59 43 31 18 64 29 47 68 70 26 23 65 32 28 26 46 29 31 13
42 0 56 71 78 75 85 38 20 27 45 24 42 67 15 58 22 49 6 65 28 19 64 71 43 48 47 20 15 32 51
35 56 0 32 97 54 60 86 36 33 35 32 88 78 53 28 71 64 55 102 82 38 50 100 13 63 61 44 50 63 25
32 71 32 0 84 27 29 92 59 44 29 55 90 61 63 14 91 56 74 96 99 53 29 92 40 55 53 68 60 62 20
62 78 97 84 0 61 69 56 88 71 63 88 50 23 64 75 96 33 84 30 92 76 55 19 92 34 36 94 65 47 75
33 75 54 27 61 0 10 84 70 50 30 67 80 38 62 26 97 41 80 80 102 59 11 74 57 40 38 79 60 54 31
43 85 60 29 69 10 0 94 79 60 40 75 90 46 72 33 107 51 90 89 112 69 21 82 65 50 48 88 70 64 39
60 38 86 92 56 84 94 0 58 53 63 61 6 59 33 78 45 44 43 31 37 50 73 41 75 44 46 58 36 30 73
37 20 36 59 88 70 79 58 0 20 40 4 61 73 27 48 35 55 19 81 46 12 60 84 23 54 52 9 24 42 41
17 27 33 44 71 50 60 53 20 0 20 18 55 56 20 31 47 38 30 70 55 9 40 72 23 37 35 29 17 30 24
3 45 35 29 63 30 40 63 40 20 0 37 61 43 34 15 67 30 50 70 73 29 20 66 33 29 27 49 32 33 12
34 24 32 55 88 67 75 61 4 18 37 0 63 73 28 44 39 55 23 82 50 12 57 85 19 54 52 13 26 43 37
59 42 88 90 50 80 90 6 61 55 61 63 0 54 35 76 51 40 48 25 43 52 70 35 77 41 42 62 38 28 72
43 67 78 61 23 38 46 59 73 56 43 73 54 0 52 53 87 18 73 44 87 61 32 36 75 19 21 82 53 36 53
31 15 53 63 64 62 72 33 27 20 34 28 35 52 0 49 36 34 21 54 40 17 51 58 42 33 32 31 3 17 43
18 58 28 14 75 26 33 78 48 31 15 44 76 53 49 0 78 44 61 84 86 40 22 80 32 43 41 57 46 48 7
64 22 71 91 96 97 107 45 35 47 67 39 51 87 36 78 0 69 17 76 12 38 86 84 58 69 68 28 37 51 71
29 49 64 56 33 41 51 44 55 38 30 55 40 18 34 44 69 0 55 40 69 43 31 36 59 1 3 64 35 18 42
47 6 55 74 84 80 90 43 19 30 50 23 48 73 21 61 17 55 0 71 27 21 69 77 42 54 53 15 21 38 54
68 65 102 96 30 80 89 31 81 70 70 82 25 44 54 84 76 40 71 0 68 71 70 11 93 41 43 84 57 40 81
70 28 82 99 92 102 112 37 46 55 73 50 43 87 40 86 12 69 27 68 0 47 91 78 69 69 69 40 42 51 79
26 19 38 53 76 59 69 50 12 9 29 12 52 61 17 40 38 43 21 71 47 0 49 73 25 42 40 21 14 31 33
23 64 50 29 55 11 21 73 60 40 20 57 70 32 51 22 86 31 69 70 91 49 0 65 51 30 28 69 49 43 25
65 71 100 92 19 74 82 41 84 72 66 85 35 36 58 80 84 36 77 11 78 73 65 0 95 37 39 89 60 42 78
32 43 13 40 92 57 65 75 23 23 33 19 77 75 42 32 58 59 42 93 69 25 51 95 0 58 56 31 39 53 26
28 48 63 55 34 40 50 44 54 37 29 54 41 19 33 43 69 1 54 41 69 42 30 37 58 0 2 63 34 18 41
26 47 61 53 36 38 48 46 52 35 27 52 42 21 32 41 68 3 53 43 69 40 28 39 56 2 0 61 32 18 39
46 20 44 68 94 79 88 58 9 29 49 13 62 82 31 57 28 64 15 84 40 21 69 89 31 63 61 0 29 47 50
29 15 50 60 65 60 70 36 24 17 32 26 38 53 3 46 37 35 21 57 42 14 49 60 39 34 32 29 0 18 40
31 32 63 62 47 54 64 30 42 30 33 43 28 36 17 48 51 18 38 40 51 31 43 42 53 18 18 47 18 0 44
13 51 25 20 75 31 39 73 41 24 12 37 72 53 43 7 71 42 54 81 79 33 25 78 26 41 39 50 40 44 0
0 1190
236 360
84 325
329 605
37 200
267 492
11 131
136 469
763 957
801 966
836 1017
86 359
143 337
570 752
833 1116
38 377
781 904
321 515
121 241
61 198
534 759
153 333
882 1140
186 470
228 509
632 798
175 532
716 953
911 1112
188 514
622 854
