31
0 32 75 19 47 24 69 36 63 23 26 17 13 36 65 32 54 12 44 72 40 43 62 53 56 65 64 8 22 63 70
32 0 44 49 51 43 77 46 44 44 30 36 29 67 58 40 63 42 76 44 57 73 68 83 78 62 39 40 11 77 64
75 44 0 88 67 87 90 88 32 88 60 80 67 107 55 82 80 82 116 14 85 110 81 117 105 65 20 82 53 97 61
19 49 88 0 42 39 58 52 69 36 29 33 21 19 65 49 43 7 29 81 26 24 51 34 37 61 73 12 38 48 68
47 51 67 42 0 70 26 82 38 70 23 63 34 57 24 77 13 42 67 56 21 54 17 56 39 19 48 47 44 30 26
24 43 87 39 70 0 93 13 83 4 49 7 36 48 88 13 78 33 50 87 63 57 85 68 76 88 81 27 37 85 93
69 77 90 58 26 93 0 105 58 92 48 86 57 67 35 100 15 61 76 77 32 60 9 58 34 25 70 67 70 17 32
36 46 88 52 82 13 105 0 89 17 60 19 48 61 98 6 90 46 63 90 76 70 97 81 89 99 85 40 43 98 104
63 44 32 69 38 83 58 89 0 84 40 76 51 88 23 83 51 66 98 19 58 88 49 93 77 33 12 67 46 68 29
23 44 88 36 70 4 92 17 84 0 49 8 36 44 88 17 77 31 46 88 61 53 85 64 73 88 82 25 38 83 93
26 30 60 29 23 49 48 60 40 49 0 42 13 48 39 55 33 26 58 52 27 50 39 57 48 39 44 28 22 47 44
17 36 80 33 63 7 86 19 76 8 42 0 29 45 81 16 71 27 50 80 57 54 78 65 70 81 74 21 30 79 86
13 29 67 21 34 36 57 48 51 36 13 29 0 40 52 43 42 15 49 62 31 44 49 54 50 52 54 16 18 54 57
36 67 107 19 57 48 67 61 88 44 48 45 40 0 81 61 54 25 10 100 37 10 62 21 37 75 92 28 56 53 83
65 58 55 65 24 88 35 98 23 88 39 81 52 81 0 92 33 64 91 42 45 78 28 80 61 10 35 67 55 48 6
32 40 82 49 77 13 100 6 83 17 55 16 43 61 92 0 85 43 63 84 72 70 92 81 86 94 79 37 37 95 98
54 63 80 43 13 78 15 90 51 77 33 71 42 54 33 85 0 46 64 69 17 49 8 50 28 23 61 52 55 17 31
12 42 82 7 42 33 61 46 66 31 26 27 15 25 64 43 46 0 34 77 30 31 54 41 44 61 69 6 31 52 67
44 76 116 29 67 50 76 63 98 46 58 50 49 10 91 63 64 34 0 110 47 16 72 24 44 85 102 36 65 61 93
72 44 14 81 56 87 77 90 19 88 52 80 62 100 42 84 69 77 110 0 74 102 68 109 94 52 8 78 51 86 47
40 57 85 26 21 63 32 76 58 61 27 57 31 37 45 72 17 30 47 74 0 33 25 35 21 39 66 36 47 23 47
43 73 110 24 54 57 60 70 88 53 50 54 44 10 78 70 49 31 16 102 33 0 57 11 28 72 94 35 62 45 80
62 68 81 51 17 85 9 97 49 85 39 78 49 62 28 92 8 54 72 68 25 57 0 57 34 18 61 60 61 20 26
53 83 117 34 56 68 58 81 93 64 57 65 54 21 80 81 50 41 24 109 35 11 57 0 24 73 101 46 72 41 81
56 78 105 37 39 76 34 89 77 73 48 70 50 37 61 86 28 44 44 94 21 28 34 24 0 51 86 49 67 17 59
65 62 65 61 19 88 25 99 33 88 39 81 52 75 10 94 23 61 85 52 39 72 18 73 51 0 45 65 58 38 8
64 39 20 73 48 81 70 85 12 82 44 74 54 92 35 79 61 69 102 8 66 94 61 101 86 45 0 70 44 78 41
8 40 82 12 47 27 67 40 67 25 28 21 16 28 67 37 52 6 36 78 36 35 60 46 49 65 70 0 29 58 72
22 11 53 38 44 37 70 43 46 38 22 30 18 56 55 37 55 31 65 51 47 62 61 72 67 58 44 29 0 69 61
63 77 97 48 30 85 17 98 68 83 47 79 54 53 48 95 17 52 61 86 23 45 20 41 17 38 78 58 69 0 46
70 64 61 68 26 93 32 104 29 93 44 86 57 83 6 98 31 67 93 47 47 80 26 81 59 8 41 72 61 46 0
0 1296
14 344
760 1204
285 767
437 742
274 671
392 651
346 688
736 1296
45 342
659 1050
86 527
680 890
332 760
547 1123
166 679
259 828
457 820
418 659
149 680
353 660
795 1226
608 1004
692 1208
228 709
53 555
469 725
485 696
28 274
192 503
386 605
