31
0 50 5 75 78 49 74 92 28 34 45 76 38 80 50 40 83 51 66 24 48 32 53 47 56 56 69 40 42 31 21
50 0 52 53 71 49 59 58 22 74 6 78 73 98 21 24 98 39 75 66 5 48 52 3 9 68 45 53 88 19 33
5 52 0 73 73 44 70 91 32 29 47 71 33 75 55 45 78 49 61 19 50 27 48 49 58 51 67 35 38 33 21
75 53 73 0 24 32 10 22 64 74 49 37 69 66 73 75 63 24 43 74 57 48 29 55 47 44 8 45 94 58 55
78 71 73 24 0 29 14 44 76 64 65 15 59 44 90 90 41 33 24 69 74 46 25 72 67 29 29 40 84 70 61
49 49 44 32 29 0 26 53 48 42 43 30 38 49 67 63 49 13 26 42 52 17 4 50 49 19 28 13 62 43 32
74 59 70 10 14 26 0 32 66 68 54 27 63 56 79 79 53 23 33 68 63 43 23 61 54 35 15 39 88 60 54
92 58 91 22 44 53 32 0 75 95 56 59 91 88 78 82 85 43 65 94 63 68 51 61 50 66 25 66 115 69 71
28 22 32 64 76 48 66 75 0 58 20 78 59 92 23 15 93 43 73 49 20 38 52 19 31 63 56 46 70 6 18
34 74 29 74 64 42 68 95 58 0 68 55 5 50 81 73 54 53 44 10 74 29 45 72 79 35 70 29 20 57 41
45 6 47 49 65 43 54 56 20 68 0 72 67 92 25 26 92 33 69 60 9 42 46 7 11 62 41 47 82 15 27
76 78 71 37 15 30 27 59 78 55 72 0 50 29 97 93 26 39 11 62 81 44 27 79 76 21 41 36 75 73 62
38 73 33 69 59 38 63 91 59 5 67 50 0 45 82 74 49 49 39 14 74 26 40 72 77 30 66 25 25 58 42
80 98 75 66 44 49 56 88 92 50 92 29 45 0 114 107 5 61 24 59 101 54 47 99 98 30 69 46 64 89 74
50 21 55 73 90 67 79 78 23 81 25 97 82 114 0 11 115 58 93 72 16 60 70 18 28 85 65 68 92 25 41
40 24 45 75 90 63 79 82 15 73 26 93 74 107 11 0 108 57 88 63 20 53 67 21 33 78 67 61 82 20 33
83 98 78 63 41 49 53 85 93 54 92 26 49 5 115 108 0 60 23 63 101 55 46 99 97 30 67 47 69 90 75
51 39 49 24 33 13 23 43 43 53 33 39 49 61 58 57 60 0 37 51 42 25 14 40 37 32 18 24 73 37 31
66 75 61 43 24 26 33 65 73 44 69 11 39 24 93 88 23 37 0 51 78 35 23 76 74 10 45 27 64 69 55
24 66 19 74 69 42 68 94 49 10 60 62 14 59 72 63 63 51 51 0 66 26 45 64 71 41 69 29 22 49 33
48 5 50 57 74 52 63 63 20 74 9 81 74 101 16 20 101 42 78 66 0 49 55 2 13 71 49 56 88 17 33
32 48 27 48 46 17 43 68 38 29 42 44 26 54 60 53 55 25 35 26 49 0 21 47 51 25 43 8 48 35 20
53 52 48 29 25 4 23 51 52 45 46 27 40 47 70 67 46 14 23 45 55 21 0 53 51 18 27 16 65 47 36
47 3 49 55 72 50 61 61 19 72 7 79 72 99 18 21 99 40 76 64 2 47 53 0 12 69 47 54 86 16 31
56 9 58 47 67 49 54 50 31 79 11 76 77 98 28 33 97 37 74 71 13 51 51 12 0 68 40 56 93 26 38
56 68 51 44 29 19 35 66 63 35 62 21 30 30 85 78 30 32 10 41 71 25 18 69 68 0 44 17 55 60 45
69 45 67 8 29 28 15 25 56 70 41 41 66 69 65 67 67 18 45 69 49 43 27 47 40 44 0 41 90 50 49
40 53 35 45 40 13 39 66 46 29 47 36 25 46 68 61 47 24 27 29 56 8 16 54 56 17 41 0 49 43 28
42 88 38 94 84 62 88 115 70 20 82 75 25 64 92 82 69 73 64 22 88 48 65 86 93 55 90 49 0 71 55
31 19 33 58 70 43 60 69 6 57 15 73 58 89 25 20 90 37 69 49 17 35 47 16 26 60 50 43 71 0 16
21 33 21 55 61 32 54 71 18 41 27 62 42 74 41 33 75 31 55 33 33 20 36 31 38 45 49 28 55 16 0
0 752
354 752
361 752
2 481
257 519
104 554
144 678
107 454
29 545
100 290
285 621
26 325
60 261
51 598
240 752
237 603
272 752
194 540
211 558
279 558
11 560
286 640
241 600
103 472
312 609
188 709
80 440
316 695
285 728
14 389
29 395
