31
0 52 40 94 73 39 82 70 60 41 54 20 43 35 62 75 52 71 11 68 60 66 28 75 83 68 21 57 64 73 16
52 0 58 76 108 78 77 67 83 12 46 36 18 55 97 54 94 99 46 31 54 36 80 54 66 93 73 68 81 57 51
40 58 0 59 51 29 44 32 25 46 25 30 41 5 40 45 44 41 49 54 26 47 48 45 48 35 47 17 25 41 56
94 76 59 0 93 85 18 28 62 71 40 75 63 63 84 22 98 76 98 48 34 40 107 22 11 70 105 45 52 21 105
73 108 51 93 0 34 75 68 31 96 75 75 91 53 11 90 24 17 84 105 71 97 54 90 88 23 61 52 41 84 89
39 78 29 85 34 0 68 57 29 66 54 43 64 28 23 74 16 34 50 82 55 75 26 74 77 33 29 40 38 70 55
82 77 44 18 75 68 0 12 44 69 32 66 61 48 66 25 80 58 89 51 24 42 91 25 15 52 91 28 34 20 96
70 67 32 28 68 57 12 0 37 58 21 55 50 36 59 24 70 51 77 47 13 38 80 24 20 45 79 17 27 18 84
60 83 25 62 31 29 44 37 0 71 44 54 66 29 22 59 36 16 71 75 40 66 55 59 57 10 58 21 10 53 76
41 12 46 71 96 66 69 58 71 0 37 24 8 43 85 49 82 87 37 31 45 33 68 49 61 81 62 57 69 51 44
54 46 25 40 75 54 32 21 44 37 0 36 29 26 64 21 69 60 59 31 8 22 70 21 29 54 67 24 37 19 66
20 36 30 75 75 43 66 55 54 24 36 0 24 25 64 55 59 69 23 48 43 46 44 55 64 64 38 45 55 54 30
43 18 41 63 91 64 61 50 66 8 29 24 0 38 80 41 80 82 42 25 37 26 68 41 53 76 62 50 63 43 48
35 55 5 63 53 28 48 36 29 43 26 25 38 0 42 47 44 45 44 54 29 47 44 47 52 39 43 22 30 44 51
62 97 40 84 11 23 66 59 22 85 64 64 80 42 0 81 18 14 73 94 62 86 46 81 79 17 52 43 32 75 78
75 54 45 22 90 74 25 24 59 49 21 55 41 47 81 0 88 74 78 26 19 18 91 0 12 68 88 38 50 6 85
52 94 44 98 24 16 80 70 36 82 69 59 80 44 18 88 0 32 63 98 69 91 30 88 90 35 37 53 46 84 67
71 99 41 76 17 34 58 51 16 87 60 69 82 45 14 74 32 0 82 91 56 82 60 74 71 6 63 37 24 68 87
11 46 49 98 84 50 89 77 71 37 59 23 42 44 73 78 63 82 0 67 66 67 38 78 87 79 31 66 74 77 7
68 31 54 48 105 82 51 47 75 31 31 48 25 54 94 26 98 91 67 0 36 9 92 26 38 85 86 55 68 31 73
60 54 26 34 71 55 24 13 40 45 8 43 37 29 62 19 69 56 66 36 0 27 73 19 23 50 71 19 32 15 73
66 36 47 40 97 75 42 38 66 33 22 46 26 47 86 18 91 82 67 9 27 0 87 18 30 76 83 46 59 22 74
28 80 48 107 54 26 91 80 55 68 70 44 68 44 46 91 30 60 38 92 73 87 0 91 96 59 7 63 63 88 38
75 54 45 22 90 74 25 24 59 49 21 55 41 47 81 0 88 74 78 26 19 18 91 0 12 68 88 38 50 6 85
83 66 48 11 88 77 15 20 57 61 29 64 53 52 79 12 90 71 87 38 23 30 96 12 0 65 94 37 47 10 94
68 93 35 70 23 33 52 45 10 81 54 64 76 39 17 68 35 6 79 85 50 76 59 68 65 0 62 31 18 62 84
21 73 47 105 61 29 91 79 58 62 67 38 62 43 52 88 37 63 31 86 71 83 7 88 94 62 0 63 65 86 31
57 68 17 45 52 40 28 17 21 57 24 45 50 22 43 38 53 37 66 55 19 46 63 38 37 31 63 0 13 32 73
64 81 25 52 41 38 34 27 10 69 37 55 63 30 32 50 46 24 74 68 32 59 63 50 47 18 65 13 0 44 80
73 57 41 21 84 70 20 18 53 51 19 54 43 44 75 6 84 68 77 31 15 22 88 6 10 62 86 32 44 0 84
16 51 56 105 89 55 96 84 76 44 66 30 48 51 78 85 67 87 7 73 73 74 38 85 94 84 31 73 80 84 0
0 1296
172 630
385 619
211 666
3 228
454 885
877 1296
66 554
323 837
600 845
788 1240
347 674
808 1084
637 1086
465 842
441 955
639 934
462 1009
742 1027
891 1296
32 487
642 1101
242 786
102 459
180 592
18 266
373 821
245 721
381 791
899 1184
419 960
