31
0 22 84 22 39 41 43 47 80 87 7 12 77 7 92 65 5 57 41 78 33 41 42 47 33 57 65 19 62 17 91
22 0 97 39 38 62 43 60 94 104 15 15 79 29 109 76 23 77 63 98 52 41 56 69 27 67 72 11 82 29 106
84 97 0 62 63 62 58 37 8 26 89 82 39 78 26 21 79 47 69 47 55 60 42 72 75 30 29 86 46 68 21
22 39 62 0 31 27 32 25 58 66 28 24 60 16 71 44 18 38 32 59 13 31 20 38 33 37 45 30 43 10 69
39 38 63 31 0 57 5 32 63 79 40 29 41 38 83 42 34 64 63 82 42 3 32 69 12 33 35 27 67 25 79
41 62 62 27 57 0 56 36 55 54 48 49 75 34 59 52 39 19 7 40 15 56 31 12 60 49 58 56 24 37 60
43 43 58 32 5 56 0 29 58 75 45 34 36 41 78 37 38 61 63 79 41 2 29 68 17 28 30 32 64 27 74
47 60 37 25 32 36 29 0 34 47 52 45 39 41 51 19 42 34 43 50 22 30 5 48 42 13 22 49 37 31 48
80 94 8 58 63 55 58 34 0 20 85 79 44 74 21 21 75 39 62 39 49 60 38 64 75 30 31 83 38 65 16
87 104 26 66 79 54 75 47 20 0 94 89 64 80 5 40 84 35 59 23 54 76 49 60 89 47 50 95 31 75 7
7 15 89 28 40 48 45 52 85 94 0 11 80 14 99 70 10 64 48 85 40 43 47 54 32 61 69 16 69 21 97
12 15 82 24 29 49 34 45 79 89 11 0 70 16 94 62 10 62 51 83 37 32 41 57 21 53 60 7 67 14 91
77 79 39 60 41 75 36 39 44 64 80 70 0 74 65 27 72 70 82 79 61 38 44 87 53 27 18 68 71 60 60
7 29 78 16 38 34 41 41 74 80 14 16 74 0 85 60 6 50 35 71 26 40 36 41 35 52 60 23 55 14 84
92 109 26 71 83 59 78 51 21 5 99 94 65 85 0 42 89 40 64 27 59 80 54 65 93 51 52 100 36 80 5
65 76 21 44 42 52 37 19 21 40 70 62 27 60 42 0 60 43 59 52 40 39 24 64 54 9 10 65 44 49 37
5 23 79 18 34 39 38 42 75 84 10 10 72 6 89 60 0 55 41 76 30 36 37 47 29 52 60 17 60 12 87
57 77 47 38 64 19 61 34 39 35 64 62 70 50 40 43 55 0 24 21 25 62 32 25 70 44 52 68 5 48 41
41 63 69 32 63 7 63 43 62 59 48 51 82 35 64 59 41 24 0 43 22 63 38 6 64 56 65 58 29 41 65
78 98 47 59 82 40 79 50 39 23 85 83 79 71 27 52 76 21 43 0 46 80 50 42 90 56 62 89 16 69 30
33 52 55 13 42 15 41 22 49 54 40 37 61 26 59 40 30 25 22 46 0 41 17 27 46 35 44 43 30 23 58
41 41 60 31 3 56 2 30 60 76 43 32 38 40 80 39 36 62 63 80 41 0 30 68 15 30 32 30 65 26 76
42 56 42 20 32 31 29 5 38 49 47 41 44 36 54 24 37 32 38 50 17 30 0 43 40 18 27 46 35 27 51
47 69 72 38 69 12 68 48 64 60 54 57 87 41 65 64 47 25 6 42 27 68 43 0 70 61 70 64 29 47 66
33 27 75 33 12 60 17 42 75 89 32 21 53 35 93 54 29 70 64 90 46 15 40 70 0 45 47 17 74 23 90
57 67 30 37 33 49 28 13 30 47 61 53 27 52 51 9 52 44 56 56 35 30 18 61 45 0 9 56 46 40 46
65 72 29 45 35 58 30 22 31 50 69 60 18 60 52 10 60 52 65 62 44 32 27 70 47 9 0 61 53 48 47
19 11 86 30 27 56 32 49 83 95 16 7 68 23 100 65 17 68 58 89 43 30 46 64 17 56 61 0 73 20 97
62 82 46 43 67 24 64 37 38 31 69 67 71 55 36 44 60 5 29 16 30 65 35 29 74 46 53 73 0 53 37
17 29 68 10 25 37 27 31 65 75 21 14 60 14 80 49 12 48 41 69 23 26 27 47 23 40 48 20 53 0 77
91 106 21 69 79 60 74 48 16 7 97 91 60 84 5 37 87 41 65 30 58 76 51 66 90 46 47 97 37 77 0
0 673
185 480
207 379
268 558
189 515
326 673
9 341
74 266
202 392
224 471
305 644
312 474
73 294
123 274
313 598
321 626
54 346
228 534
7 348
12 180
11 186
55 344
13 242
13 314
326 568
73 423
199 438
300 474
71 434
81 229
187 503
