31
0 79 42 84 33 25 67 37 28 74 52 66 68 41 85 59 31 62 28 40 36 51 76 67 27 85 46 14 11 97 90
79 0 41 31 76 54 35 53 81 38 43 42 18 43 7 26 75 55 82 65 52 52 32 43 54 8 33 83 69 22 21
42 41 0 59 35 23 48 12 57 33 14 53 27 2 48 33 34 58 57 51 36 20 34 54 28 49 10 52 32 57 59
84 31 59 0 94 60 18 71 76 68 68 22 47 61 27 27 92 36 77 56 49 77 63 22 57 26 49 84 78 47 15
33 76 35 94 0 39 80 23 61 55 36 83 60 33 83 67 2 82 61 67 56 28 60 84 45 84 45 47 26 90 94
25 54 23 60 39 0 43 26 34 56 37 45 45 23 60 34 37 43 34 30 17 41 57 46 6 60 23 31 18 74 65
67 35 48 18 80 43 0 59 58 65 59 7 44 50 35 15 78 21 59 38 31 68 61 8 40 34 38 66 61 55 30
37 53 12 71 23 26 59 0 58 37 15 64 37 10 60 45 22 66 58 56 42 15 40 65 32 61 22 49 26 67 71
28 81 57 76 61 34 58 58 0 90 71 55 77 57 85 56 59 44 1 21 29 73 90 56 29 85 55 15 35 103 87
74 38 33 68 55 56 65 37 90 0 22 72 21 34 45 51 55 82 90 81 66 27 6 73 61 46 36 85 63 39 59
52 43 14 68 36 37 59 15 71 22 0 65 26 14 50 44 35 71 71 65 50 9 25 66 42 51 22 64 41 55 64
66 42 53 22 83 45 7 64 55 72 65 0 51 55 42 21 81 14 56 34 30 73 68 1 41 41 43 65 63 62 36
68 18 27 47 60 45 44 37 77 21 26 51 0 29 25 31 59 62 78 65 50 35 17 52 48 26 22 76 58 30 39
41 43 2 61 33 23 50 10 57 34 14 55 29 0 50 35 32 59 57 51 36 19 36 56 28 51 12 51 30 59 61
85 7 48 27 83 60 35 60 85 45 50 42 25 50 0 29 82 56 86 68 56 59 39 43 60 1 40 89 76 20 14
59 26 33 27 67 34 15 45 56 51 44 21 31 35 29 0 65 31 57 39 27 53 48 22 32 29 23 61 52 48 31
31 75 34 92 2 37 78 22 59 55 35 81 59 32 82 65 0 80 59 65 54 28 60 82 43 83 44 45 24 89 93
62 55 58 36 82 43 21 66 44 82 71 14 62 59 56 31 80 0 45 23 26 78 79 14 37 55 49 56 59 76 50
28 82 57 77 61 34 59 58 1 90 71 56 78 57 86 57 59 45 0 22 30 73 91 57 30 86 56 14 35 104 88
40 65 51 56 67 30 38 56 21 81 65 34 65 51 68 39 65 23 22 0 15 70 80 35 24 68 45 33 41 87 67
36 52 36 49 56 17 31 42 29 66 50 30 50 36 56 27 54 26 30 15 0 55 65 31 11 56 30 35 33 74 58
51 52 20 77 28 41 68 15 73 27 9 73 35 19 59 53 28 78 73 70 55 0 32 74 47 60 30 64 40 63 73
76 32 34 63 60 57 61 40 90 6 25 68 17 36 39 48 60 79 91 80 65 32 0 69 61 40 35 86 66 33 53
67 43 54 22 84 46 8 65 56 73 66 1 52 56 43 22 82 14 57 35 31 74 69 0 42 42 44 66 64 63 36
27 54 28 57 45 6 40 32 29 61 42 41 48 28 60 32 43 37 30 24 11 47 61 42 0 60 26 29 22 75 63
85 8 49 26 84 60 34 61 85 46 51 41 26 51 1 29 83 55 86 68 56 60 40 42 60 0 40 89 76 21 13
46 33 10 49 45 23 38 22 55 36 22 43 22 12 40 23 44 49 56 45 30 30 35 44 26 40 0 54 36 51 49
14 83 52 84 47 31 66 49 15 85 64 65 76 51 89 61 45 56 14 33 35 64 86 66 29 89 54 0 24 104 92
11 69 32 78 26 18 61 26 35 63 41 63 58 30 76 52 24 59 35 41 33 40 66 64 22 76 36 24 0 87 83
97 22 57 47 90 74 55 67 103 39 55 62 30 59 20 48 89 76 104 87 74 63 33 63 75 21 51 104 87 0 32
90 21 59 15 94 65 30 71 87 59 64 36 39 61 14 31 93 50 88 67 58 73 53 36 63 13 49 92 83 32 0
0 602
169 584
78 508
75 373
266 540
67 488
86 361
13 270
23 258
109 498
82 422
206 602
93 337
262 602
196 477
112 314
56 336
154 485
175 553
136 507
171 585
16 460
224 536
255 579
254 523
229 525
151 517
50 402
11 191
122 368
113 338
