31
0 45 60 18 36 40 75 65 52 74 65 94 30 79 65 12 38 74 78 53 46 63 82 57 9 54 40 90 61 87 66
45 0 55 63 39 39 86 64 75 32 20 112 70 36 87 57 51 37 44 28 43 72 59 18 54 52 17 77 58 101 63
60 55 0 65 24 20 36 10 40 55 58 62 58 59 46 64 24 43 41 29 14 22 29 44 64 6 39 31 3 51 8
18 63 65 0 45 49 70 68 44 91 83 85 15 96 56 6 41 88 92 67 54 62 91 74 9 59 56 96 66 79 70
36 39 24 45 0 4 48 31 36 53 51 73 42 58 48 42 12 46 49 25 10 34 47 37 41 19 22 54 26 63 31
40 39 20 49 4 0 47 27 38 50 50 73 45 55 49 46 14 43 45 22 6 33 43 36 45 15 22 50 22 62 27
75 86 36 70 48 47 0 26 26 90 92 26 56 95 20 72 39 79 76 63 43 14 59 78 74 34 69 49 33 15 29
65 64 10 68 31 27 26 0 35 65 68 52 59 69 38 67 27 53 50 39 21 14 34 54 67 12 47 31 7 41 3
52 75 40 44 36 38 26 35 0 88 87 42 30 93 13 47 24 80 79 60 38 22 68 73 49 34 58 65 38 35 38
74 32 55 91 53 50 90 65 88 0 15 116 93 5 98 85 64 13 20 28 50 76 41 17 83 56 35 61 58 105 62
65 20 58 83 51 50 92 68 87 15 0 118 88 17 99 77 63 26 33 29 51 78 53 14 74 58 30 73 61 107 66
94 112 62 85 73 73 26 52 42 116 118 0 70 121 29 88 62 105 102 89 69 40 84 104 90 60 95 71 59 11 55
30 70 58 15 42 45 56 59 30 93 88 70 0 98 41 20 34 88 90 67 50 50 86 76 23 52 58 89 59 65 61
79 36 59 96 58 55 95 69 93 5 17 121 98 0 103 90 69 17 22 33 55 81 44 22 88 61 40 64 62 110 67
65 87 46 56 48 49 20 38 13 98 99 29 41 103 0 59 36 88 87 70 48 24 72 85 61 42 70 67 44 24 41
12 57 64 6 42 46 72 67 47 85 77 88 20 90 59 0 40 84 88 63 52 62 89 68 3 58 50 95 65 82 69
38 51 24 41 12 14 39 27 24 64 63 62 34 69 36 40 0 57 58 36 16 25 52 49 40 18 34 55 25 53 29
74 37 43 88 46 43 79 53 80 13 26 105 88 17 88 84 57 0 7 21 42 65 28 19 82 46 34 48 46 94 50
78 44 41 92 49 45 76 50 79 20 33 102 90 22 87 88 58 7 0 25 42 63 22 26 86 45 39 42 44 91 47
53 28 29 67 25 22 63 39 60 28 29 89 67 33 70 63 36 21 25 0 22 49 32 15 61 29 15 49 32 78 37
46 43 14 54 10 6 43 21 38 50 51 69 50 55 48 52 16 42 42 22 0 29 37 37 51 9 26 44 16 58 21
63 72 22 62 34 33 14 14 22 76 78 40 50 81 24 62 25 65 63 49 29 0 48 64 63 20 55 43 20 29 17
82 59 29 91 47 43 59 34 68 41 53 84 86 44 72 89 52 28 22 32 37 48 0 42 88 35 47 20 30 73 31
57 18 44 74 37 36 78 54 73 17 14 104 76 22 85 68 49 19 26 15 37 64 42 0 66 44 18 61 47 93 52
9 54 64 9 41 45 74 67 49 83 74 90 23 88 61 3 40 82 86 61 51 63 88 66 0 58 48 95 65 84 69
54 52 6 59 19 15 34 12 34 56 58 60 52 61 42 58 18 46 45 29 9 20 35 44 58 0 35 37 7 49 12
40 17 39 56 22 22 69 47 58 35 30 95 58 40 70 50 34 34 39 15 26 55 47 18 48 35 0 63 42 84 47
90 77 31 96 54 50 49 31 65 61 73 71 89 64 67 95 55 48 42 49 44 43 20 61 95 37 63 0 30 60 28
61 58 3 66 26 22 33 7 38 58 61 59 59 62 44 65 25 46 44 32 16 20 30 47 65 7 42 30 0 48 5
87 101 51 79 63 62 15 41 35 105 107 11 65 110 24 82 53 94 91 78 58 29 73 93 84 49 84 60 48 0 44
66 63 8 70 31 27 29 3 38 62 66 55 61 67 41 69 29 50 47 37 21 17 31 52 69 12 47 28 5 44 0
0 972
7 399
109 357
638 806
8 359
500 923
596 874
278 522
526 701
546 954
479 675
590 810
308 621
552 903
644 840
548 855
58 344
161 426
433 808
212 648
320 546
354 770
94 470
317 592
360 731
37 229
527 782
537 843
126 370
320 739
385 798
