41
0 51 33 33 13 64 69 82 64 22 102 67 81 33 110 36 81 35 59 34 66 70 74 42 54 56 12 56 88 59 61 88 54 74 36 53 79 88 75 63 103
51 0 62 52 53 19 52 32 21 31 61 47 36 19 71 29 95 17 47 18 85 41 54 14 61 22 59 59 62 12 18 52 6 40 17 29 49 98 37 26 78
33 62 0 11 20 66 51 93 65 35 92 51 79 52 99 34 48 54 41 45 33 58 56 61 26 55 25 29 70 64 62 78 62 65 55 47 63 55 68 59 82
33 52 11 0 21 55 41 82 54 27 82 41 68 44 89 23 51 45 31 36 36 48 46 52 21 44 28 23 60 53 51 68 51 55 46 36 53 56 57 48 75
13 53 20 21 0 63 60 85 62 22 97 59 78 38 105 31 68 40 50 35 53 64 65 47 42 53 7 44 79 59 59 83 55 69 41 48 71 75 70 59 94
64 19 66 55 63 0 37 31 2 43 42 32 17 36 52 32 89 35 37 30 80 25 38 33 55 11 70 53 46 7 4 33 13 22 35 20 33 90 18 10 61
69 52 51 41 60 37 0 68 35 51 43 5 39 58 49 36 54 58 10 48 49 14 5 61 27 30 67 24 19 42 35 29 46 21 59 23 14 53 25 27 34
82 32 93 82 85 31 68 0 33 63 56 63 33 49 66 59 120 47 68 50 111 55 69 41 86 42 91 84 73 29 35 54 31 49 47 51 60 121 45 41 86
64 21 65 54 62 2 35 33 0 42 41 30 17 37 51 31 87 36 35 30 78 23 36 35 54 10 69 51 44 9 3 31 15 20 37 19 31 88 16 8 59
22 31 35 27 22 43 51 63 42 0 80 47 59 17 89 15 78 19 41 13 63 49 54 26 44 34 28 45 68 38 39 67 33 53 20 32 58 82 53 41 83
102 61 92 82 97 42 43 56 41 80 0 41 26 78 10 66 95 77 51 70 92 34 39 75 70 46 104 67 32 49 44 14 55 28 77 49 29 92 27 39 37
67 47 51 41 59 32 5 63 30 47 41 0 35 54 48 32 58 54 10 44 53 10 7 57 29 25 66 26 21 37 30 27 41 17 55 19 12 58 21 22 36
81 36 79 68 78 17 39 33 17 59 26 35 0 53 36 47 93 52 43 47 87 25 38 50 63 25 85 60 41 24 20 21 30 18 52 32 29 92 14 20 53
33 19 52 44 38 36 58 49 37 17 78 54 53 0 88 25 93 2 50 10 80 52 61 9 58 33 43 57 74 29 34 67 23 54 3 35 61 96 52 40 90
110 71 99 89 105 52 49 66 51 89 10 48 36 88 0 74 97 87 58 80 97 42 45 85 76 56 112 73 34 59 54 22 65 36 87 57 36 94 37 49 34
36 29 34 23 31 32 36 59 31 15 66 32 47 25 74 0 68 26 26 15 56 34 39 32 33 22 38 32 53 30 28 52 28 38 27 17 43 71 39 28 68
81 95 48 51 68 89 54 120 87 78 95 58 93 93 97 68 0 94 52 83 15 68 56 100 35 78 73 36 63 91 85 81 92 75 95 69 66 7 79 79 66
35 17 54 45 40 35 58 47 36 19 77 54 52 2 87 26 94 0 51 11 81 52 61 7 59 32 45 58 74 28 33 66 22 53 1 35 61 97 51 39 90
59 47 41 31 50 37 10 68 35 41 51 10 43 50 58 26 52 51 0 40 44 18 15 55 20 27 57 17 29 40 34 37 42 25 52 18 22 53 29 27 44
34 18 45 36 35 30 48 50 30 13 70 44 47 10 80 15 83 11 40 0 71 42 51 17 48 24 41 47 64 25 27 58 20 45 12 25 51 86 43 31 80
66 85 33 36 53 80 49 111 78 63 92 53 87 80 97 56 15 81 44 71 0 62 53 88 25 69 58 27 63 82 76 78 83 69 82 60 63 22 73 70 70
70 41 58 48 64 25 14 55 23 49 34 10 25 52 42 34 68 52 18 42 62 0 14 54 38 20 71 35 22 30 23 20 35 7 53 17 9 67 11 15 38
74 54 56 46 65 38 5 69 36 54 39 7 38 61 45 39 56 61 15 51 53 14 0 64 31 32 72 28 14 43 36 25 48 20 62 26 10 55 24 28 29
42 14 61 52 47 33 61 41 35 26 75 57 50 9 85 32 100 7 55 17 88 54 64 0 65 34 52 64 76 26 32 66 20 54 6 38 63 103 51 40 92
54 61 26 21 42 55 27 86 54 44 70 29 63 58 76 33 35 59 20 48 25 38 31 65 0 44 49 3 44 57 51 56 58 45 60 35 41 39 49 46 56
56 22 55 44 53 11 30 42 10 34 46 25 25 33 56 22 78 32 27 24 69 20 32 34 44 0 60 42 42 13 7 34 16 21 33 9 29 80 19 7 58
12 59 25 28 7 70 67 91 69 28 104 66 85 43 112 38 73 45 57 41 58 71 72 52 49 60 0 51 86 66 66 90 61 76 46 55 78 80 77 66 101
56 59 29 23 44 53 24 84 51 45 67 26 60 57 73 32 36 58 17 47 27 35 28 64 3 42 51 0 41 55 49 53 56 42 59 33 38 39 46 43 53
88 62 70 60 79 46 19 73 44 68 32 21 41 74 34 53 63 74 29 64 63 22 14 76 44 42 86 41 0 51 44 21 56 24 75 39 13 60 28 36 16
59 12 64 53 59 7 42 29 9 38 49 37 24 29 59 30 91 28 40 25 82 30 43 26 57 13 66 55 51 0 7 40 6 29 28 22 38 93 25 15 67
61 18 62 51 59 4 35 35 3 39 44 30 20 34 54 28 85 33 34 27 76 23 36 32 51 7 66 49 44 7 0 34 12 22 34 16 31 87 19 8 60
88 52 78 68 83 33 29 54 31 67 14 27 21 67 22 52 81 66 37 58 78 20 25 66 56 34 90 53 21 40 34 0 46 14 67 35 15 80 15 27 32
54 6 62 51 55 13 46 31 15 33 55 41 30 23 65 28 92 22 42 20 83 35 48 20 58 16 61 56 56 6 12 46 0 34 22 24 43 95 31 20 72
74 40 65 55 69 22 21 49 20 53 28 17 18 54 36 38 75 53 25 45 69 7 20 54 45 21 76 42 24 29 22 14 34 0 54 21 11 74 4 14 39
36 17 55 46 41 35 59 47 37 20 77 55 52 3 87 27 95 1 52 12 82 53 62 6 60 33 46 59 75 28 34 67 22 54 0 36 62 98 52 40 91
53 29 47 36 48 20 23 51 19 32 49 19 32 35 57 17 69 35 18 25 60 17 26 38 35 9 55 33 39 22 16 35 24 21 36 0 26 71 22 12 55
79 49 63 53 71 33 14 60 31 58 29 12 29 61 36 43 66 61 22 51 63 9 10 63 41 29 78 38 13 38 31 15 43 11 62 26 0 65 15 23 29
88 98 55 56 75 90 53 121 88 82 92 58 92 96 94 71 7 97 53 86 22 67 55 103 39 80 80 39 60 93 87 80 95 74 98 71 65 0 78 80 62
75 37 68 57 70 18 25 45 16 53 27 21 14 52 37 39 79 51 29 43 73 11 24 51 49 19 77 46 28 25 19 15 31 4 52 22 15 78 0 12 43
63 26 59 48 59 10 27 41 8 41 39 22 20 40 49 28 79 39 27 31 70 15 28 40 46 7 66 43 36 15 8 27 20 14 40 12 23 80 12 0 52
103 78 82 75 94 61 34 86 59 83 37 36 53 90 34 68 66 90 44 80 70 38 29 92 56 58 101 53 16 67 60 32 72 39 91 55 29 62 43 52 0
0 2581
1711 1901
872 1256
568 744
1413 1577
150 315
58 357
577 899
1712 1911
1611 1936
879 1027
644 939
2218 2541
2058 2301
952 1321
1108 1324
2282 2559
2249 2581
2097 2274
1864 2046
1936 2124
1564 1747
2212 2581
1810 2115
987 1258
1331 1494
1191 1430
2141 2350
536 825
1223 1455
539 811
974 1109
1753 1970
2126 2350
2224 2446
369 519
387 557
643 950
836 1122
944 1151
1298 1434
