41
0 88 73 30 79 64 58 11 32 62 88 11 44 94 20 75 53 66 82 96 69 33 96 64 69 67 80 85 49 28 17 46 66 111 12 51 24 24 63 72 43
88 0 62 83 42 81 30 84 70 70 55 81 44 8 99 16 48 24 6 56 19 71 12 68 20 29 22 36 84 80 71 50 49 33 76 37 82 66 33 25 76
73 62 0 48 89 108 49 76 79 98 16 62 55 70 69 48 28 61 59 24 55 40 59 98 57 37 40 28 102 47 63 67 86 95 66 49 51 54 68 69 92
30 83 48 0 87 85 54 36 50 80 64 20 47 90 21 67 36 66 78 72 65 12 87 82 66 55 67 66 73 4 30 54 76 112 28 48 6 24 67 75 64
79 42 89 87 0 43 40 70 49 32 89 75 40 39 94 45 63 28 39 92 35 76 54 30 32 52 56 71 52 83 62 33 14 40 67 42 82 63 21 20 45
64 81 108 85 43 0 66 53 35 11 116 67 53 81 84 77 80 59 76 121 66 80 93 13 63 80 88 101 16 82 55 41 32 83 58 61 79 63 49 56 21
58 30 49 54 40 66 0 54 44 55 51 51 16 36 69 17 23 13 24 55 11 42 38 54 12 14 25 35 62 50 41 25 38 58 46 7 52 36 19 22 52
11 84 76 36 70 53 54 0 21 51 88 16 40 89 31 71 51 61 78 96 65 37 92 53 64 65 78 83 38 34 14 38 56 104 10 47 30 22 56 65 32
32 70 79 50 49 35 44 21 0 30 88 32 28 72 51 61 51 46 64 96 52 45 81 32 50 57 69 78 23 47 20 20 35 86 23 37 44 28 38 47 14
62 70 98 80 32 11 55 51 30 0 106 62 43 70 81 66 70 48 65 110 55 74 82 2 52 69 77 90 20 77 50 31 21 72 53 51 74 57 38 45 19
88 55 16 64 89 116 51 88 88 106 0 77 63 63 85 45 37 61 54 8 54 55 50 105 57 37 34 19 111 63 75 75 89 88 78 55 67 66 70 69 101
11 81 62 20 75 67 51 16 32 62 77 0 39 87 19 68 42 61 75 85 62 22 89 64 63 58 71 74 54 18 13 42 63 107 9 44 14 15 59 68 46
44 44 55 47 40 53 16 40 28 43 63 39 0 50 58 33 27 22 38 69 25 36 54 43 25 29 41 50 48 43 27 12 32 68 32 9 43 25 20 29 38
94 8 70 90 39 81 36 89 72 70 63 87 50 0 105 24 56 28 13 64 25 78 17 68 25 37 30 44 85 86 77 52 49 25 82 43 88 72 34 25 77
20 99 69 21 94 84 69 31 51 81 85 19 58 105 0 85 55 79 93 93 80 31 105 83 81 73 86 86 69 23 32 61 82 125 28 62 19 33 78 87 63
75 16 48 67 45 77 17 71 61 66 45 68 33 24 85 0 32 18 11 47 11 55 21 65 14 13 11 26 79 64 58 42 47 48 63 24 66 53 28 25 69
53 48 28 36 63 80 23 51 51 70 37 42 27 56 55 32 0 36 43 45 33 24 51 70 35 19 31 32 74 33 38 39 59 80 41 22 36 29 42 45 64
66 24 61 66 28 59 13 61 46 48 61 61 22 28 79 18 36 0 18 64 7 54 35 47 4 24 29 43 61 62 49 26 29 46 54 18 63 46 10 9 52
82 6 59 78 39 76 24 78 64 65 54 75 38 13 93 11 43 18 0 56 13 66 17 63 14 24 20 35 79 74 65 44 44 37 70 31 76 60 28 20 70
96 56 24 72 92 121 55 96 96 110 8 85 69 64 93 47 45 64 56 0 57 63 49 109 60 41 36 21 117 71 83 80 93 89 86 60 75 74 74 72 107
69 19 55 65 35 66 11 65 52 55 54 62 25 25 80 11 33 7 13 57 0 53 29 54 3 18 22 36 68 61 52 32 36 47 57 18 63 47 17 15 59
33 71 40 12 76 80 42 37 45 74 55 22 36 78 31 55 24 54 66 63 53 0 75 75 54 43 55 55 68 9 26 45 67 100 27 36 12 17 56 63 59
96 12 59 87 54 93 38 92 81 82 50 89 54 17 105 21 51 35 17 49 29 75 0 80 31 32 20 31 96 84 79 61 61 40 84 45 86 74 45 37 87
64 68 98 82 30 13 54 53 32 2 105 64 43 68 83 65 70 47 63 109 54 75 80 0 51 68 76 89 22 78 52 31 19 70 55 51 76 58 37 43 21
69 20 57 66 32 63 12 64 50 52 57 63 25 25 81 14 35 4 14 60 3 54 31 51 0 21 25 39 65 62 52 30 33 46 57 19 64 48 14 12 56
67 29 37 55 52 80 14 65 57 69 37 58 29 37 73 13 19 24 24 41 18 43 32 68 21 0 13 21 76 52 51 39 52 61 55 20 54 43 33 33 66
80 22 40 67 56 88 25 78 69 77 34 71 41 30 86 11 31 29 20 36 22 55 20 76 25 13 0 15 87 64 64 50 58 55 68 32 67 56 39 36 77
85 36 28 66 71 101 35 83 78 90 19 74 50 44 86 26 32 43 35 21 36 55 31 89 39 21 15 0 97 64 70 60 72 69 73 41 67 61 53 51 87
49 84 102 73 52 16 62 38 23 20 111 54 48 85 69 79 74 61 79 117 68 68 96 22 65 76 87 97 0 70 43 37 38 92 45 57 67 51 51 60 10
28 80 47 4 83 82 50 34 47 77 63 18 43 86 23 64 33 62 74 71 61 9 84 78 62 52 64 64 70 0 27 50 72 108 26 44 4 20 63 71 61
17 71 63 30 62 55 41 14 20 50 75 13 27 77 32 58 38 49 65 83 52 26 79 52 52 51 64 70 43 27 0 29 50 94 5 34 24 9 46 55 34
46 50 67 54 33 41 25 38 20 31 75 42 12 52 61 42 39 26 44 80 32 45 61 31 30 39 50 60 37 50 29 0 22 66 34 20 49 30 18 27 27
66 49 86 76 14 32 38 56 35 21 89 63 32 49 82 47 59 29 44 93 36 67 61 19 33 52 58 72 38 72 50 22 0 54 55 37 71 52 19 24 31
111 33 95 112 40 83 58 104 86 72 88 107 68 25 125 48 80 46 37 89 47 100 40 70 46 61 55 69 92 108 94 66 54 0 99 64 109 92 48 39 85
12 76 66 28 67 58 46 10 23 53 78 9 32 82 28 63 41 54 70 86 57 27 84 55 57 55 68 73 45 26 5 34 55 99 0 39 22 12 51 60 37
51 37 49 48 42 61 7 47 37 51 55 44 9 43 62 24 22 18 31 60 18 36 45 51 19 20 32 41 57 44 34 20 37 64 39 0 45 29 21 27 47
24 82 51 6 82 79 52 30 44 74 67 14 43 88 19 66 36 63 76 75 63 12 86 76 64 54 67 67 67 4 24 49 71 109 22 45 0 19 63 71 58
24 66 54 24 63 63 36 22 28 57 66 15 25 72 33 53 29 46 60 74 47 17 74 58 48 43 56 61 51 20 9 30 52 92 12 29 19 0 45 54 42
63 33 68 67 21 49 19 56 38 38 70 59 20 34 78 28 42 10 28 74 17 56 45 37 14 33 39 53 51 63 46 18 19 48 51 21 63 45 0 9 43
72 25 69 75 20 56 22 65 47 45 69 68 29 25 87 25 45 9 20 72 15 63 37 43 12 33 36 51 60 71 55 27 24 39 60 27 71 54 9 0 52
43 76 92 64 45 21 52 32 14 19 101 46 38 77 63 69 64 52 70 107 59 59 87 21 56 66 77 87 10 61 34 27 31 85 37 47 58 42 43 52 0
0 2581
1376 1651
364 580
1152 1324
1337 1590
2058 2398
88 287
2101 2322
281 658
356 534
996 1158
718 988
309 454
134 270
303 688
2183 2506
2206 2396
1697 2082
1720 2064
1248 1459
1614 1783
383 609
2164 2419
2233 2554
1621 1935
239 583
1762 1962
1643 1883
450 646
202 368
2218 2564
1955 2320
173 478
2318 2581
737 1100
857 1046
985 1315
25 160
513 767
1077 1455
1161 1389
