41
0 54 32 34 16 66 72 47 89 81 46 76 67 94 85 89 76 91 25 53 93 55 27 66 17 80 50 58 80 77 24 43 13 53 52 35 30 13 86 74 21
54 0 22 65 40 65 50 34 41 32 16 50 20 40 37 76 22 53 52 48 41 40 27 14 49 31 30 54 42 72 37 21 41 46 44 25 31 42 34 48 53
32 22 0 50 18 65 51 34 61 53 16 60 39 62 57 81 44 69 37 47 63 43 7 34 31 49 27 53 58 74 16 22 21 37 35 9 12 20 56 58 36
34 65 50 0 44 40 100 38 87 81 65 61 69 100 84 64 85 80 13 34 94 42 43 79 20 96 76 36 71 51 52 45 32 81 80 58 57 42 88 60 15
16 40 18 44 0 71 56 44 78 70 30 73 56 80 74 90 62 83 32 54 81 53 15 51 24 64 34 60 72 81 8 35 12 37 36 19 14 3 74 71 29
66 65 65 40 71 0 112 32 67 65 75 31 58 86 66 24 79 51 41 18 77 25 60 78 49 95 89 12 47 11 77 45 59 102 100 74 76 69 72 32 45
72 50 51 100 56 112 0 80 83 75 37 100 68 67 79 126 52 101 87 94 77 89 57 43 80 38 24 100 91 120 48 67 68 22 22 42 43 59 71 98 85
47 34 34 38 44 32 80 0 49 43 43 29 31 62 46 47 51 45 29 14 56 9 30 47 32 64 57 20 34 40 47 13 35 71 69 43 46 44 50 27 32
89 41 61 87 78 67 83 49 0 9 57 36 22 24 4 62 31 22 78 57 11 47 63 40 79 48 69 59 20 66 77 47 76 86 84 66 72 79 12 35 81
81 32 53 81 70 65 75 43 9 0 48 37 14 21 5 63 23 27 71 52 13 42 55 32 71 41 60 55 21 67 69 39 68 77 75 57 63 71 7 35 74
46 16 16 65 30 75 37 43 57 48 0 64 36 52 53 89 33 69 52 57 56 52 23 21 47 34 14 63 58 83 24 30 37 30 28 12 17 33 49 62 52
76 50 60 61 73 31 100 29 36 37 64 0 34 58 36 27 56 20 56 27 47 21 58 59 61 73 78 25 16 30 75 38 64 94 92 68 72 73 44 2 60
67 20 39 69 56 58 68 31 22 14 36 34 0 31 18 61 22 34 58 43 26 33 41 25 57 39 49 47 23 62 55 25 54 66 64 44 50 57 19 32 60
94 40 62 100 80 86 67 62 24 21 52 58 31 0 23 84 19 46 88 73 13 63 67 31 87 29 59 76 42 88 76 55 81 76 74 64 69 82 14 56 90
85 37 57 84 74 66 79 46 4 5 53 36 18 23 0 62 27 24 74 54 11 44 59 36 75 45 65 57 20 66 73 43 72 82 80 62 68 75 9 34 78
89 76 81 64 90 24 126 47 62 63 89 27 61 84 62 0 83 41 65 36 73 38 77 86 72 100 103 31 42 14 94 60 79 118 116 90 93 89 70 29 69
76 22 44 85 62 79 52 51 31 23 33 56 22 19 27 83 0 50 73 64 25 54 49 12 71 18 41 68 42 84 57 40 63 58 56 45 50 64 19 54 75
91 53 69 80 83 51 101 45 22 27 69 20 34 46 24 41 50 0 74 46 33 39 68 58 77 68 83 45 11 48 85 48 78 99 97 76 81 84 33 20 77
25 52 37 13 32 41 87 29 78 71 52 56 58 88 74 65 73 74 0 30 84 35 30 66 8 83 63 34 63 52 40 33 20 69 68 45 44 30 77 54 4
53 48 47 34 54 18 94 14 57 52 57 27 43 73 54 36 64 46 30 0 65 10 42 61 36 78 71 6 39 27 59 27 43 84 82 56 58 53 59 26 34
93 41 63 94 81 77 77 56 11 13 56 47 26 13 11 73 25 33 84 65 0 55 67 37 83 41 66 68 31 77 78 51 80 83 81 66 72 83 7 45 86
55 40 43 42 53 25 89 9 47 42 52 21 33 63 44 38 54 39 35 10 55 0 39 53 40 70 66 14 29 32 56 22 44 80 78 52 55 53 49 19 39
27 27 7 43 15 60 57 30 63 55 23 58 41 67 59 77 49 68 30 42 67 39 0 40 24 56 33 48 57 69 17 20 14 42 40 15 16 16 60 56 29
66 14 34 79 51 78 43 47 40 32 21 59 25 31 36 86 12 58 66 61 37 53 40 0 63 17 29 67 48 84 45 35 54 46 44 33 38 54 30 57 67
17 49 31 20 24 49 80 32 79 71 47 61 57 87 75 72 71 77 8 36 83 40 24 63 0 80 56 41 66 60 32 32 12 61 60 38 37 22 76 59 5
80 31 49 96 64 95 38 64 48 41 34 73 39 29 45 100 18 68 83 78 41 70 56 17 80 0 35 84 60 101 58 52 70 50 48 46 51 67 36 71 84
50 30 27 76 34 89 24 57 69 60 14 78 49 59 65 103 41 83 63 71 66 66 33 29 56 35 0 77 72 97 27 44 44 17 15 18 20 37 59 76 61
58 54 53 36 60 12 100 20 59 55 63 25 47 76 57 31 68 45 34 6 68 14 48 67 41 84 77 0 39 21 65 33 49 90 88 62 64 59 62 25 38
80 42 58 71 72 47 91 34 20 21 58 16 23 42 20 42 42 11 63 39 31 29 57 48 66 60 72 39 0 46 74 37 67 88 86 65 70 73 28 15 66
77 72 74 51 81 11 120 40 66 67 83 30 62 88 66 14 84 48 52 27 77 32 69 84 60 101 97 21 46 0 86 53 70 111 109 83 85 80 74 32 56
24 37 16 52 8 77 48 47 77 69 24 75 55 76 73 94 57 85 40 59 78 56 17 45 32 58 27 65 74 86 0 37 20 29 28 12 7 11 71 73 37
43 21 22 45 35 45 67 13 47 39 30 38 25 55 43 60 40 48 33 27 51 22 20 35 32 52 44 33 37 53 37 0 30 58 56 30 34 36 44 36 35
13 41 21 32 12 59 68 35 76 68 37 64 54 81 72 79 63 78 20 43 80 44 14 54 12 70 44 49 67 70 20 30 0 49 48 26 25 10 73 62 17
53 46 37 81 37 102 22 71 86 77 30 94 66 76 82 118 58 99 69 84 83 80 42 46 61 50 17 90 88 111 29 58 49 0 2 28 26 40 76 92 66
52 44 35 80 36 100 22 69 84 75 28 92 64 74 80 116 56 97 68 82 81 78 40 44 60 48 15 88 86 109 28 56 48 2 0 26 24 39 74 90 65
35 25 9 58 19 74 42 43 66 57 12 68 44 64 62 90 45 76 45 56 66 52 15 33 38 46 18 62 65 83 12 30 26 28 26 0 6 22 59 66 43
30 31 12 57 14 76 43 46 72 63 17 72 50 69 68 93 50 81 44 58 72 55 16 38 37 51 20 64 70 85 7 34 25 26 24 6 0 17 65 70 42
13 42 20 42 3 69 59 44 79 71 33 73 57 82 75 89 64 84 30 53 83 53 16 54 22 67 37 59 73 80 11 36 10 40 39 22 17 0 76 71 27
86 34 56 88 74 72 71 50 12 7 49 44 19 14 9 70 19 33 77 59 7 49 60 30 76 36 59 62 28 74 71 44 73 76 74 59 65 76 0 42 79
74 48 58 60 71 32 98 27 35 35 62 2 32 56 34 29 54 20 54 26 45 19 56 57 59 71 76 25 15 32 73 36 62 92 90 66 70 71 42 0 58
21 53 36 15 29 45 85 32 81 74 52 60 60 90 78 69 75 77 4 34 86 39 29 67 5 84 61 38 66 56 37 35 17 66 65 43 42 27 79 58 0
0 2581
2232 2549
325 696
1696 2014
1624 2010
1436 1789
2057 2390
1803 1989
203 566
1620 1794
720 857
30 278
997 1172
668 958
1119 1375
1097 1474
302 649
31 201
64 339
815 944
2212 2489
2058 2342
1299 1646
1552 1894
339 599
1727 1985
805 1099
1082 1412
1730 2079
237 476
1607 1801
2029 2395
2086 2396
2026 2168
484 860
1919 2108
1877 2104
872 1162
91 309
1491 1832
712 867
