41
0 30 40 8 51 70 68 64 72 26 57 60 81 27 63 3 37 63 58 14 63 73 78 19 78 84 73 60 76 77 56 33 80 63 45 73 69 95 10 40 75
30 0 16 24 26 45 46 49 46 38 46 50 52 16 42 33 27 56 51 20 52 43 51 48 48 54 43 33 50 47 26 9 54 48 15 44 43 65 37 18 45
40 16 0 36 11 30 30 64 32 54 61 65 55 32 53 42 16 71 66 26 67 37 55 54 39 46 36 41 36 38 19 24 40 63 12 47 29 58 43 33 42
8 24 36 0 47 66 66 57 68 22 50 52 73 19 55 11 36 56 51 13 55 67 70 27 72 78 67 52 72 71 50 25 76 56 39 65 65 89 17 32 69
51 26 11 47 0 19 22 68 21 64 67 71 51 42 55 53 23 78 73 37 73 29 52 65 28 36 28 42 25 27 13 32 29 67 14 43 18 48 54 39 36
70 45 30 66 19 0 9 84 8 83 84 88 55 61 69 72 36 95 91 56 90 30 60 83 20 28 28 55 12 19 25 51 13 83 32 51 8 40 72 57 38
68 46 30 66 22 9 0 90 17 84 89 93 64 62 76 70 32 100 95 54 95 39 69 79 29 37 37 62 21 28 31 54 21 89 36 60 17 49 68 61 47
64 49 64 57 68 84 90 0 80 45 8 10 45 39 16 67 76 15 13 64 8 62 38 83 74 75 63 30 83 75 59 40 87 1 54 43 77 79 74 31 56
72 46 32 68 21 8 17 80 0 83 80 84 48 60 65 74 42 91 87 58 86 23 54 86 12 20 21 51 4 11 21 50 8 79 31 45 3 32 75 54 31
26 38 54 22 64 83 84 45 83 0 37 37 76 23 49 29 58 39 35 35 40 77 70 40 85 90 77 53 87 84 63 33 91 44 52 69 80 99 36 34 76
57 46 61 50 67 84 89 8 80 37 0 4 50 34 20 60 73 11 7 59 6 64 43 75 76 78 65 32 84 76 59 37 88 7 53 47 77 82 67 28 59
60 50 65 52 71 88 93 10 84 37 4 0 54 37 24 63 77 7 3 62 3 68 47 77 80 82 69 36 88 80 63 41 92 10 57 51 81 86 69 32 63
81 52 55 73 51 55 64 45 48 76 50 54 0 56 30 84 71 60 57 72 53 25 7 100 38 36 27 23 48 38 38 48 51 45 43 8 47 35 89 43 17
27 16 32 19 42 61 62 39 60 23 34 37 56 0 36 30 41 42 37 25 40 54 51 46 62 67 54 33 64 61 40 10 68 38 29 48 57 76 36 13 54
63 42 53 55 55 69 76 16 65 49 20 24 30 36 0 66 67 31 27 59 24 46 23 82 58 59 47 14 67 59 45 33 71 15 42 27 62 63 72 24 40
3 33 42 11 53 72 70 67 74 29 60 63 84 30 66 0 38 66 61 16 66 76 81 16 81 87 76 63 78 80 59 36 82 66 48 76 71 98 7 43 78
37 27 16 36 23 36 32 76 42 58 73 77 71 41 67 38 0 83 78 23 79 52 71 47 51 59 51 57 46 50 34 36 49 75 28 63 39 71 36 45 57
63 56 71 56 78 95 100 15 91 39 11 7 60 42 31 66 83 0 5 67 7 75 53 79 87 89 76 43 95 87 70 47 99 16 64 58 88 93 73 39 70
58 51 66 51 73 91 95 13 87 35 7 3 57 37 27 61 78 5 0 62 6 71 50 75 83 85 72 39 91 83 66 42 95 13 59 54 84 89 68 34 66
14 20 26 13 37 56 54 64 58 35 59 62 72 25 59 16 23 67 62 0 65 61 71 28 65 72 61 53 62 64 44 26 66 63 33 64 55 83 17 35 65
63 52 67 55 73 90 95 8 86 40 6 3 53 40 24 66 79 7 6 65 0 69 46 80 81 83 70 37 89 82 65 43 93 9 59 51 83 87 72 34 64
73 43 37 67 29 30 39 62 23 77 64 68 25 54 46 76 52 75 71 61 69 0 31 89 13 14 2 32 23 13 18 44 26 61 28 22 22 22 78 44 8
78 51 55 70 52 60 69 38 54 70 43 47 7 51 23 81 71 53 50 71 46 31 0 97 44 42 33 18 54 44 39 45 57 38 43 9 52 42 86 38 23
19 48 54 27 65 83 79 83 86 40 75 77 100 46 82 16 47 79 75 28 80 89 97 0 93 100 89 79 90 92 72 52 94 82 61 92 83 111 11 59 93
78 48 39 72 28 20 29 74 12 85 76 80 38 62 58 81 51 87 83 65 81 13 44 93 0 8 11 44 10 1 22 52 14 73 33 35 13 20 82 54 21
84 54 46 78 36 28 37 75 20 90 78 82 36 67 59 87 59 89 85 72 83 14 42 100 8 0 13 46 17 9 28 57 19 74 39 33 21 12 89 57 19
73 43 36 67 28 28 37 63 21 77 65 69 27 54 47 76 51 76 72 61 70 2 33 89 11 13 0 33 21 12 17 44 25 62 28 24 20 22 78 44 10
60 33 41 52 42 55 62 30 51 53 32 36 23 33 14 63 57 43 39 53 37 32 18 79 44 46 33 0 53 45 31 27 57 29 29 16 48 50 68 20 27
76 50 36 72 25 12 21 83 4 87 84 88 48 64 67 78 46 95 91 62 89 23 54 90 10 17 21 53 0 10 25 54 4 82 35 45 7 29 79 58 31
77 47 38 71 27 19 28 75 11 84 76 80 38 61 59 80 50 87 83 64 82 13 44 92 1 9 12 45 10 0 21 51 13 74 32 35 12 21 81 53 21
56 26 19 50 13 25 31 59 21 63 59 63 38 40 45 59 34 70 66 44 65 18 39 72 22 28 17 31 25 21 0 30 29 58 11 30 18 39 61 33 23
33 9 24 25 32 51 54 40 50 33 37 41 48 10 33 36 36 47 42 26 43 44 45 52 52 57 44 27 54 51 30 0 58 39 19 40 47 66 41 9 44
80 54 40 76 29 13 21 87 8 91 88 92 51 68 71 82 49 99 95 66 93 26 57 94 14 19 25 57 4 13 29 58 0 86 39 48 11 30 83 62 34
63 48 63 56 67 83 89 1 79 44 7 10 45 38 15 66 75 16 13 63 9 61 38 82 73 74 62 29 82 74 58 39 86 0 53 42 76 78 73 30 55
45 15 12 39 14 32 36 54 31 52 53 57 43 29 42 48 28 64 59 33 59 28 43 61 33 39 28 29 35 32 11 19 39 53 0 35 28 50 50 25 32
73 44 47 65 43 51 60 43 45 69 47 51 8 48 27 76 63 58 54 64 51 22 9 92 35 33 24 16 45 35 30 40 48 42 35 0 43 36 81 35 14
69 43 29 65 18 8 17 77 3 80 77 81 47 57 62 71 39 88 84 55 83 22 52 83 13 21 20 48 7 12 18 47 11 76 28 43 0 33 72 51 30
95 65 58 89 48 40 49 79 32 99 82 86 35 76 63 98 71 93 89 83 87 22 42 111 20 12 22 50 29 21 39 66 30 78 50 36 33 0 100 65 23
10 37 43 17 54 72 68 74 75 36 67 69 89 36 72 7 36 73 68 17 72 78 86 11 82 89 78 68 79 81 61 41 83 73 50 81 72 100 0 49 82
40 18 33 32 39 57 61 31 54 34 28 32 43 13 24 43 45 39 34 35 34 44 38 59 54 57 44 20 58 53 33 9 62 30 25 35 51 65 49 0 42
75 45 42 69 36 38 47 56 31 76 59 63 17 54 40 78 57 70 66 65 64 8 23 93 21 19 10 27 31 21 23 44 34 55 32 14 30 23 82 42 0
0 692
127 391
108 366
166 645
155 408
270 486
343 559
211 426
309 662
126 386
263 692
244 605
297 646
217 454
14 481
21 290
27 499
242 654
165 483
20 206
135 552
56 494
287 518
315 692
345 631
95 476
233 520
18 508
202 424
138 489
306 571
12 212
220 424
236 642
5 322
303 692
44 468
79 424
14 280
206 671
168 650
