41
0 40 39 47 80 51 62 75 25 44 60 41 35 75 16 11 16 18 30 56 32 36 55 35 57 62 57 26 50 61 84 43 28 88 5 58 75 55 75 50 53
40 0 6 7 40 48 39 36 44 45 21 5 47 35 24 47 24 23 10 42 55 56 59 14 17 64 47 30 38 39 44 24 45 51 36 28 46 45 35 46 60
39 6 0 8 42 53 45 41 46 39 21 11 50 36 23 46 23 22 9 36 50 50 63 18 18 69 53 32 44 34 50 18 47 56 35 24 52 51 37 51 65
47 7 8 0 34 54 43 34 51 45 14 12 54 28 31 54 31 30 17 39 58 58 65 21 10 70 53 37 44 35 42 23 52 49 43 23 48 51 29 52 67
80 40 42 34 0 70 49 19 79 75 25 41 78 10 64 87 64 63 50 63 92 91 81 49 25 85 67 65 59 56 17 54 80 27 76 44 42 65 6 68 84
51 48 53 54 70 0 23 54 28 83 66 43 18 73 47 44 47 44 47 87 81 83 11 35 61 16 7 27 11 87 60 69 25 57 47 76 36 6 70 2 15
62 39 45 43 49 23 0 31 45 83 52 34 38 53 52 60 52 49 44 81 86 88 33 32 47 36 18 36 15 78 37 63 44 34 57 66 14 17 50 23 38
75 36 41 34 19 54 31 0 67 79 33 34 64 26 60 77 60 57 46 70 91 91 64 40 29 67 49 54 43 65 9 57 67 15 70 52 23 48 22 52 68
25 44 46 51 79 28 45 67 0 65 64 39 10 76 29 16 29 27 37 72 57 60 30 30 60 37 34 14 30 74 76 56 3 77 22 69 59 33 76 27 28
44 45 39 45 75 83 83 79 65 0 50 50 73 66 36 55 36 39 39 17 23 20 91 51 51 98 87 56 78 25 87 22 68 94 44 33 91 85 69 82 90
60 21 21 14 25 66 52 33 64 50 0 25 67 16 44 67 44 43 30 38 67 66 77 34 5 82 65 50 56 32 38 29 65 48 56 19 52 63 19 64 80
41 5 11 12 41 43 34 34 39 50 25 0 42 37 26 46 26 23 12 47 58 59 54 9 21 59 42 25 33 44 43 29 40 49 36 33 41 40 37 41 55
35 47 50 54 78 18 38 64 10 73 67 42 0 78 37 26 37 34 42 80 67 70 20 33 63 27 24 18 23 81 73 63 7 72 32 74 52 23 77 17 18
75 35 36 28 10 73 53 26 76 66 16 37 78 0 59 82 59 58 45 53 83 82 84 46 18 88 70 62 62 46 27 45 77 37 71 34 49 68 4 71 87
16 24 23 31 64 47 52 60 29 36 44 26 37 59 0 24 0 3 14 43 34 36 55 21 41 62 51 20 43 45 68 27 32 74 13 42 63 49 59 46 54
11 47 46 54 87 44 60 77 16 55 67 46 26 82 24 0 24 24 37 66 42 46 46 38 64 53 50 24 46 69 86 51 19 89 11 66 73 49 82 43 44
16 24 23 31 64 47 52 60 29 36 44 26 37 59 0 24 0 3 14 43 34 36 55 21 41 62 51 20 43 45 68 27 32 74 13 42 63 49 59 46 54
18 23 22 30 63 44 49 57 27 39 43 23 34 58 3 24 3 0 13 46 37 39 52 18 40 59 48 17 40 47 66 29 29 71 13 43 60 46 58 43 51
30 10 9 17 50 47 44 46 37 39 30 12 42 45 14 37 14 13 0 40 46 47 57 12 27 63 48 24 39 40 54 22 39 61 26 32 53 46 45 45 58
56 42 36 39 63 87 81 70 72 17 38 47 80 53 43 66 43 46 40 0 40 37 97 52 41 103 88 63 79 8 76 18 75 85 55 19 87 86 57 85 97
32 55 50 58 92 81 86 91 57 23 67 58 67 83 34 42 34 37 46 40 0 4 87 55 67 94 85 54 77 48 99 39 60 106 35 54 97 83 86 80 85
36 56 50 58 91 83 88 91 60 20 66 59 70 82 36 46 36 39 47 37 4 0 90 57 66 97 87 56 79 45 100 37 63 106 38 52 99 85 85 82 88
55 59 63 65 81 11 33 64 30 91 77 54 20 84 55 46 55 52 57 97 87 90 0 45 72 7 15 35 22 97 70 79 27 67 52 87 46 16 81 13 5
35 14 18 21 49 35 32 40 30 51 34 9 33 46 21 38 21 18 12 52 55 57 45 0 30 51 36 16 27 52 49 34 31 53 30 42 42 34 46 33 47
57 17 18 10 25 61 47 29 60 51 5 21 63 18 41 64 41 40 27 41 67 66 72 30 0 77 60 46 51 36 36 29 61 44 53 23 48 58 20 59 75
62 64 69 70 85 16 36 67 37 98 82 59 27 88 62 53 62 59 63 103 94 97 7 51 77 0 18 42 27 103 73 85 34 70 59 92 48 20 85 18 10
57 47 53 53 67 7 18 49 34 87 65 42 24 70 51 50 51 48 48 88 85 87 15 36 60 18 0 31 9 86 55 70 31 52 52 75 31 2 67 7 20
26 30 32 37 65 27 36 54 14 56 50 25 18 62 20 24 20 17 24 63 54 56 35 16 46 42 31 0 24 63 63 45 15 65 21 56 49 30 62 26 34
50 38 44 44 59 11 15 43 30 78 56 33 23 62 43 46 43 40 39 79 77 79 22 27 51 27 9 24 0 77 51 61 29 49 45 66 29 7 59 9 25
61 39 34 35 56 87 78 65 74 25 32 44 81 46 45 69 45 47 40 8 48 45 97 52 36 103 86 63 77 0 70 18 76 80 58 13 83 84 50 85 97
84 44 50 42 17 60 37 9 76 87 38 43 73 27 68 86 68 66 54 76 99 100 70 49 36 73 55 63 51 70 0 65 75 10 79 57 27 54 23 60 75
43 24 18 23 54 69 63 57 56 22 29 29 63 45 27 51 27 29 22 18 39 37 79 34 29 85 70 45 61 18 65 0 58 72 40 16 70 68 48 67 79
28 45 47 52 80 25 44 67 3 68 65 40 7 77 32 19 32 29 39 75 60 63 27 31 61 34 31 15 29 76 75 58 0 76 25 71 58 30 77 24 25
88 51 56 49 27 57 34 15 77 94 48 49 72 37 74 89 74 71 61 85 106 106 67 53 44 70 52 65 49 80 10 72 76 0 83 67 22 51 33 57 72
5 36 35 43 76 47 57 70 22 44 56 36 32 71 13 11 13 13 26 55 35 38 52 30 53 59 52 21 45 58 79 40 25 83 0 55 70 51 71 46 50
58 28 24 23 44 76 66 52 69 33 19 33 74 34 42 66 42 43 32 19 54 52 87 42 23 92 75 56 66 13 57 16 71 67 55 0 70 73 38 74 88
75 46 52 48 42 36 14 23 59 91 52 41 52 49 63 73 63 60 53 87 97 99 46 42 48 48 31 49 29 83 27 70 58 22 70 70 0 30 45 36 51
55 45 51 51 65 6 17 48 33 85 63 40 23 68 49 49 49 46 46 86 83 85 16 34 58 20 2 30 7 84 54 68 30 51 51 73 30 0 66 6 21
75 35 37 29 6 70 50 22 76 69 19 37 77 4 59 82 59 58 45 57 86 85 81 46 20 85 67 62 59 50 23 48 77 33 71 38 45 66 0 68 84
50 46 51 52 68 2 23 52 27 82 64 41 17 71 46 43 46 43 45 85 80 82 13 33 59 18 7 26 9 85 60 67 24 57 46 74 36 6 68 0 16
53 60 65 67 84 15 38 68 28 90 80 55 18 87 54 44 54 51 58 97 85 88 5 47 75 10 20 34 25 97 75 79 25 72 50 88 51 21 84 16 0
0 865
179 689
107 628
310 865
397 865
144 523
227 561
40 608
66 630
59 390
311 742
0 577
27 405
380 865
259 675
25 526
372 865
50 531
155 376
325 642
314 865
181 778
351 737
286 808
168 748
44 594
192 708
257 621
253 865
395 865
159 785
23 375
53 376
250 706
4 544
301 712
187 629
47 458
284 620
173 613
283 549
