41
0 76 26 47 65 26 13 53 81 29 27 56 50 45 31 55 11 27 21 26 66 33 34 32 53 43 29 47 57 38 65 32 27 49 71 19 39 37 20 27 83
76 0 93 76 12 61 89 23 44 47 52 24 69 101 67 74 72 59 84 56 25 60 84 86 42 89 96 56 64 101 11 77 73 47 69 64 67 41 58 54 34
26 93 0 36 82 52 22 70 85 48 51 70 44 20 57 45 23 35 45 37 77 59 58 14 60 24 3 73 53 12 82 58 53 55 66 45 35 52 37 52 91
47 76 36 0 64 63 52 58 53 44 53 52 8 29 70 9 36 26 68 30 52 70 80 22 34 16 38 81 18 35 65 76 70 29 30 57 11 43 38 56 62
65 12 82 64 0 52 78 12 38 36 41 12 57 89 59 63 61 47 73 45 16 53 76 74 31 77 85 52 53 89 1 69 64 35 60 53 55 30 47 44 30
26 61 52 63 52 0 38 40 80 23 12 47 63 70 8 69 32 37 23 33 58 7 24 55 53 65 55 21 67 64 52 18 12 52 81 7 53 31 25 9 77
13 89 22 52 78 38 0 66 92 42 40 69 58 42 40 61 20 38 23 38 79 45 36 33 64 45 23 59 65 33 78 37 34 60 79 31 47 50 33 40 95
53 23 70 58 12 40 66 0 44 24 29 9 53 79 47 59 49 37 61 33 20 41 64 64 28 69 73 42 49 78 12 57 52 31 59 41 47 18 35 32 39
81 44 85 53 38 80 92 44 0 57 68 35 45 82 88 47 72 54 97 55 24 83 104 73 28 69 88 86 35 88 39 98 92 32 32 78 50 49 62 71 12
29 47 48 44 36 23 42 24 57 0 11 27 43 59 31 49 26 18 40 14 37 28 47 44 30 51 51 38 45 58 36 41 35 29 59 21 34 8 11 14 56
27 52 51 53 41 12 40 29 68 11 0 35 53 65 20 59 28 27 32 23 46 17 36 50 41 58 54 28 56 61 41 30 24 40 70 12 43 19 16 3 65
56 24 70 52 12 47 69 9 35 27 35 0 46 77 55 52 50 35 67 33 11 49 71 62 20 65 73 51 42 77 13 65 59 24 50 47 43 19 36 38 30
50 69 44 8 57 63 58 53 45 43 53 46 0 37 70 6 39 26 71 30 45 70 82 30 27 24 46 81 10 43 58 77 71 22 23 57 11 39 38 56 54
45 101 20 29 89 70 42 79 82 59 65 77 37 0 76 37 38 42 65 46 79 77 78 15 61 13 19 91 47 9 90 77 72 56 58 63 35 61 49 67 91
31 67 57 70 59 8 40 47 88 31 20 55 70 76 0 76 38 44 20 40 66 7 17 61 61 71 60 20 74 69 59 10 7 60 88 13 60 39 32 17 85
55 74 45 9 63 69 61 59 47 49 59 52 6 37 76 0 44 32 76 36 50 76 87 31 32 24 47 87 12 43 64 83 77 28 21 63 16 45 44 62 56
11 72 23 36 61 32 20 49 72 26 28 50 39 38 38 44 0 18 32 18 59 39 44 23 44 34 26 53 46 33 61 41 36 40 60 25 28 31 15 29 75
27 59 35 26 47 37 38 37 54 18 27 35 26 42 44 32 18 0 46 4 42 44 57 27 26 33 38 55 31 42 48 51 45 22 45 31 16 19 12 30 57
21 84 45 68 73 23 23 61 97 40 32 67 71 65 20 76 32 46 0 43 77 27 13 53 69 64 46 40 77 56 73 14 13 66 91 20 60 48 35 30 96
26 56 37 30 45 33 38 33 55 14 23 33 30 46 40 36 18 4 43 0 41 40 53 31 27 37 40 51 34 45 45 47 41 23 48 27 20 15 8 26 57
66 25 77 52 16 58 79 20 24 37 46 11 45 79 66 50 59 42 77 41 0 60 82 67 18 66 80 62 39 82 17 76 70 23 44 58 44 29 46 49 19
33 60 59 70 53 7 45 41 83 28 17 49 70 77 7 76 39 44 27 40 60 0 24 62 58 72 62 14 73 71 52 17 14 57 87 14 60 35 32 14 79
34 84 58 80 76 24 36 64 104 47 36 71 82 78 17 87 44 57 13 53 82 24 0 66 77 77 59 34 87 69 76 7 12 76 101 26 71 55 45 33 101
32 86 14 22 74 55 33 64 73 44 50 62 30 15 61 31 23 27 53 31 67 62 66 0 49 12 16 76 40 15 75 64 59 44 52 48 23 46 34 52 80
53 42 60 34 31 53 64 28 28 30 41 20 27 61 61 32 44 26 69 27 18 58 77 49 0 48 63 65 22 64 32 71 65 5 31 51 26 23 34 44 31
43 89 24 16 77 65 45 69 69 51 58 65 24 13 71 24 34 33 64 37 66 72 77 12 48 0 25 85 34 19 78 75 70 43 45 58 22 52 42 60 78
29 96 3 38 85 55 23 73 88 51 54 73 46 19 60 47 26 38 46 40 80 62 59 16 63 25 0 76 56 10 85 60 56 58 68 48 38 55 40 55 94
47 56 73 81 52 21 59 42 86 38 28 51 81 91 20 87 53 55 40 51 62 14 34 76 65 85 76 0 83 85 51 27 27 66 96 28 71 43 43 25 81
57 64 53 18 53 67 65 49 35 45 56 42 10 47 74 12 46 31 77 34 39 73 87 40 22 34 56 83 0 53 54 81 75 18 14 61 18 40 42 59 44
38 101 12 35 89 64 33 78 88 58 61 77 43 9 69 43 33 42 56 45 82 71 69 15 64 19 10 85 53 0 90 70 65 59 64 57 38 60 47 62 95
65 11 82 65 1 52 78 12 39 36 41 13 58 90 59 64 61 48 73 45 17 52 76 75 32 78 85 51 54 90 0 69 64 36 61 53 56 30 47 44 31
32 77 58 76 69 18 37 57 98 41 30 65 77 77 10 83 41 51 14 47 76 17 7 64 71 75 60 27 81 70 69 0 6 70 95 20 67 49 39 27 95
27 73 53 70 64 12 34 52 92 35 24 59 71 72 7 77 36 45 13 41 70 14 12 59 65 70 56 27 75 65 64 6 0 64 89 14 61 43 33 21 89
49 47 55 29 35 52 60 31 32 29 40 24 22 56 60 28 40 22 66 23 23 57 76 44 5 43 58 66 18 59 36 70 64 0 30 50 21 23 31 43 36
71 69 66 30 60 81 79 59 32 59 70 50 23 58 88 21 60 45 91 48 44 87 101 52 31 45 68 96 14 64 61 95 89 30 0 75 32 53 56 73 43
19 64 45 57 53 7 31 41 78 21 12 47 57 63 13 63 25 31 20 27 58 14 26 48 51 58 48 28 61 57 53 20 14 50 75 0 47 29 19 10 77
39 67 35 11 55 53 47 47 50 34 43 43 11 35 60 16 28 16 60 20 44 60 71 23 26 22 38 71 18 38 56 67 61 21 32 47 0 32 28 46 57
37 41 52 43 30 31 50 18 49 8 19 19 39 61 39 45 31 19 48 15 29 35 55 46 23 52 55 43 40 60 30 49 43 23 53 29 32 0 17 22 48
20 58 37 38 47 25 33 35 62 11 16 36 38 49 32 44 15 12 35 8 46 32 45 34 34 42 40 43 42 47 47 39 33 31 56 19 28 17 0 18 63
27 54 52 56 44 9 40 32 71 14 3 38 56 67 17 62 29 30 30 26 49 14 33 52 44 60 55 25 59 62 44 27 21 43 73 10 46 22 18 0 68
83 34 91 62 30 77 95 39 12 56 65 30 54 91 85 56 75 57 96 57 19 79 101 80 31 78 94 81 44 95 31 95 89 36 43 77 57 48 63 68 0
0 968
324 862
131 567
420 830
25 259
261 807
404 601
80 654
406 728
343 782
247 517
193 686
534 968
181 587
362 939
457 968
273 553
11 259
232 530
358 734
559 968
532 886
231 534
111 679
579 968
340 788
297 666
270 670
251 825
530 968
362 598
236 498
574 943
178 393
132 330
224 675
150 430
242 737
48 504
525 968
135 645
