41
0 12 62 56 48 75 65 63 34 49 29 69 53 61 23 32 16 29 37 16 53 47 57 34 43 29 26 55 42 62 13 47 36 28 16 27 32 51 20 54 63
12 0 50 56 42 70 55 60 39 50 40 57 43 55 17 27 5 18 35 24 44 47 52 22 32 21 34 43 36 61 18 42 41 20 25 24 23 47 10 42 51
62 50 0 69 44 65 24 62 80 70 90 27 25 49 54 59 46 42 55 73 33 65 55 28 37 48 83 14 42 70 67 48 81 48 75 60 37 53 43 10 1
56 56 69 0 25 26 51 14 90 10 76 92 44 25 73 83 53 70 21 72 37 9 16 57 81 75 82 74 28 6 69 22 92 74 71 80 40 16 48 69 70
48 42 44 25 0 28 28 19 81 27 75 68 19 13 58 68 37 51 17 64 12 22 11 35 60 58 74 50 6 26 60 4 83 57 64 65 19 9 32 45 45
75 70 65 26 28 0 41 13 109 36 98 91 41 17 86 96 65 79 38 91 34 33 18 63 88 86 101 73 34 21 88 28 111 85 91 93 47 24 60 68 66
65 55 24 51 28 41 0 41 92 55 94 51 12 27 65 73 50 55 43 79 16 50 35 36 56 62 89 36 29 50 73 32 93 61 80 72 33 36 45 31 25
63 60 62 14 19 13 41 0 97 23 86 87 37 14 76 86 55 70 26 79 29 20 8 54 79 77 89 69 25 10 76 18 99 76 79 83 38 13 50 64 63
34 39 80 90 81 109 92 97 0 83 32 74 81 94 27 22 44 38 71 20 83 81 91 56 46 33 15 68 75 96 21 81 2 32 22 20 62 85 49 70 80
49 50 70 10 27 36 55 23 83 0 66 91 46 32 67 77 48 65 17 64 39 5 23 53 77 70 73 73 28 16 62 23 85 69 63 74 36 19 43 69 71
29 40 90 76 75 98 94 86 32 66 0 92 82 87 41 45 45 52 60 19 81 67 80 62 64 49 17 82 69 82 25 72 33 48 17 40 61 74 49 82 91
69 57 27 92 68 91 51 87 74 91 92 0 50 75 51 52 55 41 74 73 58 87 79 40 28 43 81 18 64 94 67 71 76 44 75 55 55 77 55 23 26
53 43 25 44 19 41 12 37 81 46 82 50 0 25 55 63 38 45 33 67 8 41 30 26 48 52 77 32 19 45 61 23 83 51 68 62 21 28 33 27 26
61 55 49 25 13 17 27 14 94 32 87 75 25 0 71 81 50 64 27 77 17 27 9 46 71 71 87 57 19 24 73 15 96 70 77 78 32 14 45 52 50
23 17 54 73 58 86 65 76 27 67 41 51 55 71 0 10 21 12 52 22 58 64 68 29 23 8 30 42 52 78 16 58 28 7 24 7 39 64 26 44 54
32 27 59 83 68 96 73 86 22 77 45 52 63 81 10 0 31 18 62 26 67 74 78 37 24 11 31 47 62 88 21 68 24 12 28 5 49 74 36 49 59
16 5 46 53 37 65 50 55 44 48 45 55 38 50 21 31 0 18 32 29 39 44 47 18 31 23 39 39 31 58 23 37 46 22 30 28 18 43 5 38 47
29 18 42 70 51 79 55 70 38 65 52 41 45 64 12 18 18 0 49 33 49 62 62 19 14 7 42 30 45 75 27 52 39 6 35 18 32 58 22 32 42
37 35 55 21 17 38 43 26 71 17 60 74 33 27 52 62 32 49 0 53 27 13 20 36 60 54 63 56 14 26 50 13 73 53 53 59 19 14 27 52 56
16 24 73 72 64 91 79 79 20 64 19 73 67 77 22 26 29 33 53 0 68 63 73 46 45 30 10 63 58 78 6 63 22 29 2 21 47 67 34 64 74
53 44 33 37 12 34 16 29 83 39 81 58 8 17 58 67 39 49 27 68 0 34 22 30 54 56 78 40 13 37 62 16 85 55 69 65 21 21 34 35 34
47 47 65 9 22 33 50 20 81 5 67 87 41 27 64 74 44 62 13 63 34 0 18 49 73 67 73 69 23 15 60 18 83 66 62 71 32 14 40 64 66
57 52 55 16 11 18 35 8 91 23 80 79 30 9 68 78 47 62 20 73 22 18 0 46 71 69 83 61 17 15 70 10 93 68 73 75 30 6 42 56 56
34 22 28 57 35 63 36 54 56 53 62 40 26 46 29 37 18 19 36 46 30 49 46 0 25 26 56 22 29 59 40 36 57 25 47 36 17 42 15 20 29
43 32 37 81 60 88 56 79 46 77 64 28 48 71 23 24 31 14 60 45 54 73 71 25 0 15 53 23 54 84 39 61 48 16 47 27 41 67 34 27 37
29 21 48 75 58 86 62 77 33 70 49 43 52 71 8 11 23 7 54 30 56 67 69 26 15 0 38 36 52 80 24 59 34 1 32 13 39 65 27 38 48
26 34 83 82 74 101 89 89 15 73 17 81 77 87 30 31 39 42 63 10 78 73 83 56 53 38 0 72 68 88 16 73 16 37 11 26 57 77 44 73 83
55 43 14 74 50 73 36 69 68 73 82 18 32 57 42 47 39 30 56 63 40 69 61 22 23 36 72 0 46 76 57 53 69 36 65 48 37 59 37 5 14
42 36 42 28 6 34 29 25 75 28 69 64 19 19 52 62 31 45 14 58 13 23 17 29 54 52 68 46 0 30 54 7 77 51 58 59 13 13 26 41 43
62 61 70 6 26 21 50 10 96 16 82 94 45 24 78 88 58 75 26 78 37 15 15 59 84 80 88 76 30 0 75 23 98 79 77 85 43 17 53 71 71
13 18 67 69 60 88 73 76 21 62 25 67 61 73 16 21 23 27 50 6 62 60 70 40 39 24 16 57 54 75 0 60 23 23 8 16 41 64 28 58 68
47 42 48 22 4 28 32 18 81 23 72 71 23 15 58 68 37 52 13 63 16 18 10 36 61 59 73 53 7 23 60 0 83 58 63 65 20 6 32 48 49
36 41 81 92 83 111 93 99 2 85 33 76 83 96 28 24 46 39 73 22 85 83 93 57 48 34 16 69 77 98 23 83 0 33 24 21 64 87 51 71 81
28 20 48 74 57 85 61 76 32 69 48 44 51 70 7 12 22 6 53 29 55 66 68 25 16 1 37 36 51 79 23 58 33 0 31 12 38 64 26 38 48
16 25 75 71 64 91 80 79 22 63 17 75 68 77 24 28 30 35 53 2 69 62 73 47 47 32 11 65 58 77 8 63 24 31 0 23 48 67 35 65 75
27 24 60 80 65 93 72 83 20 74 40 55 62 78 7 5 28 18 59 21 65 71 75 36 27 13 26 48 59 85 16 65 21 12 23 0 46 71 33 50 60
32 23 37 40 19 47 33 38 62 36 61 55 21 32 39 49 18 32 19 47 21 32 30 17 41 39 57 37 13 43 41 20 64 38 48 46 0 26 13 33 38
51 47 53 16 9 24 36 13 85 19 74 77 28 14 64 74 43 58 14 67 21 14 6 42 67 65 77 59 13 17 64 6 87 64 67 71 26 0 38 54 54
20 10 43 48 32 60 45 50 49 43 49 55 33 45 26 36 5 22 27 34 34 40 42 15 34 27 44 37 26 53 28 32 51 26 35 33 13 38 0 35 44
54 42 10 69 45 68 31 64 70 69 82 23 27 52 44 49 38 32 52 64 35 64 56 20 27 38 73 5 41 71 58 48 71 38 65 50 33 54 35 0 10
63 51 1 70 45 66 25 63 80 71 91 26 26 50 54 59 47 42 56 74 34 66 56 29 37 48 83 14 43 71 68 49 81 48 75 60 38 54 44 10 0
0 774
255 713
2 191
191 606
325 708
207 362
12 193
348 627
117 410
351 774
232 479
216 582
75 267
118 432
276 574
11 211
126 379
128 504
101 307
161 551
406 774
227 673
311 601
442 753
15 458
412 774
177 485
117 555
440 774
191 435
135 443
446 774
42 436
231 668
219 634
21 392
363 701
274 692
193 365
74 235
11 273
