41
0 2 101 52 55 47 58 50 65 84 37 11 68 24 44 54 45 74 53 69 73 19 56 76 104 22 58 103 48 35 33 31 94 34 95 45 75 54 40 80 56
2 0 101 54 55 47 57 49 64 83 36 11 67 23 42 53 44 73 55 71 73 17 55 78 104 21 58 103 48 37 35 29 94 32 95 45 75 56 39 81 55
101 101 0 88 55 60 67 70 55 29 77 90 47 80 77 63 65 37 66 64 35 92 67 69 6 85 50 38 58 79 74 84 14 81 55 62 26 87 64 54 51
52 54 88 0 33 32 86 79 85 89 71 46 81 56 78 77 68 81 22 29 53 64 84 31 89 61 38 71 34 21 27 68 87 70 55 31 63 2 58 42 70
55 55 55 33 0 8 64 59 57 57 55 44 52 44 60 54 48 51 11 20 20 56 62 28 56 49 5 48 9 27 22 56 54 56 40 10 30 32 38 26 42
47 47 60 32 8 0 58 52 53 57 48 36 49 37 53 48 41 49 13 27 27 48 56 35 62 42 11 56 2 19 14 49 58 49 48 2 34 31 31 34 38
58 57 67 86 64 58 0 8 12 39 21 53 20 37 16 10 18 30 71 84 63 40 2 92 73 36 62 94 56 66 59 28 54 25 97 59 54 87 28 86 23
50 49 70 79 59 52 8 0 17 44 13 45 24 29 8 7 11 34 65 79 61 32 6 87 76 28 57 92 50 59 52 20 58 17 95 52 52 80 21 83 21
65 64 55 85 57 53 12 17 0 27 28 57 8 41 25 11 20 18 66 77 53 47 12 85 61 43 54 82 51 66 59 35 42 32 87 54 42 84 28 78 15
84 83 29 89 57 57 39 44 27 0 53 74 20 60 51 37 42 10 68 73 43 71 39 80 35 64 52 63 55 75 68 60 15 57 75 59 29 88 44 68 28
37 36 77 71 55 48 21 13 28 53 0 32 34 16 7 17 12 43 60 75 61 19 19 83 82 15 53 93 46 51 44 7 66 4 93 47 56 72 17 79 26
11 11 90 46 44 36 53 45 57 74 32 0 58 17 39 46 37 64 44 60 62 18 51 67 93 17 47 92 37 26 24 26 84 29 84 34 64 47 30 70 46
68 67 47 81 52 49 20 24 8 20 34 58 0 44 31 17 23 10 62 72 46 52 20 80 53 46 49 74 47 63 56 41 34 38 80 51 34 80 28 71 12
24 23 80 56 44 37 37 29 41 60 16 17 44 0 23 30 21 50 48 63 57 12 35 71 84 5 46 89 35 36 29 12 71 14 84 35 55 57 16 70 32
44 42 77 78 60 53 16 8 25 51 7 39 31 23 0 14 13 41 65 80 64 25 14 88 83 22 58 96 51 58 51 13 65 10 98 52 57 79 22 84 27
54 53 63 77 54 48 10 7 11 37 17 46 17 30 14 0 9 27 61 74 54 36 8 82 69 32 52 85 46 57 50 24 51 21 88 49 45 78 19 77 14
45 44 65 68 48 41 18 11 20 42 12 37 23 21 13 9 0 32 54 68 51 29 16 76 70 23 46 83 39 48 41 19 54 16 85 41 44 69 10 72 14
74 73 37 81 51 49 30 34 18 10 43 64 10 50 41 27 32 0 62 69 41 61 30 77 43 54 46 66 47 67 60 50 24 47 74 51 27 80 34 66 18
53 55 66 22 11 13 71 65 66 68 60 44 62 48 65 61 54 62 0 16 31 59 69 23 67 53 16 54 15 20 20 60 65 60 42 13 41 21 44 27 51
69 71 64 29 20 27 84 79 77 73 75 60 72 63 80 74 68 69 16 0 30 74 82 8 63 68 23 42 29 36 36 75 67 75 27 28 44 27 58 13 62
73 73 35 53 20 27 63 61 53 43 61 62 46 57 64 54 51 41 31 30 0 69 62 37 36 62 16 32 26 46 41 65 37 64 34 29 14 52 44 25 40
19 17 92 64 56 48 40 32 47 71 19 18 52 12 25 36 29 61 59 74 69 0 38 82 96 7 58 101 47 43 39 12 83 15 96 46 67 64 28 82 43
56 55 67 84 62 56 2 6 12 39 19 51 20 35 14 8 16 30 69 82 62 38 0 90 73 34 60 92 54 64 57 26 54 23 96 57 52 85 26 85 22
76 78 69 31 28 35 92 87 85 80 83 67 80 71 88 82 76 77 23 8 37 82 90 0 67 76 31 43 37 42 43 83 74 83 24 36 51 29 66 15 70
104 104 6 89 56 62 73 76 61 35 82 93 53 84 83 69 70 43 67 63 36 96 73 67 0 89 52 33 61 81 76 89 20 86 51 64 29 87 68 52 56
22 21 85 61 49 42 36 28 43 64 15 17 46 5 22 32 23 54 53 68 62 7 34 76 89 0 51 94 40 40 34 9 76 12 89 40 60 61 21 75 36
58 58 50 38 5 11 62 57 54 52 53 47 49 46 58 52 46 46 16 23 16 58 60 31 52 51 0 45 11 30 25 56 49 56 40 13 25 37 36 26 39
103 103 38 71 48 56 94 92 82 63 93 92 74 89 96 85 83 66 54 42 32 101 92 43 33 94 45 0 56 74 70 97 50 96 21 58 40 69 76 29 71
48 48 58 34 9 2 56 50 51 55 46 37 47 35 51 46 39 47 15 29 26 47 54 37 61 40 11 56 0 21 16 47 56 47 49 4 32 33 29 35 36
35 37 79 21 27 19 66 59 66 75 51 26 63 36 58 57 48 67 20 36 46 43 64 42 81 40 30 74 21 0 7 48 77 50 62 17 53 21 38 47 51
33 35 74 27 22 14 59 52 59 68 44 24 56 29 51 50 41 60 20 36 41 39 57 43 76 34 25 70 16 7 0 41 72 43 62 12 48 28 31 47 44
31 29 84 68 56 49 28 20 35 60 7 26 41 12 13 24 19 50 60 75 65 12 26 83 89 9 56 97 47 48 41 0 73 3 96 47 61 69 21 82 33
94 94 14 87 54 58 54 58 42 15 66 84 34 71 65 51 54 24 65 67 37 83 54 74 20 76 49 50 56 77 72 73 0 70 65 60 24 86 55 61 40
34 32 81 70 56 49 25 17 32 57 4 29 38 14 10 21 16 47 60 75 64 15 23 83 86 12 56 96 47 50 43 3 70 0 96 47 59 71 20 82 30
95 95 55 55 40 48 97 95 87 75 93 84 80 84 98 88 85 74 42 27 34 96 96 24 51 89 40 21 49 62 62 96 65 96 0 50 47 53 76 15 74
45 45 62 31 10 2 59 52 54 59 47 34 51 35 52 49 41 51 13 28 29 46 57 36 64 40 13 58 4 17 12 47 60 47 50 0 36 30 31 36 39
75 75 26 63 30 34 54 52 42 29 56 64 34 55 57 45 44 27 41 44 14 67 52 51 29 60 25 40 32 53 48 61 24 59 47 36 0 62 40 39 31
54 56 87 2 32 31 87 80 84 88 72 47 80 57 79 78 69 80 21 27 52 64 85 29 87 61 37 69 33 21 28 69 86 71 53 30 62 0 59 40 69
40 39 64 58 38 31 28 21 28 44 17 30 28 16 22 19 10 34 44 58 44 28 26 66 68 21 36 76 29 38 31 21 55 20 76 31 40 59 0 62 16
80 81 54 42 26 34 86 83 78 68 79 70 71 70 84 77 72 66 27 13 25 82 85 15 52 75 26 29 35 47 47 82 61 82 15 36 39 40 62 0 63
56 55 51 70 42 38 23 21 15 28 26 46 12 32 27 14 14 18 51 62 40 43 22 70 56 36 39 71 36 51 44 33 40 30 74 39 31 69 16 63 0
0 1549
490 676
371 504
726 917
989 1108
844 1046
1208 1423
19 136
1042 1185
1226 1389
896 1056
514 731
1240 1431
322 502
961 1180
703 829
93 236
1229 1362
1137 1275
272 502
1369 1479
277 499
168 309
525 719
1103 1280
782 896
797 1012
187 377
853 962
544 706
681 827
875 1034
1115 1330
414 515
1126 1311
931 1090
1073 1205
30 119
626 785
666 761
1179 1386
