41
0 23 71 59 65 85 67 82 53 45 57 54 84 69 53 47 41 72 60 48 55 65 80 22 48 40 13 81 25 59 38 29 49 27 32 44 19 54 69 71 73
23 0 50 36 50 73 69 64 32 35 35 39 92 69 30 54 52 71 70 49 66 47 65 6 26 22 16 67 47 37 15 52 26 46 51 27 39 68 68 79 64
71 50 0 44 19 37 69 16 18 34 48 23 95 63 26 69 72 62 84 58 82 9 23 49 26 31 66 30 88 17 46 97 31 82 87 59 89 90 62 88 40
59 36 44 0 56 79 95 60 32 55 4 50 120 92 20 86 85 93 102 77 99 47 66 40 25 38 48 73 83 27 21 88 17 82 87 22 70 103 92 109 77
65 50 19 56 0 23 50 18 24 22 59 11 76 44 36 53 58 43 66 41 65 11 15 46 32 28 65 17 78 31 52 88 40 70 75 68 84 74 43 70 21
85 73 37 79 23 0 47 24 47 40 82 34 70 40 59 59 66 37 68 48 69 33 15 68 55 51 87 7 92 53 75 103 63 84 87 91 104 80 39 67 15
67 69 69 95 50 47 0 66 66 41 97 48 26 7 77 22 30 10 22 20 25 60 57 63 71 57 76 50 60 75 81 71 78 51 52 96 84 36 8 20 33
82 64 16 60 18 24 66 0 33 39 64 28 90 59 42 71 76 57 84 59 83 17 9 60 41 42 79 17 95 33 62 105 47 88 92 75 100 92 58 86 33
53 32 18 32 24 47 66 33 0 25 35 18 91 62 12 60 62 62 75 49 73 16 36 31 8 14 48 41 72 10 29 80 16 67 72 44 71 80 61 81 45
45 35 34 55 22 40 41 39 25 0 57 11 66 37 36 35 38 39 50 24 48 25 36 29 30 17 47 36 56 35 42 66 38 49 53 58 64 56 37 56 29
57 35 48 4 59 82 97 64 35 57 0 52 122 94 23 86 85 95 102 79 99 50 70 40 27 40 46 76 82 31 20 86 19 81 86 19 68 103 94 111 79
54 39 23 50 11 34 48 28 18 11 52 0 74 44 30 46 49 44 61 35 59 14 26 35 25 17 54 28 67 27 42 77 33 60 64 58 73 67 43 66 27
84 92 95 120 76 70 26 90 91 66 122 74 0 32 102 38 43 33 24 43 29 86 81 86 96 82 95 74 69 101 104 79 103 61 59 119 97 36 33 13 57
69 69 63 92 44 40 7 59 62 37 94 44 32 0 73 26 34 3 29 21 32 55 50 63 67 54 77 43 64 71 79 75 75 55 56 95 86 43 1 27 26
53 30 26 20 36 59 77 42 12 36 23 30 102 73 0 68 69 74 84 59 81 27 47 31 6 20 45 53 75 9 20 82 5 72 77 33 68 87 73 91 57
47 54 69 86 53 59 22 71 60 35 86 46 38 26 68 0 8 29 16 12 13 60 65 48 62 48 57 60 38 70 68 49 69 29 30 81 62 21 27 25 44
41 52 72 85 58 66 30 76 62 38 85 49 43 34 69 8 0 37 19 18 14 63 71 46 63 49 52 66 30 72 66 41 70 21 22 79 55 18 35 30 51
72 71 62 93 43 37 10 57 62 39 95 44 33 3 74 29 37 0 32 24 35 54 48 65 68 56 79 41 67 71 81 78 76 58 59 97 89 46 3 30 24
60 70 84 102 66 68 22 84 75 50 102 61 24 29 84 16 19 32 0 26 5 75 76 64 78 64 71 70 45 85 84 55 85 37 35 97 73 14 30 11 53
48 49 58 77 41 48 20 59 49 24 79 35 43 21 59 12 18 24 26 0 24 49 53 43 53 39 56 48 45 59 61 56 60 36 39 76 65 33 21 32 33
55 66 82 99 65 69 25 83 73 48 99 59 29 32 81 13 14 35 5 24 0 73 76 60 75 61 66 71 40 83 80 50 82 32 30 93 68 11 32 16 54
65 47 9 47 11 33 60 17 16 25 50 14 86 55 27 60 63 54 75 49 73 0 20 43 24 25 62 26 81 20 45 90 32 74 78 60 83 81 54 79 32
80 65 23 66 15 15 57 9 36 36 70 26 81 50 47 65 71 48 76 53 76 20 0 61 44 43 80 8 92 39 65 102 52 85 89 80 99 86 49 77 24
22 6 49 40 46 68 63 60 31 29 40 35 86 63 31 48 46 65 64 43 60 43 61 0 26 18 19 63 44 37 20 51 28 42 47 33 40 63 62 73 58
48 26 26 25 32 55 71 41 8 30 27 25 96 67 6 62 63 68 78 53 75 24 44 26 0 14 42 49 70 11 21 77 8 66 71 36 65 81 67 85 52
40 22 31 38 28 51 57 42 14 17 40 17 82 54 20 48 49 56 64 39 61 25 43 18 14 0 37 45 58 23 25 66 21 53 58 41 58 67 54 71 43
13 16 66 48 65 87 76 79 48 47 46 54 95 77 45 57 52 79 71 56 66 62 80 19 42 37 0 82 38 53 27 41 41 40 45 31 23 66 77 82 76
81 67 30 73 17 7 50 17 41 36 76 28 74 43 53 60 66 41 70 48 71 26 8 63 49 45 82 0 91 46 69 102 57 82 86 85 100 81 42 70 17
25 47 88 83 78 92 60 95 72 56 82 67 69 64 75 38 30 67 45 45 40 81 92 44 70 58 38 91 0 81 62 11 72 9 10 69 29 34 65 56 78
59 37 17 27 31 53 75 33 10 35 31 27 101 71 9 70 72 71 85 59 83 20 39 37 11 23 53 46 81 0 29 88 14 76 81 42 76 90 70 91 52
38 15 46 21 52 75 81 62 29 42 20 42 104 79 20 68 66 81 84 61 80 45 65 20 21 25 27 69 62 29 0 67 15 61 66 16 50 83 79 93 68
29 52 97 88 88 103 71 105 80 66 86 77 79 75 82 49 41 78 55 56 50 90 102 51 77 66 41 102 11 88 67 0 78 20 20 72 24 44 76 66 89
49 26 31 17 40 63 78 47 16 38 19 33 103 75 5 69 70 76 85 60 82 32 52 28 8 21 41 57 72 14 15 78 0 70 75 28 64 88 75 92 60
27 46 82 82 70 84 51 88 67 49 81 60 61 55 72 29 21 58 37 36 32 74 85 42 66 53 40 82 9 76 61 20 70 0 5 71 36 27 56 48 69
32 51 87 87 75 87 52 92 72 53 86 64 59 56 77 30 22 59 35 39 30 78 89 47 71 58 45 86 10 81 66 20 75 5 0 76 39 24 57 46 72
44 27 59 22 68 91 96 75 44 58 19 58 119 95 33 81 79 97 97 76 93 60 80 33 36 41 31 85 69 42 16 72 28 71 76 0 51 95 95 106 84
19 39 89 70 84 104 84 100 71 64 68 73 97 86 68 62 55 89 73 65 68 83 99 40 65 58 23 100 29 76 50 24 64 36 39 51 0 63 86 84 92
54 68 90 103 74 80 36 92 80 56 103 67 36 43 87 21 18 46 14 33 11 81 86 63 81 67 66 81 34 90 83 44 88 27 24 95 63 0 43 24 65
69 68 62 92 43 39 8 58 61 37 94 43 33 1 73 27 35 3 30 21 32 54 49 62 67 54 77 42 65 70 79 76 75 56 57 95 86 43 0 28 25
71 79 88 109 70 67 20 86 81 56 111 66 13 27 91 25 30 30 11 32 16 79 77 73 85 71 82 70 56 91 93 66 92 48 46 106 84 24 28 0 53
73 64 40 77 21 15 33 33 45 29 79 27 57 26 57 44 51 24 53 33 54 32 24 58 52 43 76 17 78 52 68 89 60 69 72 84 92 65 25 53 0
0 1490
845 1399
924 1490
159 631
318 710
438 665
32 385
948 1269
709 1249
687 915
651 1133
718 1376
677 916
810 1092
1005 1490
401 1055
648 1114
282 846
832 1178
635 940
501 775
193 610
318 960
898 1323
437 820
319 682
941 1490
763 1329
196 866
186 742
329 856
989 1228
496 992
560 997
837 1204
11 504
539 1079
434 845
663 1238
333 996
858 1490
