41
0 19 55 46 74 28 71 27 39 49 20 44 25 26 43 34 18 19 44 34 55 23 31 59 25 56 33 38 52 39 49 67 43 21 82 27 32 66 53 43 75
19 0 39 29 62 34 56 46 36 59 30 54 18 43 33 53 33 13 59 20 51 40 27 40 34 37 18 55 48 25 31 51 28 40 66 10 14 76 65 28 59
55 39 0 10 81 72 68 82 35 97 69 92 54 81 61 82 59 51 98 23 80 78 62 29 54 31 22 93 80 51 42 58 14 71 70 40 39 114 103 49 62
46 29 10 0 74 62 63 73 31 87 59 82 44 72 51 74 51 41 88 14 70 69 52 26 47 27 13 84 70 41 35 54 9 63 66 30 29 104 93 40 58
74 62 81 74 0 56 15 86 96 67 63 64 49 79 31 106 92 55 79 76 26 77 44 54 96 50 72 82 30 37 39 24 81 94 23 52 49 73 73 35 27
28 34 72 62 56 0 59 30 66 25 8 20 19 23 29 52 44 21 28 54 32 21 15 65 52 61 52 28 28 33 48 59 62 40 71 33 36 42 31 38 67
71 56 68 63 15 59 0 87 88 75 63 72 47 81 30 105 88 52 85 67 35 78 44 40 90 37 63 87 38 32 28 10 70 92 12 46 42 83 81 28 12
27 46 82 73 86 30 87 0 61 37 24 34 43 9 57 22 29 40 25 60 62 9 43 85 38 81 60 18 58 59 72 87 69 18 99 51 56 52 36 64 95
39 36 35 31 96 66 88 61 0 88 59 83 54 65 69 54 32 49 83 21 87 62 63 57 24 58 25 77 84 60 60 80 22 44 95 45 47 105 92 61 87
49 59 97 87 67 25 75 37 88 0 30 5 44 28 49 59 63 46 15 79 41 31 38 89 72 85 77 21 37 56 71 78 87 54 87 58 61 17 6 61 86
20 30 69 59 63 8 63 24 59 30 0 25 19 18 33 44 36 18 29 49 40 15 19 64 44 60 48 27 36 35 48 63 58 32 75 30 35 47 35 40 71
44 54 92 82 64 20 72 34 83 5 25 0 39 25 44 56 58 41 15 74 38 27 33 84 67 80 72 20 34 51 66 74 82 50 84 53 56 22 11 56 82
25 18 54 44 49 19 47 43 54 44 19 39 0 37 18 58 43 6 47 38 33 34 9 46 48 42 35 46 30 16 29 44 45 45 59 14 17 60 50 21 52
26 43 81 72 79 23 81 9 65 28 18 25 37 0 51 31 35 35 18 60 54 3 37 81 44 77 59 12 50 53 66 81 69 26 93 47 52 45 29 58 89
43 33 61 51 31 29 30 57 69 49 33 44 18 51 0 76 61 24 57 50 19 48 14 42 66 38 46 57 19 10 23 30 56 63 42 24 23 61 55 13 38
34 53 82 74 106 52 105 22 54 59 44 56 58 31 76 0 23 53 47 60 84 31 62 93 30 90 62 40 80 73 83 101 68 13 116 61 66 74 58 77 109
18 33 59 51 92 44 88 29 32 63 36 58 43 35 61 23 0 37 53 37 73 32 49 71 9 69 39 47 70 56 64 83 45 12 98 42 47 80 64 60 91
19 13 51 41 55 21 52 40 49 46 18 41 6 35 24 53 37 0 47 33 39 32 15 46 42 42 31 45 36 20 32 48 41 40 63 12 17 63 52 24 56
44 59 98 88 79 28 85 25 83 15 29 15 47 18 57 47 53 47 0 78 53 21 43 93 62 89 76 7 49 61 76 87 86 43 97 59 64 27 11 66 95
34 20 23 14 76 54 67 60 21 79 49 74 38 60 50 60 37 33 78 0 69 57 47 37 33 37 4 72 68 40 39 59 9 49 74 26 27 96 84 41 66
55 51 80 70 26 32 35 62 87 41 40 38 33 54 19 84 73 39 53 69 0 53 24 60 80 56 65 56 4 29 41 40 75 72 47 43 42 48 47 32 47
23 40 78 69 77 21 78 9 62 31 15 27 34 3 48 31 32 32 21 57 53 0 34 78 41 74 56 15 49 50 63 78 66 23 90 44 49 48 32 55 86
31 27 62 52 44 15 44 43 63 38 19 33 9 37 14 62 49 15 43 47 24 34 0 51 56 47 44 43 21 18 33 44 54 50 56 22 24 53 44 23 52
59 40 29 26 54 65 40 85 57 89 64 84 46 81 42 93 71 46 93 37 60 78 51 0 70 4 34 91 61 33 19 30 35 80 41 34 29 103 95 29 33
25 34 54 47 96 52 90 38 24 72 44 67 48 44 66 30 9 42 62 33 80 41 56 70 0 68 36 56 77 59 65 85 40 21 100 44 48 89 73 62 93
56 37 31 27 50 61 37 81 58 85 60 80 42 77 38 90 69 42 89 37 56 74 47 4 68 0 33 87 57 29 15 27 36 77 39 30 25 99 91 25 31
33 18 22 13 72 52 63 60 25 77 48 72 35 59 46 62 39 31 76 4 65 56 44 34 36 33 0 71 64 36 35 55 10 50 70 22 23 94 83 37 62
38 55 93 84 82 28 87 18 77 21 27 20 46 12 57 40 47 45 7 72 56 15 43 91 56 87 71 0 52 61 75 87 81 36 99 57 62 34 18 66 95
52 48 80 70 30 28 38 58 84 37 36 34 30 50 19 80 70 36 49 68 4 49 21 61 77 57 64 52 0 29 42 43 74 68 50 42 42 45 43 32 50
39 25 51 41 37 33 32 59 60 56 35 51 16 53 10 73 56 20 61 40 29 50 18 33 59 29 36 61 29 0 15 28 46 60 43 15 13 70 62 5 36
49 31 42 35 39 48 28 72 60 71 48 66 29 66 23 83 64 32 76 39 41 63 33 19 65 15 35 75 42 15 0 20 42 70 35 22 17 84 77 10 28
67 51 58 54 24 59 10 87 80 78 63 74 44 81 30 101 83 48 87 59 40 78 44 30 85 27 55 87 43 28 20 0 61 88 15 41 37 88 84 24 8
43 28 14 9 81 62 70 69 22 87 58 82 45 69 56 68 45 41 86 9 75 66 54 35 40 36 10 81 74 46 42 61 0 57 75 32 33 104 93 46 67
21 40 71 63 94 40 92 18 44 54 32 50 45 26 63 13 12 40 43 49 72 23 50 80 21 77 50 36 68 60 70 88 57 0 103 48 53 70 54 64 96
82 66 70 66 23 71 12 99 95 87 75 84 59 93 42 116 98 63 97 74 47 90 56 41 100 39 70 99 50 43 35 15 75 103 0 56 52 95 93 39 8
27 10 40 30 52 33 46 51 45 58 30 53 14 47 24 61 42 12 59 26 43 44 22 34 44 30 22 57 42 15 22 41 32 48 56 0 5 74 64 18 49
32 14 39 29 49 36 42 56 47 61 35 56 17 52 23 66 47 17 64 27 42 49 24 29 48 25 23 62 42 13 17 37 33 53 52 5 0 77 67 14 45
66 76 114 104 73 42 83 52 105 17 47 22 60 45 61 74 80 63 27 96 48 48 53 103 89 99 94 34 45 70 84 88 104 70 95 74 77 0 16 74 95
53 65 103 93 73 31 81 36 92 6 35 11 50 29 55 58 64 52 11 84 47 32 44 95 73 91 83 18 43 62 77 84 93 54 93 64 67 16 0 67 92
43 28 49 40 35 38 28 64 61 61 40 56 21 58 13 77 60 24 66 41 32 55 23 29 62 25 37 66 32 5 10 24 46 64 39 18 14 74 67 0 32
75 59 62 58 27 67 12 95 87 86 71 82 52 89 38 109 91 56 95 66 47 86 52 33 93 31 62 95 50 36 28 8 67 96 8 49 45 95 92 32 0
0 1154
409 811
312 676
503 1154
438 1073
547 1154
476 797
522 962
571 921
184 1037
131 906
558 1154
328 709
154 933
247 998
43 789
218 695
422 1036
539 964
493 1111
358 740
438 1025
241 732
575 1154
128 712
168 487
10 802
435 1075
207 510
132 921
169 663
181 791
172 624
135 523
28 439
173 552
383 882
293 1054
312 859
204 854
84 877
