41
0 27 41 22 58 58 56 40 81 42 37 65 63 44 58 59 37 27 64 53 38 46 17 7 60 64 31 54 17 42 29 24 41 35 28 28 29 31 29 43 35
27 0 46 26 66 38 65 55 97 56 46 83 82 71 79 84 62 0 85 80 24 46 17 33 86 90 41 78 15 47 36 32 45 53 21 32 56 55 53 59 51
41 46 0 20 99 84 97 22 121 83 78 105 102 69 96 89 71 46 102 75 68 9 29 39 86 69 72 90 31 1 69 17 2 76 60 14 51 67 66 84 23
22 26 20 0 80 64 78 30 103 64 59 87 85 60 80 79 57 26 86 68 48 24 9 23 77 71 53 75 11 21 49 7 20 57 40 6 43 52 50 65 27
58 66 99 80 0 53 3 97 41 22 21 35 38 66 41 64 53 66 44 75 46 104 71 63 72 99 27 50 70 100 31 82 99 31 45 86 69 49 47 25 92
58 38 84 64 53 0 54 93 94 59 46 85 86 94 85 101 81 38 91 103 20 84 55 65 105 120 46 89 53 85 42 70 83 61 30 70 84 74 72 63 89
56 65 97 78 3 54 0 95 40 19 19 33 35 63 38 61 50 65 41 72 45 102 69 61 69 96 25 47 68 98 29 80 97 28 44 84 66 46 44 22 90
40 55 22 30 97 93 95 0 109 77 76 94 90 52 84 72 57 55 89 57 76 30 38 34 68 47 70 76 40 21 68 23 24 69 67 26 36 55 55 77 5
81 97 121 103 41 94 40 109 0 41 52 16 19 61 25 46 52 97 21 64 83 127 97 82 55 92 56 35 97 121 61 104 121 46 77 109 73 55 55 38 104
42 56 83 64 22 59 19 77 41 0 13 27 27 44 26 45 31 56 32 53 44 88 57 45 52 77 15 31 57 84 20 66 83 9 36 70 47 27 25 4 72
37 46 78 59 21 46 19 76 52 13 0 40 40 53 39 57 40 46 45 62 31 83 50 42 62 86 6 44 49 79 10 61 78 17 26 65 52 34 32 17 71
65 83 105 87 35 85 33 94 16 27 40 0 4 47 10 35 37 83 10 50 71 111 81 66 43 78 42 21 81 105 47 88 105 30 63 93 58 39 39 24 89
63 82 102 85 38 86 35 90 19 27 40 4 0 43 6 31 33 82 6 46 71 108 80 63 39 74 42 17 80 102 47 85 102 29 63 90 54 36 36 23 85
44 71 69 60 66 94 63 52 61 44 53 47 43 0 37 20 13 71 40 9 74 78 59 39 17 33 50 26 60 69 52 57 71 36 64 62 18 20 22 41 48
58 79 96 80 41 85 38 84 25 26 39 10 6 37 0 25 27 79 6 40 70 102 75 57 33 68 41 11 75 96 46 79 96 26 62 84 48 30 30 22 79
59 84 89 79 64 101 61 72 46 45 57 35 31 20 25 0 22 84 25 19 84 98 76 56 9 47 55 14 76 89 60 76 91 40 74 81 38 29 31 41 68
37 62 71 57 53 81 50 57 52 31 40 37 33 13 27 22 0 62 32 22 62 78 54 34 24 46 37 19 54 71 39 56 72 23 52 61 21 7 9 28 52
27 0 46 26 66 38 65 55 97 56 46 83 82 71 79 84 62 0 85 80 24 46 17 33 86 90 41 78 15 47 36 32 45 53 21 32 56 55 53 59 51
64 85 102 86 44 91 41 89 21 32 45 10 6 40 6 25 32 85 0 43 76 108 81 63 34 71 47 14 81 102 52 85 102 32 68 90 53 36 36 28 84
53 80 75 68 75 103 72 57 64 53 62 50 46 9 40 19 22 80 43 0 83 84 67 47 12 28 59 29 68 75 61 64 77 45 73 69 25 29 31 50 53
38 24 68 48 46 20 45 76 83 44 31 71 71 74 70 84 62 24 76 83 0 70 39 45 86 100 29 72 37 69 24 54 68 44 10 54 64 55 53 48 71
46 46 9 24 104 84 102 30 127 88 83 111 108 78 102 98 78 46 108 84 70 0 33 45 95 77 77 97 35 9 73 23 7 81 64 18 60 74 72 89 31
17 17 29 9 71 55 69 38 97 57 50 81 80 59 75 76 54 17 81 67 39 33 0 20 76 74 44 71 2 30 40 15 29 51 31 15 42 48 46 59 34
7 33 39 23 63 65 61 34 82 45 42 66 63 39 57 56 34 33 63 47 45 45 20 0 56 57 36 52 21 39 34 22 39 37 35 27 23 29 27 45 29
60 86 86 77 72 105 69 68 55 52 62 43 39 17 33 9 24 86 34 12 86 95 76 56 0 38 60 22 77 86 63 74 88 45 76 79 35 31 33 48 65
64 90 69 71 99 120 96 47 92 77 86 78 74 33 68 47 46 90 71 28 100 77 74 57 38 0 81 57 76 68 83 64 71 69 90 69 36 52 54 74 47
31 41 72 53 27 46 25 70 56 15 6 42 42 50 41 55 37 41 47 59 29 77 44 36 60 81 0 43 43 73 5 55 72 15 21 59 46 30 28 19 65
54 78 90 75 50 89 47 76 35 31 44 21 17 26 11 14 19 78 14 29 72 97 71 52 22 57 43 0 71 90 48 74 91 28 64 79 40 23 25 27 71
17 15 31 11 70 53 68 40 97 57 49 81 80 60 75 76 54 15 81 68 37 35 2 21 77 76 43 71 0 32 39 17 31 51 29 17 44 48 46 59 36
42 47 1 21 100 85 98 21 121 84 79 105 102 69 96 89 71 47 102 75 69 9 30 39 86 68 73 90 32 0 70 18 3 76 61 15 51 67 66 84 22
29 36 69 49 31 42 29 68 61 20 10 47 47 52 46 60 39 36 52 61 24 73 40 34 63 83 5 48 39 70 0 53 69 20 16 55 47 32 30 24 63
24 32 17 7 82 70 80 23 104 66 61 88 85 57 79 76 56 32 85 64 54 23 15 22 74 64 55 74 17 18 53 0 17 59 46 5 39 51 49 67 20
41 45 2 20 99 83 97 24 121 83 78 105 102 71 96 91 72 45 102 77 68 7 29 39 88 71 72 91 31 3 69 17 0 76 60 14 53 68 66 84 25
35 53 76 57 31 61 28 69 46 9 17 30 29 36 26 40 23 53 32 45 44 81 51 37 45 69 15 28 51 76 20 59 76 0 36 63 38 18 16 8 64
28 21 60 40 45 30 44 67 77 36 26 63 63 64 62 74 52 21 68 73 10 64 31 35 76 90 21 64 29 61 16 46 60 36 0 46 54 45 43 40 62
28 32 14 6 86 70 84 26 109 70 65 93 90 62 84 81 61 32 90 69 54 18 15 27 79 69 59 79 17 15 55 5 14 63 46 0 44 56 54 71 23
29 56 51 43 69 84 66 36 73 47 52 58 54 18 48 38 21 56 53 25 64 60 42 23 35 36 46 40 44 51 47 39 53 38 54 44 0 21 22 45 31
31 55 67 52 49 74 46 55 55 27 34 39 36 20 30 29 7 55 36 29 55 74 48 29 31 52 30 23 48 67 32 51 68 18 45 56 21 0 2 24 50
29 53 66 50 47 72 44 55 55 25 32 39 36 22 30 31 9 53 36 31 53 72 46 27 33 54 28 25 46 66 30 49 66 16 43 54 22 2 0 23 50
43 59 84 65 25 63 22 77 38 4 17 24 23 41 22 41 28 59 28 50 48 89 59 45 48 74 19 27 59 84 24 67 84 8 40 71 45 24 23 0 72
35 51 23 27 92 89 90 5 104 72 71 89 85 48 79 68 52 51 84 53 71 31 34 29 65 47 65 71 36 22 63 20 25 64 62 23 31 50 50 72 0
0 1369
34 296
594 901
501 820
1006 1201
505 807
178 577
278 473
523 845
235 379
92 266
115 320
344 631
613 824
652 1047
176 368
876 1122
893 1164
503 644
326 629
973 1231
666 989
900 1043
174 516
449 626
607 884
897 1266
936 1116
672 1064
324 711
10 397
398 665
201 526
364 747
444 745
1083 1312
794 971
1045 1184
1047 1369
392 718
1083 1369
