41
0 52 7 79 77 34 13 51 74 53 63 30 29 72 75 61 44 23 76 75 63 65 70 55 94 53 73 36 63 25 36 15 26 57 29 67 52 46 77 80 95
52 0 50 32 26 31 40 10 63 71 35 41 64 30 24 19 11 33 25 28 35 67 55 45 57 9 82 20 35 31 51 49 34 75 67 23 22 66 25 29 60
7 50 0 79 76 29 10 51 79 60 66 23 36 68 74 62 42 19 75 73 66 72 75 60 97 51 80 37 66 28 43 22 30 64 36 64 48 53 75 79 98
79 32 79 0 8 63 69 28 54 77 27 73 83 49 10 18 43 64 11 40 27 64 46 44 27 39 80 43 27 54 64 71 55 79 86 43 52 76 24 11 30
77 26 76 8 0 57 66 26 60 81 32 67 83 41 2 18 37 59 3 32 32 69 52 49 35 31 85 41 32 52 65 70 55 84 86 35 44 79 16 4 38
34 31 29 63 57 0 21 38 82 75 61 10 58 40 55 49 20 11 56 45 61 81 76 62 87 27 93 31 61 31 55 40 35 79 59 36 20 70 52 60 90
13 40 10 69 66 21 0 41 72 58 57 20 38 59 64 52 32 10 65 63 57 67 67 52 87 41 77 27 57 19 39 20 22 62 39 54 39 51 65 69 89
51 10 51 28 26 38 41 0 53 62 25 47 59 40 24 11 18 36 25 37 25 57 45 35 49 19 72 15 25 26 43 44 29 66 62 33 32 58 30 29 52
74 63 79 54 60 82 72 53 0 35 28 88 57 92 60 46 70 75 61 86 28 14 8 20 44 72 27 51 28 53 38 59 50 35 60 85 85 39 74 64 42
53 71 60 77 81 75 58 62 35 0 50 78 27 100 80 63 71 66 81 99 50 21 39 33 77 78 21 51 50 44 20 38 40 4 29 93 85 7 91 85 76
63 35 66 27 32 61 57 25 28 50 0 69 58 64 32 18 43 56 33 58 0 37 20 17 31 44 53 30 0 38 38 52 37 52 61 57 57 49 46 36 32
30 41 23 73 67 10 20 47 88 78 69 0 58 50 65 58 30 13 66 55 69 85 83 68 96 37 97 39 69 35 59 40 39 82 59 46 30 71 62 70 99
29 64 36 83 83 58 38 59 57 27 58 58 0 92 82 65 61 47 83 92 58 45 56 43 89 70 47 44 58 34 20 18 30 30 3 85 74 20 89 87 89
72 30 68 49 41 40 59 40 92 100 64 50 92 0 39 46 31 49 39 10 64 97 84 75 76 22 112 49 64 58 80 75 62 104 94 7 20 95 26 40 79
75 24 74 10 2 55 64 24 60 80 32 65 82 39 0 17 35 57 1 30 32 69 52 49 37 29 85 39 32 50 64 68 53 84 85 33 42 78 14 5 40
61 19 62 18 18 49 52 11 46 63 18 58 65 46 17 0 29 47 18 40 18 54 38 32 38 28 69 25 18 36 47 53 37 67 68 39 41 61 28 22 41
44 11 42 43 37 20 32 18 70 71 43 30 61 31 35 29 0 24 36 31 43 71 62 50 67 9 85 20 43 27 51 44 31 75 63 24 15 66 34 40 70
23 33 19 64 59 11 10 36 75 66 56 13 47 49 57 47 24 0 58 54 56 72 70 55 85 32 84 26 56 22 46 29 26 70 48 45 29 59 57 62 88
76 25 75 11 3 56 65 25 61 81 33 66 83 39 1 18 36 58 0 29 33 70 53 50 38 29 86 40 33 51 65 69 54 85 86 33 42 79 13 4 41
75 28 73 40 32 45 63 37 86 99 58 55 92 10 30 40 31 54 29 0 58 94 78 72 67 22 109 48 58 58 79 75 62 103 94 9 25 94 16 30 70
63 35 66 27 32 61 57 25 28 50 0 69 58 64 32 18 43 56 33 58 0 37 20 17 31 44 53 30 0 38 38 52 37 52 61 57 57 49 46 36 32
65 67 72 64 69 81 67 57 14 21 37 85 45 97 69 54 71 72 70 94 37 0 20 22 58 76 16 52 37 50 29 50 46 21 48 90 86 26 82 73 56
70 55 75 46 52 76 67 45 8 39 20 83 56 84 52 38 62 70 53 78 20 20 0 15 38 64 35 45 20 48 36 56 45 40 59 77 77 41 66 56 37
55 45 60 44 49 62 52 35 20 33 17 68 43 75 49 32 50 55 50 72 17 22 15 0 46 54 37 31 17 33 23 41 30 35 46 68 65 32 60 53 46
94 57 97 27 35 87 87 49 44 77 31 96 89 76 37 38 67 85 38 67 31 58 38 46 0 65 71 60 31 69 69 83 68 78 92 70 78 78 51 37 3
53 9 51 39 31 27 41 19 72 78 44 37 70 22 29 28 9 32 29 22 44 76 64 54 65 0 91 27 44 36 58 53 40 82 72 15 13 73 25 33 68
73 82 80 80 85 93 77 72 27 21 53 97 47 112 85 69 85 84 86 109 53 16 35 37 71 91 0 66 53 62 38 58 58 17 50 105 100 28 97 89 69
36 20 37 43 41 31 27 15 51 51 30 39 44 49 39 25 20 26 40 48 30 52 45 31 60 27 66 0 30 11 31 29 14 55 47 42 35 46 45 44 62
63 35 66 27 32 61 57 25 28 50 0 69 58 64 32 18 43 56 33 58 0 37 20 17 31 44 53 30 0 38 38 52 37 52 61 57 57 49 46 36 32
25 31 28 54 52 31 19 26 53 44 38 35 34 58 50 36 27 22 51 58 38 50 48 33 69 36 62 11 38 0 24 18 4 48 36 51 41 39 56 55 70
36 51 43 64 65 55 39 43 38 20 38 59 20 80 64 47 51 46 65 79 38 29 36 23 69 58 38 31 38 24 0 21 20 24 23 73 65 15 73 69 69
15 49 22 71 70 40 20 44 59 38 52 40 18 75 68 53 44 29 69 75 52 50 56 41 83 53 58 29 52 18 21 0 16 42 19 68 56 31 74 73 84
26 34 30 55 55 35 22 29 50 40 37 39 30 62 53 37 31 26 54 62 37 46 45 30 68 40 58 14 37 4 20 16 0 44 33 55 45 35 59 58 69
57 75 64 79 84 79 62 66 35 4 52 82 30 104 84 67 75 70 85 103 52 21 40 35 78 82 17 55 52 48 24 42 44 0 33 97 89 11 95 88 77
29 67 36 86 86 59 39 62 60 29 61 59 3 94 85 68 63 48 86 94 61 48 59 46 92 72 50 47 61 36 23 19 33 33 0 87 75 22 92 90 92
67 23 64 43 35 36 54 33 85 93 57 46 85 7 33 39 24 45 33 9 57 90 77 68 70 15 105 42 57 51 73 68 55 97 87 0 16 88 22 36 73
52 22 48 52 44 20 39 32 85 85 57 30 74 20 42 41 15 29 42 25 57 86 77 65 78 13 100 35 57 41 65 56 45 89 75 16 0 80 35 46 81
46 66 53 76 79 70 51 58 39 7 49 71 20 95 78 61 66 59 79 94 49 26 41 32 78 73 28 46 49 39 15 31 35 11 22 88 80 0 88 83 77
77 25 75 24 16 52 65 30 74 91 46 62 89 26 14 28 34 57 13 16 46 82 66 60 51 25 97 45 46 56 73 74 59 95 92 22 35 88 0 14 54
80 29 79 11 4 60 69 29 64 85 36 70 87 40 5 22 40 62 4 30 36 73 56 53 37 33 89 44 36 55 69 73 58 88 90 36 46 83 14 0 40
95 60 98 30 38 90 89 52 42 76 32 99 89 79 40 41 70 88 41 70 32 56 37 46 3 68 69 62 32 70 69 84 69 77 92 73 81 77 54 40 0
0 774
328 660
69 450
361 750
445 774
119 569
55 387
4 314
383 773
281 712
354 724
44 433
69 517
396 774
89 261
188 355
437 774
45 461
121 531
19 302
4 316
175 502
310 486
429 674
374 767
377 641
62 360
235 510
414 735
69 352
54 514
424 586
403 647
139 371
324 685
438 659
40 419
377 726
250 424
401 774
317 626
