41
0 49 30 35 16 79 57 94 22 44 47 65 45 70 29 28 30 77 33 99 59 47 93 92 54 46 69 88 62 29 86 35 87 13 65 44 91 80 88 59 25
49 0 74 76 43 64 18 45 35 12 55 47 34 69 38 53 36 36 18 50 13 24 57 46 16 41 34 51 30 21 51 35 41 45 16 38 46 31 48 58 34
30 74 0 7 45 81 85 116 39 65 45 72 75 67 59 26 42 93 61 121 86 63 104 110 82 52 84 101 92 57 97 65 108 29 88 53 108 103 103 58 55
35 76 7 0 51 77 89 117 41 67 41 71 80 62 64 25 43 93 65 122 89 63 103 110 86 51 83 100 96 61 96 70 108 32 90 52 108 105 102 54 60
16 43 45 51 0 87 47 88 30 43 59 72 30 81 14 42 38 76 25 93 51 50 95 89 44 54 71 90 49 22 88 20 84 26 59 52 89 74 88 70 11
79 64 81 77 87 0 81 71 57 53 36 17 95 19 92 56 49 43 73 75 75 41 36 57 80 33 35 37 93 73 31 91 61 67 64 35 53 72 41 23 86
57 18 85 89 47 81 0 48 49 30 73 64 25 87 37 68 52 48 24 52 7 42 69 53 3 59 49 63 12 28 65 31 46 57 22 56 55 31 60 76 36
94 45 116 117 88 71 48 0 77 51 85 59 73 86 83 92 75 29 63 5 41 54 41 15 49 71 39 35 56 66 41 77 10 88 29 68 19 17 31 81 79
22 35 39 41 30 57 49 77 0 26 29 43 48 51 37 19 8 55 27 82 48 25 71 72 46 24 47 66 58 24 64 40 69 11 49 22 70 64 66 40 31
44 12 65 67 43 53 30 51 26 0 43 36 42 57 41 43 25 33 21 56 25 12 52 48 28 29 28 47 42 22 45 39 43 37 23 26 47 38 45 46 36
47 55 45 41 59 36 73 85 29 43 0 30 76 24 66 20 22 57 54 90 68 32 63 75 70 14 47 61 84 51 56 69 75 34 63 17 72 77 64 13 60
65 47 72 71 72 17 64 59 43 36 30 0 78 27 75 46 36 30 56 64 58 24 33 48 63 20 21 31 76 56 26 74 49 53 48 21 44 58 34 22 69
45 34 75 80 30 95 25 73 48 42 76 78 0 95 17 66 54 70 22 77 32 54 91 78 24 67 68 85 21 25 85 10 71 51 46 64 79 56 82 84 20
70 69 67 62 81 19 87 86 51 57 24 27 95 0 87 44 43 57 73 91 82 45 54 74 85 28 48 55 99 71 49 89 76 57 74 31 70 85 59 11 81
29 38 59 64 14 92 37 83 37 41 66 75 17 87 0 53 44 74 20 87 42 51 93 84 35 60 69 88 37 19 86 7 79 37 54 57 84 66 86 76 6
28 53 26 25 42 56 68 92 19 43 20 46 66 44 53 0 18 68 46 97 66 38 78 85 65 26 58 75 77 42 71 57 83 16 66 27 83 81 77 33 47
30 36 42 43 38 49 52 75 8 25 22 36 54 43 44 18 0 51 32 80 49 21 64 68 49 16 42 61 62 29 57 47 66 18 48 15 66 63 61 32 38
77 36 93 93 76 43 48 29 55 33 57 30 70 57 74 68 51 0 54 34 41 30 21 18 49 43 10 15 60 55 17 71 19 66 27 41 15 30 12 52 69
33 18 61 65 25 73 24 63 27 21 54 56 22 73 20 46 32 54 0 68 26 32 73 64 21 45 49 68 31 4 66 18 59 33 34 42 64 49 66 62 16
99 50 121 122 93 75 52 5 82 56 90 64 77 91 87 97 80 34 68 0 45 59 44 18 53 76 44 38 60 71 44 81 15 93 34 73 22 21 34 86 84
59 13 86 89 51 75 7 41 48 25 68 58 32 82 42 66 49 41 26 45 0 37 62 46 8 54 42 56 19 30 58 36 39 57 15 51 48 24 53 71 40
47 24 63 63 50 41 42 54 25 12 32 24 54 45 51 38 21 30 32 59 37 0 46 47 40 18 22 41 54 32 39 50 45 36 31 15 45 45 41 35 45
93 57 104 103 95 36 69 41 71 52 63 33 91 54 93 78 64 21 73 44 62 46 0 26 69 52 24 6 81 74 7 91 32 82 47 51 22 48 10 54 88
92 46 110 110 89 57 53 15 72 48 75 48 78 74 84 85 68 18 64 18 46 47 26 0 54 61 28 20 64 67 26 81 7 83 32 59 4 25 16 70 80
54 16 82 86 44 80 3 49 46 28 70 63 24 85 35 65 49 49 21 53 8 40 69 54 0 57 49 63 14 25 65 29 47 54 22 54 55 32 60 74 33
46 41 52 51 54 33 59 71 24 29 14 20 67 28 60 26 16 43 45 76 54 18 52 61 57 0 33 49 71 43 45 61 61 34 49 3 58 63 51 17 54
69 34 84 83 71 35 49 39 47 28 47 21 68 48 69 58 42 10 49 44 42 22 24 28 49 33 0 19 61 50 17 67 29 58 29 31 25 37 19 42 64
88 51 101 100 90 37 63 35 66 47 61 31 85 55 88 75 61 15 68 38 56 41 6 20 63 49 19 0 75 69 6 86 26 77 41 48 16 42 4 53 83
62 30 92 96 49 93 12 56 58 42 84 76 21 99 37 77 62 60 31 60 19 54 81 64 14 71 61 75 0 35 77 30 57 64 34 68 66 39 72 88 38
29 21 57 61 22 73 28 66 24 22 51 56 25 71 19 42 29 55 4 71 30 32 74 67 25 43 50 69 35 0 67 18 62 29 37 40 67 52 67 60 14
86 51 97 96 88 31 65 41 64 45 56 26 85 49 86 71 57 17 66 44 58 39 7 26 65 45 17 6 77 67 0 84 32 75 44 44 22 47 10 48 81
35 35 65 70 20 91 31 77 40 39 69 74 10 89 7 57 47 71 18 81 36 50 91 81 29 61 67 86 30 18 84 0 74 41 49 58 81 60 83 78 10
87 41 108 108 84 61 46 10 69 43 75 49 71 76 79 83 66 19 59 15 39 45 32 7 47 61 29 26 57 62 32 74 0 80 25 58 11 18 22 71 75
13 45 29 32 26 67 57 88 11 37 34 53 51 57 37 16 18 66 33 93 57 36 82 83 54 34 58 77 64 29 75 41 80 0 60 32 81 75 77 46 31
65 16 88 90 59 64 22 29 49 23 63 48 46 74 54 66 48 27 34 34 15 31 47 32 22 49 29 41 34 37 44 49 25 60 0 46 33 15 38 65 50
44 38 53 52 52 35 56 68 22 26 17 21 64 31 57 27 15 41 42 73 51 15 51 59 54 3 31 48 68 40 44 58 58 32 46 0 56 60 50 20 51
91 46 108 108 89 53 55 19 70 47 72 44 79 70 84 83 66 15 64 22 48 45 22 4 55 58 25 16 66 67 22 81 11 81 33 56 0 29 12 66 80
80 31 103 105 74 72 31 17 64 38 77 58 56 85 66 81 63 30 49 21 24 45 48 25 32 63 37 42 39 52 47 60 18 75 15 60 29 0 38 77 64
88 48 103 102 88 41 60 31 66 45 64 34 82 59 86 77 61 12 66 34 53 41 10 16 60 51 19 4 72 67 10 83 22 77 38 50 12 38 0 56 81
59 58 58 54 70 23 76 81 40 46 13 22 84 11 76 33 32 52 62 86 71 35 54 70 74 17 42 53 88 60 48 78 71 46 65 20 66 77 56 0 70
25 34 55 60 11 86 36 79 31 36 60 69 20 81 6 47 38 69 16 84 40 45 88 80 33 54 64 83 38 14 81 10 75 31 50 51 80 64 81 70 0
0 1936
259 387
1434 1648
252 354
1595 1791
557 788
1498 1613
1198 1422
1239 1374
920 1147
847 1016
359 593
1226 1456
978 1222
162 319
64 324
1354 1550
701 915
956 1064
1610 1803
587 746
842 1064
1510 1687
658 905
642 925
564 679
608 766
1550 1746
1136 1291
169 390
159 305
853 1058
1159 1405
497 649
452 691
797 936
1105 1233
1221 1476
620 865
1577 1770
1533 1820
