41
0 39 49 26 27 1 23 45 41 14 31 24 20 33 61 33 30 53 63 16 21 32 15 50 69 21 52 29 22 38 21 15 24 27 24 43 23 61 39 51 44
39 0 12 60 66 40 48 84 44 43 59 61 55 40 22 15 66 72 68 55 42 61 33 48 31 32 53 10 61 11 28 32 17 13 53 6 41 23 78 20 70
49 12 0 68 76 50 60 92 55 51 71 69 66 43 13 19 77 75 67 64 49 68 45 47 20 44 52 20 70 22 35 44 25 25 65 6 47 20 88 25 76
26 60 68 0 24 26 44 25 66 17 46 4 32 34 81 50 35 34 53 16 20 9 40 49 88 46 48 51 14 62 34 40 43 51 41 62 22 83 30 75 21
27 66 76 24 0 26 27 25 51 31 26 20 14 52 88 60 11 58 77 13 38 33 35 69 96 41 70 56 10 63 46 36 51 53 22 70 40 87 13 74 45
1 40 50 26 26 0 22 44 40 15 30 24 19 34 62 34 29 54 64 15 22 33 14 51 70 20 53 30 21 38 22 14 25 27 23 44 24 61 39 51 45
23 48 60 44 27 22 0 52 24 37 11 40 13 56 69 49 21 76 86 28 44 52 15 73 79 17 75 40 32 41 42 16 40 35 6 54 46 65 40 51 64
45 84 92 25 25 44 52 0 76 41 51 23 39 59 105 74 35 50 73 29 45 30 57 73 112 63 71 74 23 82 58 57 67 71 47 86 47 105 17 95 36
41 44 55 66 51 40 24 76 0 54 31 63 37 68 60 52 45 93 99 51 60 73 26 84 71 20 87 40 56 33 53 26 46 35 30 50 60 52 64 37 84
14 43 51 17 31 15 37 41 54 0 44 18 31 21 64 33 39 39 49 18 7 20 29 38 71 34 39 34 22 45 17 28 26 34 37 45 9 66 41 58 30
31 59 71 46 26 30 11 51 31 44 0 42 14 64 80 60 16 80 93 31 51 55 26 81 90 28 83 51 33 52 52 27 51 46 7 65 53 76 36 62 67
24 61 69 4 20 24 40 23 63 18 42 0 28 36 82 51 31 38 57 12 22 13 38 53 89 44 52 51 10 61 35 38 44 50 37 63 24 83 26 74 25
20 55 66 32 14 19 13 39 37 31 14 28 0 52 77 52 11 66 80 17 38 41 22 69 86 27 70 46 19 50 41 23 43 42 9 60 40 74 27 61 53
33 40 43 34 52 34 56 59 68 21 64 36 52 0 56 25 60 32 31 39 14 30 43 17 61 48 19 34 43 47 15 42 25 37 57 38 12 62 62 60 33
61 22 13 81 88 62 69 105 60 64 80 82 77 56 0 32 88 88 79 77 62 81 55 59 11 52 64 32 83 28 48 54 38 35 75 19 60 11 100 23 89
33 15 19 50 60 34 49 74 52 33 60 51 52 25 32 0 63 57 53 48 30 49 34 33 39 35 38 12 53 24 16 33 9 17 53 13 28 37 72 35 57
30 66 77 35 11 29 21 35 45 39 16 31 11 60 88 63 0 69 87 22 46 44 33 77 97 38 78 57 21 61 51 34 54 53 15 71 48 85 20 72 56
53 72 75 34 58 54 76 50 93 39 80 38 66 32 88 57 69 0 24 50 33 25 68 34 93 73 30 65 48 78 45 67 56 67 75 70 33 94 62 91 14
63 68 67 53 77 64 86 73 99 49 93 57 80 31 79 53 87 24 0 65 42 44 74 20 80 79 15 64 67 77 46 73 56 68 86 64 40 87 82 88 37
16 55 64 16 13 15 28 29 51 18 31 12 17 39 77 48 22 50 65 0 25 25 29 56 84 35 57 45 6 53 33 29 39 42 25 58 27 76 24 66 37
21 42 49 20 38 22 44 45 60 7 51 22 38 14 62 30 46 33 42 25 0 19 35 31 69 40 32 34 29 47 14 34 25 36 44 43 2 65 48 60 28
32 61 68 9 33 33 52 30 73 20 55 13 41 30 81 49 44 25 44 25 19 0 47 43 88 53 41 53 23 65 33 47 44 54 50 62 21 84 38 78 12
15 33 45 40 35 14 15 57 26 29 26 38 22 43 55 34 33 68 74 29 35 47 0 59 64 6 62 25 34 28 28 1 25 20 20 39 35 52 48 39 59
50 48 47 49 69 51 73 73 84 38 81 53 69 17 59 33 77 34 20 56 31 43 59 0 60 64 5 45 60 57 31 58 38 50 74 44 29 67 79 68 42
69 31 20 88 96 70 79 112 71 71 90 89 86 61 11 39 97 93 80 84 69 88 64 60 0 63 65 40 90 39 55 63 45 44 84 26 67 21 108 34 94
21 32 44 46 41 20 17 63 20 34 28 44 27 48 52 35 38 73 79 35 40 53 6 64 63 0 67 24 40 24 33 6 27 19 23 38 40 48 54 34 64
52 53 52 48 70 53 75 71 87 39 83 52 70 19 64 38 78 30 15 57 32 41 62 5 65 67 0 50 61 62 34 61 42 54 76 49 30 72 78 73 39
29 10 20 51 56 30 40 74 40 34 51 51 46 34 32 12 57 65 64 45 34 53 25 45 40 24 50 0 51 13 20 24 9 5 45 14 33 32 68 26 62
22 61 70 14 10 21 32 23 56 22 33 10 19 43 83 53 21 48 67 6 29 23 34 60 90 40 61 51 0 59 38 34 45 48 28 64 31 82 19 72 35
38 11 22 62 63 38 41 82 33 45 52 61 50 47 28 24 61 78 77 53 47 65 28 57 39 24 62 13 59 0 33 27 22 11 47 17 46 24 76 13 75
21 28 35 34 46 22 42 58 53 17 52 35 41 15 48 16 51 45 46 33 14 33 28 31 55 33 34 20 38 33 0 27 11 22 45 29 13 51 57 46 42
15 32 44 40 36 14 16 57 26 28 27 38 23 42 54 33 34 67 73 29 34 47 1 58 63 6 61 24 34 27 27 0 24 19 21 38 34 51 49 39 58
24 17 25 43 51 25 40 67 46 26 51 44 43 25 38 9 54 56 56 39 25 44 25 38 45 27 42 9 45 22 11 24 0 12 44 19 24 40 63 35 53
27 13 25 51 53 27 35 71 35 34 46 50 42 37 35 17 53 67 68 42 36 54 20 50 44 19 54 5 48 11 22 19 12 0 40 19 35 34 66 24 64
24 53 65 41 22 23 6 47 30 37 7 37 9 57 75 53 15 75 86 25 44 50 20 74 84 23 76 45 28 47 45 21 44 40 0 59 46 71 34 57 62
43 6 6 62 70 44 54 86 50 45 65 63 60 38 19 13 71 70 64 58 43 62 39 44 26 38 49 14 64 17 29 38 19 19 59 0 41 24 82 24 70
23 41 47 22 40 24 46 47 60 9 53 24 40 12 60 28 48 33 40 27 2 21 35 29 67 40 30 33 31 46 13 34 24 35 46 41 0 64 50 59 29
61 23 20 83 87 61 65 105 52 66 76 83 74 62 11 37 85 94 87 76 65 84 52 67 21 48 72 32 82 24 51 51 40 34 71 24 64 0 100 15 93
39 78 88 30 13 39 40 17 64 41 36 26 27 62 100 72 20 62 82 24 48 38 48 79 108 54 78 68 19 76 57 49 63 66 34 82 50 100 0 87 48
51 20 25 75 74 51 51 95 37 58 62 74 61 60 23 35 72 91 88 66 60 78 39 68 34 34 73 26 72 13 46 39 35 24 57 24 59 15 87 0 88
44 70 76 21 45 45 64 36 84 30 67 25 53 33 89 57 56 14 37 37 28 12 59 42 94 64 39 62 35 75 42 58 53 64 62 70 29 93 48 88 0
0 1549
1094 1232
555 772
964 1089
1171 1311
902 1066
1215 1346
427 657
57 212
813 1033
278 455
84 288
101 301
300 384
39 221
920 1126
657 789
120 267
1313 1443
129 342
498 693
988 1162
1064 1252
1102 1182
1347 1480
317 442
615 805
615 827
1145 1302
1336 1540
1054 1224
641 738
944 1100
635 861
348 450
381 597
1055 1186
669 791
187 353
1208 1386
1198 1360
