41
0 36 80 73 5 32 21 70 12 37 75 71 17 51 60 53 78 68 23 59 13 45 50 48 28 38 59 40 62 74 60 72 68 42 62 49 74 29 83 101 26
36 0 59 49 31 30 57 46 38 9 44 73 53 33 45 29 42 41 57 59 25 38 50 14 35 2 28 21 57 38 63 47 44 6 48 14 48 19 47 69 28
80 59 0 10 75 48 99 97 72 68 84 48 95 29 20 83 52 88 103 40 76 36 41 63 54 58 33 41 32 58 46 95 15 58 19 47 95 51 63 35 54
73 49 10 0 68 43 93 87 66 58 74 53 89 23 18 73 42 78 96 43 68 34 41 53 50 48 23 33 35 48 49 85 5 48 19 37 85 44 53 32 48
5 31 75 68 0 27 26 68 11 33 72 67 22 46 55 51 73 66 28 55 11 40 46 44 24 33 54 35 58 69 56 70 63 37 57 44 72 24 78 96 21
32 30 48 43 27 0 51 76 24 39 74 44 47 20 28 59 61 71 55 30 32 13 21 44 7 32 35 15 31 61 33 77 38 36 30 34 78 11 70 74 6
21 57 99 93 26 51 0 86 27 56 94 83 4 70 79 71 99 86 7 73 32 63 66 68 45 59 80 61 78 95 72 90 88 63 81 70 92 50 104 122 45
70 46 97 87 68 76 86 0 78 37 20 119 82 77 88 17 53 10 81 105 57 84 96 35 79 46 64 67 103 45 109 5 82 43 91 51 8 65 49 90 73
12 38 72 66 11 24 27 78 0 42 81 59 23 43 52 61 79 76 31 47 21 36 39 52 18 40 56 36 51 76 48 80 61 44 54 49 82 25 85 97 18
37 9 68 58 33 39 56 37 42 0 39 82 52 42 54 20 45 34 55 68 24 47 59 12 42 10 36 30 66 39 72 39 53 11 57 22 41 28 48 76 36
75 44 84 74 72 74 94 20 81 39 0 114 90 69 79 24 36 11 91 100 62 79 92 30 79 42 52 61 96 28 105 15 70 38 82 43 12 63 29 73 72
71 73 48 53 67 44 83 119 59 82 114 0 80 45 37 102 90 113 89 14 75 35 23 85 44 74 63 53 18 93 11 120 51 77 34 71 120 54 101 83 49
17 53 95 89 22 47 4 82 23 52 90 80 0 66 75 67 95 82 9 69 28 59 62 64 41 55 76 57 74 91 69 86 84 59 77 66 88 46 100 118 41
51 33 29 23 46 20 70 77 43 42 69 45 66 0 12 60 46 69 74 32 47 13 25 42 27 32 19 12 27 49 38 76 18 34 15 26 76 22 57 54 25
60 45 20 18 55 28 79 88 52 54 79 37 75 12 0 72 53 80 83 26 58 16 23 53 34 44 27 24 19 57 32 87 16 46 3 37 87 33 64 50 34
53 29 83 73 51 59 71 17 61 20 24 102 67 60 72 0 47 15 67 88 40 67 79 20 62 29 50 50 86 39 92 19 68 26 75 36 21 48 45 84 56
78 42 52 42 73 61 99 53 79 45 36 90 95 46 53 47 0 43 99 78 67 59 71 33 68 40 27 46 72 8 84 50 40 36 56 30 48 54 11 37 63
68 41 88 78 66 71 86 10 76 34 11 113 82 69 80 15 43 0 82 99 55 78 90 28 76 40 55 60 96 35 103 7 73 36 83 43 7 60 39 80 69
23 57 103 96 28 55 7 81 31 55 91 89 9 74 83 67 99 82 0 78 32 67 70 67 49 59 82 63 82 94 78 85 91 63 85 71 88 52 103 124 49
59 59 40 43 55 30 73 105 47 68 100 14 69 32 26 88 78 99 78 0 61 21 9 71 31 60 51 39 8 81 6 106 41 63 24 57 106 40 89 75 35
13 25 76 68 11 32 32 57 21 24 62 75 28 47 58 40 67 55 32 61 0 45 52 36 31 27 51 35 63 63 64 59 63 31 61 39 61 25 72 93 26
45 38 36 34 40 13 63 84 36 47 79 35 59 13 16 67 59 78 67 21 45 0 13 50 18 39 32 18 19 62 26 85 30 42 18 36 85 21 70 66 19
50 50 41 41 46 21 66 96 39 59 92 23 62 25 23 79 71 90 70 9 52 13 0 62 22 51 44 31 12 74 13 97 38 54 22 49 97 31 82 73 26
48 14 63 53 44 44 68 35 52 12 30 85 64 42 53 20 33 28 67 71 36 50 62 0 49 12 30 32 68 27 75 35 48 8 56 16 35 33 36 66 42
28 35 54 50 24 7 45 79 18 42 79 44 41 27 34 62 68 76 49 31 31 18 22 49 0 37 42 22 34 67 33 81 45 41 36 40 83 16 76 81 7
38 2 58 48 33 32 59 46 40 10 42 74 55 32 44 29 40 40 59 60 27 39 51 12 37 0 26 21 57 36 64 46 43 4 47 12 47 21 45 67 30
59 28 33 23 54 35 80 64 56 36 52 63 76 19 27 50 27 55 82 51 51 32 44 30 42 26 0 20 45 30 57 62 18 25 30 14 62 31 38 42 38
40 21 41 33 35 15 61 67 36 30 61 53 57 12 24 50 46 60 63 39 35 18 31 32 22 21 20 0 36 46 44 67 28 24 27 19 67 11 55 61 18
62 57 32 35 58 31 78 103 51 66 96 18 74 27 19 86 72 96 82 8 63 19 12 68 34 57 45 36 0 75 14 103 33 60 16 53 103 40 83 67 37
74 38 58 48 69 61 95 45 76 39 28 93 91 49 57 39 8 35 94 81 63 62 74 27 67 36 30 46 75 0 87 42 45 32 60 27 40 52 9 45 61
60 63 46 49 56 33 72 109 48 72 105 11 69 38 32 92 84 103 78 6 64 26 13 75 33 64 57 44 14 87 0 110 47 67 30 62 110 44 95 81 38
72 47 95 85 70 77 90 5 80 39 15 120 86 76 87 19 50 7 85 106 59 85 97 35 81 46 62 67 103 42 110 0 80 43 90 50 3 66 44 87 75
68 44 15 5 63 38 88 82 61 53 70 51 84 18 16 68 40 73 91 41 63 30 38 48 45 43 18 28 33 45 47 80 0 43 17 32 80 39 51 36 43
42 6 58 48 37 36 63 43 44 11 38 77 59 34 46 26 36 36 63 63 31 42 54 8 41 4 25 24 60 32 67 43 43 0 49 11 43 25 41 65 34
62 48 19 19 57 30 81 91 54 57 82 34 77 15 3 75 56 83 85 24 61 18 22 56 36 47 30 27 16 60 30 90 17 49 0 40 90 36 67 51 36
49 14 47 37 44 34 70 51 49 22 43 71 66 26 37 36 30 43 71 57 39 36 49 16 40 12 14 19 53 27 62 50 32 11 40 0 50 25 36 55 34
74 48 95 85 72 78 92 8 82 41 12 120 88 76 87 21 48 7 88 106 61 85 97 35 83 47 62 67 103 40 110 3 80 43 90 50 0 67 41 85 76
29 19 51 44 24 11 50 65 25 28 63 54 46 22 33 48 54 60 52 40 25 21 31 33 16 21 31 11 40 52 44 66 39 25 36 25 67 0 61 72 9
83 47 63 53 78 70 104 49 85 48 29 101 100 57 64 45 11 39 103 89 72 70 82 36 76 45 38 55 83 9 95 44 51 41 67 36 41 61 0 45 70
101 69 35 32 96 74 122 90 97 76 73 83 118 54 50 84 37 80 124 75 93 66 73 66 81 67 42 61 67 45 81 87 36 65 51 55 85 72 45 0 79
26 28 54 48 21 6 45 73 18 36 72 49 41 25 34 56 63 69 49 35 26 19 26 42 7 30 38 18 37 61 38 75 43 34 36 34 76 9 70 79 0
0 865
265 567
284 836
426 775
418 635
418 783
384 814
75 432
238 772
423 776
299 865
68 695
275 649
136 715
221 598
94 441
75 583
218 682
294 850
65 453
378 865
157 460
226 835
366 698
402 788
99 739
81 559
298 646
113 364
206 821
341 731
91 534
198 453
320 574
73 422
98 511
388 757
301 682
107 522
187 498
388 865
