41
0 36 33 53 17 23 5 35 35 37 28 51 36 42 12 56 59 35 34 8 28 54 15 22 37 7 44 50 49 47 49 50 49 10 37 43 33 30 14 35 34
36 0 30 85 49 58 32 38 71 42 49 69 1 76 41 49 94 26 70 42 27 50 34 35 64 29 65 86 54 80 82 56 81 43 69 77 39 44 23 71 48
33 30 0 65 50 46 28 58 59 12 24 39 29 60 28 23 78 5 62 41 47 22 43 49 40 27 37 75 24 79 81 26 81 43 51 75 58 16 21 61 63
53 85 65 0 53 32 54 85 25 58 41 41 85 12 44 75 16 70 35 53 80 71 66 72 25 57 35 30 58 54 56 56 57 53 16 51 82 49 62 30 77
17 49 50 53 0 22 22 33 29 54 42 64 50 41 25 73 54 52 23 9 30 71 16 20 45 23 55 41 64 31 33 65 32 7 39 28 29 45 30 27 24
23 58 46 32 22 0 26 53 13 44 28 46 58 20 18 63 36 51 17 21 48 61 34 40 24 29 37 29 52 36 38 52 39 21 17 32 50 34 36 15 46
5 32 28 54 22 26 0 38 39 33 26 49 32 45 11 51 62 30 38 13 28 49 18 25 36 3 42 54 45 52 54 46 54 15 38 48 36 26 10 39 38
35 38 58 85 33 53 38 0 62 67 63 86 39 73 47 81 87 57 56 33 11 80 20 13 72 35 79 74 80 56 58 82 55 32 70 54 4 62 38 60 14
35 71 59 25 29 13 39 62 0 56 39 52 71 13 31 75 25 64 10 32 58 72 44 49 30 42 43 16 62 30 32 62 33 31 17 26 58 46 49 5 53
37 42 12 58 54 44 33 67 56 0 17 27 41 53 29 19 71 17 61 45 56 17 49 56 33 33 26 72 13 80 82 15 82 47 44 76 66 10 29 59 69
28 49 24 41 42 28 26 63 39 17 0 23 49 36 17 36 54 29 45 34 53 33 43 50 16 28 16 55 24 64 66 24 67 36 27 60 61 8 28 43 62
51 69 39 41 64 46 49 86 52 27 23 0 68 44 40 36 57 44 61 57 76 32 66 73 22 51 9 66 19 81 83 17 84 59 35 77 84 26 51 57 85
36 1 29 85 50 58 32 39 71 41 49 68 0 76 41 48 94 25 70 42 28 49 35 36 64 29 64 86 53 81 83 55 82 44 69 78 40 43 23 71 49
42 76 60 12 41 20 45 73 13 53 36 44 76 0 35 72 18 65 23 41 68 69 54 60 23 48 36 22 57 43 45 56 46 41 9 39 70 44 53 18 65
12 41 28 44 25 18 11 47 31 29 17 40 41 35 0 48 53 33 34 17 39 46 27 34 25 14 32 47 39 51 53 40 53 19 28 47 45 20 18 33 46
56 49 23 75 73 63 51 81 75 19 36 36 48 72 48 0 89 24 80 64 70 4 66 72 50 50 40 91 17 99 101 19 101 66 63 95 81 29 44 78 86
59 94 78 16 54 36 62 87 25 71 54 57 94 18 53 89 0 83 33 57 83 85 69 74 39 65 51 19 73 45 46 72 48 56 27 43 83 62 71 27 77
35 26 5 70 52 51 30 57 64 17 29 44 25 65 33 24 83 0 67 43 46 24 44 49 45 29 42 80 28 82 84 30 84 45 56 78 58 21 22 66 63
34 70 62 35 23 17 38 56 10 61 45 61 70 23 34 80 33 67 0 28 53 78 39 43 39 41 52 18 69 20 22 69 23 27 27 16 52 51 48 6 45
8 42 41 53 9 21 13 33 32 45 34 57 42 41 17 64 57 43 28 0 27 62 13 20 40 14 49 46 56 40 42 57 41 2 37 36 30 37 21 31 29
28 27 47 80 30 48 28 11 58 56 53 76 28 68 39 70 83 46 53 27 0 69 14 10 64 25 69 71 69 58 60 71 58 27 64 55 12 52 27 57 21
54 50 22 71 71 61 49 80 72 17 33 32 49 69 46 4 85 24 78 62 69 0 65 71 46 49 36 88 13 97 99 15 99 64 60 93 80 27 43 76 85
15 34 43 66 16 34 18 20 44 49 43 66 35 54 27 66 69 44 39 13 14 65 0 7 52 16 59 57 62 47 49 63 47 13 50 43 18 43 22 43 20
22 35 49 72 20 40 25 13 49 56 50 73 36 60 34 72 74 49 43 20 10 71 7 0 59 23 66 61 69 48 50 70 48 19 57 45 11 50 28 47 14
37 64 40 25 45 24 36 72 30 33 16 22 64 23 25 50 39 45 39 40 64 46 52 59 0 39 13 45 34 59 61 33 62 41 14 55 70 24 42 35 68
7 29 27 57 23 29 3 35 42 33 28 51 29 48 14 50 65 29 41 14 25 49 16 23 39 0 44 57 46 54 56 47 55 16 41 50 34 27 7 42 36
44 65 37 35 55 37 42 79 43 26 16 9 64 36 32 40 51 42 52 49 69 36 59 66 13 44 0 58 23 72 74 21 75 50 27 68 77 21 44 48 77
50 86 75 30 41 29 54 74 16 72 55 66 86 22 47 91 19 80 18 46 71 88 57 61 45 57 58 0 78 26 27 77 29 45 31 24 70 62 64 15 62
49 54 24 58 64 52 45 80 62 13 24 19 53 57 39 17 73 28 69 56 69 13 62 69 34 46 23 78 0 88 90 2 91 58 48 84 79 19 42 66 82
47 80 79 54 31 36 52 56 30 80 64 81 81 43 51 99 45 82 20 40 58 97 47 48 59 54 72 26 88 0 2 88 3 38 47 4 52 70 61 25 43
49 82 81 56 33 38 54 58 32 82 66 83 83 45 53 101 46 84 22 42 60 99 49 50 61 56 74 27 90 2 0 90 3 40 49 6 54 72 63 27 44
50 56 26 56 65 52 46 82 62 15 24 17 55 56 40 19 72 30 69 57 71 15 63 70 33 47 21 77 2 88 90 0 91 59 47 84 81 20 44 66 83
49 81 81 57 32 39 54 55 33 82 67 84 82 46 53 101 48 84 23 41 58 99 47 48 62 55 75 29 91 3 3 91 0 39 50 7 51 73 62 28 41
10 43 43 53 7 21 15 32 31 47 36 59 44 41 19 66 56 45 27 2 27 64 13 19 41 16 50 45 58 38 40 59 39 0 38 34 29 39 23 30 27
37 69 51 16 39 17 38 70 17 44 27 35 69 9 28 63 27 56 27 37 64 60 50 57 14 41 27 31 48 47 49 47 50 38 0 43 67 35 46 22 63
43 77 75 51 28 32 48 54 26 76 60 77 78 39 47 95 43 78 16 36 55 93 43 45 55 50 68 24 84 4 6 84 7 34 43 0 50 66 57 21 41
33 39 58 82 29 50 36 4 58 66 61 84 40 70 45 81 83 58 52 30 12 80 18 11 70 34 77 70 79 52 54 81 51 29 67 50 0 61 37 56 10
30 44 16 49 45 34 26 62 46 10 8 26 43 44 20 29 62 21 51 37 52 27 43 50 24 27 21 62 19 70 72 20 73 39 35 66 61 0 25 49 63
14 23 21 62 30 36 10 38 49 29 28 51 23 53 18 44 71 22 48 21 27 43 22 28 42 7 44 64 42 61 63 44 62 23 46 57 37 25 0 49 42
35 71 61 30 27 15 39 60 5 59 43 57 71 18 33 78 27 66 6 31 57 76 43 47 35 42 48 15 66 25 27 66 28 30 22 21 56 49 49 0 50
34 48 63 77 24 46 38 14 53 69 62 85 49 65 46 86 77 63 45 29 21 85 20 14 68 36 77 62 82 43 44 83 41 27 63 41 10 63 42 50 0
0 1117
324 517
574 815
196 397
757 950
716 1021
294 527
459 665
767 950
163 635
456 844
22 237
400 901
186 570
557 821
400 832
677 1116
414 702
507 735
457 641
738 1029
599 1064
403 899
386 760
502 945
303 776
55 548
177 427
313 678
402 849
196 407
315 814
22 215
297 630
430 711
602 877
472 702
527 956
170 548
147 400
369 561
