41
0 92 68 43 78 107 40 50 26 5 30 61 35 58 68 9 61 95 40 115 74 37 81 82 85 32 38 100 35 77 62 83 73 100 82 18 70 47 83 79 6
92 0 28 91 19 64 67 42 76 97 72 98 90 36 26 101 34 66 60 54 55 59 64 20 19 92 58 26 95 22 79 23 99 44 40 81 57 88 85 109 86
68 28 0 63 10 54 39 22 49 73 45 70 62 27 22 77 7 50 47 53 32 32 43 14 17 65 31 32 67 31 52 37 72 38 23 54 34 60 62 82 62
43 91 63 0 73 80 24 58 23 45 23 18 8 70 76 49 58 65 66 92 49 37 51 75 78 11 37 88 10 86 24 93 30 79 64 28 45 5 43 36 41
78 19 10 73 0 52 49 30 59 83 55 79 72 32 24 87 17 50 54 48 36 42 46 5 8 75 41 23 77 29 60 34 80 33 23 64 38 69 66 90 72
107 64 54 80 52 0 67 74 81 112 77 74 86 81 76 116 59 15 99 17 34 73 29 48 47 90 72 39 90 81 56 85 67 20 31 89 37 75 45 74 102
40 67 39 24 49 67 0 35 14 45 10 35 23 47 52 49 34 55 48 77 34 15 41 52 55 26 14 66 28 62 25 69 43 62 44 22 30 22 45 52 35
50 42 22 58 30 74 35 0 38 55 35 70 54 12 19 59 15 68 25 75 47 21 58 35 38 55 21 53 58 29 56 36 76 60 43 40 46 56 72 86 44
26 76 49 23 59 81 14 38 0 31 4 40 18 49 57 35 42 69 43 91 48 17 55 63 66 18 18 79 21 67 36 74 50 76 58 8 44 25 57 58 21
5 97 73 45 83 112 45 55 31 0 35 63 38 63 73 4 66 100 44 120 79 42 86 87 90 34 43 105 37 82 66 88 75 105 87 23 75 50 87 81 11
30 72 45 23 55 77 10 35 4 35 0 38 19 47 54 39 39 65 43 87 44 14 51 59 62 20 14 75 23 64 33 71 48 72 54 12 40 23 54 56 25
61 98 70 18 79 74 35 70 40 63 38 0 26 82 87 67 67 59 81 88 48 50 46 80 82 29 49 89 27 97 20 104 12 78 64 45 44 15 31 18 58
35 90 62 8 72 86 23 54 18 38 19 26 0 66 73 42 57 71 61 96 53 33 57 75 78 4 33 89 5 83 31 90 38 83 66 21 49 12 50 44 33
58 36 27 70 32 81 47 12 49 63 47 82 66 0 10 67 23 76 24 80 56 33 67 37 40 67 33 55 70 19 68 26 88 65 50 51 57 68 84 98 52
68 26 22 76 24 76 52 19 57 73 54 87 73 10 0 77 22 72 34 72 54 40 65 29 31 74 40 46 77 10 71 17 91 57 45 59 56 74 84 101 62
9 101 77 49 87 116 49 59 35 4 39 67 42 67 77 0 70 104 47 124 83 46 90 91 94 38 47 109 40 86 70 92 79 109 91 27 79 54 91 85 15
61 34 7 58 17 59 34 15 42 66 39 67 57 23 22 70 0 53 40 60 33 25 44 21 24 59 25 39 62 32 49 38 69 45 28 47 34 55 62 79 55
95 66 50 65 50 15 55 68 69 100 65 59 71 76 72 104 53 0 92 31 22 62 14 47 47 75 61 44 75 79 41 84 52 26 27 77 25 60 30 59 90
40 60 47 66 54 99 48 25 43 44 43 81 61 24 34 47 40 92 0 100 70 33 81 59 62 60 34 77 63 41 72 46 91 85 68 41 69 66 91 99 35
115 54 53 92 48 17 77 75 91 120 87 88 96 80 72 124 60 31 100 0 43 78 42 43 41 100 77 28 101 75 69 77 83 15 33 99 47 87 61 90 109
74 55 32 49 36 34 34 47 48 79 44 48 53 56 54 83 33 22 70 43 0 40 11 35 37 57 39 41 58 63 28 69 47 30 16 56 4 44 31 56 69
37 59 32 37 42 73 15 21 17 42 14 50 33 33 40 46 25 62 33 78 40 0 49 46 49 34 1 63 37 50 39 57 58 63 45 22 37 36 58 67 31
81 64 43 51 46 29 41 58 55 86 51 46 57 67 65 90 44 14 81 42 11 49 0 44 45 61 48 48 61 74 27 80 42 33 24 63 12 46 22 50 76
82 20 14 75 5 48 52 35 63 87 59 80 75 37 29 91 21 47 59 43 35 46 44 0 3 78 45 18 80 33 60 38 80 28 20 68 38 71 66 90 76
85 19 17 78 8 47 55 38 66 90 62 82 78 40 31 94 24 47 62 41 37 49 45 3 0 81 48 15 83 34 63 38 83 27 21 71 40 74 67 92 79
32 92 65 11 75 90 26 55 18 34 20 29 4 67 74 38 59 75 60 100 57 34 61 78 81 0 34 92 3 84 35 91 41 87 70 19 53 16 54 47 30
38 58 31 37 41 72 14 21 18 43 14 49 33 33 40 47 25 61 34 77 39 1 48 45 48 34 0 62 37 50 38 57 57 62 44 23 36 35 57 66 32
100 26 32 88 23 39 66 53 79 105 75 89 89 55 46 109 39 44 77 28 41 63 48 18 15 92 62 0 94 47 69 49 88 19 25 85 45 83 70 97 94
35 95 67 10 77 90 28 58 21 37 23 27 5 70 77 40 62 75 63 101 58 37 61 80 83 3 37 94 0 87 34 94 39 88 71 22 54 15 53 45 33
77 22 31 86 29 81 62 29 67 82 64 97 83 19 10 86 32 79 41 75 63 50 74 33 34 84 50 47 87 0 81 7 101 61 52 69 65 84 93 111 71
62 79 52 24 60 56 25 56 36 66 33 20 31 68 71 70 49 41 72 69 28 39 27 60 63 35 38 69 34 81 0 87 20 58 44 44 24 19 21 30 57
83 23 37 93 34 85 69 36 74 88 71 104 90 26 17 92 38 84 46 77 69 57 80 38 38 91 57 49 94 7 87 0 107 65 57 76 71 91 99 117 78
73 99 72 30 80 67 43 76 50 75 48 12 38 88 91 79 69 52 91 83 47 58 42 80 83 41 57 88 39 101 20 107 0 75 63 56 43 26 22 10 69
100 44 38 79 33 20 62 60 76 105 72 78 83 65 57 109 45 26 85 15 30 63 33 28 27 87 62 19 88 61 58 65 75 0 18 84 34 74 54 83 94
82 40 23 64 23 31 44 43 58 87 54 64 66 50 45 91 28 27 68 33 16 45 24 20 21 70 44 25 71 52 44 57 63 18 0 66 20 59 46 72 76
18 81 54 28 64 89 22 40 8 23 12 45 21 51 59 27 47 77 41 99 56 22 63 68 71 19 23 85 22 69 44 76 56 84 66 0 52 30 65 63 13
70 57 34 45 38 37 30 46 44 75 40 44 49 57 56 79 34 25 69 47 4 37 12 38 40 53 36 45 54 65 24 71 43 34 20 52 0 40 28 52 65
47 88 60 5 69 75 22 56 25 50 23 15 12 68 74 54 55 60 66 87 44 36 46 71 74 16 35 83 15 84 19 91 26 74 59 30 40 0 38 33 43
83 85 62 43 66 45 45 72 57 87 54 31 50 84 84 91 62 30 91 61 31 58 22 66 67 54 57 70 53 93 21 99 22 54 46 65 28 38 0 29 78
79 109 82 36 90 74 52 86 58 81 56 18 44 98 101 85 79 59 99 90 56 67 50 90 92 47 66 97 45 111 30 117 10 83 72 63 52 33 29 0 76
6 86 62 41 72 102 35 44 21 11 25 58 33 52 62 15 55 90 35 109 69 31 76 76 79 30 32 94 33 71 57 78 69 94 76 13 65 43 78 76 0
0 1825
1107 1536
1384 1635
581 1001
1389 1818
340 809
382 829
1411 1825
722 1166
407 717
394 594
671 975
1057 1377
166 552
1318 1762
901 1179
709 992
372 777
1098 1459
811 1068
576 964
975 1445
537 856
1001 1364
947 1317
187 420
626 951
569 842
516 1053
359 597
149 441
91 425
55 304
265 659
1201 1386
1319 1762
547 887
789 1129
1194 1450
851 1075
590 976
