41
0 50 37 66 24 15 36 7 84 63 57 88 68 73 66 53 32 22 51 48 52 23 31 34 40 33 29 60 37 38 60 33 79 27 64 86 62 59 31 58 46
50 0 87 88 35 38 62 48 91 70 7 97 45 80 16 50 70 42 30 78 42 35 22 33 10 30 63 10 24 44 10 79 49 77 16 50 86 86 34 55 28
37 87 0 63 60 49 42 39 86 71 92 88 93 79 101 72 29 56 80 42 76 59 66 63 77 69 36 95 73 61 95 13 106 10 99 115 59 55 61 74 75
66 88 63 0 85 62 31 60 24 22 89 25 61 21 96 41 37 86 62 21 49 84 69 55 82 92 37 90 93 44 90 50 73 62 88 84 4 8 56 38 62
24 35 60 85 0 23 54 27 98 76 42 104 66 87 51 61 54 7 48 69 56 1 25 37 25 9 50 45 13 47 45 57 76 50 51 81 82 79 35 66 44
15 38 49 62 23 0 31 10 75 54 43 81 53 65 52 41 33 25 36 47 38 22 17 19 28 30 28 46 31 26 46 41 64 39 50 71 59 56 16 46 31
36 62 42 31 54 31 0 29 48 29 64 52 52 39 73 30 13 55 43 16 35 53 41 30 54 61 8 67 62 21 67 29 65 39 67 75 28 25 28 32 39
7 48 39 60 27 10 29 0 77 56 53 81 61 66 62 46 27 26 44 42 45 26 27 27 38 35 23 56 38 31 56 32 72 29 60 79 56 53 24 51 39
84 91 86 24 98 75 48 77 0 22 89 6 55 11 96 41 59 100 62 44 49 97 76 62 89 103 56 90 101 51 90 73 64 85 88 75 28 32 63 36 63
63 70 71 22 76 54 29 56 22 0 68 28 39 11 75 20 42 79 41 31 28 75 54 40 67 81 37 69 79 29 69 58 51 68 67 62 23 26 41 16 42
57 7 92 89 42 43 64 53 89 68 0 95 40 78 9 48 73 49 27 80 40 42 26 34 17 37 66 3 31 45 3 84 43 82 9 43 86 87 36 53 27
88 97 88 25 104 81 52 81 6 28 95 0 61 17 102 47 61 106 68 46 55 103 82 68 95 109 60 96 107 57 96 75 70 87 94 81 29 33 69 42 69
68 45 93 61 66 53 52 61 55 39 40 61 0 46 43 22 64 72 18 63 17 66 41 34 47 68 57 40 64 32 40 80 13 86 35 24 61 63 37 23 23
73 80 79 21 87 65 39 66 11 11 78 17 46 0 85 30 50 90 51 37 38 86 65 51 78 92 47 79 90 40 79 66 56 76 77 67 24 28 52 25 52
66 16 101 96 51 52 73 62 96 75 9 102 43 85 0 55 82 58 34 89 47 51 35 43 26 45 75 6 39 53 6 93 44 91 8 40 94 95 45 60 35
53 50 72 41 61 41 30 46 41 20 48 47 22 30 55 0 43 65 21 41 8 60 37 24 48 65 37 49 62 15 49 59 35 67 47 46 40 41 26 5 22
32 70 29 37 54 33 13 27 59 42 73 61 64 50 82 43 0 53 54 17 47 53 48 39 61 62 7 76 64 33 76 16 77 26 77 87 33 30 37 45 50
22 42 56 86 7 25 55 26 100 79 49 106 72 90 58 65 53 0 54 68 61 7 31 42 32 14 49 52 20 51 52 54 82 46 58 87 82 79 39 70 50
51 30 80 62 48 36 43 44 62 41 27 68 18 51 34 21 54 54 0 59 13 48 23 17 29 50 47 28 46 22 28 69 28 72 26 35 61 62 20 26 5
48 78 42 21 69 47 16 42 44 31 80 46 63 37 89 41 17 68 59 0 48 68 57 46 70 77 19 83 78 37 83 29 76 41 83 87 17 13 44 41 55
52 42 76 49 56 38 35 45 49 28 40 55 17 38 47 8 47 61 13 48 0 55 31 19 41 59 40 41 56 15 41 63 30 69 39 40 48 49 22 13 14
23 35 59 84 1 22 53 26 97 75 42 103 66 86 51 60 53 7 48 68 55 0 25 36 25 10 49 45 14 46 45 56 76 49 51 80 81 78 34 65 44
31 22 66 69 25 17 41 27 76 54 26 82 41 65 35 37 48 31 23 57 31 25 0 14 13 28 41 29 25 25 29 58 51 56 33 57 66 65 13 42 19
34 33 63 55 37 19 30 27 62 40 34 68 34 51 43 24 39 42 17 46 19 36 14 0 27 41 32 37 39 11 37 52 45 55 38 52 53 53 3 29 12
40 10 77 82 25 28 54 38 89 67 17 95 47 78 26 48 61 32 29 70 41 25 13 27 0 22 54 20 17 38 20 69 54 67 26 56 79 78 26 53 27
33 30 69 92 9 30 61 35 103 81 37 109 68 92 45 65 62 14 50 77 59 10 28 41 22 0 58 40 6 52 40 66 76 59 46 78 89 86 40 70 47
29 63 36 37 50 28 8 23 56 37 66 60 57 47 75 37 7 49 47 19 40 49 41 32 54 58 0 69 59 26 69 23 70 31 70 80 33 30 30 40 43
60 10 95 90 45 46 67 56 90 69 3 96 40 79 6 49 76 52 28 83 41 45 29 37 20 40 69 0 34 47 0 87 41 85 6 40 88 89 39 54 29
37 24 73 93 13 31 62 38 101 79 31 107 64 90 39 62 64 20 46 78 56 14 25 39 17 6 59 34 0 50 34 70 71 63 40 73 89 87 38 67 42
38 44 61 44 47 26 21 31 51 29 45 57 32 40 53 15 33 51 22 37 15 46 25 11 38 52 26 47 50 0 47 49 45 54 46 55 42 42 12 20 18
60 10 95 90 45 46 67 56 90 69 3 96 40 79 6 49 76 52 28 83 41 45 29 37 20 40 69 0 34 47 0 87 41 85 6 40 88 89 39 54 29
33 79 13 50 57 41 29 32 73 58 84 75 80 66 93 59 16 54 69 29 63 56 58 52 69 66 23 87 70 49 87 0 93 13 90 103 46 42 50 61 64
79 49 106 73 76 64 65 72 64 51 43 70 13 56 44 35 77 82 28 76 30 76 51 45 54 76 70 41 71 45 41 93 0 99 36 11 74 76 48 36 33
27 77 10 62 50 39 39 29 85 68 82 87 86 76 91 67 26 46 72 41 69 49 56 55 67 59 31 85 63 54 85 13 99 0 89 107 58 54 52 71 67
64 16 99 88 51 50 67 60 88 67 9 94 35 77 8 47 77 58 26 83 39 51 33 38 26 46 70 6 40 46 6 90 36 89 0 34 87 88 40 52 28
86 50 115 84 81 71 75 79 75 62 43 81 24 67 40 46 87 87 35 87 40 80 57 52 56 78 80 40 73 55 40 103 11 107 34 0 85 87 55 47 40
62 86 59 4 82 59 28 56 28 23 86 29 61 24 94 40 33 82 61 17 48 81 66 53 79 89 33 88 89 42 88 46 74 58 87 85 0 4 53 38 59
59 86 55 8 79 56 25 53 32 26 87 33 63 28 95 41 30 79 62 13 49 78 65 53 78 86 30 89 87 42 89 42 76 54 88 87 4 0 52 40 60
31 34 61 56 35 16 28 24 63 41 36 69 37 52 45 26 37 39 20 44 22 34 13 3 26 40 30 39 38 12 39 50 48 52 40 55 53 52 0 31 15
58 55 74 38 66 46 32 51 36 16 53 42 23 25 60 5 45 70 26 41 13 65 42 29 53 70 40 54 67 20 54 61 36 71 52 47 38 40 31 0 27
46 28 75 62 44 31 39 39 63 42 27 69 23 52 35 22 50 50 5 55 14 44 19 12 27 47 43 29 42 18 29 64 33 67 28 40 59 60 15 27 0
0 1117
268 749
89 542
233 447
58 439
665 865
43 335
708 939
245 667
716 906
167 486
580 850
157 501
422 744
338 777
246 515
766 1117
314 664
453 823
326 724
141 496
595 812
435 617
521 924
114 500
506 881
499 936
727 1087
400 722
133 475
532 970
761 1020
12 446
146 646
274 455
100 588
150 381
46 279
556 951
454 659
491 958
