51
0 38 83 50 74 49 47 55 50 27 3 14 72 19 86 50 28 48 39 34 70 63 64 26 85 39 50 23 38 35 43 10 18 39 31 57 27 61 67 60 55 69 36 87 65 18 52 84 52 77 38
38 0 78 83 36 26 70 67 39 61 41 45 41 19 48 16 54 37 44 30 32 56 55 26 64 73 81 22 64 18 69 31 20 36 44 23 60 37 45 38 21 35 3 79 31 32 32 76 40 55 72
83 78 0 77 94 104 55 35 39 75 83 97 62 81 98 92 63 41 114 52 93 22 24 60 38 76 74 64 60 94 61 74 81 46 52 69 74 51 45 48 96 66 76 10 67 94 49 7 39 39 77
50 83 77 0 118 99 22 42 70 23 47 58 103 68 129 98 29 70 88 61 114 69 74 59 101 11 3 61 21 85 17 53 67 60 43 94 24 89 91 86 103 102 80 85 100 68 79 82 72 95 12
74 36 94 118 0 40 103 95 59 97 77 81 35 55 12 25 89 58 69 59 4 74 70 60 66 109 116 57 99 44 104 67 56 63 77 28 96 43 50 46 22 30 39 90 27 65 48 89 58 60 108
49 26 104 99 40 0 92 91 65 76 52 49 62 31 52 18 73 63 29 55 36 82 81 50 90 88 98 45 83 14 88 46 32 61 67 44 75 62 71 64 19 56 29 105 52 33 58 102 66 81 87
47 70 55 22 103 92 0 20 51 25 45 59 84 61 112 86 19 51 86 44 100 47 52 44 79 22 19 48 9 78 7 46 60 42 26 77 24 70 72 67 91 84 67 63 82 65 61 60 53 74 23
55 67 35 42 95 91 20 0 37 40 54 69 69 62 102 83 30 38 92 37 92 28 33 41 60 41 39 46 25 78 26 49 61 32 25 67 39 55 56 52 88 71 64 43 70 71 48 40 38 55 42
50 39 39 70 59 65 51 37 0 56 52 64 33 45 65 53 44 2 78 16 56 17 16 24 35 65 67 28 49 55 54 40 45 12 29 31 55 19 21 16 57 34 37 40 33 58 11 37 2 27 64
27 61 75 23 97 76 25 40 56 0 24 36 86 45 108 75 12 54 65 43 93 60 64 39 91 12 23 40 16 62 19 30 44 44 27 75 1 73 76 70 80 85 58 82 82 45 63 79 58 83 11
3 41 83 47 77 52 45 54 52 24 0 15 74 22 89 53 26 50 41 36 73 63 66 28 87 36 47 25 36 38 41 12 21 41 31 59 24 63 69 62 58 71 39 87 67 21 54 84 54 79 35
14 45 97 58 81 49 59 69 64 36 15 0 84 26 93 56 40 62 30 48 77 77 78 40 99 47 58 37 50 37 54 24 25 53 45 66 36 75 81 74 61 78 43 101 74 16 66 98 66 91 46
72 41 62 103 35 62 84 69 33 86 74 84 0 58 36 44 75 33 85 43 35 45 41 48 31 96 100 49 82 58 86 62 59 43 60 18 85 14 17 17 45 6 41 57 10 71 24 57 31 25 95
19 19 81 68 55 31 61 62 45 45 22 26 58 0 67 31 42 43 33 29 51 59 60 22 77 57 67 17 52 17 57 15 1 35 37 40 44 50 58 51 36 52 17 83 48 14 43 80 47 68 56
86 48 98 129 12 52 112 102 65 108 89 93 36 67 0 37 100 64 81 68 16 79 75 70 67 120 126 68 108 56 113 78 68 71 86 35 107 48 53 51 34 32 50 93 32 77 54 93 64 61 119
50 16 92 98 25 18 86 83 53 75 53 56 44 31 37 0 70 51 45 46 21 70 68 42 73 87 97 38 80 19 85 45 32 51 60 27 75 45 54 48 5 38 19 91 34 40 43 89 53 64 86
28 54 63 29 89 73 19 30 44 12 26 40 75 42 100 70 0 42 67 33 85 48 52 30 79 21 27 32 10 59 15 27 41 32 15 65 11 61 64 58 75 74 51 70 72 46 51 67 46 71 20
48 37 41 70 58 63 51 38 2 54 50 62 33 43 64 51 42 0 76 14 55 19 18 22 37 63 67 26 49 53 53 38 43 10 27 30 53 19 22 16 55 33 35 42 32 56 10 39 4 29 62
39 44 114 88 69 29 86 92 78 65 41 30 85 33 81 45 67 76 0 62 65 92 93 55 108 77 88 50 77 27 82 43 33 68 67 67 65 81 89 82 48 79 45 116 75 21 75 113 80 99 76
34 30 52 61 59 55 44 37 16 43 36 48 43 29 68 46 33 14 62 0 56 30 31 8 51 54 58 12 40 43 45 24 29 6 18 33 42 30 35 28 51 42 27 54 39 42 20 51 18 43 53
70 32 93 114 4 36 100 92 56 93 73 77 35 51 16 21 85 55 65 56 0 72 69 56 66 105 112 53 95 40 100 63 52 60 74 25 92 42 49 45 18 29 35 89 26 61 45 88 55 59 104
63 56 22 69 74 82 47 28 17 60 63 77 45 59 79 70 48 19 92 30 72 0 5 38 32 65 66 42 49 72 52 53 59 24 34 47 59 31 29 28 74 47 54 24 47 72 27 21 17 27 66
64 55 24 74 70 81 52 33 16 64 66 78 41 60 75 68 52 18 93 31 69 5 0 39 27 70 71 43 54 71 57 54 60 25 38 45 63 27 24 24 72 43 53 24 43 73 25 21 15 22 71
26 26 60 59 60 50 44 41 24 39 28 40 48 22 70 42 30 22 55 8 56 38 39 0 59 50 56 5 39 37 44 16 22 14 18 36 38 36 41 34 47 46 23 62 43 35 26 59 26 51 49
85 64 38 101 66 90 79 60 35 91 87 99 31 77 67 73 79 37 108 51 66 32 27 59 0 97 98 63 81 82 84 75 77 47 64 46 90 28 19 26 75 37 63 29 41 90 34 31 33 9 98
39 73 76 11 109 88 22 41 65 12 36 47 96 57 120 87 21 63 77 54 105 65 70 50 97 0 11 52 16 74 15 42 56 53 36 86 13 82 85 79 92 95 70 84 93 57 72 81 67 91 1
50 81 74 3 116 98 19 39 67 23 47 58 100 67 126 97 27 67 88 58 112 66 71 56 98 11 0 59 18 84 14 52 66 57 40 91 23 86 88 83 102 99 78 82 97 68 76 79 69 92 12
23 22 64 61 57 45 48 46 28 40 25 37 49 17 68 38 32 26 50 12 53 42 43 5 63 52 59 0 42 32 47 13 17 18 22 35 39 38 44 37 43 46 19 66 43 30 29 63 30 54 51
38 64 60 21 99 83 9 25 49 16 36 50 82 52 108 80 10 49 77 40 95 49 54 39 81 16 18 42 0 69 5 37 51 39 22 73 15 68 70 65 85 81 61 68 79 56 58 65 51 75 17
35 18 94 85 44 14 78 78 55 62 38 37 58 17 56 19 59 53 27 43 40 72 71 37 82 74 84 32 69 0 74 32 18 49 54 40 61 55 63 56 24 52 19 95 48 21 49 92 57 73 73
43 69 61 17 104 88 7 26 54 19 41 54 86 57 113 85 15 53 82 45 100 52 57 44 84 15 14 47 5 74 0 42 56 44 27 78 18 72 75 69 90 86 66 69 84 61 63 66 56 78 16
10 31 74 53 67 46 46 49 40 30 12 24 62 15 78 45 27 38 43 24 63 53 54 16 75 42 52 13 37 32 42 0 14 29 24 47 30 51 57 50 50 59 28 77 55 22 42 74 42 67 41
18 20 81 67 56 32 60 61 45 44 21 25 59 1 68 32 41 43 33 29 52 59 60 22 77 56 66 17 51 18 56 14 0 35 36 41 43 51 58 51 37 53 18 83 49 13 43 80 47 68 55
39 36 46 60 63 61 42 32 12 44 41 53 43 35 71 51 32 10 68 6 60 24 25 14 47 53 57 18 39 49 44 29 35 0 17 36 43 29 32 26 56 42 33 48 40 48 19 45 14 39 52
31 44 52 43 77 67 26 25 29 27 31 45 60 37 86 60 15 27 67 18 74 34 38 18 64 36 40 22 22 54 27 24 36 17 0 51 26 46 49 43 65 59 41 57 57 46 36 54 31 56 35
57 23 69 94 28 44 77 67 31 75 59 66 18 40 35 27 65 30 67 33 25 47 45 36 46 86 91 35 73 40 78 47 41 36 51 0 74 18 27 21 29 12 23 65 8 53 20 64 30 37 85
27 60 74 24 96 75 24 39 55 1 24 36 85 44 107 75 11 53 65 42 92 59 63 38 90 13 23 39 15 61 18 30 43 43 26 74 0 72 75 69 80 84 57 81 81 45 62 78 57 82 12
61 37 51 89 43 62 70 55 19 73 63 75 14 50 48 45 61 19 81 30 42 31 27 36 28 82 86 38 68 55 72 51 51 29 46 18 72 0 9 3 47 16 36 47 16 64 10 46 17 19 81
67 45 45 91 50 71 72 56 21 76 69 81 17 58 53 54 64 22 89 35 49 29 24 41 19 85 88 44 70 63 75 57 58 32 49 27 75 9 0 7 56 21 44 40 23 71 15 40 19 10 84
60 38 48 86 46 64 67 52 16 70 62 74 17 51 51 48 58 16 82 28 45 28 24 34 26 79 83 37 65 56 69 50 51 26 43 21 69 3 7 0 50 19 37 44 19 64 8 43 14 17 78
55 21 96 103 22 19 91 88 57 80 58 61 45 36 34 5 75 55 48 51 18 74 72 47 75 92 102 43 85 24 90 50 37 56 65 29 80 47 56 50 0 39 24 94 35 45 47 93 57 66 91
69 35 66 102 30 56 84 71 34 85 71 78 6 52 32 38 74 33 79 42 29 47 43 46 37 95 99 46 81 52 86 59 53 42 59 12 84 16 21 19 39 0 35 61 4 65 23 61 33 30 94
36 3 76 80 39 29 67 64 37 58 39 43 41 17 50 19 51 35 45 27 35 54 53 23 63 70 78 19 61 19 66 28 18 33 41 23 57 36 44 37 24 35 0 77 31 30 30 74 38 54 69
87 79 10 85 90 105 63 43 40 82 87 101 57 83 93 91 70 42 116 54 89 24 24 62 29 84 82 66 68 95 69 77 83 48 57 65 81 47 40 44 94 61 77 0 63 96 48 3 39 32 85
65 31 67 100 27 52 82 70 33 82 67 74 10 48 32 34 72 32 75 39 26 47 43 43 41 93 97 43 79 48 84 55 49 40 57 8 81 16 23 19 35 4 31 63 0 61 22 62 32 33 92
18 32 94 68 65 33 65 71 58 45 21 16 71 14 77 40 46 56 21 42 61 72 73 35 90 57 68 30 56 21 61 22 13 48 46 53 45 64 71 64 45 65 30 96 61 0 56 93 60 81 56
52 32 49 79 48 58 61 48 11 63 54 66 24 43 54 43 51 10 75 20 45 27 25 26 34 72 76 29 58 49 63 42 43 19 36 20 62 10 15 8 47 23 30 48 22 56 0 46 10 25 71
84 76 7 82 89 102 60 40 37 79 84 98 57 80 93 89 67 39 113 51 88 21 21 59 31 81 79 63 65 92 66 74 80 45 54 64 78 46 40 43 93 61 74 3 62 93 46 0 36 32 82
52 40 39 72 58 66 53 38 2 58 54 66 31 47 64 53 46 4 80 18 55 17 15 26 33 67 69 30 51 57 56 42 47 14 31 30 57 17 19 14 57 33 38 39 32 60 10 36 0 25 66
77 55 39 95 60 81 74 55 27 83 79 91 25 68 61 64 71 29 99 43 59 27 22 51 9 91 92 54 75 73 78 67 68 39 56 37 82 19 10 17 66 30 54 32 33 81 25 32 25 0 91
38 72 77 12 108 87 23 42 64 11 35 46 95 56 119 86 20 62 76 53 104 66 71 49 98 1 12 51 17 73 16 41 55 52 35 85 12 81 84 78 91 94 69 85 92 56 71 82 66 91 0
0 1079
69 435
80 691
516 773
346 635
610 953
503 1079
477 799
492 943
20 523
65 383
326 549
402 787
404 978
546 951
65 288
542 979
135 560
646 1079
505 1047
375 628
206 773
574 1014
31 611
572 1079
146 668
91 419
400 664
259 657
613 1079
252 716
48 616
379 737
428 717
576 853
163 802
1 486
442 870
252 577
38 529
606 884
54 356
511 896
333 667
331 806
395 918
505 858
392 923
30 673
188 713
243 656
