51
0 35 51 47 10 36 45 54 52 51 38 31 19 36 44 38 34 30 35 61 36 48 22 20 77 26 41 32 59 34 65 59 38 24 33 70 44 37 20 21 45 46 18 7 46 35 60 20 36 50 42
35 0 57 36 34 34 78 26 18 27 23 57 54 71 35 43 30 48 70 49 2 14 57 21 45 23 39 24 36 68 35 77 6 47 45 59 66 72 35 51 79 44 43 36 19 52 39 30 53 18 47
51 57 0 90 41 83 86 49 63 84 78 81 53 72 89 88 79 23 57 105 59 68 57 41 71 70 18 33 46 74 59 25 54 75 84 114 95 65 71 70 82 14 35 58 76 86 42 69 87 74 92
47 36 90 0 54 13 74 61 46 16 13 48 63 74 3 19 13 74 79 15 34 35 64 49 72 21 73 58 71 67 66 104 41 39 27 24 49 79 30 50 78 78 64 41 21 34 74 27 35 29 21
10 34 41 54 0 44 53 48 49 55 44 41 22 42 51 47 41 20 36 68 35 47 26 14 72 33 31 24 52 41 59 50 35 34 43 77 54 40 30 31 51 36 10 17 49 45 52 28 46 51 51
36 34 83 13 44 0 61 60 48 25 14 35 52 61 10 9 4 64 67 26 33 38 52 42 76 13 67 53 70 54 68 94 40 26 15 34 38 66 17 37 65 72 54 30 26 23 73 16 24 34 13
45 78 86 74 53 61 0 99 95 85 72 26 33 16 71 55 62 63 33 84 78 90 29 65 122 60 81 77 104 12 110 81 82 35 47 87 30 25 46 27 8 85 52 42 83 40 105 51 40 90 55
54 26 49 61 48 60 99 0 17 48 48 81 70 90 60 69 56 52 82 71 27 27 74 34 24 49 33 24 10 88 11 74 20 72 71 81 91 87 60 73 99 35 52 57 41 78 15 55 79 33 73
52 18 63 46 49 48 95 17 0 32 35 73 71 88 47 57 44 60 85 55 17 11 74 35 28 39 45 32 27 85 20 86 14 63 61 65 82 89 51 69 96 49 57 53 25 68 32 46 69 17 61
51 27 84 16 55 25 85 48 32 0 13 60 69 82 18 34 23 73 85 23 25 21 70 46 58 25 66 51 58 76 52 103 32 50 40 33 63 85 39 58 87 71 65 47 8 48 63 34 49 15 36
38 23 78 13 44 14 72 48 35 13 0 47 56 69 12 23 10 63 72 27 21 24 57 37 62 12 60 45 58 63 55 93 28 37 28 37 51 72 26 45 74 65 54 34 12 36 61 21 37 20 27
31 57 81 48 41 35 26 81 73 60 47 0 32 30 45 29 37 58 43 59 56 67 29 49 101 36 72 62 88 22 91 84 62 10 21 62 14 38 22 11 31 77 46 24 59 15 89 27 15 66 30
19 54 53 63 22 52 33 70 71 69 56 32 0 20 60 52 50 30 16 77 55 67 4 36 94 44 48 46 74 21 81 52 57 32 45 86 46 18 35 21 30 52 19 22 65 43 74 36 44 69 55
36 71 72 74 42 61 16 90 88 82 69 30 20 0 71 57 61 49 17 87 72 84 16 56 113 57 68 66 94 8 101 65 74 36 49 91 40 9 44 24 10 72 39 36 80 45 94 48 45 85 59
44 35 89 3 51 10 71 60 47 18 12 45 60 71 0 16 10 71 76 17 33 36 61 48 73 19 72 57 70 64 67 101 40 36 24 26 46 76 27 47 75 77 61 38 22 31 73 24 32 30 18
38 43 88 19 47 9 55 69 57 34 23 29 52 57 16 0 13 67 66 30 42 47 51 48 85 20 73 60 79 50 77 97 49 21 8 34 30 63 18 33 60 78 56 31 35 15 82 19 16 43 4
34 30 79 13 41 4 62 56 44 23 10 37 50 61 10 13 0 61 66 27 29 34 51 38 72 9 63 49 66 55 64 91 36 27 18 36 41 66 17 37 66 68 51 28 22 26 69 14 27 30 17
30 48 23 74 20 64 63 52 60 73 63 58 30 49 71 67 61 0 36 88 50 61 34 27 76 53 22 28 52 51 63 30 47 54 63 97 72 43 50 47 59 24 12 37 66 65 50 48 66 66 71
35 70 57 79 36 67 33 82 85 85 72 43 16 17 76 66 66 36 0 93 71 83 15 50 106 60 58 58 86 24 93 48 71 46 59 100 55 8 50 34 26 60 30 38 81 57 85 52 57 85 69
61 49 105 15 68 26 84 71 55 23 27 59 77 87 17 30 27 88 93 0 47 44 78 64 81 36 87 72 81 80 75 118 54 51 38 10 58 92 43 63 90 92 78 55 31 44 86 41 45 38 29
36 2 59 34 35 33 78 27 17 25 21 56 55 72 33 42 29 50 71 47 0 12 58 23 45 22 41 26 37 68 35 79 7 46 44 57 65 73 34 52 79 46 44 36 17 51 40 29 52 16 46
48 14 68 35 47 38 90 27 11 21 24 67 67 84 36 47 34 61 83 44 12 0 70 35 38 31 50 35 37 80 31 89 14 57 52 54 75 85 45 63 91 55 56 48 14 60 42 40 61 6 51
22 57 57 64 26 52 29 74 74 70 57 29 4 16 61 51 51 34 15 78 58 70 0 40 98 45 52 50 78 17 85 55 60 31 44 85 43 15 35 19 26 56 23 23 67 42 78 37 43 72 54
20 21 41 49 14 42 65 34 35 46 37 49 36 56 48 48 38 27 50 64 23 35 40 0 58 29 25 13 39 54 45 57 21 42 46 73 62 54 33 41 65 30 22 25 39 51 40 29 52 39 52
77 45 71 72 72 76 122 24 28 58 62 101 94 113 73 85 72 76 106 81 45 38 98 58 0 67 56 48 25 111 13 96 40 91 89 91 110 111 79 96 122 57 76 80 51 96 29 74 97 43 89
26 23 70 21 33 13 60 49 39 25 12 36 44 57 19 20 9 53 60 36 22 31 45 29 67 0 54 40 59 51 57 83 29 26 22 45 44 60 14 33 62 59 43 22 23 29 62 9 30 30 24
41 39 18 73 31 67 81 33 45 66 60 72 48 68 72 73 63 22 58 87 41 50 52 25 56 54 0 15 31 69 43 41 36 65 71 97 85 64 58 62 78 5 29 48 58 76 28 54 77 56 77
32 24 33 58 24 53 77 24 32 51 45 62 46 66 57 60 49 28 58 72 26 35 50 13 48 40 15 0 28 65 35 54 21 55 58 82 75 63 46 53 75 20 28 38 43 64 28 41 65 41 64
59 36 46 71 52 70 104 10 27 58 58 88 74 94 70 79 66 52 86 81 37 37 78 39 25 59 31 28 0 93 13 71 30 80 81 91 100 91 69 80 103 32 56 64 51 87 5 64 88 43 83
34 68 74 67 41 54 12 88 85 76 63 22 21 8 64 50 55 51 24 80 68 80 17 54 111 51 69 65 93 0 99 70 72 29 42 84 32 17 38 18 11 73 40 32 74 37 93 42 37 81 52
65 35 59 66 59 68 110 11 20 52 55 91 81 101 67 77 64 63 93 75 35 31 85 45 13 57 43 35 13 99 0 84 29 81 79 85 100 98 69 84 110 45 63 68 45 86 18 64 87 37 81
59 77 25 104 50 94 81 74 86 103 93 84 52 65 101 97 91 30 48 118 79 89 55 57 96 83 41 54 71 70 84 0 75 82 92 127 98 56 79 73 74 39 41 66 96 93 67 78 94 95 101
38 6 54 41 35 40 82 20 14 32 28 62 57 74 40 49 36 47 71 54 7 14 60 21 40 29 36 21 30 72 29 75 0 52 51 64 71 75 40 56 83 41 43 40 24 58 33 35 59 20 53
24 47 75 39 34 26 35 72 63 50 37 10 32 36 36 21 27 54 46 51 46 57 31 42 91 26 65 55 80 29 81 82 52 0 13 55 20 42 12 12 39 70 42 17 49 11 82 17 12 56 23
33 45 84 27 43 15 47 71 61 40 28 21 45 49 24 8 18 63 59 38 44 52 44 46 89 22 71 58 81 42 79 92 51 13 0 42 23 55 13 25 52 76 51 26 40 8 83 17 9 48 10
70 59 114 24 77 34 87 81 65 33 37 62 86 91 26 34 36 97 100 10 57 54 85 73 91 45 97 82 91 84 85 127 64 55 42 0 59 97 51 67 93 102 87 64 41 47 96 50 48 48 32
44 66 95 49 54 38 30 91 82 63 51 14 46 40 46 30 41 72 55 58 65 75 43 62 110 44 85 75 100 32 100 98 71 20 23 59 0 49 31 25 38 90 60 37 63 15 102 36 14 71 29
37 72 65 79 40 66 25 87 89 85 72 38 18 9 76 63 66 43 8 92 73 85 15 54 111 60 64 63 91 17 98 56 75 42 55 97 49 0 49 30 18 67 35 38 82 52 90 52 53 87 65
20 35 71 30 30 17 46 60 51 39 26 22 35 44 27 18 17 50 50 43 34 45 35 33 79 14 58 46 69 38 69 79 40 12 13 51 31 49 0 20 49 63 38 13 37 18 71 5 19 44 22
21 51 70 50 31 37 27 73 69 58 45 11 21 24 47 33 37 47 34 63 52 63 19 41 96 33 62 53 80 18 84 73 56 12 25 67 25 30 20 0 29 67 35 16 56 23 81 24 24 63 35
45 79 82 78 51 65 8 99 96 87 74 31 30 10 75 60 66 59 26 90 79 91 26 65 122 62 78 75 103 11 110 74 83 39 52 93 38 18 49 29 0 82 49 43 85 46 103 53 46 92 61
46 44 14 78 36 72 85 35 49 71 65 77 52 72 77 78 68 24 60 92 46 55 56 30 57 59 5 20 32 73 45 39 41 70 76 102 90 67 63 67 82 0 33 53 63 81 28 59 82 61 82
18 43 35 64 10 54 52 52 57 65 54 46 19 39 61 56 51 12 30 78 44 56 23 22 76 43 29 28 56 40 63 41 43 42 51 87 60 35 38 35 49 33 0 25 59 53 55 38 54 60 60
7 36 58 41 17 30 42 57 53 47 34 24 22 36 38 31 28 37 38 55 36 48 23 25 80 22 48 38 64 32 68 66 40 17 26 64 37 38 13 16 43 53 25 0 44 28 65 14 29 49 35
46 19 76 21 49 26 83 41 25 8 12 59 65 80 22 35 22 66 81 31 17 14 67 39 51 23 58 43 51 74 45 96 24 49 40 41 63 82 37 56 85 63 59 44 0 48 56 32 49 8 39
35 52 86 34 45 23 40 78 68 48 36 15 43 45 31 15 26 65 57 44 51 60 42 51 96 29 76 64 87 37 86 93 58 11 8 47 15 52 18 23 46 81 53 28 48 0 89 23 1 56 15
60 39 42 74 52 73 105 15 32 63 61 89 74 94 73 82 69 50 85 86 40 42 78 40 29 62 28 28 5 93 18 67 33 82 83 96 102 90 71 81 103 28 55 65 56 89 0 66 90 48 86
20 30 69 27 28 16 51 55 46 34 21 27 36 48 24 19 14 48 52 41 29 40 37 29 74 9 54 41 64 42 64 78 35 17 17 50 36 52 5 24 53 59 38 14 32 23 66 0 24 39 23
36 53 87 35 46 24 40 79 69 49 37 15 44 45 32 16 27 66 57 45 52 61 43 52 97 30 77 65 88 37 87 94 59 12 9 48 14 53 19 24 46 82 54 29 49 1 90 24 0 57 16
50 18 74 29 51 34 90 33 17 15 20 66 69 85 30 43 30 66 85 38 16 6 72 39 43 30 56 41 43 81 37 95 20 56 48 48 71 87 44 63 92 61 60 49 8 56 48 39 57 0 47
42 47 92 21 51 13 55 73 61 36 27 30 55 59 18 4 17 71 69 29 46 51 54 52 89 24 77 64 83 52 81 101 53 23 10 32 29 65 22 35 61 82 60 35 39 15 86 23 16 47 0
0 1527
897 1250
875 1185
1082 1385
580 958
1142 1326
375 814
676 906
9 377
325 669
806 1117
637 965
76 510
646 917
1165 1514
803 1106
348 519
969 1150
1186 1387
459 621
1175 1400
1211 1527
36 373
301 454
847 1009
427 641
815 1088
687 1101
67 412
311 625
1150 1527
1170 1413
654 910
619 905
739 1145
869 1194
9 280
613 903
692 1077
1049 1456
612 807
429 701
1092 1514
88 542
1021 1263
62 487
975 1364
1202 1448
866 1242
779 970
1083 1418
