51
0 15 20 21 25 27 28 31 51 1 43 13 50 62 82 42 58 27 73 51 41 30 18 52 19 67 4 51 33 12 79 6 65 47 86 47 59 26 36 86 44 67 63 18 13 60 30 21 55 71 73
15 0 27 30 38 41 35 30 62 15 51 22 61 77 91 53 67 41 88 65 54 26 23 65 34 76 11 64 48 26 88 16 79 54 95 49 68 22 37 98 39 81 74 23 8 73 44 22 69 86 87
20 27 0 41 14 40 8 51 66 19 24 33 64 59 95 57 74 37 76 62 29 49 4 40 26 84 23 39 37 27 94 26 71 27 98 67 75 45 56 97 63 75 75 38 32 71 40 10 46 68 84
21 30 41 0 40 17 49 20 32 22 59 8 31 60 61 23 37 20 66 36 52 23 39 63 23 46 21 62 31 15 58 15 55 64 65 29 38 21 22 68 35 56 44 9 22 43 21 42 60 69 57
25 38 14 40 0 33 15 55 59 24 19 36 57 45 88 50 67 30 63 54 16 55 18 27 19 77 29 26 26 25 87 31 59 24 91 69 68 51 59 89 69 64 68 41 38 63 33 24 32 54 73
27 41 40 17 33 0 46 37 26 27 52 22 25 43 57 17 34 4 49 24 41 40 41 50 14 44 30 49 15 15 55 25 39 57 60 43 35 37 38 59 52 41 37 25 36 33 4 46 44 52 46
28 35 8 49 15 46 0 59 72 27 17 41 70 60 101 63 80 43 78 68 26 57 12 36 32 90 31 35 41 35 100 34 74 19 104 75 81 53 64 103 71 79 81 46 40 77 46 15 44 68 88
31 30 51 20 55 37 59 0 46 32 74 19 46 80 72 40 48 40 86 53 69 4 49 80 40 54 29 79 51 31 68 25 75 78 76 19 49 8 7 81 15 73 59 14 22 59 41 50 78 89 73
51 62 66 32 59 26 72 46 0 52 77 40 2 53 31 9 8 29 46 12 64 50 67 71 40 18 53 70 36 40 29 47 34 82 35 38 9 50 41 37 57 31 13 40 54 14 26 71 62 60 28
1 15 19 22 24 27 27 32 52 0 42 14 51 62 83 43 59 27 73 51 40 31 17 51 19 68 5 50 33 12 80 7 65 46 87 48 60 27 37 86 45 67 64 19 14 60 30 20 54 71 73
43 51 24 59 19 52 17 74 77 42 0 55 75 51 105 68 85 48 71 71 16 73 28 20 38 95 47 20 42 44 105 49 71 5 108 88 86 69 78 106 87 77 85 60 56 80 51 32 32 56 88
13 22 33 8 36 22 41 19 40 14 55 0 39 63 69 31 45 24 71 44 50 20 31 61 21 54 13 60 34 12 66 7 61 60 73 34 46 17 23 76 34 63 52 5 14 51 26 34 59 72 65
50 61 64 31 57 25 70 46 2 51 75 39 0 51 32 8 10 27 44 10 62 50 66 69 38 20 52 68 34 39 30 46 32 80 36 39 11 51 42 37 58 29 13 40 53 13 24 70 60 58 27
62 77 59 60 45 43 60 80 53 62 51 63 51 0 69 49 60 40 21 41 35 83 63 32 43 70 66 32 29 52 72 63 26 55 70 85 61 80 81 64 95 33 52 68 74 46 39 69 19 9 45
82 91 95 61 88 57 101 72 31 83 105 69 32 69 0 40 24 58 53 34 90 76 97 96 69 19 82 95 63 71 5 76 43 110 4 57 23 78 66 12 81 36 20 69 83 25 55 102 85 73 24
42 53 57 23 50 17 63 40 9 43 68 31 8 49 40 0 17 20 47 13 56 44 58 63 31 27 44 62 28 31 38 38 35 73 44 36 18 44 37 45 53 33 21 32 45 20 17 62 56 58 34
58 67 74 37 67 34 80 48 8 59 85 45 10 60 24 17 0 37 52 19 72 52 74 79 48 10 58 78 44 47 21 52 40 90 28 36 1 54 43 33 59 34 13 45 59 17 34 78 70 67 30
27 41 37 20 30 4 43 40 29 27 48 24 27 40 58 20 37 0 47 25 37 43 39 46 11 47 30 45 11 15 57 26 38 53 61 47 38 40 42 60 55 40 38 28 37 34 3 45 40 49 47
73 88 76 66 63 49 78 86 46 73 71 71 44 21 53 47 52 47 0 34 55 89 80 53 54 58 77 53 40 62 57 73 12 76 54 83 52 86 84 47 100 18 40 74 84 35 45 86 40 21 29
51 65 62 36 54 24 68 53 12 51 71 44 10 41 34 13 19 25 34 0 56 57 64 62 36 29 54 61 29 39 34 49 22 76 37 49 20 57 50 35 66 20 14 45 58 9 22 70 52 48 22
41 54 29 52 16 41 26 69 64 40 16 50 62 35 90 56 72 37 55 56 0 70 33 11 29 82 45 10 28 38 90 46 55 21 93 81 73 66 73 91 84 61 70 55 54 65 39 39 18 42 72
30 26 49 23 55 40 57 4 50 31 73 20 50 83 76 44 52 43 89 57 70 0 46 81 41 58 26 80 54 32 72 24 78 76 80 23 53 4 11 85 14 77 63 15 18 63 44 46 79 92 77
18 23 4 39 18 41 12 49 67 17 28 31 66 63 97 58 74 39 80 64 33 46 0 44 28 84 20 43 41 27 95 24 75 31 100 65 75 42 54 99 60 79 77 36 28 73 42 6 50 72 86
52 65 40 63 27 50 36 80 71 51 20 61 69 32 96 63 79 46 53 62 11 81 44 0 40 89 56 1 35 49 96 57 57 24 99 92 80 77 84 94 95 63 76 66 65 71 47 50 13 37 75
19 34 26 23 19 14 32 40 40 19 38 21 38 43 69 31 48 11 54 36 29 41 28 40 0 58 23 39 14 9 68 20 48 43 72 52 49 38 44 71 55 51 49 26 31 45 14 34 38 52 58
67 76 84 46 77 44 90 54 18 68 95 54 20 70 19 27 10 47 58 29 82 58 84 89 58 0 67 88 54 57 14 61 46 100 23 38 9 60 47 30 62 41 18 53 68 24 44 88 80 76 34
4 11 23 21 29 30 31 29 53 5 47 13 52 66 82 44 58 30 77 54 45 26 20 56 23 67 0 55 37 15 79 6 68 50 86 46 59 22 35 89 40 70 65 17 9 63 33 22 59 75 76
51 64 39 62 26 49 35 79 70 50 20 60 68 32 95 62 78 45 53 61 10 80 43 1 39 88 55 0 34 48 95 56 56 24 98 91 79 76 83 93 94 62 75 65 64 70 46 49 13 37 74
33 48 37 31 26 15 41 51 36 33 42 34 34 29 63 28 44 11 40 29 28 54 41 35 14 54 37 34 0 23 63 34 34 47 66 58 45 51 53 64 66 38 43 39 45 38 12 47 29 38 47
12 26 27 15 25 15 35 31 40 12 44 12 39 52 71 31 47 15 62 39 38 32 27 49 9 57 15 48 23 0 68 11 53 49 75 44 48 29 35 74 46 55 52 17 22 48 18 31 47 61 61
79 88 94 58 87 55 100 68 29 80 105 66 30 72 5 38 21 57 57 34 90 72 95 96 68 14 79 95 63 68 0 73 46 110 9 52 20 74 61 17 76 39 20 66 80 26 54 99 85 76 28
6 16 26 15 31 25 34 25 47 7 49 7 46 63 76 38 52 26 73 49 46 24 24 57 20 61 6 56 34 11 73 0 64 53 80 41 53 20 30 83 38 66 59 12 11 58 29 27 58 72 71
65 79 71 55 59 39 74 75 34 65 71 61 32 26 43 35 40 38 12 22 55 78 75 57 48 46 68 56 34 53 46 64 0 76 44 71 40 76 72 38 88 7 28 64 75 23 35 81 44 30 19
47 54 27 64 24 57 19 78 82 46 5 60 80 55 110 73 90 53 76 76 21 76 31 24 43 100 50 24 47 49 110 53 76 0 113 93 91 72 83 111 90 82 90 65 59 85 56 34 37 61 93
86 95 98 65 91 60 104 76 35 87 108 73 36 70 4 44 28 61 54 37 93 80 100 99 72 23 86 98 66 75 9 80 44 113 0 61 27 82 70 10 85 37 23 73 87 28 58 106 87 74 25
47 49 67 29 69 43 75 19 38 48 88 34 39 85 57 36 36 47 83 49 81 23 65 92 52 38 46 91 58 44 52 41 71 93 61 0 37 27 12 68 24 68 49 29 41 52 46 68 87 94 66
59 68 75 38 68 35 81 49 9 60 86 46 11 61 23 18 1 38 52 20 73 53 75 80 49 9 59 79 45 48 20 53 40 91 27 37 0 55 44 32 60 34 13 46 60 17 35 79 71 68 30
26 22 45 21 51 37 53 8 50 27 69 17 51 80 78 44 54 40 86 57 66 4 42 77 38 60 22 76 51 29 74 20 76 72 82 27 55 0 15 87 18 77 63 12 14 64 41 42 76 89 78
36 37 56 22 59 38 64 7 41 37 78 23 42 81 66 37 43 42 84 50 73 11 54 84 44 47 35 83 53 35 61 30 72 83 70 12 44 15 0 76 16 70 54 18 29 55 42 57 82 90 69
86 98 97 68 89 59 103 81 37 86 106 76 37 64 12 45 33 60 47 35 91 85 99 94 71 30 89 93 64 74 17 83 38 111 10 68 32 87 76 0 92 31 24 77 90 26 57 105 82 68 19
44 39 63 35 69 52 71 15 57 45 87 34 58 95 81 53 59 55 100 66 84 14 60 95 55 62 40 94 66 46 76 38 88 90 85 24 60 18 16 92 0 86 70 29 32 71 56 60 93 104 85
67 81 75 56 64 41 79 73 31 67 77 63 29 33 36 33 34 40 18 20 61 77 79 63 51 41 70 62 38 55 39 66 7 82 37 68 34 77 70 31 86 0 23 65 77 17 37 85 51 37 12
63 74 75 44 68 37 81 59 13 64 85 52 13 52 20 21 13 38 40 14 70 63 77 76 49 18 65 75 43 52 20 59 28 90 23 49 13 63 54 24 70 23 0 53 66 6 35 83 65 58 17
18 23 38 9 41 25 46 14 40 19 60 5 40 68 69 32 45 28 74 45 55 15 36 66 26 53 17 65 39 17 66 12 64 65 73 29 46 12 18 77 29 65 53 0 15 52 29 39 64 77 66
13 8 32 22 38 36 40 22 54 14 56 14 53 74 83 45 59 37 84 58 54 18 28 65 31 68 9 64 45 22 80 11 75 59 87 41 60 14 29 90 32 77 66 15 0 65 40 28 68 83 79
60 73 71 43 63 33 77 59 14 60 80 51 13 46 25 20 17 34 35 9 65 63 73 71 45 24 63 70 38 48 26 58 23 85 28 52 17 64 55 26 71 17 6 52 65 0 31 79 60 52 14
30 44 40 21 33 4 46 41 26 30 51 26 24 39 55 17 34 3 45 22 39 44 42 47 14 44 33 46 12 18 54 29 35 56 58 46 35 41 42 57 56 37 35 29 40 31 0 48 41 48 44
21 22 10 42 24 46 15 50 71 20 32 34 70 69 102 62 78 45 86 70 39 46 6 50 34 88 22 49 47 31 99 27 81 34 106 68 79 42 57 105 60 85 83 39 28 79 48 0 56 78 92
55 69 46 60 32 44 44 78 62 54 32 59 60 19 85 56 70 40 40 52 18 79 50 13 38 80 59 13 29 47 85 58 44 37 87 87 71 76 82 82 93 51 65 64 68 60 41 56 0 24 63
71 86 68 69 54 52 68 89 60 71 56 72 58 9 73 58 67 49 21 48 42 92 72 37 52 76 75 37 38 61 76 72 30 61 74 94 68 89 90 68 104 37 58 77 83 52 48 78 24 0 49
73 87 84 57 73 46 88 73 28 73 88 65 27 45 24 34 30 47 29 22 72 77 86 75 58 34 76 74 47 61 28 71 19 93 25 66 30 78 69 19 85 12 17 66 79 14 44 92 63 49 0
0 1221
801 1110
140 456
414 687
904 1037
130 309
927 1221
156 397
708 917
263 452
769 1022
613 793
840 1002
663 958
40 380
604 858
269 598
424 625
456 788
844 1124
533 676
424 734
531 786
449 660
854 1212
8 236
52 398
476 714
923 1158
684 836
395 737
649 1004
296 465
828 1026
234 500
171 442
574 831
754 890
496 807
166 376
29 254
722 929
958 1129
547 692
596 802
783 1085
39 267
41 169
239 530
727 1046
138 362
