51
0 31 36 61 58 52 28 33 49 53 14 77 33 65 27 41 80 51 46 34 15 46 38 66 24 31 24 25 52 52 48 49 27 40 60 66 43 34 69 26 58 12 63 46 32 50 17 56 58 33 9
31 0 47 37 57 45 59 40 34 24 45 84 60 59 15 36 53 29 32 57 27 77 16 66 38 62 22 27 83 29 58 36 37 11 34 43 74 3 42 50 59 38 73 57 1 37 14 67 47 10 29
36 47 0 52 26 85 44 68 78 52 37 41 28 35 32 74 71 44 75 20 24 46 38 32 12 54 56 20 63 76 12 79 10 58 54 52 56 48 60 20 24 48 27 10 46 80 39 20 35 55 27
61 37 52 0 43 78 86 77 66 14 73 70 77 38 34 72 19 10 65 72 48 95 23 51 51 91 59 39 110 58 56 69 48 42 4 7 101 34 8 67 46 71 69 56 36 70 47 65 26 46 54
58 57 26 43 0 102 70 89 91 50 62 28 53 9 44 91 58 39 89 45 44 71 42 9 35 80 73 35 88 86 19 93 31 68 47 39 82 57 49 46 3 70 26 21 56 94 56 24 17 67 49
52 45 85 78 102 0 74 23 14 64 63 126 85 104 58 11 90 72 13 86 61 95 61 110 73 68 29 67 94 23 97 9 75 36 74 85 85 46 82 78 102 45 112 95 46 8 46 105 92 35 58
28 59 44 86 70 74 0 51 75 79 14 82 21 79 53 63 105 76 72 29 38 21 64 75 38 11 51 48 24 79 54 73 42 68 86 90 15 62 94 24 68 29 64 52 60 74 45 58 77 61 34
33 40 68 77 89 23 51 0 29 64 41 109 63 94 48 14 93 69 26 67 46 72 56 97 56 45 18 54 71 36 80 25 59 38 74 83 62 43 82 59 89 23 95 78 41 25 34 88 85 32 41
49 34 78 66 91 14 75 29 0 52 63 117 82 93 48 15 77 60 3 83 55 95 50 100 67 72 25 59 98 9 90 5 68 24 62 73 89 35 69 75 93 46 105 88 35 6 39 98 81 24 54
53 24 52 14 50 64 79 64 52 0 66 78 74 47 26 58 29 11 51 69 41 92 15 59 48 84 46 35 103 44 59 55 45 28 10 21 94 21 18 64 53 61 74 59 23 56 37 68 35 32 46
14 45 37 73 62 63 14 41 63 66 0 77 22 70 40 52 92 63 60 27 25 32 51 69 27 18 38 35 38 66 48 62 31 54 73 77 29 48 81 19 61 18 60 46 46 63 31 53 66 47 20
77 84 41 70 28 126 82 109 117 78 77 0 61 32 69 115 83 67 115 53 65 73 69 19 53 92 97 59 93 113 29 119 51 95 74 65 89 84 75 58 25 89 18 31 83 120 80 24 44 93 68
33 60 28 77 53 85 21 63 82 74 22 61 0 62 48 74 96 68 79 8 33 18 59 55 26 32 57 39 35 85 34 82 30 70 78 79 29 63 85 10 50 40 43 32 60 83 47 37 63 64 32
65 59 35 38 9 104 79 94 93 47 70 32 62 0 46 94 51 36 91 54 50 80 43 13 43 88 76 40 97 87 28 95 39 69 42 33 91 58 43 55 12 77 35 30 58 96 60 33 12 69 56
27 15 32 34 44 58 53 48 48 26 40 69 48 46 0 48 53 24 46 45 15 66 11 53 24 58 30 12 77 44 43 50 23 26 33 39 68 16 42 38 45 37 58 42 14 51 14 52 37 24 20
41 36 74 72 91 11 63 14 15 58 52 115 74 94 48 0 86 65 12 75 50 84 52 99 62 59 18 56 85 22 86 11 64 30 68 79 76 38 76 67 91 34 101 84 37 11 35 94 83 26 47
80 53 71 19 58 90 105 93 77 29 92 83 96 51 53 86 0 29 77 91 67 114 42 64 70 110 75 58 129 68 73 81 67 56 20 19 120 50 11 86 61 89 84 74 52 82 65 81 41 61 73
51 29 44 10 39 72 76 69 60 11 63 67 68 36 24 65 29 0 59 62 38 86 13 48 42 81 51 29 100 54 49 63 38 36 10 15 91 27 18 58 42 61 63 49 28 64 37 58 24 39 44
46 32 75 65 89 13 72 26 3 51 60 115 79 91 46 12 77 59 0 80 52 92 48 98 64 69 22 57 95 10 87 4 65 23 61 72 86 33 69 72 91 43 102 85 33 5 36 95 79 22 51
34 57 20 72 45 86 29 67 83 69 27 53 8 54 45 75 91 62 80 0 30 26 54 47 21 39 58 34 43 83 26 83 24 68 72 72 37 60 80 8 42 44 35 24 57 84 45 29 55 62 30
15 27 24 48 44 61 38 46 55 41 25 65 33 50 15 50 67 38 52 30 0 51 26 52 12 43 32 10 62 54 36 56 14 38 48 52 53 30 56 23 44 27 51 34 27 57 16 44 43 33 6
46 77 46 95 71 95 21 72 95 92 32 73 18 80 66 84 114 86 92 26 51 0 77 73 44 30 70 57 20 98 52 94 48 86 96 97 17 80 103 28 68 50 55 50 77 95 63 51 81 79 48
38 16 38 23 42 61 64 56 50 15 51 69 59 43 11 52 42 13 48 54 26 77 0 51 33 69 38 20 88 44 47 52 30 26 22 28 79 15 31 49 44 48 62 46 15 53 24 56 31 26 31
66 66 32 51 9 110 75 97 100 59 69 19 55 13 53 99 64 48 98 47 52 73 51 0 43 85 81 43 90 95 21 102 39 77 55 46 84 66 56 51 8 78 22 23 65 103 64 23 25 76 57
24 38 12 51 35 73 38 56 67 48 27 53 26 43 24 62 70 42 64 21 12 44 33 43 0 45 44 13 59 66 24 68 4 49 52 53 51 40 59 16 35 36 39 22 37 69 28 32 39 45 15
31 62 54 91 80 68 11 45 72 84 18 92 32 88 58 59 110 81 69 39 43 30 69 85 45 0 48 53 26 76 64 69 49 68 91 95 17 65 99 34 78 26 74 62 63 70 48 68 84 61 38
24 22 56 59 73 29 51 18 25 46 38 97 57 76 30 18 75 51 22 58 32 70 38 81 44 48 0 38 74 28 68 25 46 22 56 65 65 25 64 50 73 22 83 66 23 26 17 76 67 15 29
25 27 20 39 35 67 48 54 59 35 35 59 39 40 12 56 58 29 57 34 10 57 20 43 13 53 38 0 71 56 31 61 11 38 39 42 63 28 47 29 35 37 46 30 26 62 21 40 33 35 16
52 83 63 110 88 94 24 71 98 103 38 93 35 97 77 85 129 100 95 43 62 20 88 90 59 26 74 71 0 102 69 95 63 92 110 112 9 86 118 44 85 52 75 67 84 96 69 71 98 85 58
52 29 76 58 86 23 79 36 9 44 66 113 85 87 44 22 68 54 10 83 54 98 44 95 66 76 28 56 102 0 87 14 66 18 54 65 93 29 61 75 88 50 102 86 30 15 38 96 75 21 53
48 58 12 56 19 97 54 80 90 59 48 29 34 28 43 86 73 49 87 26 36 52 47 21 24 64 68 31 69 87 0 91 22 69 59 54 63 59 64 30 16 60 15 2 57 92 51 9 34 66 39
49 36 79 69 93 9 73 25 5 55 62 119 82 95 50 11 81 63 4 83 56 94 52 102 68 69 25 61 95 14 91 0 69 27 65 76 86 37 73 75 95 44 106 89 37 1 40 99 83 26 54
27 37 10 48 31 75 42 59 68 45 31 51 30 39 23 64 67 38 65 24 14 48 30 39 4 49 46 11 63 66 22 69 0 48 48 49 55 39 56 20 31 39 37 20 37 70 29 30 35 45 18
40 11 58 42 68 36 68 38 24 28 54 95 70 69 26 30 56 36 23 68 38 86 26 77 49 68 22 38 92 18 69 27 48 0 38 49 83 11 46 60 70 42 84 68 12 28 23 78 57 7 38
60 34 54 4 47 74 86 74 62 10 73 74 78 42 33 68 20 10 61 72 48 96 22 55 52 91 56 39 110 54 59 65 48 38 0 11 101 31 9 68 50 69 72 59 33 66 45 67 30 42 53
66 43 52 7 39 85 90 83 73 21 77 65 79 33 39 79 19 15 72 72 52 97 28 46 53 95 65 42 112 65 54 76 49 49 11 0 104 41 10 69 42 76 65 55 42 77 52 62 22 53 58
43 74 56 101 82 85 15 62 89 94 29 89 29 91 68 76 120 91 86 37 53 17 79 84 51 17 65 63 9 93 63 86 55 83 101 104 0 77 109 36 79 43 71 61 75 87 60 66 90 76 49
34 3 48 34 57 46 62 43 35 21 48 84 63 58 16 38 50 27 33 60 30 80 15 66 40 65 25 28 86 29 59 37 39 11 31 41 77 0 39 53 59 41 74 58 3 38 17 68 46 12 32
69 42 60 8 49 82 94 82 69 18 81 75 85 43 42 76 11 18 69 80 56 103 31 56 59 99 64 47 118 61 64 73 56 46 9 10 109 39 0 75 52 78 75 64 41 74 54 72 32 50 62
26 50 20 67 46 78 24 59 75 64 19 58 10 55 38 67 86 58 72 8 23 28 49 51 16 34 50 29 44 75 30 75 20 60 68 69 36 53 75 0 44 36 41 28 50 76 37 34 55 54 22
58 59 24 46 3 102 68 89 93 53 61 25 50 12 45 91 61 42 91 42 44 68 44 8 35 78 73 35 85 88 16 95 31 70 50 42 79 59 52 44 0 70 23 18 58 96 56 21 20 69 49
12 38 48 71 70 45 29 23 46 61 18 89 40 77 37 34 89 61 43 44 27 50 48 78 36 26 22 37 52 50 60 44 39 42 69 76 43 41 78 36 70 0 75 58 39 45 24 68 70 35 21
63 73 27 69 26 112 64 95 105 74 60 18 43 35 58 101 84 63 102 35 51 55 62 22 39 74 83 46 75 102 15 106 37 84 72 65 71 74 75 41 23 75 0 17 72 107 66 7 43 81 54
46 57 10 56 21 95 52 78 88 59 46 31 32 30 42 84 74 49 85 24 34 50 46 23 22 62 66 30 67 86 2 89 20 68 59 55 61 58 64 28 18 58 17 0 56 90 49 10 35 65 37
32 1 46 36 56 46 60 41 35 23 46 83 60 58 14 37 52 28 33 57 27 77 15 65 37 63 23 26 84 30 57 37 37 12 33 42 75 3 41 50 58 39 72 56 0 38 15 66 46 11 29
50 37 80 70 94 8 74 25 6 56 63 120 83 96 51 11 82 64 5 84 57 95 53 103 69 70 26 62 96 15 92 1 70 28 66 77 87 38 74 76 96 45 107 90 38 0 41 100 84 27 55
17 14 39 47 56 46 45 34 39 37 31 80 47 60 14 35 65 37 36 45 16 63 24 64 28 48 17 21 69 38 51 40 29 23 45 52 60 17 54 37 56 24 66 49 15 41 0 59 51 17 15
56 67 20 65 24 105 58 88 98 68 53 24 37 33 52 94 81 58 95 29 44 51 56 23 32 68 76 40 71 96 9 99 30 78 67 62 66 68 72 34 21 68 7 10 66 100 59 0 41 75 47
58 47 35 26 17 92 77 85 81 35 66 44 63 12 37 83 41 24 79 55 43 81 31 25 39 84 67 33 98 75 34 83 35 57 30 22 90 46 32 55 20 70 43 35 46 84 51 41 0 57 49
33 10 55 46 67 35 61 32 24 32 47 93 64 69 24 26 61 39 22 62 33 79 26 76 45 61 15 35 85 21 66 26 45 7 42 53 76 12 50 54 69 35 81 65 11 27 17 75 57 0 32
9 29 27 54 49 58 34 41 54 46 20 68 32 56 20 47 73 44 51 30 6 48 31 57 15 38 29 16 58 53 39 54 18 38 53 58 49 32 62 22 49 21 54 37 29 55 15 47 49 32 0
0 1246
385 908
846 1246
751 1079
804 1140
29 338
188 739
576 999
865 1216
24 378
503 771
167 721
116 534
66 477
562 832
26 520
311 582
524 937
111 309
124 421
432 680
852 1246
728 1039
11 303
414 733
389 913
675 965
464 676
660 1035
124 627
668 1206
723 1153
391 844
653 1082
586 1127
234 522
267 644
843 1116
723 948
24 576
819 1246
135 529
344 843
319 841
302 542
141 498
512 958
667 1038
302 831
146 567
167 385
