51
0 65 59 20 22 60 12 8 30 58 13 24 39 40 29 30 14 15 36 43 30 29 60 51 60 71 63 8 61 70 39 35 32 21 29 40 26 39 51 58 26 34 26 23 41 26 60 77 16 28 34
65 0 65 81 75 38 73 69 77 33 68 43 100 44 90 35 60 80 29 51 36 36 32 112 14 65 45 57 13 22 102 30 36 72 36 58 44 89 40 28 88 95 80 87 32 57 49 24 49 90 95
59 65 0 60 80 28 57 57 88 32 71 41 75 26 66 55 45 68 47 19 42 47 34 84 73 13 97 52 73 84 80 46 62 46 47 19 66 97 25 84 82 67 51 72 70 33 17 88 49 83 70
20 81 60 0 33 70 8 12 42 70 28 39 19 50 9 48 22 12 52 49 46 45 72 31 78 73 83 24 79 89 22 51 52 14 45 43 46 46 61 78 25 14 11 12 61 32 67 96 32 25 14
22 75 80 33 0 78 29 26 9 76 9 42 43 59 38 42 36 21 52 63 48 45 78 55 67 91 60 28 68 75 40 51 39 41 45 61 31 17 69 61 16 43 43 25 46 47 79 82 34 17 42
60 38 28 70 78 0 64 62 85 5 69 36 88 20 78 42 49 73 31 22 31 36 6 98 49 27 78 52 49 60 92 31 49 56 36 29 54 95 9 62 86 80 64 80 54 38 11 62 44 88 83
12 73 57 8 29 64 0 4 38 63 22 32 27 44 17 40 15 11 44 43 38 37 65 39 70 70 75 16 71 81 29 43 44 12 37 39 38 44 55 70 25 22 14 16 53 26 62 88 24 26 22
8 69 57 12 26 62 4 0 35 61 19 28 31 42 21 36 13 11 40 42 34 33 63 43 66 70 71 12 67 77 33 39 40 15 33 39 34 42 53 66 25 26 18 18 49 25 61 84 20 26 26
30 77 88 42 9 85 38 35 0 82 17 49 51 66 47 45 44 30 57 71 54 50 84 62 67 99 55 36 68 74 47 56 41 50 50 69 33 12 76 60 23 52 52 34 46 55 86 81 41 24 51
58 33 32 70 76 5 63 61 82 0 67 34 88 20 78 38 48 72 27 23 28 33 2 98 44 32 73 50 44 55 92 27 45 56 33 30 50 93 9 57 84 80 64 79 49 38 16 57 42 86 83
13 68 71 28 9 69 22 19 17 67 0 33 42 50 35 33 27 17 43 54 39 36 69 55 60 82 58 19 61 69 40 42 32 34 36 52 24 26 60 57 20 40 36 24 40 38 70 76 25 22 40
24 43 41 39 42 36 32 28 49 34 33 0 58 17 48 17 17 39 14 22 7 9 36 70 43 50 60 16 44 55 61 13 24 29 9 24 25 59 27 49 50 52 37 46 33 14 37 61 8 52 53
39 100 75 19 43 88 27 31 51 88 42 58 0 68 10 67 41 25 71 66 65 64 90 13 97 88 100 43 98 108 6 70 71 32 64 60 64 50 79 97 29 8 24 18 80 50 85 115 51 28 5
40 44 26 50 59 20 44 42 66 20 50 17 68 0 58 29 29 53 21 7 16 21 22 78 49 33 71 32 50 61 72 20 36 36 21 14 41 76 11 58 66 60 44 60 44 18 20 66 25 68 63
29 90 66 9 38 78 17 21 47 78 35 48 10 58 0 57 31 18 61 57 55 54 80 22 87 79 92 33 88 98 14 60 61 22 54 51 55 48 69 87 26 5 15 13 70 40 75 105 41 26 5
30 35 55 48 42 42 40 36 45 38 33 17 67 29 57 0 29 45 12 36 13 8 40 79 30 62 43 24 31 41 69 11 7 42 8 40 12 57 36 32 53 62 50 53 16 31 48 48 16 55 62
14 60 45 22 36 49 15 13 44 48 27 17 41 29 31 29 0 24 31 29 24 25 50 53 59 57 70 9 60 70 44 30 34 13 25 26 32 53 40 61 38 35 21 31 44 12 48 77 13 39 36
15 80 68 12 21 73 11 11 30 72 17 39 25 53 18 45 24 0 51 53 45 44 74 38 74 81 75 23 75 84 24 50 46 23 44 50 39 34 64 72 14 23 23 8 55 36 72 91 31 15 23
36 29 47 52 52 31 44 40 57 27 43 14 71 21 61 12 31 51 0 28 7 7 28 83 29 53 50 28 30 41 73 1 18 43 7 34 24 68 25 37 62 66 51 58 24 28 37 47 20 64 66
43 51 19 49 63 22 43 42 71 23 54 22 66 7 57 36 29 53 28 0 23 28 25 76 56 28 78 35 57 68 71 27 43 35 28 7 47 80 14 65 67 58 42 59 51 17 19 73 30 68 61
30 36 42 46 48 31 38 34 54 28 39 7 65 16 55 13 24 45 7 23 0 5 30 77 36 49 56 22 37 48 67 6 20 36 5 27 25 65 23 44 56 59 44 52 29 21 35 54 14 58 60
29 36 47 45 45 36 37 33 50 33 36 9 64 21 54 8 25 44 7 28 5 0 34 76 35 54 51 21 36 46 66 6 15 38 0 32 20 62 28 40 55 59 46 51 24 23 40 53 13 57 59
60 32 34 72 78 6 65 63 84 2 69 36 90 22 80 40 50 74 28 25 30 34 0 100 43 33 73 52 43 54 94 29 46 58 34 32 52 95 11 56 86 82 66 81 49 40 17 56 44 88 85
51 112 84 31 55 98 39 43 62 98 55 70 13 78 22 79 53 38 83 76 77 76 100 0 109 97 113 55 110 120 15 82 83 42 76 70 77 60 89 109 39 18 34 31 92 60 95 127 63 38 17
60 14 73 78 67 49 70 66 67 44 60 43 97 49 87 30 59 74 29 56 36 35 43 109 0 75 31 54 1 12 98 30 28 72 35 63 36 79 48 14 80 92 80 82 21 57 59 18 46 82 92
71 65 13 73 91 27 70 70 99 32 82 50 88 33 79 62 57 81 53 28 49 54 33 97 75 0 102 63 75 86 93 53 69 59 54 31 74 108 28 87 95 80 64 85 77 45 16 89 58 96 83
63 45 97 83 60 78 75 71 55 73 58 60 100 71 92 43 70 75 50 78 56 51 73 113 31 102 0 61 32 27 98 51 36 81 51 83 38 65 74 17 76 97 88 82 27 74 86 33 57 77 97
8 57 52 24 28 52 16 12 36 50 19 16 43 32 33 24 9 23 28 35 22 21 52 55 54 63 61 0 55 65 45 27 28 20 21 33 23 45 43 55 34 38 27 30 38 19 52 72 8 36 38
61 13 73 79 68 49 71 67 68 44 61 44 98 50 88 31 60 75 30 57 37 36 43 110 1 75 32 55 0 11 99 31 29 73 36 64 37 80 48 15 81 93 81 83 22 58 59 17 47 83 93
70 22 84 89 75 60 81 77 74 55 69 55 108 61 98 41 70 84 41 68 48 46 54 120 12 86 27 65 11 0 108 42 38 83 46 75 45 85 59 14 89 103 91 92 29 69 70 7 57 91 103
39 102 80 22 40 92 29 33 47 92 40 61 6 72 14 69 44 24 73 71 67 66 94 15 98 93 98 45 99 108 0 72 70 36 66 65 63 45 83 96 24 14 29 16 79 54 89 115 53 23 11
35 30 46 51 51 31 43 39 56 27 42 13 70 20 60 11 30 50 1 27 6 6 29 82 30 53 51 27 31 42 72 0 18 42 6 33 23 68 25 38 61 65 50 57 24 27 37 48 19 63 65
32 36 62 52 39 49 44 40 41 45 32 24 71 36 61 7 34 46 18 43 20 15 46 83 28 69 36 28 29 38 70 18 0 47 15 47 8 53 43 27 52 66 55 54 10 38 55 45 21 54 66
21 72 46 14 41 56 12 15 50 56 34 29 32 36 22 42 13 23 43 35 36 38 58 42 72 59 81 20 73 83 36 42 47 0 38 29 43 56 47 74 37 24 8 26 57 18 53 90 26 38 27
29 36 47 45 45 36 37 33 50 33 36 9 64 21 54 8 25 44 7 28 5 0 34 76 35 54 51 21 36 46 66 6 15 38 0 32 20 62 28 40 55 59 46 51 24 23 40 53 13 57 59
40 58 19 43 61 29 39 39 69 30 52 24 60 14 51 40 26 50 34 7 27 32 32 70 63 31 83 33 64 75 65 33 47 29 32 0 49 78 21 71 64 52 36 55 56 14 25 80 30 65 55
26 44 66 46 31 54 38 34 33 50 24 25 64 41 55 12 32 39 24 47 25 20 52 77 36 74 38 23 37 45 63 23 8 43 20 49 0 45 48 33 44 60 50 47 16 38 60 52 20 46 60
39 89 97 46 17 95 44 42 12 93 26 59 50 76 48 57 53 34 68 80 65 62 95 60 79 108 65 45 80 85 45 68 53 56 62 78 45 0 86 71 22 53 57 35 58 64 96 92 51 22 51
51 40 25 61 69 9 55 53 76 9 60 27 79 11 69 36 40 64 25 14 23 28 11 89 48 28 74 43 48 59 83 25 43 47 28 21 48 86 0 59 77 71 55 71 49 29 12 63 35 79 74
58 28 84 78 61 62 70 66 60 57 57 49 97 58 87 32 61 72 37 65 44 40 56 109 14 87 17 55 15 14 96 38 27 74 40 71 33 71 59 0 77 92 82 80 17 63 71 21 48 78 92
26 88 82 25 16 86 25 25 23 84 20 50 29 66 26 53 38 14 62 67 56 55 86 39 80 95 76 34 81 89 24 61 52 37 55 64 44 22 77 77 0 31 36 13 60 50 86 96 42 2 29
34 95 67 14 43 80 22 26 52 80 40 52 8 60 5 62 35 23 66 58 59 59 82 18 92 80 97 38 93 103 14 65 66 24 59 52 60 53 71 92 31 0 16 18 75 42 77 110 46 31 3
26 80 51 11 43 64 14 18 52 64 36 37 24 44 15 50 21 23 51 42 44 46 66 34 80 64 88 27 81 91 29 50 55 8 46 36 50 57 55 82 36 16 0 23 65 26 61 98 34 36 19
23 87 72 12 25 80 16 18 34 79 24 46 18 60 13 53 31 8 58 59 52 51 81 31 82 85 82 30 83 92 16 57 54 26 51 55 47 35 71 80 13 18 23 0 63 42 78 99 38 13 17
41 32 70 61 46 54 53 49 46 49 40 33 80 44 70 16 44 55 24 51 29 24 49 92 21 77 27 38 22 29 79 24 10 57 24 56 16 58 49 17 60 75 65 63 0 47 61 36 31 62 75
26 57 33 32 47 38 26 25 55 38 38 14 50 18 40 31 12 36 28 17 21 23 40 60 57 45 74 19 58 69 54 27 38 18 23 14 38 64 29 63 50 42 26 42 47 0 36 75 18 51 45
60 49 17 67 79 11 62 61 86 16 70 37 85 20 75 48 48 72 37 19 35 40 17 95 59 16 86 52 59 70 89 37 55 53 40 25 60 96 12 71 86 77 61 78 61 36 0 73 45 87 80
77 24 88 96 82 62 88 84 81 57 76 61 115 66 105 48 77 91 47 73 54 53 56 127 18 89 33 72 17 7 115 48 45 90 53 80 52 92 63 21 96 110 98 99 36 75 73 0 64 98 110
16 49 49 32 34 44 24 20 41 42 25 8 51 25 41 16 13 31 20 30 14 13 44 63 46 58 57 8 47 57 53 19 21 26 13 30 20 51 35 48 42 46 34 38 31 18 45 64 0 44 46
28 90 83 25 17 88 26 26 24 86 22 52 28 68 26 55 39 15 64 68 58 57 88 38 82 96 77 36 83 91 23 63 54 38 57 65 46 22 79 78 2 31 36 13 62 51 87 98 44 0 29
34 95 70 14 42 83 22 26 51 83 40 53 5 63 5 62 36 23 66 61 60 59 85 17 92 83 97 38 93 103 11 65 66 27 59 55 60 51 74 92 29 3 19 17 75 45 80 110 46 29 0
0 1727
666 912
223 430
1254 1478
50 240
474 692
536 724
865 1017
842 1049
523 780
926 1183
99 341
965 1081
616 721
949 1091
110 346
1444 1652
1386 1615
128 358
1508 1727
475 588
1254 1463
1060 1315
770 868
1191 1356
1095 1238
1455 1658
1224 1374
787 923
479 735
1342 1476
1175 1367
799 955
352 476
261 502
459 572
552 809
94 282
463 716
1255 1474
749 893
362 612
1053 1139
1219 1464
193 346
901 1040
1489 1727
192 406
615 863
1516 1727
49 198
