51
0 65 12 25 63 57 71 21 52 60 30 20 21 76 78 66 48 61 38 30 62 39 69 63 17 30 49 13 70 8 46 43 49 2 31 47 9 71 61 40 48 52 30 7 81 31 17 33 60 55 59
65 0 66 78 82 22 53 86 37 98 38 84 44 61 63 82 62 80 64 89 27 38 5 36 52 36 18 66 18 60 23 50 65 65 93 62 59 29 60 94 38 31 36 69 59 90 53 44 11 15 6
12 66 0 37 52 61 65 22 49 49 28 18 23 68 70 55 38 50 27 23 68 46 67 70 14 30 48 25 68 19 44 54 38 14 39 37 8 77 52 30 45 59 32 19 75 24 13 29 62 53 60
25 78 37 0 88 61 95 30 75 84 49 34 38 100 102 91 73 86 63 47 64 42 82 62 42 47 65 14 86 23 64 37 74 23 19 72 34 73 86 59 71 54 44 18 105 48 42 57 69 71 72
63 82 52 88 0 91 41 68 45 27 54 63 61 37 37 3 20 2 25 54 98 84 80 104 50 59 65 76 71 68 60 96 17 65 88 21 55 105 24 46 44 93 65 70 46 54 49 42 84 67 76
57 22 61 61 91 0 70 78 50 103 38 77 38 78 80 92 71 89 69 84 7 19 27 15 49 34 26 52 40 49 31 28 74 56 79 70 53 16 72 91 48 9 30 58 77 85 50 49 11 29 21
71 53 65 95 41 70 0 87 21 67 47 83 58 8 10 39 31 40 42 79 76 73 49 85 54 51 44 81 36 72 40 87 34 73 102 32 62 81 18 76 25 77 57 78 10 80 54 38 60 41 50
21 86 22 30 68 78 87 0 71 56 50 5 42 89 90 71 58 66 47 18 83 60 89 84 36 51 70 28 90 29 66 61 58 22 20 57 28 92 72 29 67 73 51 20 97 18 35 51 81 75 80
52 37 49 75 45 50 21 71 0 65 26 67 37 28 30 45 27 43 33 67 57 52 35 65 35 30 24 62 26 53 19 66 30 54 83 26 43 63 23 68 4 56 36 59 31 68 36 20 42 23 33
60 98 49 84 27 103 67 56 65 0 65 51 67 63 63 30 38 27 34 38 110 91 98 114 55 70 80 73 91 68 75 102 35 62 76 39 56 119 49 27 63 103 74 67 72 38 54 55 99 84 92
30 38 28 49 54 38 47 50 26 65 0 46 11 53 55 56 34 52 31 51 45 30 39 50 14 5 20 36 40 27 16 43 37 31 60 33 22 54 42 56 22 39 11 36 57 52 15 12 35 25 32
20 84 18 34 63 77 83 5 67 51 46 0 40 84 85 66 53 61 42 13 82 59 85 83 32 48 66 29 86 28 62 62 53 21 25 52 25 91 67 25 63 72 49 21 93 14 31 47 79 71 78
21 44 23 38 61 38 58 42 37 67 11 40 0 64 66 63 42 59 36 46 45 24 48 48 12 9 28 25 49 16 26 35 44 21 49 41 15 54 52 53 33 37 9 25 68 47 13 21 39 34 38
76 61 68 100 37 78 8 89 28 63 53 84 64 0 2 34 31 36 42 79 84 80 57 93 59 57 52 86 44 77 47 94 33 78 107 32 67 89 17 76 31 84 63 83 9 80 59 43 68 49 58
78 63 70 102 37 80 10 90 30 63 55 85 66 2 0 34 32 36 43 80 86 82 59 95 61 59 54 88 46 79 49 96 34 80 109 33 69 91 18 77 33 86 65 85 10 81 61 45 70 51 60
66 82 55 91 3 92 39 71 45 30 56 66 63 34 34 0 22 5 28 57 99 86 80 106 53 61 66 79 70 71 61 98 19 68 91 23 58 106 22 49 44 95 67 73 43 57 52 44 85 67 76
48 62 38 73 20 71 31 58 27 38 34 53 42 31 32 22 0 18 11 48 78 64 61 84 33 39 45 60 53 51 40 77 3 50 77 1 39 85 14 45 25 73 45 55 40 49 32 22 64 47 57
61 80 50 86 2 89 40 66 43 27 52 61 59 36 36 5 18 0 23 52 96 82 78 102 48 57 63 74 69 66 58 94 15 63 86 19 53 103 22 45 42 91 63 68 45 53 47 40 82 65 74
38 64 27 63 25 69 42 47 33 34 31 42 36 42 43 28 11 23 0 37 76 60 64 81 25 36 46 51 59 43 41 71 11 40 66 10 30 85 25 35 30 70 42 45 51 38 24 21 65 50 58
30 89 23 47 54 84 79 18 67 38 51 13 46 79 80 57 48 52 37 0 91 69 90 93 37 53 71 41 90 38 67 73 47 32 38 47 31 100 62 12 63 82 55 33 88 1 36 48 85 76 83
62 27 68 64 98 7 76 83 57 110 45 82 45 84 86 99 78 96 76 91 0 23 32 9 56 41 33 56 45 54 38 29 81 61 83 77 60 9 79 98 55 10 37 63 83 92 57 56 16 36 26
39 38 46 42 84 19 73 60 52 91 30 59 24 80 82 86 64 82 60 69 23 0 43 24 36 25 31 33 52 31 33 14 67 38 60 63 38 32 72 76 49 13 19 40 82 70 37 42 27 37 33
69 5 67 82 80 27 49 89 35 98 39 85 48 57 59 80 61 78 64 90 32 43 0 41 53 39 20 70 13 63 23 55 64 68 96 60 61 34 58 94 36 36 39 72 54 91 54 44 16 14 10
63 36 70 62 104 15 85 84 65 114 50 83 48 93 95 106 84 102 81 93 9 24 41 0 59 46 41 56 54 55 46 25 87 62 81 83 62 13 87 100 63 11 40 64 92 94 60 62 25 44 35
17 52 14 42 50 49 54 36 35 55 14 32 12 59 61 53 33 48 25 37 56 36 53 59 0 16 34 28 54 19 30 47 34 19 48 32 8 65 45 42 31 48 19 24 64 38 1 16 48 39 46
30 36 30 47 59 34 51 51 30 70 5 48 9 57 59 61 39 57 36 53 41 25 39 46 16 0 19 34 40 25 17 38 42 30 58 38 23 50 47 58 26 35 6 34 61 54 17 17 32 25 30
49 18 48 65 65 26 44 70 24 80 20 66 28 52 54 66 45 63 46 71 33 31 20 41 34 19 0 52 21 44 5 45 48 49 77 44 42 40 46 76 22 33 21 53 52 72 35 26 19 6 12
13 66 25 14 76 52 81 28 62 73 36 29 25 86 88 79 60 74 51 41 56 33 70 56 28 34 52 0 73 9 51 33 61 11 27 59 22 65 72 52 58 46 31 8 91 42 28 43 58 58 60
70 18 68 86 71 40 36 90 26 91 40 86 49 44 46 70 53 69 59 90 45 52 13 54 54 40 21 73 0 65 24 66 56 70 98 52 62 47 48 93 29 49 42 74 41 91 55 42 29 15 19
8 60 19 23 68 49 72 29 53 68 27 28 16 77 79 71 51 66 43 38 54 31 63 55 19 25 44 9 65 0 42 35 52 7 33 50 13 63 63 48 49 44 24 9 82 39 19 34 53 50 54
46 23 44 64 60 31 40 66 19 75 16 62 26 47 49 61 40 58 41 67 38 33 23 46 30 17 5 51 24 42 0 47 43 47 75 39 38 45 41 71 17 37 20 51 49 68 31 21 24 9 17
43 50 54 37 96 28 87 61 66 102 43 62 35 94 96 98 77 94 71 73 29 14 55 25 47 38 45 33 66 35 47 0 79 42 56 76 46 38 85 83 63 19 32 41 96 74 48 55 39 51 47
49 65 38 74 17 74 34 58 30 35 37 53 44 33 34 19 3 15 11 47 81 67 64 87 34 42 48 61 56 52 43 79 0 51 77 4 40 88 16 43 28 76 48 56 42 48 33 25 67 50 60
2 65 14 23 65 56 73 22 54 62 31 21 21 78 80 68 50 63 40 32 61 38 68 62 19 30 49 11 70 7 47 42 51 0 29 49 11 70 63 42 50 51 29 5 83 33 19 35 59 55 59
31 93 39 19 88 79 102 20 83 76 60 25 49 107 109 91 77 86 66 38 83 60 96 81 48 58 77 27 98 33 75 56 77 29 0 76 40 92 91 49 79 73 57 24 112 38 48 64 85 83 87
47 62 37 72 21 70 32 57 26 39 33 52 41 32 33 23 1 19 10 47 77 63 60 83 32 38 44 59 52 50 39 76 4 49 76 0 38 84 15 45 24 72 44 54 41 48 31 21 63 47 56
9 59 8 34 55 53 62 28 43 56 22 25 15 67 69 58 39 53 30 31 60 38 61 62 8 23 42 22 62 13 38 46 40 11 40 38 0 69 52 38 39 51 24 16 72 32 8 24 54 47 53
71 29 77 73 105 16 81 92 63 119 54 91 54 89 91 106 85 103 85 100 9 32 34 13 65 50 40 65 47 63 45 38 88 70 92 84 69 0 86 107 62 19 46 72 88 101 66 64 21 41 31
61 60 52 86 24 72 18 72 23 49 42 67 52 17 18 22 14 22 25 62 79 72 58 87 45 47 46 72 48 63 41 85 16 63 91 15 52 86 0 59 24 78 53 68 26 63 44 31 65 46 56
40 94 30 59 46 91 76 29 68 27 56 25 53 76 77 49 45 45 35 12 98 76 94 100 42 58 76 52 93 48 71 83 43 42 49 45 38 107 59 0 64 89 61 44 85 11 41 51 90 80 88
48 38 45 71 44 48 25 67 4 63 22 63 33 31 33 44 25 42 30 63 55 49 36 63 31 26 22 58 29 49 17 63 28 50 79 24 39 62 24 64 0 54 32 55 35 64 32 16 41 23 32
52 31 59 54 93 9 77 73 56 103 39 72 37 84 86 95 73 91 70 82 10 13 36 11 48 35 33 46 49 44 37 19 76 51 73 72 51 19 78 89 54 0 29 53 85 83 49 51 20 37 30
30 36 32 44 65 30 57 51 36 74 11 49 9 63 65 67 45 63 42 55 37 19 39 40 19 6 21 31 42 24 20 32 48 29 57 44 24 46 53 61 32 29 0 33 67 56 20 23 30 27 30
7 69 19 18 70 58 78 20 59 67 36 21 25 83 85 73 55 68 45 33 63 40 72 64 24 34 53 8 74 9 51 41 56 5 24 54 16 72 68 44 55 53 33 0 88 34 24 40 62 59 63
81 59 75 105 46 77 10 97 31 72 57 93 68 9 10 43 40 45 51 88 83 82 54 92 64 61 52 91 41 82 49 96 42 83 112 41 72 88 26 85 35 85 67 88 0 89 64 48 67 48 57
31 90 24 48 54 85 80 18 68 38 52 14 47 80 81 57 49 53 38 1 92 70 91 94 38 54 72 42 91 39 68 74 48 33 38 48 32 101 63 11 64 83 56 34 89 0 37 49 86 77 84
17 53 13 42 49 50 54 35 36 54 15 31 13 59 61 52 32 47 24 36 57 37 54 60 1 17 35 28 55 19 31 48 33 19 48 31 8 66 44 41 32 49 20 24 64 37 0 16 49 40 47
33 44 29 57 42 49 38 51 20 55 12 47 21 43 45 44 22 40 21 48 56 42 44 62 16 17 26 43 42 34 21 55 25 35 64 21 24 64 31 51 16 51 23 40 48 49 16 0 44 30 38
60 11 62 69 84 11 60 81 42 99 35 79 39 68 70 85 64 82 65 85 16 27 16 25 48 32 19 58 29 53 24 39 67 59 85 63 54 21 65 90 41 20 30 62 67 86 49 44 0 20 10
55 15 53 71 67 29 41 75 23 84 25 71 34 49 51 67 47 65 50 76 36 37 14 44 39 25 6 58 15 50 9 51 50 55 83 47 47 41 46 80 23 37 27 59 48 77 40 30 20 0 10
59 6 60 72 76 21 50 80 33 92 32 78 38 58 60 76 57 74 58 83 26 33 10 35 46 30 12 60 19 54 17 47 60 59 87 56 53 31 56 88 32 30 30 63 57 84 47 38 10 10 0
0 1287
185 591
384 1128
419 849
536 1191
504 992
16 505
615 1183
396 1287
167 1087
352 817
251 597
366 703
516 927
530 1102
474 1287
181 832
465 1287
80 1006
384 841
577 1166
110 905
610 1287
33 517
423 1221
98 852
268 749
583 1251
134 556
175 1026
214 671
469 1287
495 1165
512 1268
226 1015
537 1258
170 491
374 1248
16 434
140 795
566 1263
459 1271
24 744
427 1123
41 994
415 956
438 1066
481 1002
471 995
203 1133
6 337
