51
0 33 18 38 51 27 17 39 29 48 56 43 21 28 19 16 29 31 65 63 46 21 67 72 92 59 29 73 60 16 60 84 21 93 68 10 66 90 37 88 56 69 51 32 76 57 12 58 28 35 41
33 0 51 61 63 26 50 29 43 17 63 45 35 60 40 22 26 63 34 71 13 49 78 80 92 32 43 81 38 45 34 82 38 92 83 37 62 89 28 90 81 71 58 39 72 75 43 36 14 48 28
18 51 0 34 53 42 3 53 35 65 62 52 30 11 25 33 43 14 82 66 64 18 69 74 98 76 35 76 74 13 77 91 28 99 64 19 75 96 51 94 47 75 57 41 84 53 11 72 45 41 55
38 61 34 0 22 65 37 46 20 67 32 33 26 28 55 54 38 27 82 35 71 17 36 41 67 71 20 45 67 46 71 61 23 69 30 46 51 66 44 63 20 46 29 27 58 19 27 65 48 19 48
51 63 53 22 0 74 56 39 22 63 10 21 31 50 70 63 37 49 75 13 71 35 16 21 45 63 22 23 56 63 63 39 30 47 20 61 31 44 39 41 32 24 9 24 36 15 44 55 49 16 41
27 26 42 65 74 0 39 50 52 43 79 62 43 53 19 11 43 56 59 86 36 48 90 95 113 58 52 96 63 30 60 103 44 113 93 23 83 110 48 109 83 89 74 53 93 82 39 61 34 58 51
17 50 3 37 56 39 0 55 37 65 64 54 32 14 22 31 45 17 82 69 63 21 72 77 100 76 37 79 76 10 77 93 30 101 67 16 77 98 53 96 50 77 59 43 86 56 13 74 45 43 57
39 29 53 46 39 50 55 0 26 24 37 18 24 58 57 41 10 60 36 45 32 41 52 54 63 25 26 54 21 55 25 53 27 63 59 49 33 60 2 62 65 42 32 19 43 54 42 19 16 28 2
29 43 35 20 22 52 37 26 0 47 27 17 9 35 48 41 18 37 62 34 52 18 38 43 63 51 0 44 47 43 51 56 8 64 41 39 40 61 24 59 40 40 22 7 49 32 24 45 29 6 28
48 17 65 67 63 43 65 24 47 0 61 42 42 72 57 39 29 75 17 69 10 58 76 78 84 15 47 78 22 62 17 74 45 84 83 54 54 81 25 83 87 65 56 42 64 78 55 21 20 51 22
56 63 62 32 10 79 64 37 27 61 0 19 36 60 75 68 37 59 70 8 69 44 16 17 36 58 27 18 50 70 58 29 35 37 26 66 21 34 37 32 42 14 5 26 26 25 51 50 49 21 39
43 45 52 33 21 62 54 18 17 42 19 0 22 52 62 51 19 54 54 27 50 35 34 36 51 42 17 37 35 58 42 42 24 51 41 53 23 48 18 47 50 27 14 11 33 36 41 34 31 14 20
21 35 30 26 31 43 32 24 9 42 36 22 0 34 40 32 14 36 58 43 45 17 47 52 72 48 9 53 45 36 49 63 3 73 50 31 45 70 22 68 46 48 31 11 55 40 19 43 22 15 26
28 60 11 28 50 53 14 58 35 72 60 52 34 0 36 44 48 3 89 63 73 17 64 69 95 82 35 73 79 24 83 89 31 97 57 30 75 94 56 91 37 74 56 42 84 46 17 77 52 41 60
19 40 25 55 70 19 22 57 48 57 75 62 40 36 0 18 47 39 74 82 53 38 86 91 111 72 48 92 74 12 74 103 40 112 85 9 85 109 55 107 72 88 70 51 95 74 28 72 42 54 59
16 22 33 54 63 11 31 41 41 39 68 51 32 44 18 0 33 47 56 75 35 37 79 84 102 54 41 85 57 23 56 93 33 102 82 15 73 99 39 98 72 78 63 42 83 71 28 55 25 47 42
29 26 43 38 37 43 45 10 18 29 37 19 14 48 47 33 0 50 44 45 34 31 52 54 70 34 18 55 31 45 35 60 17 70 57 39 40 67 8 66 58 46 32 13 50 49 32 29 12 22 12
31 63 14 27 49 56 17 60 37 75 59 54 36 3 39 47 50 0 92 62 76 19 63 68 94 84 37 72 81 27 85 88 33 96 56 33 76 93 58 90 35 73 56 44 85 45 20 79 55 41 62
65 34 82 82 75 59 82 36 62 17 70 54 58 89 74 56 44 92 0 78 23 75 86 87 86 12 62 84 21 79 14 76 61 86 95 71 57 83 38 85 101 69 67 55 66 90 72 21 37 64 34
63 71 66 35 13 86 69 45 34 69 8 27 43 63 82 75 45 62 78 0 77 48 8 9 32 66 34 10 58 76 65 28 42 34 20 73 26 31 45 28 41 14 13 34 26 23 57 57 57 28 47
46 13 64 71 71 36 63 32 52 10 69 50 45 73 53 35 34 76 23 77 0 61 84 86 94 25 52 86 32 58 27 84 48 94 91 50 64 91 32 93 91 74 64 47 74 83 56 31 23 56 31
21 49 18 17 35 48 21 41 18 58 44 35 17 17 38 37 31 19 75 48 61 0 51 56 80 65 18 58 62 29 66 73 14 81 47 29 58 78 39 76 35 57 39 25 67 36 10 60 38 24 43
67 78 69 36 16 90 72 52 38 76 16 34 47 64 86 79 52 63 86 8 84 51 0 5 33 74 38 10 66 79 73 31 46 35 14 77 33 32 52 29 38 21 20 40 33 20 60 65 64 32 54
72 80 74 41 21 95 77 54 43 78 17 36 52 69 91 84 54 68 87 9 86 56 5 0 28 75 43 5 67 84 74 27 51 30 18 82 31 27 54 24 43 19 22 43 31 25 65 66 66 37 56
92 92 98 67 45 113 100 63 63 84 36 51 72 95 111 102 70 94 86 32 94 80 33 28 0 74 63 23 65 106 73 10 71 2 46 102 30 3 65 4 71 24 41 61 20 53 87 66 79 57 64
59 32 76 71 63 58 76 25 51 15 58 42 48 82 72 54 34 84 12 66 25 65 74 75 74 0 51 72 9 75 2 64 51 74 83 67 45 71 27 73 90 57 55 44 54 78 66 9 31 53 23
29 43 35 20 22 52 37 26 0 47 27 17 9 35 48 41 18 37 62 34 52 18 38 43 63 51 0 44 47 43 51 56 8 64 41 39 40 61 24 59 40 40 22 7 49 32 24 45 29 6 28
73 81 76 45 23 96 79 54 44 78 18 37 53 73 92 85 55 72 84 10 86 58 10 5 23 72 44 0 63 86 71 22 52 25 23 83 27 22 54 19 48 15 23 44 26 30 67 64 67 38 56
60 38 74 67 56 63 76 21 47 22 50 35 45 79 74 57 31 81 21 58 32 62 66 67 65 9 47 63 0 76 8 55 48 65 76 68 36 62 23 64 85 48 47 40 45 71 63 2 32 48 19
16 45 13 46 63 30 10 55 43 62 70 58 36 24 12 23 45 27 79 76 58 29 79 84 106 75 43 86 76 0 76 99 35 107 76 8 81 104 53 102 60 83 65 47 91 65 19 74 44 49 57
60 34 77 71 63 60 77 25 51 17 58 42 49 83 74 56 35 85 14 65 27 66 73 74 73 2 51 71 8 76 0 63 52 73 83 68 44 70 27 72 90 56 54 44 53 78 67 8 32 53 23
84 82 91 61 39 103 93 53 56 74 29 42 63 89 103 93 60 88 76 28 84 73 31 27 10 64 56 22 55 99 63 0 64 10 45 94 20 7 55 9 68 16 34 52 10 50 80 56 69 50 54
21 38 28 23 30 44 30 27 8 45 35 24 3 31 40 33 17 33 61 42 48 14 46 51 71 51 8 52 48 35 52 64 0 72 49 31 47 69 25 67 43 48 30 13 57 39 17 46 25 14 29
93 92 99 69 47 113 101 63 64 84 37 51 73 97 112 102 70 96 86 34 94 81 35 30 2 74 64 25 65 107 73 10 72 0 48 103 30 3 65 6 73 25 42 62 20 55 88 66 79 58 64
68 83 64 30 20 93 67 59 41 83 26 41 50 57 85 82 57 56 95 20 91 47 14 18 46 83 41 23 76 76 83 45 49 48 0 76 46 45 59 42 25 34 29 44 46 11 57 75 69 35 61
10 37 19 46 61 23 16 49 39 54 66 53 31 30 9 15 39 33 71 73 50 29 77 82 102 67 39 83 68 8 68 94 31 103 76 0 76 100 47 98 63 79 61 42 86 65 19 66 36 45 51
66 62 75 51 31 83 77 33 40 54 21 23 45 75 85 73 40 76 57 26 64 58 33 31 30 45 40 27 36 81 44 20 47 30 46 76 0 27 35 29 63 12 22 34 10 46 64 37 49 35 34
90 89 96 66 44 110 98 60 61 81 34 48 70 94 109 99 67 93 83 31 91 78 32 27 3 71 61 22 62 104 70 7 69 3 45 100 27 0 62 3 70 22 39 59 17 52 85 63 76 55 61
37 28 51 44 39 48 53 2 24 25 37 18 22 56 55 39 8 58 38 45 32 39 52 54 65 27 24 54 23 53 27 55 25 65 59 47 35 62 0 63 63 43 32 17 45 53 40 21 14 26 4
88 90 94 63 41 109 96 62 59 83 32 47 68 91 107 98 66 90 85 28 93 76 29 24 4 73 59 19 64 102 72 9 67 6 42 98 29 3 63 0 67 20 37 57 19 49 83 65 77 53 62
56 81 47 20 32 83 50 65 40 87 42 50 46 37 72 72 58 35 101 41 91 35 38 43 71 90 40 48 85 60 90 68 43 73 25 63 63 70 63 67 0 55 41 46 67 18 44 84 68 38 67
69 71 75 46 24 89 77 42 40 65 14 27 48 74 88 78 46 73 69 14 74 57 21 19 24 57 40 15 48 83 56 16 48 25 34 79 12 22 43 20 55 0 18 37 12 37 64 49 57 34 43
51 58 57 29 9 74 59 32 22 56 5 14 31 56 70 63 32 56 67 13 64 39 20 22 41 55 22 23 47 65 54 34 30 42 29 61 22 39 32 37 41 18 0 21 29 24 46 46 44 16 34
32 39 41 27 24 53 43 19 7 42 26 11 11 42 51 42 13 44 55 34 47 25 40 43 61 44 7 44 40 47 44 52 13 62 44 42 34 59 17 57 46 37 21 0 44 36 30 38 25 9 21
76 72 84 58 36 93 86 43 49 64 26 33 55 84 95 83 50 85 66 26 74 67 33 31 20 54 49 26 45 91 53 10 57 20 46 86 10 17 45 19 67 12 29 44 0 49 73 46 59 44 44
57 75 53 19 15 82 56 54 32 78 25 36 40 46 74 71 49 45 90 23 83 36 20 25 53 78 32 30 71 65 78 50 39 55 11 65 46 52 53 49 18 37 24 36 49 0 46 70 61 27 56
12 43 11 27 44 39 13 42 24 55 51 41 19 17 28 28 32 20 72 57 56 10 60 65 87 66 24 67 63 19 67 80 17 88 57 19 64 85 40 83 44 64 46 30 73 46 0 61 35 30 44
58 36 72 65 55 61 74 19 45 21 50 34 43 77 72 55 29 79 21 57 31 60 65 66 66 9 45 64 2 74 8 56 46 66 75 66 37 63 21 65 84 49 46 38 46 70 61 0 30 46 17
28 14 45 48 49 34 45 16 29 20 49 31 22 52 42 25 12 55 37 57 23 38 64 66 79 31 29 67 32 44 32 69 25 79 69 36 49 76 14 77 68 57 44 25 59 61 35 30 0 34 17
35 48 41 19 16 58 43 28 6 51 21 14 15 41 54 47 22 41 64 28 56 24 32 37 57 53 6 38 48 49 53 50 14 58 35 45 35 55 26 53 38 34 16 9 44 27 30 46 34 0 30
41 28 55 48 41 51 57 2 28 22 39 20 26 60 59 42 12 62 34 47 31 43 54 56 64 23 28 56 19 57 23 54 29 64 61 51 34 61 4 62 67 43 34 21 44 56 44 17 17 30 0
0 965
52 557
135 794
356 659
112 824
125 550
285 850
133 584
57 747
301 556
304 642
329 713
145 751
69 358
467 965
385 965
469 939
156 645
133 407
191 460
3 393
381 760
50 430
233 581
383 674
153 716
206 696
324 729
180 825
192 453
228 471
172 820
18 489
338 792
327 583
34 582
102 594
246 856
67 691
210 728
322 954
429 756
246 795
370 828
304 593
434 941
31 590
145 427
227 474
101 526
79 358
