51
0 37 23 72 25 38 65 72 32 41 77 39 21 53 44 42 61 67 21 45 25 45 69 19 19 70 28 39 18 26 37 46 50 31 58 50 26 40 51 23 63 27 43 65 53 23 33 53 55 49 31
37 0 58 64 52 53 41 57 47 32 64 5 20 78 66 42 28 37 16 69 12 34 44 21 38 55 42 60 45 17 39 76 65 39 28 54 17 63 46 27 50 28 43 48 54 14 15 31 25 66 64
23 58 0 74 12 33 78 80 49 52 82 62 44 34 31 63 79 85 44 28 46 56 82 37 24 79 31 29 15 49 42 23 41 51 75 50 49 27 55 37 71 39 64 76 53 45 51 66 73 39 8
72 64 74 0 62 41 32 13 100 33 8 68 73 66 53 101 51 48 67 59 60 30 35 57 54 15 45 50 61 75 35 76 42 95 45 24 75 54 21 49 14 45 102 21 21 63 50 34 47 44 75
25 52 12 62 0 21 68 68 55 42 70 56 44 28 20 67 72 77 41 20 40 46 72 31 16 68 20 17 7 49 31 24 29 56 67 38 49 16 43 29 60 31 68 65 41 40 44 57 66 27 14
38 53 33 41 21 0 54 49 70 28 49 58 51 29 15 79 61 64 46 20 42 32 58 33 19 49 11 10 22 55 16 36 12 68 55 17 55 14 24 26 41 25 80 48 20 43 39 43 55 13 34
65 41 78 32 68 54 0 20 85 26 28 45 57 83 69 83 20 16 51 74 44 22 4 46 54 18 48 64 63 58 38 89 60 79 15 41 58 68 31 43 19 39 84 11 39 47 33 12 17 62 82
72 57 80 13 68 49 20 0 98 31 8 61 70 75 61 98 40 36 64 67 57 27 22 56 57 2 49 58 65 72 38 84 51 92 35 32 72 62 25 49 9 45 99 9 29 60 46 26 37 53 82
32 47 49 100 55 70 85 98 0 68 104 46 28 82 75 18 75 84 34 75 41 72 89 44 51 96 60 71 50 30 67 72 82 8 75 82 30 71 80 51 90 55 19 90 84 38 52 73 72 81 57
41 32 52 33 42 28 26 31 68 0 36 37 40 57 43 68 33 36 34 48 27 4 30 25 28 29 22 38 37 42 12 63 38 62 27 23 42 42 14 18 22 14 69 24 22 30 18 15 27 40 56
77 64 82 8 70 49 28 8 104 36 0 69 76 74 61 104 48 44 70 67 63 32 30 61 60 10 51 58 67 78 41 84 50 98 43 32 78 62 27 54 14 50 105 17 29 66 52 34 45 52 83
39 5 62 68 56 58 45 61 46 37 69 0 21 82 71 39 30 39 18 73 16 39 47 25 42 59 47 65 49 16 44 80 70 38 31 59 16 67 51 32 55 33 40 52 59 17 20 35 28 71 68
21 20 44 73 44 51 57 70 28 40 76 21 0 72 62 28 48 57 6 64 13 44 61 18 33 68 40 56 37 5 42 67 63 22 48 58 5 58 54 26 62 30 29 62 59 10 24 45 45 64 52
53 78 34 66 28 29 83 75 82 57 74 82 72 0 15 95 90 93 69 9 66 61 87 57 40 76 37 19 35 77 45 15 24 84 84 43 77 15 53 51 68 51 96 76 46 67 65 72 84 22 27
44 66 31 53 20 15 69 61 75 43 61 71 62 15 0 86 76 79 58 6 55 47 73 46 29 62 25 6 26 66 31 23 11 75 70 29 66 4 38 39 54 39 87 62 32 56 53 58 70 9 27
42 42 63 101 67 79 83 98 18 68 104 39 28 95 86 0 69 78 34 87 41 72 86 46 60 96 68 81 60 26 70 86 91 12 70 86 26 82 82 54 90 58 1 90 87 38 52 73 67 91 71
61 28 79 51 72 61 20 40 75 33 48 30 48 90 76 69 0 9 44 81 37 30 21 42 56 38 54 71 65 45 45 95 71 67 6 54 45 75 44 43 37 41 70 31 52 40 28 19 6 73 84
67 37 85 48 77 64 16 36 84 36 44 39 57 93 79 78 9 0 51 84 44 32 14 48 61 34 58 74 70 54 48 99 73 76 10 55 54 78 45 49 35 46 79 27 53 47 34 21 12 75 89
21 16 44 67 41 46 51 64 34 34 70 18 6 69 58 34 44 51 0 60 7 38 55 13 29 62 35 52 34 9 36 65 58 28 42 52 9 54 48 21 56 24 35 56 53 4 18 39 39 59 51
45 69 28 59 20 20 74 67 75 48 67 73 64 9 6 87 81 84 60 0 57 52 78 48 31 68 28 10 27 68 36 17 17 76 75 35 68 6 44 42 60 42 88 68 38 58 56 63 75 15 23
25 12 46 60 40 42 44 57 41 27 63 16 13 66 55 41 37 44 7 57 0 31 48 9 26 55 31 49 33 15 30 64 54 35 35 46 15 51 41 16 49 18 42 49 47 3 11 32 32 55 52
45 34 56 30 46 32 22 27 72 4 32 39 44 61 47 72 30 32 38 52 31 0 26 29 32 25 26 42 41 46 16 67 41 66 24 24 46 46 14 22 18 18 73 20 22 34 20 11 24 43 60
69 44 82 35 72 58 4 22 89 30 30 47 61 87 73 86 21 14 55 78 48 26 0 50 58 20 52 68 67 61 42 93 64 83 16 45 61 72 35 47 22 43 87 14 43 51 37 16 19 66 86
19 21 37 57 31 33 46 56 44 25 61 25 18 57 46 46 42 48 13 48 9 29 50 0 17 54 22 40 24 22 24 55 45 39 39 40 22 42 37 8 47 12 47 49 41 10 14 34 36 46 43
19 38 24 54 16 19 54 57 51 28 60 42 33 40 29 60 56 61 29 31 26 32 58 17 0 56 9 23 9 37 19 39 31 49 51 31 37 25 33 13 48 15 61 52 34 27 28 42 50 31 28
70 55 79 15 68 49 18 2 96 29 10 59 68 76 62 96 38 34 62 68 55 25 20 54 56 0 48 59 64 70 37 85 52 90 33 33 70 63 25 47 8 43 97 7 30 58 44 24 35 54 82
28 42 31 45 20 11 48 49 60 22 51 47 40 37 25 68 54 58 35 28 31 26 52 22 9 48 0 19 16 44 11 41 23 58 49 22 44 22 24 15 40 14 69 45 25 32 28 37 48 24 34
39 60 29 50 17 10 64 58 71 38 58 65 56 19 6 81 71 74 52 10 49 42 68 40 23 59 19 0 21 60 26 26 12 70 65 26 60 4 34 33 51 33 82 58 29 50 47 53 65 10 26
18 45 15 61 7 22 63 65 50 37 67 49 37 35 26 60 65 70 34 27 33 41 67 24 9 64 16 21 0 42 27 31 33 49 60 38 42 22 40 22 56 24 61 61 41 33 37 51 59 31 19
26 17 49 75 49 55 58 72 30 42 78 16 5 77 66 26 45 54 9 68 15 46 61 22 37 70 44 60 42 0 44 72 67 22 45 60 0 62 56 30 64 32 27 64 61 12 26 47 42 68 57
37 39 42 35 31 16 38 38 67 12 41 44 42 45 31 70 45 48 36 36 30 16 42 24 19 37 11 26 27 44 0 52 27 63 39 16 44 30 14 16 29 12 71 34 17 32 24 27 39 28 45
46 76 23 76 24 36 89 84 72 63 84 80 67 15 23 86 95 99 65 17 64 67 93 55 39 85 41 26 31 72 52 0 34 74 90 52 72 22 60 52 77 54 87 84 55 64 67 78 89 32 15
50 65 41 42 29 12 60 51 82 38 50 70 63 24 11 91 71 73 58 17 54 41 64 45 31 52 23 12 33 67 27 34 0 80 65 19 67 15 29 38 44 37 92 52 22 55 51 52 65 2 38
31 39 51 95 56 68 79 92 8 62 98 38 22 84 75 12 67 76 28 76 35 66 83 39 49 90 58 70 49 22 63 74 80 0 67 79 22 71 76 47 84 51 13 84 80 32 46 67 64 80 59
58 28 75 45 67 55 15 35 75 27 43 31 48 84 70 70 6 10 42 75 35 24 16 39 51 33 49 65 60 45 39 90 65 67 0 48 45 69 38 39 31 36 71 26 46 38 25 13 3 67 79
50 54 50 24 38 17 41 32 82 23 32 59 58 43 29 86 54 55 52 35 46 24 45 40 31 33 22 26 38 60 16 52 19 79 48 0 60 30 10 32 25 28 87 33 3 48 39 35 48 21 51
26 17 49 75 49 55 58 72 30 42 78 16 5 77 66 26 45 54 9 68 15 46 61 22 37 70 44 60 42 0 44 72 67 22 45 60 0 62 56 30 64 32 27 64 61 12 26 47 42 68 57
40 63 27 54 16 14 68 62 71 42 62 67 58 15 4 82 75 78 54 6 51 46 72 42 25 63 22 4 22 62 30 22 15 71 69 30 62 0 38 36 55 36 83 62 33 52 50 57 69 13 23
51 46 55 21 43 24 31 25 80 14 27 51 54 53 38 82 44 45 48 44 41 14 35 37 33 25 24 34 40 56 14 60 29 76 38 10 56 38 0 29 17 25 83 24 8 44 32 25 38 31 57
23 27 37 49 29 26 43 49 51 18 54 32 26 51 39 54 43 49 21 42 16 22 47 8 13 47 15 33 22 30 16 52 38 47 39 32 30 36 29 0 40 4 55 42 33 18 15 31 37 39 41
63 50 71 14 60 41 19 9 90 22 14 55 62 68 54 90 37 35 56 60 49 18 22 47 48 8 40 51 56 64 29 77 44 84 31 25 64 55 17 40 0 36 91 8 22 52 38 20 33 46 74
27 28 39 45 31 25 39 45 55 14 50 33 30 51 39 58 41 46 24 42 18 18 43 12 15 43 14 33 24 32 12 54 37 51 36 28 32 36 25 4 36 0 59 38 29 20 14 27 35 38 43
43 43 64 102 68 80 84 99 19 69 105 40 29 96 87 1 70 79 35 88 42 73 87 47 61 97 69 82 61 27 71 87 92 13 71 87 27 83 83 55 91 59 0 91 88 39 53 74 68 92 72
65 48 76 21 65 48 11 9 90 24 17 52 62 76 62 90 31 27 56 68 49 20 14 49 52 7 45 58 61 64 34 84 52 84 26 33 64 62 24 42 8 38 91 0 30 52 38 17 28 54 79
53 54 53 21 41 20 39 29 84 22 29 59 59 46 32 87 52 53 53 38 47 22 43 41 34 30 25 29 41 61 17 55 22 80 46 3 61 33 8 33 22 29 88 30 0 49 39 33 46 24 54
23 14 45 63 40 43 47 60 38 30 66 17 10 67 56 38 40 47 4 58 3 34 51 10 27 58 32 50 33 12 32 64 55 32 38 48 12 52 44 18 52 20 39 52 49 0 14 35 35 56 52
33 15 51 50 44 39 33 46 52 18 52 20 24 65 53 52 28 34 18 56 11 20 37 14 28 44 28 47 37 26 24 67 51 46 25 39 26 50 32 15 38 14 53 38 39 14 0 21 22 52 56
53 31 66 34 57 43 12 26 73 15 34 35 45 72 58 73 19 21 39 63 32 11 16 34 42 24 37 53 51 47 27 78 52 67 13 35 47 57 25 31 20 27 74 17 33 35 21 0 13 54 70
55 25 73 47 66 55 17 37 72 27 45 28 45 84 70 67 6 12 39 75 32 24 19 36 50 35 48 65 59 42 39 89 65 64 3 48 42 69 38 37 33 35 68 28 46 35 22 13 0 67 78
49 66 39 44 27 13 62 53 81 40 52 71 64 22 9 91 73 75 59 15 55 43 66 46 31 54 24 10 31 68 28 32 2 80 67 21 68 13 31 39 46 38 92 54 24 56 52 54 67 0 36
31 64 8 75 14 34 82 82 57 56 83 68 52 27 27 71 84 89 51 23 52 60 86 43 28 82 34 26 19 57 45 15 38 59 79 51 57 23 57 41 74 43 72 79 54 52 56 70 78 36 0
0 1727
1278 1410
1401 1652
421 598
414 604
1395 1554
350 471
295 424
51 198
230 318
377 554
444 664
453 679
638 836
333 507
862 1043
424 650
1265 1431
485 664
231 432
268 405
927 1056
443 555
43 183
328 520
1037 1260
93 324
1533 1727
629 806
29 233
53 264
980 1118
806 898
94 312
1447 1603
983 1139
1515 1727
764 994
1351 1520
434 604
949 1157
288 425
998 1157
1507 1698
1323 1571
704 838
913 1004
1285 1538
1195 1400
597 704
1010 1244
