51
0 14 39 53 31 57 52 51 36 17 44 19 54 35 51 38 50 49 27 15 67 42 47 40 52 53 53 24 30 47 41 45 31 32 45 28 48 61 45 8 62 48 62 12 53 21 18 31 45 27 62
14 0 47 57 25 43 66 41 26 29 57 5 58 49 52 26 55 63 41 25 71 56 59 27 65 67 40 13 16 61 55 57 21 42 49 40 54 65 41 14 76 59 69 10 60 19 28 19 55 28 76
39 47 0 19 70 88 41 88 73 48 60 52 20 32 90 73 83 42 36 50 102 40 65 61 29 60 87 45 63 58 42 68 45 10 80 54 12 96 84 33 50 71 89 51 83 32 21 53 8 25 45
53 57 19 0 82 91 59 96 82 65 79 60 1 51 104 81 100 60 55 66 119 59 84 63 45 79 93 50 70 77 61 87 47 29 97 73 7 113 98 46 66 90 108 64 102 38 37 56 22 29 61
31 25 70 82 0 38 80 21 8 34 59 23 83 63 29 14 42 76 53 29 53 69 59 39 83 71 28 36 21 65 66 54 44 63 34 42 78 47 16 37 90 54 58 19 49 44 49 37 76 53 90
57 43 88 91 38 0 109 24 30 68 95 38 92 92 63 24 80 106 84 63 88 99 97 28 108 107 11 43 27 101 98 92 44 85 72 78 90 82 46 57 119 92 96 48 87 56 71 35 96 63 119
52 66 41 59 80 109 0 101 87 46 35 71 60 17 83 89 68 4 27 51 85 11 39 89 16 27 104 72 82 28 14 46 76 34 70 41 52 82 88 54 10 49 67 63 65 61 42 80 37 60 10
51 41 88 96 21 24 101 0 15 55 80 36 97 84 39 15 58 97 74 50 64 90 79 41 103 92 13 47 27 86 87 74 53 83 50 63 93 58 22 55 111 74 74 39 65 58 69 44 96 67 111
36 26 73 82 8 30 87 15 0 41 67 22 83 70 36 6 50 83 60 36 61 76 67 34 88 79 20 35 16 73 73 62 42 68 42 50 79 55 20 40 97 62 66 24 57 44 54 33 81 53 97
17 29 48 65 34 68 46 55 41 0 28 32 66 29 42 45 35 42 19 5 54 35 30 55 50 39 60 41 41 33 32 28 48 38 32 11 59 48 42 25 56 31 45 20 37 38 28 48 52 44 56
44 57 60 79 59 95 35 80 67 28 0 60 80 29 54 72 34 31 24 32 50 26 5 83 48 13 87 68 69 7 22 12 75 50 39 17 72 47 62 51 41 14 32 48 30 63 47 75 61 66 45
19 5 52 60 23 38 71 36 22 32 60 0 61 54 51 21 57 68 46 28 72 61 62 23 70 71 35 13 11 65 60 59 21 47 51 43 57 66 39 19 81 61 71 12 62 22 33 16 60 31 81
54 58 20 1 83 92 60 97 83 66 80 61 0 52 105 82 101 61 56 67 120 60 85 64 46 80 94 51 71 78 62 88 48 30 98 74 8 114 99 47 67 91 109 65 103 39 38 57 23 30 62
35 49 32 51 63 92 17 84 70 29 29 54 52 0 71 72 58 14 10 34 77 8 34 72 21 28 87 55 65 26 10 39 60 23 58 29 44 72 71 37 27 42 60 46 57 45 26 63 32 45 27
51 52 90 104 29 63 83 39 36 42 54 51 105 71 0 42 22 79 61 40 25 73 50 68 92 67 52 64 50 61 69 43 72 80 15 42 99 19 17 59 93 42 37 42 29 70 69 66 94 78 93
38 26 73 81 14 24 89 15 6 45 72 21 82 72 42 0 56 85 62 40 67 78 73 29 90 84 15 32 12 78 76 68 38 68 48 55 78 61 26 40 99 68 72 26 63 43 54 29 81 52 99
50 55 83 100 42 80 68 58 50 35 34 57 101 58 22 56 0 64 48 35 19 58 30 80 79 47 70 68 62 41 54 23 76 73 8 29 94 14 36 58 75 21 16 45 7 71 63 73 86 77 78
49 63 42 60 76 106 4 97 83 42 31 68 61 14 79 85 64 0 23 47 81 7 35 86 19 23 100 69 79 24 10 42 74 34 66 37 53 78 84 51 14 45 63 59 61 59 40 77 38 58 14
27 41 36 55 53 84 27 74 60 19 24 46 56 10 61 62 48 23 0 24 67 16 29 65 31 29 77 48 57 24 14 32 55 26 48 19 48 62 61 30 37 35 53 36 48 41 23 56 38 42 37
15 25 50 66 29 63 51 50 36 5 32 28 67 34 40 40 35 47 24 0 53 40 34 51 55 44 55 37 37 38 37 32 45 41 31 15 60 47 38 23 61 34 47 16 38 36 29 44 55 42 61
67 71 102 119 53 88 85 64 61 54 50 72 120 77 25 67 19 81 67 53 0 76 46 92 98 63 77 84 74 57 72 39 92 92 22 48 113 6 42 75 91 36 21 61 20 88 82 88 105 94 95
42 56 40 59 69 99 11 90 76 35 26 61 60 8 73 78 58 7 16 40 76 0 31 80 22 21 93 63 72 20 4 37 68 30 60 31 52 72 77 45 21 40 58 52 56 53 34 71 38 53 21
47 59 65 84 59 97 39 79 67 30 5 62 85 34 50 73 30 35 29 34 46 31 0 85 53 17 87 71 71 11 27 7 78 55 35 19 77 43 60 54 45 10 28 50 26 67 51 78 66 70 49
40 27 61 63 39 28 89 41 34 55 83 23 64 72 68 29 80 86 65 51 92 80 85 0 84 93 32 17 18 87 79 82 16 60 72 66 62 86 54 35 99 84 94 35 85 30 47 9 69 36 97
52 65 29 45 83 108 16 103 88 50 48 70 46 21 92 90 79 19 31 55 98 22 53 84 0 42 105 67 81 42 26 59 70 25 79 50 38 93 92 51 21 62 80 64 78 55 37 75 23 51 16
53 67 60 79 71 107 27 92 79 39 13 71 80 28 67 84 47 23 29 44 63 21 17 93 42 0 99 77 80 6 18 24 84 51 52 29 72 60 75 59 30 27 43 59 43 70 52 84 59 71 35
53 40 87 93 28 11 104 13 20 60 87 35 94 87 52 15 70 100 77 55 77 93 87 32 105 99 0 43 24 93 91 82 46 82 62 70 91 71 35 54 114 82 86 41 77 56 68 37 95 64 114
24 13 45 50 36 43 72 47 35 41 68 13 51 55 64 32 68 69 48 37 84 63 71 17 67 77 43 0 20 71 62 69 8 43 62 52 48 78 52 18 82 71 82 23 73 13 30 8 53 21 80
30 16 63 70 21 27 82 27 16 41 69 11 71 65 50 12 62 79 57 37 74 72 71 18 81 80 24 20 0 74 71 68 26 58 54 52 67 68 36 30 92 69 77 21 68 32 44 17 71 41 92
47 61 58 77 65 101 28 86 73 33 7 65 78 26 61 78 41 24 24 38 57 20 11 87 42 6 93 71 74 0 17 18 78 48 46 23 70 54 69 53 34 21 39 53 37 65 47 78 58 66 38
41 55 42 61 66 98 14 87 73 32 22 60 62 10 69 76 54 10 14 37 72 4 27 79 26 18 91 62 71 17 0 33 69 33 56 27 54 68 74 44 24 36 54 50 52 54 35 70 41 54 24
45 57 68 87 54 92 46 74 62 28 12 59 88 39 43 68 23 42 32 32 39 37 7 82 59 24 82 69 68 18 33 0 76 58 28 17 80 36 54 53 52 3 21 47 19 66 53 75 70 71 56
31 21 45 47 44 44 76 53 42 48 75 21 48 60 72 38 76 74 55 45 92 68 78 16 70 84 46 8 26 78 69 76 0 45 70 59 46 86 60 25 86 79 90 31 81 15 34 9 53 20 84
32 42 10 29 63 85 34 83 68 38 50 47 30 23 80 68 73 34 26 41 92 30 55 60 25 51 82 43 58 48 33 58 45 0 70 44 22 86 77 28 44 61 79 44 73 30 14 51 14 26 40
45 49 80 97 34 72 70 50 42 32 39 51 98 58 15 48 8 66 48 31 22 60 35 72 79 52 62 62 54 46 56 28 70 70 0 29 91 16 28 53 80 27 24 39 15 66 60 67 84 72 80
28 40 54 73 42 78 41 63 50 11 17 43 74 29 42 55 29 37 19 15 48 31 19 66 50 29 70 52 52 23 27 17 59 44 29 0 66 43 47 36 51 20 36 31 29 49 36 59 57 54 51
48 54 12 7 78 90 52 93 79 59 72 57 8 44 99 78 94 53 48 60 113 52 77 62 38 72 91 48 67 70 54 80 46 22 91 66 0 107 93 41 59 83 101 59 95 35 31 55 15 27 54
61 65 96 113 47 82 82 58 55 48 47 66 114 72 19 61 14 78 62 47 6 72 43 86 93 60 71 78 68 54 68 36 86 86 16 43 107 0 36 69 88 33 21 55 17 82 76 82 100 88 92
45 41 84 98 16 46 88 22 20 42 62 39 99 71 17 26 36 84 61 38 42 77 60 54 92 75 35 52 36 69 74 54 60 77 28 47 93 36 0 52 98 53 52 34 43 60 63 53 90 69 98
8 14 33 46 37 57 54 55 40 25 51 19 47 37 59 40 58 51 30 23 75 45 54 35 51 59 54 18 30 53 44 53 25 28 53 36 41 69 52 0 64 56 70 18 61 13 14 26 41 19 63
62 76 50 66 90 119 10 111 97 56 41 81 67 27 93 99 75 14 37 61 91 21 45 99 21 30 114 82 92 34 24 52 86 44 80 51 59 88 98 64 0 55 73 73 71 71 52 90 44 70 6
48 59 71 90 54 92 49 74 62 31 14 61 91 42 42 68 21 45 35 34 36 40 10 84 62 27 82 71 69 21 36 3 79 61 27 20 83 33 53 56 55 0 18 49 16 69 56 77 73 74 59
62 69 89 108 58 96 67 74 66 45 32 71 109 60 37 72 16 63 53 47 21 58 28 94 80 43 86 82 77 39 54 21 90 79 24 36 101 21 52 70 73 18 0 59 9 83 72 87 91 89 77
12 10 51 64 19 48 63 39 24 20 48 12 65 46 42 26 45 59 36 16 61 52 50 35 64 59 41 23 21 53 50 47 31 44 39 31 59 55 34 18 73 49 59 0 50 28 30 28 57 36 73
53 60 83 102 49 87 65 65 57 37 30 62 103 57 29 63 7 61 48 38 20 56 26 85 78 43 77 73 68 37 52 19 81 73 15 29 95 17 43 61 71 16 9 50 0 74 65 78 86 80 75
21 19 32 38 44 56 61 58 44 38 63 22 39 45 70 43 71 59 41 36 88 53 67 30 55 70 56 13 32 65 54 66 15 30 66 49 35 82 60 13 71 69 83 28 74 0 19 21 40 9 69
18 28 21 37 49 71 42 69 54 28 47 33 38 26 69 54 63 40 23 29 82 34 51 47 37 52 68 30 44 47 35 53 34 14 60 36 31 76 63 14 52 56 72 30 65 19 0 38 27 19 50
31 19 53 56 37 35 80 44 33 48 75 16 57 63 66 29 73 77 56 44 88 71 78 9 75 84 37 8 17 78 70 75 9 51 67 59 55 82 53 26 90 77 87 28 78 21 38 0 61 28 88
45 55 8 22 76 96 37 96 81 52 61 60 23 32 94 81 86 38 38 55 105 38 66 69 23 59 95 53 71 58 41 70 53 14 84 57 15 100 90 41 44 73 91 57 86 40 27 61 0 33 39
27 28 25 29 53 63 60 67 53 44 66 31 30 45 78 52 77 58 42 42 94 53 70 36 51 71 64 21 41 66 54 71 20 26 72 54 27 88 69 19 70 74 89 36 80 9 19 28 33 0 66
62 76 45 61 90 119 10 111 97 56 45 81 62 27 93 99 78 14 37 61 95 21 49 97 16 35 114 80 92 38 24 56 84 40 80 51 54 92 98 63 6 59 77 73 75 69 50 88 39 66 0
0 1439
395 1240
472 767
807 1113
480 1024
21 579
243 962
816 1190
16 377
442 1152
768 1272
473 764
446 1034
685 1439
269 696
790 1439
666 1269
809 1382
567 1142
497 1026
210 706
246 769
140 722
147 928
356 861
182 949
202 838
490 1051
581 1053
773 1439
322 1054
822 1439
532 901
639 1284
641 1439
484 1100
760 1439
274 819
370 909
307 1042
407 1002
745 1350
143 704
805 1334
547 1155
550 1157
68 833
606 1367
814 1439
567 963
619 1064
