51
0 23 16 71 26 26 21 57 48 48 55 51 59 77 63 45 45 50 47 29 52 50 34 17 49 65 64 27 36 8 41 37 53 35 13 30 50 35 28 14 20 38 45 41 21 21 41 48 14 70 19
23 0 37 89 35 20 43 77 35 71 78 67 80 97 82 63 45 73 68 7 68 64 19 7 65 84 83 38 53 16 57 55 72 42 28 12 73 16 40 37 4 36 68 37 10 44 53 50 16 91 21
16 37 0 64 23 33 6 42 55 34 44 38 44 62 47 42 43 39 32 42 38 50 44 33 36 49 48 36 35 21 40 35 37 44 23 46 39 46 36 2 36 50 31 44 37 9 45 57 24 55 26
71 89 64 0 87 96 63 76 118 48 23 87 70 86 83 26 107 28 67 96 86 33 105 82 85 84 83 56 37 79 34 34 77 59 61 91 27 105 54 63 85 73 51 108 83 55 44 65 85 78 89
26 35 23 87 0 19 25 45 34 51 67 32 52 64 49 65 20 62 40 35 33 73 31 35 31 51 50 53 58 23 63 58 39 61 39 47 62 34 54 25 36 63 47 22 40 32 67 74 20 61 14
26 20 33 96 19 0 37 64 22 66 77 51 70 83 68 71 25 72 58 17 52 75 12 24 50 70 69 52 62 18 67 63 58 58 38 32 72 15 53 34 23 54 62 17 29 42 66 68 12 80 7
21 43 6 63 25 37 0 36 58 29 43 33 38 56 42 42 44 37 26 48 34 52 49 38 31 44 43 41 37 27 42 36 32 49 28 51 38 52 41 7 41 55 25 47 42 9 49 62 30 49 30
57 77 42 76 45 64 36 0 78 28 53 18 8 20 7 67 55 48 11 79 16 81 76 74 18 9 7 76 67 61 71 65 6 84 64 87 49 79 75 43 76 91 25 64 78 42 80 97 61 16 59
48 35 55 118 34 22 58 78 0 85 99 61 86 94 79 93 25 94 74 28 63 97 16 42 61 81 80 73 84 40 89 85 72 77 60 45 94 20 74 56 39 71 81 14 45 64 87 85 34 93 29
48 71 34 48 51 66 29 28 85 0 25 40 23 41 35 40 68 20 20 76 39 55 78 65 38 37 35 57 43 55 46 40 30 65 51 78 21 80 56 34 68 76 4 73 69 27 56 78 58 33 59
55 78 44 23 67 77 43 53 99 25 0 64 48 64 60 23 87 6 44 84 63 38 88 71 62 62 60 50 31 63 31 28 54 56 51 82 5 90 48 43 74 69 28 88 73 35 43 66 68 56 70
51 67 38 87 32 51 33 18 61 40 64 0 26 33 18 73 37 59 21 67 2 85 62 65 2 20 19 74 70 52 75 69 13 82 61 79 60 66 74 40 67 88 36 47 70 42 82 95 51 32 46
59 80 44 70 52 70 38 8 86 23 48 26 0 19 13 63 63 43 12 83 24 78 82 76 26 14 13 76 65 64 68 62 14 84 66 89 44 85 75 45 79 93 21 72 80 43 78 97 65 11 64
77 97 62 86 64 83 56 20 94 41 64 33 19 0 15 81 70 61 30 99 31 96 95 93 34 13 14 95 84 81 87 81 25 103 84 107 62 98 94 63 96 111 40 80 98 61 97 116 81 8 78
63 82 47 83 49 68 42 7 79 35 60 18 13 15 0 74 55 55 18 84 16 88 80 78 19 2 1 83 74 66 78 72 10 91 70 92 56 83 82 49 81 97 32 65 83 49 87 104 66 14 63
45 63 42 26 65 71 42 67 93 40 23 73 63 81 74 0 85 22 56 70 73 15 79 56 71 76 74 30 11 53 8 8 66 34 35 65 21 79 28 40 59 48 42 86 57 33 20 43 59 73 64
45 45 43 107 20 25 44 55 25 68 87 37 63 70 55 85 0 81 53 42 39 93 32 48 38 57 56 72 78 39 83 78 49 80 58 57 82 36 73 45 48 78 64 11 53 52 86 90 33 69 27
50 73 39 28 62 72 37 48 94 20 6 59 43 61 55 22 81 0 40 79 59 37 83 66 57 57 55 47 28 58 30 25 50 53 46 77 1 85 45 38 69 66 24 83 68 30 41 63 63 53 65
47 68 32 67 40 58 26 11 74 20 44 21 12 30 18 56 53 40 0 71 19 70 70 64 19 20 18 65 56 52 60 54 10 73 54 77 41 73 64 33 67 81 16 61 68 31 69 86 53 23 52
29 7 42 96 35 17 48 79 28 76 84 67 83 99 84 70 42 79 71 0 68 71 12 14 66 86 85 45 60 21 64 62 74 49 35 17 79 9 47 42 11 43 73 32 17 50 60 57 18 94 21
52 68 38 86 33 52 34 16 63 39 63 2 24 31 16 73 39 59 19 68 0 85 64 66 3 18 17 74 71 53 75 69 11 82 61 80 60 67 74 40 68 88 35 49 71 43 83 95 52 30 47
50 64 50 33 73 75 52 81 97 55 38 85 78 96 88 15 93 37 70 71 85 0 82 57 83 90 88 26 15 57 10 16 79 27 37 63 36 80 24 48 60 41 57 91 55 43 12 32 63 88 69
34 19 44 105 31 12 49 76 16 78 88 62 82 95 80 79 32 83 70 12 64 82 0 26 61 82 81 57 70 26 75 71 70 61 45 29 83 4 59 45 23 55 74 21 29 53 72 69 20 92 19
17 7 33 82 35 24 38 74 42 65 71 65 76 93 78 56 48 66 64 14 66 57 26 0 63 80 79 31 46 13 50 48 68 35 21 14 66 23 33 31 3 30 62 41 5 38 46 44 15 87 21
49 65 36 85 31 50 31 18 61 38 62 2 26 34 19 71 38 57 19 66 3 83 61 63 0 21 20 72 68 50 73 67 12 80 59 77 58 65 72 38 65 86 34 47 68 40 80 93 49 33 45
65 84 49 84 51 70 44 9 81 37 62 20 14 13 2 76 57 57 20 86 18 90 82 80 21 0 2 85 76 68 80 74 12 93 72 94 58 85 84 51 83 99 34 67 85 51 89 106 68 13 65
64 83 48 83 50 69 43 7 80 35 60 19 13 14 1 74 56 55 18 85 17 88 81 79 20 2 0 83 74 67 78 72 11 91 71 93 56 84 82 50 82 98 32 66 84 49 87 104 67 13 64
27 38 36 56 53 52 41 76 73 57 50 74 76 95 83 30 72 47 65 45 74 26 57 31 72 85 83 0 19 34 22 22 73 8 14 37 47 54 2 34 34 19 57 68 29 34 15 21 40 87 46
36 53 35 37 58 62 37 67 84 43 31 70 65 84 74 11 78 28 56 60 71 15 70 46 68 76 74 19 0 44 5 3 66 25 25 55 28 69 17 33 49 38 44 77 46 28 13 35 50 76 55
8 16 21 79 23 18 27 61 40 55 63 52 64 81 66 53 39 58 52 21 53 57 26 13 50 68 67 34 44 0 49 45 56 41 20 27 58 27 35 21 15 40 52 34 18 29 48 52 6 75 12
41 57 40 34 63 67 42 71 89 46 31 75 68 87 78 8 83 30 60 64 75 10 75 50 73 80 78 22 5 49 0 6 69 26 30 59 29 73 20 38 53 40 47 82 50 33 12 35 55 79 60
37 55 35 34 58 63 36 65 85 40 28 69 62 81 72 8 78 25 54 62 69 16 71 48 67 74 72 22 3 45 6 0 63 28 27 57 25 71 20 33 51 41 41 78 49 27 16 38 51 73 56
53 72 37 77 39 58 32 6 72 30 54 13 14 25 10 66 49 50 10 74 11 79 70 68 12 12 11 73 66 56 69 63 0 81 60 82 51 73 72 39 71 87 26 58 73 39 78 94 56 22 53
35 42 44 59 61 58 49 84 77 65 56 82 84 103 91 34 80 53 73 49 82 27 61 35 80 93 91 8 25 41 26 28 81 0 22 37 53 58 9 42 38 14 64 75 32 42 15 13 47 95 53
13 28 23 61 39 38 28 64 60 51 51 61 66 84 70 35 58 46 54 35 61 37 45 21 59 72 71 14 25 20 30 27 60 22 0 31 46 44 15 21 24 27 49 54 22 24 28 35 26 77 32
30 12 46 91 47 32 51 87 45 78 82 79 89 107 92 65 57 77 77 17 80 63 29 14 77 94 93 37 55 27 59 57 82 37 31 0 77 26 39 44 12 28 75 49 9 51 52 42 28 100 33
50 73 39 27 62 72 38 49 94 21 5 60 44 62 56 21 82 1 41 79 60 36 83 66 58 58 56 47 28 58 29 25 51 53 46 77 0 85 45 38 69 66 25 83 68 30 41 63 63 54 65
35 16 46 105 34 15 52 79 20 80 90 66 85 98 83 79 36 85 73 9 67 80 4 23 65 85 84 54 69 27 73 71 73 58 44 26 85 0 56 47 20 52 77 25 26 55 69 66 22 95 22
28 40 36 54 54 53 41 75 74 56 48 74 75 94 82 28 73 45 64 47 74 24 59 33 72 84 82 2 17 35 20 20 72 9 15 39 45 56 0 34 36 21 55 69 31 33 13 22 41 86 47
14 37 2 63 25 34 7 43 56 34 43 40 45 63 49 40 45 38 33 42 40 48 45 31 38 51 50 34 33 21 38 33 39 42 21 44 38 47 34 0 34 48 31 46 35 8 43 55 25 56 27
20 4 36 85 36 23 41 76 39 68 74 67 79 96 81 59 48 69 67 11 68 60 23 3 65 83 82 34 49 15 53 51 71 38 24 12 69 20 36 34 0 32 65 40 6 41 49 46 16 90 22
38 36 50 73 63 54 55 91 71 76 69 88 93 111 97 48 78 66 81 43 88 41 55 30 86 99 98 19 38 40 40 41 87 14 27 28 66 52 21 48 32 0 75 71 26 51 29 14 45 104 51
45 68 31 51 47 62 25 25 81 4 28 36 21 40 32 42 64 24 16 73 35 57 74 62 34 34 32 57 44 52 47 41 26 64 49 75 25 77 55 31 65 75 0 69 66 25 57 77 55 32 55
41 37 44 108 22 17 47 64 14 73 88 47 72 80 65 86 11 83 61 32 49 91 21 41 47 67 66 68 77 34 82 78 58 75 54 49 83 25 69 46 40 71 69 0 46 53 82 85 28 79 22
21 10 37 83 40 29 42 78 45 69 73 70 80 98 83 57 53 68 68 17 71 55 29 5 68 85 84 29 46 18 50 49 73 32 22 9 68 26 31 35 6 26 66 46 0 42 44 40 20 91 26
21 44 9 55 32 42 9 42 64 27 35 42 43 61 49 33 52 30 31 50 43 43 53 38 40 51 49 34 28 29 33 27 39 42 24 51 30 55 33 8 41 51 25 53 42 0 40 55 33 54 35
41 53 45 44 67 66 49 80 87 56 43 82 78 97 87 20 86 41 69 60 83 12 72 46 80 89 87 15 13 48 12 16 78 15 28 52 41 69 13 43 49 29 57 82 44 40 0 23 54 89 60
48 50 57 65 74 68 62 97 85 78 66 95 97 116 104 43 90 63 86 57 95 32 69 44 93 106 104 21 35 52 35 38 94 13 35 42 63 66 22 55 46 14 77 85 40 55 23 0 57 108 63
14 16 24 85 20 12 30 61 34 58 68 51 65 81 66 59 33 63 53 18 52 63 20 15 49 68 67 40 50 6 55 51 56 47 26 28 63 22 41 25 16 45 55 28 20 33 54 57 0 76 6
70 91 55 78 61 80 49 16 93 33 56 32 11 8 14 73 69 53 23 94 30 88 92 87 33 13 13 87 76 75 79 73 22 95 77 100 54 95 86 56 90 104 32 79 91 54 89 108 76 0 75
19 21 26 89 14 7 30 59 29 59 70 46 64 78 63 64 27 65 52 21 47 69 19 21 45 65 64 46 55 12 60 56 53 53 32 33 65 22 47 27 22 51 55 22 26 35 60 63 6 75 0
0 1439
298 824
390 1193
591 1339
243 890
832 1439
635 1263
46 420
525 842
829 1288
405 719
497 865
188 887
327 683
825 1376
689 1391
254 899
839 1439
413 969
825 1329
383 940
752 1198
4 496
5 452
764 1439
54 798
161 762
12 770
238 913
104 693
454 1120
81 935
523 1145
499 910
173 590
661 1243
171 730
360 1097
20 809
507 905
10 717
322 1127
408 784
391 1006
857 1413
50 798
206 573
424 1124
88 678
62 422
7 704
