51
0 86 26 55 93 69 96 83 5 49 55 43 74 75 103 67 69 2 44 84 54 104 101 71 52 38 72 56 47 47 73 16 20 83 54 30 97 36 31 59 78 9 23 62 81 52 57 8 35 93 88
86 0 106 63 63 69 16 82 81 39 31 53 50 11 17 80 32 87 71 73 71 19 16 25 87 54 85 62 59 71 51 99 66 3 67 63 22 56 55 70 60 79 66 50 6 44 30 79 55 10 68
26 106 0 57 95 68 112 76 30 67 76 67 78 95 123 61 93 24 69 82 79 122 119 94 42 52 63 58 52 46 77 10 44 103 79 55 112 50 53 84 80 34 47 68 101 65 78 31 51 110 88
55 63 57 0 38 14 62 31 52 35 44 58 21 56 77 19 67 54 74 29 82 75 72 64 25 25 25 1 10 11 20 55 45 60 79 55 59 27 39 85 23 54 50 14 62 22 47 49 28 63 33
93 63 95 38 0 29 51 29 90 58 63 86 21 62 68 39 85 92 106 19 112 62 61 78 57 59 39 37 47 49 22 93 80 60 108 88 45 61 72 114 15 91 85 33 65 46 66 87 62 56 10
69 69 68 14 29 0 63 18 66 46 55 72 19 63 80 12 78 67 88 15 96 76 73 74 28 39 16 13 24 22 18 67 59 66 93 69 60 41 53 99 14 68 64 20 68 33 58 63 42 66 20
96 16 112 62 51 63 0 75 91 47 42 66 44 24 17 75 47 97 85 65 86 13 10 40 87 60 79 61 61 73 45 105 76 16 82 76 6 62 65 85 52 89 78 48 21 47 43 89 62 6 59
83 82 76 31 29 18 75 0 81 64 72 89 32 78 92 16 95 81 105 10 113 88 85 91 34 56 13 31 41 36 31 78 76 80 110 86 71 58 70 116 23 83 81 37 83 51 75 78 59 79 19
5 81 30 52 90 66 91 81 0 44 50 38 70 70 98 65 64 6 39 81 49 99 96 66 53 33 71 53 43 45 69 20 15 78 49 25 92 31 26 54 75 4 18 58 76 47 52 3 30 88 85
49 39 67 35 58 46 47 64 44 0 9 28 37 28 56 53 32 50 48 58 54 56 53 29 55 15 59 34 27 39 38 60 29 36 50 32 48 17 18 56 46 42 31 27 34 13 12 42 16 44 57
55 31 76 44 63 55 42 72 50 9 0 25 43 20 48 62 23 56 45 66 50 49 46 20 64 24 68 43 36 48 43 68 35 28 46 34 44 26 24 52 52 48 36 35 26 22 3 48 25 38 63
43 53 67 58 86 72 66 89 38 28 25 0 65 42 69 76 26 44 20 85 26 71 68 30 73 33 82 59 48 58 65 57 25 50 22 13 69 31 20 28 73 34 20 54 47 40 24 36 30 60 84
74 50 78 21 21 19 44 32 70 37 43 65 0 46 61 31 66 73 85 23 91 57 54 61 45 38 35 20 28 32 1 76 59 48 87 67 41 40 51 93 10 70 64 12 51 25 46 67 41 47 21
75 11 95 56 62 63 24 78 70 28 20 42 46 0 28 73 25 76 61 69 63 29 26 18 78 43 78 55 50 62 47 88 55 8 59 52 29 45 44 63 56 68 55 43 6 35 19 68 44 18 66
103 17 123 77 68 80 17 92 98 56 48 69 61 28 0 92 47 104 87 82 86 7 7 40 102 71 96 76 75 87 62 116 83 20 82 80 23 73 72 85 69 96 83 63 22 60 47 96 72 14 76
67 80 61 19 39 12 75 16 65 53 62 76 31 73 92 0 85 65 92 21 100 88 85 82 19 43 6 19 28 20 30 62 61 77 97 73 72 45 57 103 26 67 67 30 79 40 65 62 46 78 29
69 32 93 67 85 78 47 95 64 32 23 26 66 25 47 85 0 70 40 89 39 51 48 7 87 47 91 66 59 71 66 83 49 31 35 39 53 47 40 38 75 60 46 58 26 45 20 62 46 41 86
2 87 24 54 92 67 97 81 6 50 56 44 73 76 104 65 70 0 45 82 55 105 102 72 50 37 70 55 45 45 72 14 21 84 55 31 97 35 32 60 77 10 24 61 82 51 58 8 35 94 87
44 71 69 74 106 88 85 105 39 48 45 20 85 61 87 92 40 45 0 103 10 90 87 47 86 49 98 75 64 74 85 59 33 69 10 19 89 47 35 15 93 35 27 74 65 60 44 40 46 79 104
84 73 82 29 19 15 65 10 81 58 66 85 23 69 82 21 89 82 103 0 111 78 75 84 40 54 20 28 39 37 23 82 74 71 107 84 61 56 68 113 14 83 79 31 74 45 69 78 57 70 9
54 71 79 82 112 96 86 113 49 54 50 26 91 63 86 100 39 55 10 111 0 90 87 46 95 57 106 83 72 82 91 69 43 70 4 28 91 55 43 5 99 45 37 80 65 66 47 50 54 80 110
104 19 122 75 62 76 13 88 99 56 49 71 57 29 7 88 51 105 90 78 90 0 3 44 100 70 92 74 74 85 58 115 84 21 86 81 17 72 73 89 65 97 84 61 25 59 48 97 72 12 70
101 16 119 72 61 73 10 85 96 53 46 68 54 26 7 85 48 102 87 75 87 3 0 41 97 67 89 71 71 82 55 112 81 18 83 78 16 69 70 86 62 94 81 58 22 56 45 94 69 9 69
71 25 94 64 78 74 40 91 66 29 20 30 61 18 40 82 7 72 47 84 46 44 41 0 84 44 88 63 56 68 61 85 51 24 42 43 46 46 41 45 70 62 48 54 19 42 17 64 45 34 81
52 87 42 25 57 28 87 34 53 55 64 73 45 78 102 19 87 50 86 40 95 100 97 84 0 41 21 26 28 16 44 45 53 84 93 67 84 42 53 99 42 55 59 39 84 43 67 50 43 88 48
38 54 52 25 59 39 60 56 33 15 24 33 38 43 71 43 47 37 49 54 57 70 67 44 41 0 49 26 15 26 37 45 21 51 54 30 60 2 14 60 45 32 26 26 49 14 27 30 3 58 56
72 85 63 25 39 16 79 13 71 59 68 82 35 78 96 6 91 70 98 20 106 92 89 88 21 49 0 25 34 26 34 66 67 82 103 79 76 51 63 109 29 73 73 35 84 46 71 68 52 82 29
56 62 58 1 37 13 61 31 53 34 43 59 20 55 76 19 66 55 75 28 83 74 71 63 26 26 25 0 11 12 19 56 46 59 80 56 58 28 40 86 22 55 51 13 61 21 46 50 29 62 32
47 59 52 10 47 24 61 41 43 27 36 48 28 50 75 28 59 45 64 39 72 74 71 56 28 15 34 11 0 12 27 49 35 56 69 45 60 17 29 75 32 44 40 16 56 15 39 40 18 62 43
47 71 46 11 49 22 73 36 45 39 48 58 32 62 87 20 71 45 74 37 82 85 82 68 16 26 26 12 12 0 31 45 41 68 79 55 70 27 39 85 34 47 47 25 68 27 51 42 28 74 42
73 51 77 20 22 18 45 31 69 38 43 65 1 47 62 30 66 72 85 23 91 58 55 61 44 37 34 19 27 31 0 75 58 49 87 67 42 39 51 93 9 69 63 11 52 25 46 66 40 48 20
16 99 10 55 93 67 105 78 20 60 68 57 76 88 116 62 83 14 59 82 69 115 112 85 45 45 66 56 49 45 75 0 34 96 69 45 105 43 44 74 78 24 37 65 94 59 70 21 44 103 87
20 66 44 45 80 59 76 76 15 29 35 25 59 55 83 61 49 21 33 74 43 84 81 51 53 21 67 46 35 41 58 34 0 63 41 15 77 19 11 47 66 13 6 47 61 35 37 13 18 73 77
83 3 103 60 60 66 16 80 78 36 28 50 48 8 20 77 31 84 69 71 70 21 18 24 84 51 82 59 56 68 49 96 63 0 66 60 22 53 52 69 57 76 63 47 5 41 27 76 52 10 66
54 67 79 79 108 93 82 110 49 50 46 22 87 59 82 97 35 55 10 107 4 86 83 42 93 54 103 80 69 79 87 69 41 66 0 26 87 52 40 6 95 45 35 76 61 62 43 49 51 76 106
30 63 55 55 88 69 76 86 25 32 34 13 67 52 80 73 39 31 19 84 28 81 78 43 67 30 79 56 45 55 67 45 15 60 26 0 78 28 16 32 75 21 9 56 58 42 33 25 27 70 86
97 22 112 59 45 60 6 71 92 48 44 69 41 29 23 72 53 97 89 61 91 17 16 46 84 60 76 58 60 70 42 105 77 22 87 78 0 62 66 91 48 90 79 45 27 47 45 89 62 12 53
36 56 50 27 61 41 62 58 31 17 26 31 40 45 73 45 47 35 47 56 55 72 69 46 42 2 51 28 17 27 39 43 19 53 52 28 62 0 12 58 47 30 24 28 51 16 29 28 1 60 58
31 55 53 39 72 53 65 70 26 18 24 20 51 44 72 57 40 32 35 68 43 73 70 41 53 14 63 40 29 39 51 44 11 52 40 16 66 12 0 46 59 24 13 40 50 26 26 24 11 62 70
59 70 84 85 114 99 85 116 54 56 52 28 93 63 85 103 38 60 15 113 5 89 86 45 99 60 109 86 75 85 93 74 47 69 6 32 91 58 46 0 101 50 41 82 64 68 49 55 57 79 112
78 60 80 23 15 14 52 23 75 46 52 73 10 56 69 26 75 77 93 14 99 65 62 70 42 45 29 22 32 34 9 78 66 57 95 75 48 47 59 101 0 76 71 19 61 33 55 72 48 56 11
9 79 34 54 91 68 89 83 4 42 48 34 70 68 96 67 60 10 35 83 45 97 94 62 55 32 73 55 44 47 69 24 13 76 45 21 90 30 24 50 76 0 14 58 74 46 50 5 30 86 87
23 66 47 50 85 64 78 81 18 31 36 20 64 55 83 67 46 24 27 79 37 84 81 48 59 26 73 51 40 47 63 37 6 63 35 9 79 24 13 41 71 14 0 52 61 39 36 16 23 73 82
62 50 68 14 33 20 48 37 58 27 35 54 12 43 63 30 58 61 74 31 80 61 58 54 39 26 35 13 16 25 11 65 47 47 76 56 45 28 40 82 19 58 52 0 49 14 38 55 29 49 30
81 6 101 62 65 68 21 83 76 34 26 47 51 6 22 79 26 82 65 74 65 25 22 19 84 49 84 61 56 68 52 94 61 5 61 58 27 51 50 64 61 74 61 49 0 41 25 74 50 15 70
52 44 65 22 46 33 47 51 47 13 22 40 25 35 60 40 45 51 60 45 66 59 56 42 43 14 46 21 15 27 25 59 35 41 62 42 47 16 26 68 33 46 39 14 41 0 25 44 17 47 44
57 30 78 47 66 58 43 75 52 12 3 24 46 19 47 65 20 58 44 69 47 48 45 17 67 27 71 46 39 51 46 70 37 27 43 33 45 29 26 49 55 50 36 38 25 25 0 50 28 37 66
8 79 31 49 87 63 89 78 3 42 48 36 67 68 96 62 62 8 40 78 50 97 94 64 50 30 68 50 40 42 66 21 13 76 49 25 89 28 24 55 72 5 16 55 74 44 50 0 27 86 82
35 55 51 28 62 42 62 59 30 16 25 30 41 44 72 46 46 35 46 57 54 72 69 45 43 3 52 29 18 28 40 44 18 52 51 27 62 1 11 57 48 30 23 29 50 17 28 27 0 60 59
93 10 110 63 56 66 6 79 88 44 38 60 47 18 14 78 41 94 79 70 80 12 9 34 88 58 82 62 62 74 48 103 73 10 76 70 12 60 62 79 56 86 73 49 15 47 37 86 60 0 63
88 68 88 33 10 20 59 19 85 57 63 84 21 66 76 29 86 87 104 9 110 70 69 81 48 56 29 32 43 42 20 87 77 66 106 86 53 58 70 112 11 87 82 30 70 44 66 82 59 63 0
0 1439
25 603
853 1227
98 577
663 1047
508 1113
260 931
688 1439
262 1051
740 1405
159 810
784 1439
545 891
678 1287
408 958
502 1207
544 1076
42 346
197 981
605 905
178 713
14 309
260 638
795 1439
498 825
40 687
263 943
657 1439
748 1439
30 773
122 555
90 854
132 746
499 1192
142 542
359 862
647 1271
308 718
506 1251
100 924
300 635
818 1427
239 820
181 775
857 1439
71 375
76 551
649 1439
153 502
406 933
304 1047
