51
0 83 49 52 9 58 18 64 64 10 15 9 8 44 12 36 39 38 83 98 86 90 69 55 42 73 18 83 83 49 66 32 89 78 56 69 91 86 42 70 105 96 13 90 69 91 51 58 95 12 18
83 0 83 49 80 46 69 50 19 74 86 89 77 41 71 49 59 51 86 51 95 25 54 29 59 17 98 3 13 35 89 53 86 5 38 27 49 88 63 18 34 86 93 58 54 9 32 58 32 75 69
49 83 0 34 40 82 35 38 68 42 35 45 42 61 46 56 27 61 35 68 37 74 38 63 76 81 46 84 74 61 17 42 42 78 75 58 61 38 22 65 86 50 47 57 38 85 57 89 74 38 35
52 49 34 0 45 57 34 12 34 42 47 54 44 35 42 35 13 40 45 46 53 43 19 32 55 48 60 50 40 32 41 24 48 44 48 24 39 48 14 31 57 53 58 39 19 51 26 67 45 40 34
9 80 40 45 0 59 11 57 61 7 8 9 4 43 12 35 32 38 74 91 77 84 62 53 46 72 18 80 78 48 57 27 80 75 56 63 84 77 35 65 99 87 13 83 62 87 48 62 88 5 11
58 46 82 57 59 0 52 66 34 52 67 67 55 22 47 26 56 22 102 88 110 66 73 27 17 29 76 43 54 25 95 40 105 43 10 51 83 105 61 43 79 108 71 88 73 55 31 12 73 56 52
18 69 35 34 11 52 0 46 50 8 17 20 10 34 11 26 21 30 66 80 71 73 51 42 42 61 29 69 67 37 52 16 72 64 47 52 73 69 24 54 88 78 24 72 51 76 37 58 77 6 0
64 50 38 12 57 66 46 0 38 54 57 66 56 45 54 47 25 52 37 34 46 36 7 40 67 52 70 51 38 41 39 36 40 45 57 23 27 40 23 33 49 42 69 27 7 49 35 77 37 52 46
64 19 68 34 61 34 50 38 0 55 67 70 58 22 52 30 42 32 75 54 84 33 44 10 43 14 79 19 21 16 75 34 77 14 24 18 50 78 46 9 47 79 74 56 44 27 13 46 39 56 50
10 74 42 42 7 52 8 54 55 0 15 15 3 36 5 28 29 31 74 88 79 80 59 47 39 65 24 74 73 41 59 22 80 69 49 59 81 77 32 60 95 86 19 80 59 82 42 55 85 4 8
15 86 35 47 8 67 17 57 67 15 0 10 12 50 20 42 34 45 70 91 72 89 61 59 54 78 13 86 84 54 52 33 77 81 63 68 84 73 34 71 104 84 12 82 61 93 54 70 92 11 17
9 89 45 54 9 67 20 66 70 15 10 0 12 51 20 43 41 46 80 100 82 93 71 62 51 80 9 89 87 56 62 36 87 84 64 72 93 83 44 74 108 94 4 92 71 96 57 67 97 14 20
8 77 42 44 4 55 10 56 58 3 12 12 0 39 8 31 31 34 75 90 79 83 61 50 42 68 21 77 76 44 59 25 81 72 52 62 83 78 34 63 98 88 16 82 61 85 45 58 87 4 10
44 41 61 35 43 22 34 45 22 36 50 51 39 0 32 8 34 10 80 71 88 54 52 12 23 29 60 40 43 6 73 19 83 36 14 34 65 83 39 30 68 87 55 70 52 49 12 32 60 39 34
12 71 46 42 12 47 11 54 52 5 20 20 8 32 0 24 31 26 77 88 82 78 61 43 34 61 29 71 71 37 63 20 83 66 44 57 81 80 35 58 93 89 24 81 61 79 39 50 83 9 11
36 49 56 35 35 26 26 47 30 28 42 43 31 8 24 0 31 5 79 76 86 60 54 20 20 37 52 48 50 14 70 14 83 44 21 40 69 82 36 37 75 88 47 73 54 57 18 33 66 31 26
39 59 27 13 32 56 21 25 42 29 34 41 31 34 31 31 0 36 48 59 55 56 30 36 51 55 47 60 52 34 39 17 53 54 48 36 52 51 5 41 70 59 45 51 30 63 30 64 58 27 21
38 51 61 40 38 22 30 52 32 31 45 46 34 10 26 5 36 0 84 81 91 64 59 22 15 37 55 49 53 16 75 19 88 46 18 44 74 87 41 40 78 93 50 78 59 59 22 28 70 34 30
83 86 35 45 74 102 66 37 75 74 70 80 75 80 77 79 48 84 0 49 9 67 32 77 99 89 81 87 73 77 19 65 7 81 93 59 44 3 43 69 74 15 82 36 32 84 71 112 64 71 66
98 51 68 46 91 88 80 34 54 88 91 100 90 71 88 76 59 81 49 0 57 26 30 61 94 64 104 54 38 65 63 69 46 49 78 37 7 49 57 45 26 42 103 13 30 44 59 100 19 86 80
86 95 37 53 77 110 71 46 84 79 72 82 79 88 82 86 55 91 9 57 0 76 41 85 106 98 83 96 82 85 20 72 12 90 101 68 53 8 50 78 83 19 84 44 41 93 79 119 73 75 71
90 25 74 43 84 66 73 36 33 80 89 93 83 54 78 60 56 64 67 26 76 0 37 42 76 39 102 28 13 48 73 58 66 24 57 21 25 68 57 24 15 63 97 34 37 19 42 78 7 79 73
69 54 38 19 62 73 51 7 44 59 61 71 61 52 61 54 30 59 32 30 41 37 0 46 74 57 74 55 41 48 36 43 33 49 63 27 23 34 27 37 48 35 73 21 0 52 42 84 36 57 51
55 29 63 32 53 27 42 40 10 47 59 62 50 12 43 20 36 22 77 61 85 42 46 0 34 19 71 28 31 6 73 26 79 24 17 24 56 80 41 18 56 81 66 61 46 37 6 39 48 48 42
42 59 76 55 46 17 42 67 43 39 54 51 42 23 34 20 51 15 99 94 106 76 74 34 0 43 60 56 64 29 90 34 103 56 21 57 88 102 56 52 90 108 55 93 74 68 35 16 82 43 42
73 17 81 48 72 29 61 52 14 65 78 80 68 29 61 37 55 37 89 64 98 39 57 19 43 0 89 14 26 24 89 45 90 15 22 30 61 91 59 20 51 92 84 68 57 26 25 41 46 67 61
18 98 46 60 18 76 29 70 79 24 13 9 21 60 29 52 47 55 81 104 83 102 74 71 60 89 0 98 96 65 63 45 88 93 73 81 97 84 47 83 117 96 5 95 74 105 66 76 105 23 29
83 3 84 50 80 43 69 51 19 74 86 89 77 40 71 48 60 49 87 54 96 28 55 28 56 14 98 0 16 34 90 53 88 6 35 28 52 89 63 19 37 89 93 61 55 12 32 55 35 75 69
83 13 74 40 78 54 67 38 21 73 84 87 76 43 71 50 52 53 73 38 82 13 41 31 64 26 96 16 0 37 77 51 73 11 44 16 36 75 54 13 26 73 91 45 41 11 32 66 20 73 67
49 35 61 32 48 25 37 41 16 41 54 56 44 6 37 14 34 16 77 65 85 48 48 6 29 24 65 34 37 0 72 21 80 30 16 28 59 80 39 24 62 83 60 64 48 43 6 36 54 43 37
66 89 17 41 57 95 52 39 75 59 52 62 59 73 63 70 39 75 19 63 20 73 36 73 90 89 63 90 77 72 0 56 26 84 87 62 56 22 34 72 84 34 64 50 36 88 67 103 72 55 52
32 53 42 24 27 40 16 36 34 22 33 36 25 19 20 14 17 19 65 69 72 58 43 26 34 45 45 53 51 21 56 0 70 48 33 37 62 68 22 38 73 76 40 63 43 60 21 47 63 22 16
89 86 42 48 80 105 72 40 77 80 77 87 81 83 83 83 53 88 7 46 12 66 33 79 103 90 88 88 73 80 26 70 0 82 96 60 42 4 48 70 72 8 88 33 33 84 74 115 62 77 72
78 5 78 44 75 43 64 45 14 69 81 84 72 36 66 44 54 46 81 49 90 24 49 24 56 15 93 6 11 30 84 48 82 0 35 22 47 83 58 13 36 83 88 56 49 13 27 55 31 70 64
56 38 75 48 56 10 47 57 24 49 63 64 52 14 44 21 48 18 93 78 101 57 63 17 21 22 73 35 44 16 87 33 96 35 0 41 73 96 53 33 70 98 68 78 63 47 22 22 63 52 47
69 27 58 24 63 51 52 23 18 59 68 72 62 34 57 40 36 44 59 37 68 21 27 24 57 30 81 28 16 28 62 37 60 22 41 0 32 61 38 10 36 62 76 38 27 27 22 63 26 58 52
91 49 61 39 84 83 73 27 50 81 84 93 83 65 81 69 52 74 44 7 53 25 23 56 88 61 97 52 36 59 56 62 42 47 73 32 0 45 50 41 30 38 96 9 23 44 53 95 20 79 73
86 88 38 48 77 105 69 40 78 77 73 83 78 83 80 82 51 87 3 49 8 68 34 80 102 91 84 89 75 80 22 68 4 83 96 61 45 0 46 71 75 12 85 36 34 86 74 115 65 74 69
42 63 22 14 35 61 24 23 46 32 34 44 34 39 35 36 5 41 43 57 50 57 27 41 56 59 47 63 54 39 34 22 48 58 53 38 50 46 0 45 71 55 46 48 27 65 35 69 59 30 24
70 18 65 31 65 43 54 33 9 60 71 74 63 30 58 37 41 40 69 45 78 24 37 18 52 20 83 19 13 24 72 38 70 13 33 10 41 71 45 0 38 72 78 48 37 22 19 55 30 60 54
105 34 86 57 99 79 88 49 47 95 104 108 98 68 93 75 70 78 74 26 83 15 48 56 90 51 117 37 26 62 84 73 72 36 70 36 30 75 71 38 0 68 112 39 48 26 57 91 12 94 88
96 86 50 53 87 108 78 42 79 86 84 94 88 87 89 88 59 93 15 42 19 63 35 81 108 92 96 89 73 83 34 76 8 83 98 62 38 12 55 72 68 0 96 29 35 82 77 119 58 84 78
13 93 47 58 13 71 24 69 74 19 12 4 16 55 24 47 45 50 82 103 84 97 73 66 55 84 5 93 91 60 64 40 88 88 68 76 96 85 46 78 112 96 0 94 73 100 61 71 101 18 24
90 58 57 39 83 88 72 27 56 80 82 92 82 70 81 73 51 78 36 13 44 34 21 61 93 68 95 61 45 64 50 63 33 56 78 38 9 36 48 48 39 29 94 0 21 53 58 100 29 78 72
69 54 38 19 62 73 51 7 44 59 61 71 61 52 61 54 30 59 32 30 41 37 0 46 74 57 74 55 41 48 36 43 33 49 63 27 23 34 27 37 48 35 73 21 0 52 42 84 36 57 51
91 9 85 51 87 55 76 49 27 82 93 96 85 49 79 57 63 59 84 44 93 19 52 37 68 26 105 12 11 43 88 60 84 13 47 27 44 86 65 22 26 82 100 53 52 0 40 67 25 82 76
51 32 57 26 48 31 37 35 13 42 54 57 45 12 39 18 30 22 71 59 79 42 42 6 35 25 66 32 32 6 67 21 74 27 22 22 53 74 35 19 57 77 61 58 42 40 0 42 48 43 37
58 58 89 67 62 12 58 77 46 55 70 67 58 32 50 33 64 28 112 100 119 78 84 39 16 41 76 55 66 36 103 47 115 55 22 63 95 115 69 55 91 119 71 100 84 67 42 0 85 59 58
95 32 74 45 88 73 77 37 39 85 92 97 87 60 83 66 58 70 64 19 73 7 36 48 82 46 105 35 20 54 72 63 62 31 63 26 20 65 59 30 12 58 101 29 36 25 48 85 0 83 77
12 75 38 40 5 56 6 52 56 4 11 14 4 39 9 31 27 34 71 86 75 79 57 48 43 67 23 75 73 43 55 22 77 70 52 58 79 74 30 60 94 84 18 78 57 82 43 59 83 0 6
18 69 35 34 11 52 0 46 50 8 17 20 10 34 11 26 21 30 66 80 71 73 51 42 42 61 29 69 67 37 52 16 72 64 47 52 73 69 24 54 88 78 24 72 51 76 37 58 77 6 0
0 2159
1338 1456
1387 1696
59 237
545 730
782 965
1717 1950
1764 1891
657 927
1200 1323
13 139
1821 2083
1576 1752
1420 1678
764 1040
675 817
1434 1701
185 415
603 760
1412 1627
1380 1501
61 200
183 299
841 1088
1872 2022
330 608
1600 1778
1678 1927
180 489
1434 1698
1921 2139
76 358
533 643
1926 2159
612 915
123 338
460 727
832 1151
1429 1733
1496 1749
1022 1260
1735 1938
632 827
140 407
970 1230
806 914
789 1039
125 433
576 828
311 574
1530 1790
