51
0 58 45 43 55 13 24 13 40 22 61 37 48 38 17 63 20 52 57 2 39 47 53 50 65 55 34 22 5 46 47 20 21 44 43 52 52 58 22 52 41 53 28 46 27 8 11 13 67 54 18
58 0 100 18 12 68 64 53 95 79 54 48 32 20 41 15 78 6 26 56 88 55 35 58 11 81 25 36 54 22 81 48 40 16 69 67 40 6 74 52 52 60 30 20 33 55 48 70 9 111 74
45 100 0 88 95 33 37 58 5 29 79 82 79 80 60 108 32 94 90 46 14 63 98 64 106 88 75 65 50 83 78 52 60 84 79 57 79 101 49 70 86 67 71 91 72 53 56 32 109 12 41
43 18 88 0 25 56 57 36 83 64 60 30 38 16 29 20 62 18 38 43 80 58 20 61 29 63 19 24 38 28 63 41 32 21 51 69 46 15 57 57 34 64 18 4 16 39 32 56 26 97 58
55 12 95 25 0 63 59 53 90 76 43 55 22 18 38 27 75 7 14 53 83 46 45 49 11 88 21 33 52 14 86 43 35 11 76 58 29 18 73 42 59 50 29 29 35 53 46 67 17 106 72
13 68 33 56 63 0 16 26 28 14 61 50 52 48 27 75 15 62 63 13 26 45 66 48 74 65 43 32 18 53 56 22 28 52 54 46 55 68 28 51 54 51 38 59 40 21 24 4 77 43 20
24 64 37 57 59 16 0 36 32 30 46 60 42 45 30 75 31 58 53 22 24 30 71 32 70 78 40 33 28 46 71 16 25 48 66 30 42 67 43 36 64 35 39 60 43 31 32 20 73 48 36
13 53 58 36 53 26 36 0 53 32 69 24 51 35 16 56 29 49 58 14 52 57 41 60 62 43 32 20 8 47 37 29 25 42 30 64 57 51 21 60 28 63 24 38 20 5 7 26 62 66 23
40 95 5 83 90 28 32 53 0 24 75 77 74 75 55 103 27 89 85 41 10 59 93 60 101 83 70 60 45 78 73 47 55 79 74 53 74 96 44 66 81 63 66 86 67 48 51 27 104 16 36
22 79 29 64 76 14 30 32 24 0 75 55 66 59 38 84 3 73 77 23 28 59 73 62 86 59 55 43 26 67 49 36 42 65 50 60 69 79 20 65 58 65 49 67 48 27 32 10 88 34 12
61 54 79 60 43 61 46 69 75 75 0 83 22 45 53 69 76 48 29 59 65 16 80 15 52 112 44 51 63 32 106 41 44 39 99 24 14 59 83 10 88 13 52 64 60 66 62 65 60 91 79
37 48 82 30 55 50 60 24 77 55 83 0 61 39 32 44 52 48 64 38 76 73 21 76 59 33 39 32 32 53 33 48 41 47 21 83 69 44 38 75 5 79 31 28 23 29 28 50 55 89 43
48 32 79 38 22 52 42 51 74 66 22 61 0 23 35 47 67 26 11 46 66 24 58 27 33 92 22 31 48 10 88 30 27 17 79 36 8 37 70 20 66 28 30 42 38 51 44 56 39 90 66
38 20 80 16 18 48 45 35 75 59 45 39 23 0 21 31 58 14 25 36 69 42 36 45 27 71 5 16 35 14 68 29 20 8 58 54 31 22 56 41 44 48 11 20 17 36 29 50 29 91 55
17 41 60 29 38 27 30 16 55 38 53 32 35 21 0 48 37 35 42 15 52 42 41 45 48 59 17 5 14 31 53 16 9 27 46 51 41 41 36 44 37 48 11 32 13 16 9 29 50 70 34
63 15 108 20 27 75 75 56 103 84 69 44 47 31 48 0 82 21 41 63 99 70 26 73 23 76 36 43 58 37 77 59 50 31 65 82 55 10 77 67 47 75 37 18 36 59 52 76 15 117 78
20 78 32 62 75 15 31 29 27 3 76 52 67 58 37 82 0 72 77 22 31 60 70 63 85 56 54 42 24 66 46 37 41 64 47 61 70 77 17 66 55 66 48 65 46 24 30 11 87 37 9
52 6 94 18 7 62 58 49 89 73 48 48 26 14 35 21 72 0 21 50 82 49 38 52 13 81 19 30 49 16 80 42 34 10 69 61 34 11 70 46 52 54 25 22 29 50 43 64 15 105 69
57 26 90 38 14 63 53 58 85 77 29 64 11 25 42 41 77 21 0 55 77 35 58 36 23 96 26 38 56 11 93 41 36 17 83 46 16 32 78 29 69 37 35 42 42 58 51 67 31 101 75
2 56 46 43 53 13 22 14 41 23 59 38 46 36 15 63 22 50 55 0 39 45 53 48 63 56 32 20 6 44 49 18 19 42 44 50 50 56 24 50 42 51 26 46 27 9 11 14 65 55 20
39 88 14 80 83 26 24 52 10 28 65 76 66 69 52 99 31 82 77 39 0 49 92 50 94 87 64 56 44 70 77 40 49 72 78 43 65 91 48 56 80 53 62 83 65 47 50 27 97 26 40
47 55 63 58 46 45 30 57 59 59 16 73 24 42 42 70 60 49 35 45 49 0 78 3 57 100 39 41 50 33 93 28 33 40 87 12 19 60 69 7 78 6 44 62 52 53 50 49 63 75 64
53 35 98 20 45 66 71 41 93 73 80 21 58 36 41 26 70 38 58 53 92 78 0 81 46 51 39 39 48 48 52 57 48 41 40 89 66 30 59 77 22 84 34 16 28 46 42 66 40 107 63
50 58 64 61 49 48 32 60 60 62 15 76 27 45 45 73 63 52 36 48 50 3 81 0 59 103 42 44 53 36 96 31 36 43 90 10 20 63 72 7 81 3 47 65 55 56 53 52 66 76 67
65 11 106 29 11 74 70 62 101 86 52 59 33 27 48 23 85 13 23 63 94 57 46 59 0 92 32 43 62 25 92 54 46 22 80 69 39 16 83 52 63 60 38 31 42 63 56 77 8 117 82
55 81 88 63 88 65 78 43 83 59 112 33 92 71 59 76 56 81 96 56 87 100 51 103 92 0 70 61 50 85 10 72 68 79 13 106 99 77 39 103 29 106 62 61 54 47 50 62 88 90 47
34 25 75 19 21 43 40 32 70 55 44 39 22 5 17 36 54 19 26 32 64 39 39 42 32 70 0 12 31 15 67 24 15 10 57 50 30 27 52 38 44 45 9 23 16 32 25 46 34 86 51
22 36 65 24 33 32 33 20 60 43 51 32 31 16 5 43 42 30 38 20 56 41 39 44 43 61 12 0 19 27 57 18 9 22 48 51 38 36 40 43 37 47 6 27 11 20 13 34 45 75 39
5 54 50 38 52 18 28 8 45 26 63 32 48 35 14 58 24 49 56 6 44 50 48 53 62 50 31 19 0 45 43 22 21 41 38 56 53 53 22 54 36 56 25 41 22 3 6 18 63 59 20
46 22 83 28 14 53 46 47 78 67 32 53 10 14 31 37 66 16 11 44 70 33 48 36 25 85 15 27 45 0 82 31 25 7 72 45 18 27 67 30 58 38 24 32 31 47 40 57 31 94 64
47 81 78 63 86 56 71 37 73 49 106 33 88 68 53 77 46 80 93 49 77 93 52 96 92 10 67 57 43 82 0 65 62 76 12 99 94 77 29 97 30 99 59 61 51 40 44 53 88 80 37
20 48 52 41 43 22 16 29 47 36 41 48 30 29 16 59 37 42 41 18 40 28 57 31 54 72 24 18 22 31 65 0 9 32 59 35 33 51 42 32 53 34 23 44 29 25 22 26 57 63 38
21 40 60 32 35 28 25 25 55 42 44 41 27 20 9 50 41 34 36 19 49 33 48 36 46 68 15 9 21 25 62 9 0 24 55 42 32 42 43 35 46 39 14 35 20 24 18 32 49 71 39
44 16 84 21 11 52 48 42 79 65 39 47 17 8 27 31 64 10 17 42 72 40 41 43 22 79 10 22 41 7 76 32 24 0 66 52 25 21 62 37 52 45 19 25 25 42 35 56 25 95 61
43 69 79 51 76 54 66 30 74 50 99 21 79 58 46 65 47 69 83 44 78 87 40 90 80 13 57 48 38 72 12 59 55 66 0 94 86 65 31 90 18 93 49 49 41 35 37 52 76 84 38
52 67 57 69 58 46 30 64 53 60 24 83 36 54 51 82 61 61 46 50 43 12 89 10 69 106 50 51 56 45 99 35 42 52 94 0 30 72 73 17 88 11 55 73 62 59 57 50 75 69 66
52 40 79 46 29 55 42 57 74 69 14 69 8 31 41 55 70 34 16 50 65 19 66 20 39 99 30 38 53 18 94 33 32 25 86 30 0 45 74 13 74 21 38 50 46 56 50 59 46 90 70
58 6 101 15 18 68 67 51 96 79 59 44 37 22 41 10 77 11 32 56 91 60 30 63 16 77 27 36 53 27 77 51 42 21 65 72 45 0 72 57 48 65 30 16 31 54 47 70 11 111 73
22 74 49 57 73 28 43 21 44 20 83 38 70 56 36 77 17 70 78 24 48 69 59 72 83 39 52 40 22 67 29 42 43 62 31 73 74 72 0 74 40 75 45 59 41 20 27 24 83 53 8
52 52 70 57 42 51 36 60 66 65 10 75 20 41 44 67 66 46 29 50 56 7 77 7 52 103 38 43 54 30 97 32 35 37 90 17 13 57 74 0 80 8 45 61 53 57 53 55 59 82 69
41 52 86 34 59 54 64 28 81 58 88 5 66 44 37 47 55 52 69 42 80 78 22 81 63 29 44 37 36 58 30 53 46 52 18 88 74 48 40 80 0 84 36 32 28 33 33 54 59 92 46
53 60 67 64 50 51 35 63 63 65 13 79 28 48 48 75 66 54 37 51 53 6 84 3 60 106 45 47 56 38 99 34 39 45 93 11 21 65 75 8 84 0 50 68 58 59 56 55 67 79 70
28 30 71 18 29 38 39 24 66 49 52 31 30 11 11 37 48 25 35 26 62 44 34 47 38 62 9 6 25 24 59 23 14 19 49 55 38 30 45 45 36 50 0 21 8 26 19 40 39 81 45
46 20 91 4 29 59 60 38 86 67 64 28 42 20 32 18 65 22 42 46 83 62 16 65 31 61 23 27 41 32 61 44 35 25 49 73 50 16 59 61 32 68 21 0 19 42 35 59 27 100 61
27 33 72 16 35 40 43 20 67 48 60 23 38 17 13 36 46 29 42 27 65 52 28 55 42 54 16 11 22 31 51 29 20 25 41 62 46 31 41 53 28 58 8 19 0 23 16 40 42 81 42
8 55 53 39 53 21 31 5 48 27 66 29 51 36 16 59 24 50 58 9 47 53 46 56 63 47 32 20 3 47 40 25 24 42 35 59 56 54 20 57 33 59 26 42 23 0 7 21 64 61 19
11 48 56 32 46 24 32 7 51 32 62 28 44 29 9 52 30 43 51 11 50 50 42 53 56 50 25 13 6 40 44 22 18 35 37 57 50 47 27 53 33 56 19 35 16 7 0 24 57 65 26
13 70 32 56 67 4 20 26 27 10 65 50 56 50 29 76 11 64 67 14 27 49 66 52 77 62 46 34 18 57 53 26 32 56 52 50 59 70 24 55 54 55 40 59 40 21 24 0 79 41 16
67 9 109 26 17 77 73 62 104 88 60 55 39 29 50 15 87 15 31 65 97 63 40 66 8 88 34 45 63 31 88 57 49 25 76 75 46 11 83 59 59 67 39 27 42 64 57 79 0 120 83
54 111 12 97 106 43 48 66 16 34 91 89 90 91 70 117 37 105 101 55 26 75 107 76 117 90 86 75 59 94 80 63 71 95 84 69 90 111 53 82 92 79 81 100 81 61 65 41 120 0 46
18 74 41 58 72 20 36 23 36 12 79 43 66 55 34 78 9 69 75 20 40 64 63 67 82 47 51 39 20 64 37 38 39 61 38 66 70 73 8 69 46 70 45 61 42 19 26 16 83 46 0
0 1079
408 1040
98 534
461 808
635 1053
235 742
385 935
400 624
294 773
119 475
293 523
22 310
409 870
416 928
593 1012
389 763
438 878
49 659
69 333
618 1079
149 727
513 1079
250 732
450 1069
584 946
603 1079
25 308
472 818
580 1079
635 1079
487 975
85 468
524 747
581 1079
120 359
343 762
610 1079
548 787
370 982
60 436
212 660
442 1049
494 908
63 392
489 786
402 898
571 993
452 669
560 865
12 599
567 810
