51
0 45 39 77 90 70 86 66 25 33 54 35 62 50 71 95 59 65 38 36 8 30 97 63 53 85 30 27 92 13 69 52 60 40 82 74 26 53 61 27 106 39 48 62 95 9 59 61 94 23 43
45 0 6 74 75 57 110 54 70 71 43 56 22 50 82 112 84 80 79 31 40 72 97 26 85 90 72 53 77 40 67 55 32 54 73 93 29 72 60 18 90 20 41 17 112 45 36 51 75 22 43
39 6 0 73 76 58 106 54 64 65 42 51 27 47 79 109 79 77 73 28 34 66 96 30 80 88 66 48 78 34 66 52 34 50 74 89 24 68 58 12 92 17 39 23 109 39 37 50 77 16 40
77 74 73 0 24 19 58 21 88 67 31 46 61 28 25 51 48 30 75 47 70 75 23 56 62 20 75 53 25 64 8 25 45 39 8 41 56 36 16 73 38 56 35 72 50 68 39 23 31 74 35
90 75 76 24 0 20 82 24 106 87 36 64 57 43 49 74 72 54 96 55 83 94 38 52 85 42 94 71 2 77 27 43 43 57 16 65 65 59 34 80 16 61 42 68 73 82 39 29 7 82 47
70 57 58 19 20 0 73 4 86 67 16 44 43 23 40 69 57 43 76 35 63 74 42 38 70 39 74 51 22 57 15 24 27 37 16 56 45 44 17 60 36 41 22 54 68 62 21 9 24 62 27
86 110 106 58 82 73 0 72 77 54 73 55 106 62 33 16 27 31 55 79 83 61 51 102 35 41 61 60 83 78 58 57 91 56 66 17 82 38 58 100 93 90 71 115 17 78 85 70 89 97 68
66 54 54 21 24 4 72 0 82 63 12 40 40 19 39 69 54 41 72 31 59 70 44 35 66 39 70 47 26 53 15 20 24 33 20 55 41 41 14 56 40 37 18 51 68 58 18 5 28 58 23
25 70 64 88 106 86 77 82 0 24 71 42 84 63 73 89 53 67 23 56 31 16 102 84 42 89 16 35 108 33 80 63 81 49 93 69 47 56 72 52 122 60 65 87 90 27 79 77 110 48 60
33 71 65 67 87 67 54 63 24 0 56 23 79 44 49 65 29 43 9 46 33 8 78 77 20 65 8 19 89 31 61 44 70 30 74 45 42 32 53 54 103 55 50 83 66 28 66 58 91 51 44
54 43 42 31 36 16 73 12 71 56 0 33 34 12 42 73 52 42 65 19 47 61 54 29 61 47 61 37 38 41 24 16 18 26 32 56 29 38 17 44 52 25 6 44 72 46 12 8 40 46 12
35 56 51 46 64 44 55 40 42 23 33 0 59 21 36 61 28 31 32 26 30 30 62 57 30 50 30 8 66 25 38 21 48 7 51 40 27 19 30 45 80 37 27 65 61 26 43 35 68 43 21
62 22 27 61 57 43 106 40 84 79 34 59 0 44 76 107 84 75 88 33 55 82 84 5 89 79 82 60 59 51 55 49 16 54 59 89 37 70 51 37 70 24 35 11 106 57 22 39 55 41 40
50 50 47 28 43 23 62 19 63 44 12 21 44 0 32 63 40 31 53 19 43 51 50 40 49 41 51 28 45 37 20 5 30 14 33 45 28 26 12 45 59 30 9 53 62 41 24 14 47 46 7
71 82 79 25 49 40 33 39 73 49 42 36 76 32 0 31 24 6 55 51 66 57 29 71 39 16 57 44 50 60 25 27 60 32 33 16 58 18 25 76 63 62 41 85 30 62 54 37 56 76 39
95 112 109 51 74 69 16 69 89 65 73 61 107 63 31 0 36 32 68 81 91 73 38 102 48 32 73 68 75 86 54 58 91 60 59 21 86 42 56 104 82 92 72 116 1 86 85 68 81 103 70
59 84 79 48 72 57 27 54 53 29 52 28 84 40 24 36 0 18 33 53 56 37 52 80 15 39 37 33 73 51 45 36 70 30 56 16 55 14 40 73 86 64 49 92 37 51 64 51 79 70 44
65 80 77 30 54 43 31 41 67 43 42 31 75 31 6 32 18 0 49 49 61 51 35 71 33 22 51 38 55 56 28 26 60 28 38 14 54 12 27 72 68 60 40 84 32 56 54 39 61 72 38
38 79 73 75 96 76 55 72 23 9 65 32 88 53 55 68 33 49 0 55 39 8 84 86 20 71 8 28 98 39 69 53 79 39 82 49 51 39 62 61 112 64 59 92 69 34 75 67 100 57 53
36 31 28 47 55 35 79 31 56 46 19 26 33 19 51 81 53 49 55 0 28 50 69 31 56 60 50 27 57 23 39 24 25 23 50 62 10 41 31 26 71 11 13 39 81 29 23 26 59 27 12
8 40 34 70 83 63 83 59 31 33 47 30 55 43 66 91 56 61 39 28 0 32 91 55 51 79 32 23 85 6 62 45 52 34 75 70 18 49 54 22 99 31 41 56 91 5 51 54 87 18 36
30 72 66 75 94 74 61 70 16 8 61 30 82 51 57 73 37 51 8 50 32 0 86 81 26 73 0 24 96 32 68 51 75 37 81 53 45 40 60 54 110 58 55 86 74 27 71 65 98 50 49
97 97 96 23 38 42 51 44 102 78 54 62 84 50 29 38 52 35 84 69 91 86 0 79 67 13 86 70 38 85 30 46 68 57 26 40 78 47 38 95 44 79 57 95 37 88 62 46 45 96 57
63 26 30 56 52 38 102 35 84 77 29 57 5 40 71 102 80 71 86 31 55 81 79 0 87 74 81 58 54 51 50 45 11 52 54 85 37 66 46 39 65 24 31 16 101 57 17 34 50 43 37
53 85 80 62 85 70 35 66 42 20 61 30 89 49 39 48 15 33 20 56 51 26 67 87 0 54 26 32 87 49 58 46 78 36 70 30 56 26 53 72 100 67 57 95 49 46 73 62 92 69 51
85 90 88 20 42 39 41 39 89 65 47 50 79 41 16 32 39 22 71 60 79 73 13 74 54 0 73 58 43 73 24 36 63 45 27 28 69 34 30 86 52 71 49 90 31 76 57 40 49 87 48
30 72 66 75 94 74 61 70 16 8 61 30 82 51 57 73 37 51 8 50 32 0 86 81 26 73 0 24 96 32 68 51 75 37 81 53 45 40 60 54 110 58 55 86 74 27 71 65 98 50 49
27 53 48 53 71 51 60 47 35 19 37 8 60 28 44 68 33 38 28 27 23 24 70 58 32 58 24 0 73 18 45 28 51 14 58 47 24 26 37 40 87 36 31 64 68 18 47 42 75 37 25
92 77 78 25 2 22 83 26 108 89 38 66 59 45 50 75 73 55 98 57 85 96 38 54 87 43 96 73 0 79 29 45 45 59 17 66 67 61 36 82 14 63 44 70 74 84 41 31 7 84 49
13 40 34 64 77 57 78 53 33 31 41 25 51 37 60 86 51 56 39 23 6 32 85 51 49 73 32 18 79 0 56 39 48 28 69 65 14 44 48 23 93 27 35 54 86 6 46 48 81 20 30
69 67 66 8 27 15 58 15 80 61 24 38 55 20 25 54 45 28 69 39 62 68 30 50 58 24 68 45 29 56 0 17 39 31 13 41 48 32 8 65 43 49 27 66 53 60 33 16 34 66 27
52 55 52 25 43 24 57 20 63 44 16 21 49 5 27 58 36 26 53 24 45 51 46 45 46 36 51 28 45 39 17 0 34 14 30 40 33 22 9 50 59 35 14 58 57 43 28 16 48 51 12
60 32 34 45 43 27 91 24 81 70 18 48 16 30 60 91 70 60 79 25 52 75 68 11 78 63 75 51 45 48 39 34 0 42 43 74 34 56 35 41 58 22 21 27 90 54 6 23 43 44 27
40 54 50 39 57 37 56 33 49 30 26 7 54 14 32 60 30 28 39 23 34 37 57 52 36 45 37 14 59 28 31 14 42 0 44 39 26 18 23 44 73 34 21 62 60 31 37 28 61 44 15
82 73 74 8 16 16 66 20 93 74 32 51 59 33 33 59 56 38 82 50 75 81 26 54 70 27 81 58 17 69 13 30 43 44 0 49 60 44 21 76 30 57 37 70 58 73 37 24 23 77 40
74 93 89 41 65 56 17 55 69 45 56 40 89 45 16 21 16 14 49 62 70 53 40 85 30 28 53 47 66 65 41 40 74 39 49 0 65 21 41 83 79 73 54 98 21 65 68 53 72 82 51
26 29 24 56 65 45 82 41 47 42 29 27 37 28 58 86 55 54 51 10 18 45 78 37 56 69 45 24 67 14 48 33 34 26 60 65 0 44 40 18 81 13 23 41 86 20 33 36 69 18 21
53 72 68 36 59 44 38 41 56 32 38 19 70 26 18 42 14 12 39 41 49 40 47 66 26 34 40 26 61 44 32 22 56 18 44 21 44 0 27 62 74 52 35 78 42 44 50 37 66 61 30
61 60 58 16 34 17 58 14 72 53 17 30 51 12 25 56 40 27 62 31 54 60 38 46 53 30 60 37 36 48 8 9 35 23 21 41 40 27 0 57 50 41 19 61 55 52 29 12 40 58 19
27 18 12 73 80 60 100 56 52 54 44 45 37 45 76 104 73 72 61 26 22 54 95 39 72 86 54 40 82 23 65 50 41 44 76 83 18 62 57 0 96 19 39 35 104 27 42 52 82 4 38
106 90 92 38 16 36 93 40 122 103 52 80 70 59 63 82 86 68 112 71 99 110 44 65 100 52 110 87 14 93 43 59 58 73 30 79 81 74 50 96 0 77 58 81 81 98 55 45 15 98 63
39 20 17 56 61 41 90 37 60 55 25 37 24 30 62 92 64 60 64 11 31 58 79 24 67 71 58 36 63 27 49 35 22 34 57 73 13 52 41 19 77 0 22 28 92 33 23 33 63 22 23
48 41 39 35 42 22 71 18 65 50 6 27 35 9 41 72 49 40 59 13 41 55 57 31 57 49 55 31 44 35 27 14 21 21 37 54 23 35 19 39 58 22 0 44 71 40 16 13 46 40 6
62 17 23 72 68 54 115 51 87 83 44 65 11 53 85 116 92 84 92 39 56 86 95 16 95 90 86 64 70 54 66 58 27 62 70 98 41 78 61 35 81 28 44 0 115 60 33 50 66 39 48
95 112 109 50 73 68 17 68 90 66 72 61 106 62 30 1 37 32 69 81 91 74 37 101 49 31 74 68 74 86 53 57 90 60 58 21 86 42 55 104 81 92 71 115 0 86 84 67 80 103 69
9 45 39 68 82 62 78 58 27 28 46 26 57 41 62 86 51 56 34 29 5 27 88 57 46 76 27 18 84 6 60 43 54 31 73 65 20 44 52 27 98 33 40 60 86 0 52 53 86 23 35
59 36 37 39 39 21 85 18 79 66 12 43 22 24 54 85 64 54 75 23 51 71 62 17 73 57 71 47 41 46 33 28 6 37 37 68 33 50 29 42 55 23 16 33 84 52 0 17 40 45 22
61 51 50 23 29 9 70 5 77 58 8 35 39 14 37 68 51 39 67 26 54 65 46 34 62 40 65 42 31 48 16 16 23 28 24 53 36 37 12 52 45 33 13 50 67 53 17 0 33 53 18
94 75 77 31 7 24 89 28 110 91 40 68 55 47 56 81 79 61 100 59 87 98 45 50 92 49 98 75 7 81 34 48 43 61 23 72 69 66 40 82 15 63 46 66 80 86 40 33 0 85 51
23 22 16 74 82 62 97 58 48 51 46 43 41 46 76 103 70 72 57 27 18 50 96 43 69 87 50 37 84 20 66 51 44 44 77 82 18 61 58 4 98 22 40 39 103 23 45 53 85 0 39
43 43 40 35 47 27 68 23 60 44 12 21 40 7 39 70 44 38 53 12 36 49 57 37 51 48 49 25 49 30 27 12 27 15 40 51 21 30 19 38 63 23 6 48 69 35 22 18 51 39 0
0 1662
62 374
348 804
19 370
454 940
958 1369
908 1503
9 692
86 771
605 1142
745 1038
769 1146
334 972
933 1662
504 1052
914 1291
243 837
98 676
377 933
311 952
1036 1662
979 1447
303 576
853 1404
454 1154
493 847
153 824
1121 1519
11 641
656 1041
532 1137
817 1533
980 1662
486 936
364 679
507 897
225 656
411 1074
222 909
205 527
728 1333
818 1501
809 1420
855 1331
733 1021
809 1138
628 952
376 769
50 532
410 936
155 821
