51
0 38 43 47 53 63 73 18 52 45 39 18 55 31 22 23 26 65 54 21 46 3 32 56 59 57 29 40 60 28 44 54 65 66 28 23 15 35 40 17 24 68 26 60 32 22 66 27 39 62 16
38 0 62 79 35 88 106 56 84 72 46 42 62 60 49 61 27 90 84 17 66 40 70 67 70 28 67 78 58 64 63 84 34 64 16 25 23 69 41 21 62 94 56 73 6 45 91 22 1 88 53
43 62 0 25 47 26 49 38 28 12 19 61 19 16 64 40 35 28 26 54 4 41 46 15 18 59 55 47 33 60 1 26 67 35 62 64 49 26 26 51 39 32 20 17 56 65 29 40 62 26 32
47 79 25 0 72 20 27 33 5 13 44 63 43 19 61 30 53 21 7 65 21 45 30 38 41 84 45 27 58 51 24 7 92 59 72 70 59 12 51 61 29 22 23 38 73 65 23 58 80 18 31
53 35 47 72 0 73 96 65 75 59 28 66 37 54 73 70 27 75 73 42 51 53 79 44 45 14 82 85 26 81 48 73 21 32 48 56 43 66 21 43 70 79 54 50 34 70 76 27 34 73 59
63 88 26 20 73 0 27 52 17 18 45 81 38 32 80 49 61 2 13 79 22 60 50 31 32 85 64 46 53 70 25 13 93 52 86 86 73 31 52 75 48 6 37 27 82 84 3 66 88 2 49
73 106 49 27 96 27 0 57 22 37 68 87 65 46 84 53 80 25 23 92 45 71 49 58 59 108 63 41 80 71 48 23 116 79 99 96 86 38 75 88 52 22 50 54 100 89 27 85 107 25 57
18 56 38 33 65 52 57 0 38 36 43 30 55 23 29 5 39 54 40 39 39 16 14 53 56 71 18 22 65 22 39 40 79 69 46 41 33 21 47 35 6 55 18 55 50 32 55 41 57 50 7
52 84 28 5 75 17 22 38 0 16 47 68 46 24 66 35 58 18 4 70 24 50 34 41 43 87 49 29 61 56 27 4 95 62 77 75 64 17 54 66 34 19 28 39 78 70 20 63 85 15 36
45 72 12 13 59 18 37 36 16 0 31 63 30 14 63 35 45 20 14 61 8 42 38 25 28 71 50 38 45 56 11 14 79 46 68 68 55 17 38 57 34 23 19 25 66 66 21 50 72 17 31
39 46 19 44 28 45 68 43 47 31 0 57 17 26 61 47 19 47 45 40 23 37 54 21 24 40 61 58 22 63 20 45 48 27 48 52 37 38 7 39 46 51 27 27 40 61 48 24 46 45 36
18 42 61 63 66 81 87 30 68 63 57 0 73 49 7 34 42 83 70 27 64 21 41 74 77 67 30 49 77 24 62 70 74 83 26 17 23 51 57 24 35 85 44 78 38 4 84 39 43 79 32
55 62 19 43 37 38 65 55 46 30 17 73 0 34 77 57 36 40 44 57 22 53 64 7 8 51 72 65 15 76 19 44 58 16 65 69 54 44 21 56 56 44 37 13 57 77 40 41 61 40 48
31 60 16 19 54 32 46 23 24 14 26 49 34 0 49 24 34 34 25 47 16 28 30 31 34 65 39 32 46 45 16 25 73 49 54 54 41 12 33 43 23 37 5 33 54 52 35 39 61 31 17
22 49 64 61 73 80 84 29 66 63 61 7 77 49 0 31 47 82 68 34 65 24 37 78 81 74 25 45 82 17 65 68 81 88 33 24 30 49 62 31 32 83 44 81 45 5 83 46 50 78 32
23 61 40 30 70 49 53 5 35 35 47 34 57 24 31 0 44 51 37 44 40 21 9 55 58 76 15 17 68 21 40 37 84 72 51 46 38 18 51 40 1 52 20 57 55 36 52 46 62 47 11
26 27 35 53 27 61 80 39 58 45 19 42 36 34 47 44 0 63 58 21 39 26 53 40 43 33 55 60 36 54 36 58 41 42 29 34 19 44 16 20 44 67 31 46 21 46 64 5 27 61 33
65 90 28 21 75 2 25 54 18 20 47 83 40 34 82 51 63 0 14 81 24 62 51 33 34 87 66 47 55 72 27 14 95 54 88 88 75 33 54 77 50 4 39 29 84 86 2 68 90 4 51
54 84 26 7 73 13 23 40 4 14 45 70 44 25 68 37 58 14 0 71 22 52 37 37 39 85 52 33 59 58 25 0 93 59 78 77 65 19 52 67 36 15 29 35 78 72 16 63 85 11 38
21 17 54 65 42 79 92 39 70 61 40 27 57 47 34 44 21 81 71 0 58 23 53 61 64 40 50 61 57 47 55 71 47 63 8 14 6 54 37 4 45 84 42 67 11 31 82 17 18 78 36
46 66 4 21 51 22 45 39 24 8 23 64 22 16 65 40 39 24 22 58 0 43 44 17 20 63 55 45 37 61 3 22 71 38 65 67 52 24 30 54 39 28 21 18 60 68 25 44 66 22 33
3 40 41 45 53 60 71 16 50 42 37 21 53 28 24 21 26 62 52 23 43 0 30 54 57 57 29 38 58 28 42 52 65 64 30 26 17 33 38 19 22 65 23 58 34 25 63 27 41 59 14
32 70 46 30 79 50 49 14 34 38 54 41 64 30 37 9 53 51 37 53 44 30 0 61 64 85 15 8 75 23 46 37 93 79 60 55 47 21 60 49 9 52 27 62 64 42 53 55 71 48 20
56 67 15 38 44 31 58 53 41 25 21 74 7 31 78 55 40 33 37 61 17 54 61 0 3 58 70 61 22 75 15 37 65 22 69 73 58 40 27 60 54 37 35 6 61 78 33 45 67 33 47
59 70 18 41 45 32 59 56 43 28 24 77 8 34 81 58 43 34 39 64 20 57 64 3 0 59 73 64 21 78 18 39 66 20 72 76 61 43 29 63 57 38 38 5 64 81 33 48 69 34 50
57 28 59 84 14 85 108 71 87 71 40 67 51 65 74 76 33 87 85 40 63 57 85 58 59 0 86 93 40 85 60 85 8 46 44 53 44 77 33 43 77 91 64 64 30 71 88 30 27 85 66
29 67 55 45 82 64 63 18 49 50 61 30 72 39 25 15 55 66 52 50 55 29 15 70 73 86 0 22 83 8 55 52 94 87 54 46 44 33 65 46 16 67 35 72 61 30 67 56 68 62 25
40 78 47 27 85 46 41 22 29 38 58 49 65 32 45 17 60 47 33 61 45 38 8 61 64 93 22 0 78 30 46 33 101 81 68 63 55 21 64 57 16 48 31 63 72 50 49 63 79 44 27
60 58 33 58 26 53 80 65 61 45 22 77 15 46 82 68 36 55 59 57 37 58 75 22 21 40 83 78 0 85 34 59 46 6 65 70 55 58 20 56 67 59 48 26 54 81 54 41 57 55 58
28 64 60 51 81 70 71 22 56 56 63 24 76 45 17 21 54 72 58 47 61 28 23 75 78 85 8 30 85 0 61 58 93 90 49 41 41 39 66 43 22 73 40 77 58 22 73 55 65 68 28
44 63 1 24 48 25 48 39 27 11 20 62 19 16 65 40 36 27 25 55 3 42 46 15 18 60 55 46 34 61 0 25 68 35 63 65 50 25 27 52 39 31 21 17 57 66 28 41 63 25 33
54 84 26 7 73 13 23 40 4 14 45 70 44 25 68 37 58 14 0 71 22 52 37 37 39 85 52 33 59 58 25 0 93 59 78 77 65 19 52 67 36 15 29 35 78 72 16 63 85 11 38
65 34 67 92 21 93 116 79 95 79 48 74 58 73 81 84 41 95 93 47 71 65 93 65 66 8 94 101 46 93 68 93 0 51 50 59 52 85 41 50 85 99 72 71 36 78 96 38 33 93 74
66 64 35 59 32 52 79 69 62 46 27 83 16 49 88 72 42 54 59 63 38 64 79 22 20 46 87 81 6 90 35 59 51 0 71 76 61 60 26 62 71 58 52 25 60 87 53 47 63 54 62
28 16 62 72 48 86 99 46 77 68 48 26 65 54 33 51 29 88 78 8 65 30 60 69 72 44 54 68 65 49 63 78 50 71 0 9 13 61 45 11 52 91 49 75 14 29 89 25 17 85 43
23 25 64 70 56 86 96 41 75 68 52 17 69 54 24 46 34 88 77 14 67 26 55 73 76 53 46 63 70 41 65 77 59 76 9 0 15 58 50 14 47 91 49 79 23 20 89 30 26 85 39
15 23 49 59 43 73 86 33 64 55 37 23 54 41 30 38 19 75 65 6 52 17 47 58 61 44 44 55 55 41 50 65 52 61 13 15 0 48 35 2 39 78 36 64 17 27 76 16 24 72 30
35 69 26 12 66 31 38 21 17 17 38 51 44 12 49 18 44 33 19 54 24 33 21 40 43 77 33 21 58 39 25 19 85 60 61 58 48 0 45 50 17 34 13 42 63 53 34 49 70 29 19
40 41 26 51 21 52 75 47 54 38 7 57 21 33 62 51 16 54 52 37 30 38 60 27 29 33 65 64 20 66 27 52 41 26 45 50 35 45 0 36 51 58 33 33 36 61 55 21 40 52 40
17 21 51 61 43 75 88 35 66 57 39 24 56 43 31 40 20 77 67 4 54 19 49 60 63 43 46 57 56 43 52 67 50 62 11 14 2 50 36 0 41 80 38 65 15 28 78 16 22 74 32
24 62 39 29 70 48 52 6 34 34 46 35 56 23 32 1 44 50 36 45 39 22 9 54 57 77 16 16 67 22 39 36 85 71 52 47 39 17 51 41 0 51 19 56 56 37 51 47 63 46 11
68 94 32 22 79 6 22 55 19 23 51 85 44 37 83 52 67 4 15 84 28 65 52 37 38 91 67 48 59 73 31 15 99 58 91 91 78 34 58 80 51 0 42 33 88 87 5 72 94 6 53
26 56 20 23 54 37 50 18 28 19 27 44 37 5 44 20 31 39 29 42 21 23 27 35 38 64 35 31 48 40 21 29 72 52 49 49 36 13 33 38 19 42 0 37 50 47 40 36 57 36 12
60 73 17 38 50 27 54 55 39 25 27 78 13 33 81 57 46 29 35 67 18 58 62 6 5 64 72 63 26 77 17 35 71 25 75 79 64 42 33 65 56 33 37 0 67 82 28 51 73 29 49
32 6 56 73 34 82 100 50 78 66 40 38 57 54 45 55 21 84 78 11 60 34 64 61 64 30 61 72 54 58 57 78 36 60 14 23 17 63 36 15 56 88 50 67 0 42 85 16 7 82 47
22 45 65 65 70 84 89 32 70 66 61 4 77 52 5 36 46 86 72 31 68 25 42 78 81 71 30 50 81 22 66 72 78 87 29 20 27 53 61 28 37 87 47 82 42 0 87 43 46 82 35
66 91 29 23 76 3 27 55 20 21 48 84 40 35 83 52 64 2 16 82 25 63 53 33 33 88 67 49 54 73 28 16 96 53 89 89 76 34 55 78 51 5 40 28 85 87 0 69 91 5 52
27 22 40 58 27 66 85 41 63 50 24 39 41 39 46 46 5 68 63 17 44 27 55 45 48 30 56 63 41 55 41 63 38 47 25 30 16 49 21 16 47 72 36 51 16 43 69 0 22 66 36
39 1 62 80 34 88 107 57 85 72 46 43 61 61 50 62 27 90 85 18 66 41 71 67 69 27 68 79 57 65 63 85 33 63 17 26 24 70 40 22 63 94 57 73 7 46 91 22 0 88 54
62 88 26 18 73 2 25 50 15 17 45 79 40 31 78 47 61 4 11 78 22 59 48 33 34 85 62 44 55 68 25 11 93 54 85 85 72 29 52 74 46 6 36 29 82 82 5 66 88 0 47
16 53 32 31 59 49 57 7 36 31 36 32 48 17 32 11 33 51 38 36 33 14 20 47 50 66 25 27 58 28 33 38 74 62 43 39 30 19 40 32 11 53 12 49 47 35 52 36 54 47 0
0 1527
575 936
1078 1407
1194 1359
522 674
563 853
1207 1507
126 556
4 346
63 290
477 858
878 1212
559 870
819 1180
1200 1527
971 1136
1021 1387
30 417
537 789
578 868
834 1153
924 1171
1048 1408
264 491
1078 1351
93 506
472 752
130 543
274 663
1189 1527
1093 1340
659 1009
630 960
947 1347
120 422
865 1203
1058 1340
862 1098
665 944
630 886
805 1181
527 743
442 726
752 1140
396 553
1122 1372
393 793
736 1040
680 1018
97 306
1168 1462
