21
0 56 94 76 65 34 79 93 81 103 46 126 125 108 68 82 42 72 77 55 68
56 0 52 20 11 41 47 44 28 49 38 70 69 55 42 51 33 16 57 9 23
94 52 0 52 42 62 92 14 28 68 90 66 68 33 29 96 85 47 32 61 29
76 20 52 0 17 61 40 40 24 29 48 51 49 42 53 44 45 6 67 21 30
65 11 42 17 0 45 53 33 17 46 49 63 62 44 37 57 44 11 51 20 15
34 41 62 61 45 0 83 65 56 90 57 107 107 83 34 87 51 56 43 47 41
79 47 92 40 53 83 0 80 64 44 34 75 71 80 89 4 37 46 104 38 68
93 44 14 40 33 65 80 0 17 54 82 53 55 21 36 84 77 36 44 53 25
81 28 28 24 17 56 64 17 0 43 65 51 52 27 36 68 61 19 49 36 16
103 49 68 29 46 90 44 54 43 0 68 31 27 44 79 46 66 35 92 48 57
46 38 90 48 49 57 34 82 65 68 0 97 94 90 76 37 6 49 90 29 61
126 70 66 51 63 107 75 53 51 31 97 0 5 33 87 77 95 54 97 72 67
125 69 68 49 62 107 71 55 52 27 94 5 0 36 88 72 92 53 98 70 68
108 55 33 42 44 83 80 21 27 44 90 33 36 0 57 83 86 41 65 61 42
68 42 29 53 37 34 89 36 36 79 76 87 88 57 0 93 70 47 15 51 23
82 51 96 44 57 87 4 84 68 46 37 77 72 83 93 0 40 50 108 42 72
42 33 85 45 44 51 37 77 61 66 6 95 92 86 70 40 0 45 84 25 56
72 16 47 6 11 56 46 36 19 35 49 54 53 41 47 50 45 0 61 20 24
77 57 32 67 51 43 104 44 49 92 90 97 98 65 15 108 84 61 0 66 37
55 9 61 21 20 47 38 53 36 48 29 72 70 61 51 42 25 20 66 0 32
68 23 29 30 15 41 68 25 16 57 61 67 68 42 23 72 56 24 37 32 0
0 554
66 297
120 381
196 366
180 315
110 338
104 320
252 375
245 554
23 190
306 539
39 249
164 420
252 516
210 360
59 274
260 475
332 554
112 433
187 496
206 357
