21
0 73 81 26 8 51 85 57 75 80 22 44 36 40 17 34 72 13 20 37 37
73 0 12 78 76 22 75 17 12 20 70 83 75 33 87 42 28 65 81 75 44
81 12 0 88 81 31 87 27 6 31 73 82 85 41 95 47 21 70 91 85 47
26 78 88 0 34 58 64 61 83 77 47 70 12 49 19 48 86 37 8 13 54
8 76 81 34 0 54 93 60 75 84 16 36 44 43 22 34 71 11 28 45 36
51 22 31 58 54 0 70 7 25 32 48 63 56 11 65 20 31 43 60 56 24
85 75 87 64 93 70 0 66 86 57 99 122 52 72 83 80 99 88 72 51 88
57 17 27 61 60 7 66 0 23 25 55 70 58 17 70 27 33 49 64 58 31
75 12 6 83 75 25 86 23 0 32 67 76 81 35 89 41 17 64 85 81 41
80 20 31 77 84 32 57 25 32 0 80 95 70 42 90 52 48 74 82 70 56
22 70 73 47 16 48 99 55 67 80 0 23 56 38 38 28 60 11 42 57 26
44 83 82 70 36 63 122 70 76 95 23 0 79 55 58 45 64 34 64 80 39
36 75 85 12 44 56 52 58 81 70 56 79 0 49 31 50 86 45 20 1 58
40 33 41 49 43 11 72 17 35 42 38 55 49 0 54 10 37 32 50 49 16
17 87 95 19 22 65 83 70 89 90 38 58 31 54 0 50 89 30 11 32 54
34 42 47 48 34 20 80 27 41 52 28 45 50 10 50 0 39 23 48 51 8
72 28 21 86 71 31 99 33 17 48 60 64 86 37 89 39 0 60 87 86 35
13 65 70 37 11 43 88 49 64 74 11 34 45 32 30 23 60 0 33 46 25
20 81 91 8 28 60 72 64 85 82 42 64 20 50 11 48 87 33 0 21 53
37 75 85 13 45 56 51 58 81 70 57 80 1 49 32 51 86 46 21 0 59
37 44 47 54 36 24 88 31 41 56 26 39 58 16 54 8 35 25 53 59 0
0 1108
187 345
216 374
165 283
405 534
695 764
942 1030
762 828
560 687
147 223
352 419
859 1018
873 1012
242 364
111 222
710 802
129 211
833 961
159 290
558 640
915 1020
