21
0 77 32 28 81 71 77 38 74 82 32 72 64 53 52 72 33 90 11 44 78
77 0 81 74 40 87 69 105 15 58 106 77 14 25 75 84 80 92 79 40 7
32 81 0 60 67 39 52 25 72 62 32 44 72 64 83 42 1 60 43 41 79
28 74 60 0 92 96 97 65 78 98 56 95 60 49 24 96 60 114 18 55 77
81 40 67 92 0 55 32 92 25 18 99 42 45 50 102 50 66 54 88 37 34
71 87 39 96 55 0 24 58 73 39 68 13 84 80 116 5 38 21 82 53 82
77 69 52 97 32 24 0 76 54 15 84 12 69 69 113 19 51 23 87 44 63
38 105 25 65 92 58 76 0 97 87 12 66 94 85 89 62 26 79 47 65 103
74 15 72 78 25 73 54 97 0 43 99 62 21 29 81 69 71 77 79 32 9
82 58 62 98 18 39 15 87 43 0 94 27 61 63 112 34 61 36 91 43 52
32 106 32 56 99 68 84 12 99 94 0 76 94 83 80 72 33 89 38 67 105
72 77 44 95 42 13 12 66 62 27 76 0 75 73 113 8 43 19 83 46 71
64 14 72 60 45 84 69 94 21 61 94 75 0 11 62 81 71 92 65 32 18
53 25 64 49 50 80 69 85 29 63 83 73 11 0 52 78 63 92 54 27 28
52 75 83 24 102 116 113 89 81 112 80 113 62 52 0 116 83 132 42 69 80
72 84 42 96 50 5 19 62 69 34 72 8 81 78 116 0 41 18 83 51 78
33 80 1 60 66 38 51 26 71 61 33 43 71 63 83 41 0 59 44 40 78
90 92 60 114 54 21 23 79 77 36 89 19 92 92 132 18 59 0 101 65 86
11 79 43 18 88 82 87 47 79 91 38 83 65 54 42 83 44 101 0 51 81
44 40 41 55 37 53 44 65 32 43 67 46 32 27 69 51 40 65 51 0 38
78 7 79 77 34 82 63 103 9 52 105 71 18 28 80 78 78 86 81 38 0
0 1108
685 762
222 292
974 1094
255 394
306 449
640 774
275 431
708 794
70 204
945 1087
625 772
36 148
33 145
321 437
192 343
213 373
298 461
621 720
188 271
234 358
