21
0 63 30 52 55 50 42 70 32 13 34 45 24 30 14 15 33 16 45 10 25
63 0 77 34 66 67 92 41 89 60 44 32 43 55 74 50 57 49 61 62 85
30 77 0 53 85 80 66 68 16 20 61 71 50 23 20 42 63 30 29 21 46
52 34 53 0 83 82 93 18 68 44 55 52 47 30 59 48 66 36 30 47 77
55 66 85 83 0 7 46 100 87 66 29 34 39 77 69 45 22 60 92 64 56
50 67 80 82 7 0 39 99 80 61 27 35 36 73 63 40 17 56 88 59 49
42 92 66 93 46 39 0 111 57 54 49 63 49 71 46 45 36 57 86 51 20
70 41 68 18 100 99 111 0 84 61 72 67 65 47 76 66 84 54 41 64 95
32 89 16 68 87 80 57 84 0 29 66 77 56 38 18 47 65 40 45 28 37
13 60 20 44 66 61 54 61 29 0 41 51 30 17 15 22 44 11 32 3 36
34 44 61 55 29 27 49 72 66 41 0 15 11 50 48 19 13 33 65 40 47
45 32 71 52 34 35 63 67 77 51 15 0 21 56 59 30 27 41 69 51 61
24 43 50 47 39 36 49 65 56 30 11 21 0 39 38 9 19 22 54 30 42
30 55 23 30 77 73 71 47 38 17 50 56 39 0 30 33 56 17 15 20 53
14 74 20 59 69 63 46 76 18 15 48 59 38 30 0 29 47 25 43 12 26
15 50 42 48 45 40 45 66 47 22 19 30 9 33 29 0 23 16 48 21 35
33 57 63 66 22 17 36 84 65 44 13 27 19 56 47 23 0 39 71 42 38
16 49 30 36 60 56 57 54 40 11 33 41 22 17 25 16 39 0 32 13 41
45 61 29 30 92 88 86 41 45 32 65 69 54 15 43 48 71 32 0 35 68
10 62 21 47 64 59 51 64 28 3 40 51 30 20 12 21 42 13 35 0 33
25 85 46 77 56 49 20 95 37 36 47 61 42 53 26 35 38 41 68 33 0
0 640
152 325
133 410
431 565
10 122
271 477
419 525
31 250
7 295
177 442
75 348
94 369
13 288
50 244
107 214
283 461
304 412
253 389
194 300
182 293
26 256
