21
0 62 22 41 47 49 55 42 12 41 66 62 67 71 47 32 70 51 8 33 68
62 0 77 70 66 70 51 87 65 33 10 50 8 35 88 76 77 21 70 33 16
22 77 0 62 37 70 77 21 33 62 83 60 81 75 26 51 60 71 17 54 79
41 70 62 0 87 8 30 83 29 37 67 94 78 95 88 15 110 50 45 38 83
47 66 37 87 0 93 90 29 59 69 76 27 66 48 27 79 23 71 48 60 60
49 70 70 8 93 0 25 91 37 37 66 98 78 97 96 23 115 50 53 40 84
55 51 77 30 90 25 0 97 47 22 44 88 59 83 101 43 110 30 62 30 66
42 87 21 83 29 91 97 0 54 79 95 56 88 75 5 72 47 85 38 70 84
12 65 33 29 59 37 47 54 0 38 66 72 71 79 59 20 82 50 16 32 73
41 33 62 37 69 37 22 79 38 0 31 66 41 61 82 45 88 14 49 9 47
66 10 83 67 76 66 44 95 66 31 0 60 17 45 97 76 87 17 74 34 26
62 50 60 94 27 98 88 56 72 66 60 0 47 21 54 92 27 63 66 59 39
67 8 81 78 66 78 59 88 71 41 17 47 0 29 89 84 74 29 75 41 9
71 35 75 95 48 97 83 75 79 61 45 21 29 0 75 96 47 53 77 57 20
47 88 26 88 27 96 101 5 59 82 97 54 89 75 0 77 43 88 43 73 85
32 76 51 15 79 23 43 72 20 45 76 92 84 96 77 0 102 59 34 43 88
70 77 60 110 23 115 110 47 82 88 87 27 74 47 43 102 0 87 71 80 66
51 21 71 50 71 50 30 85 50 14 17 63 29 53 88 59 87 0 59 18 36
8 70 17 45 48 53 62 38 16 49 74 66 75 77 43 34 71 59 0 41 76
33 33 54 38 60 40 30 70 32 9 34 59 41 57 73 43 80 18 41 0 45
68 16 79 83 60 84 66 84 73 47 26 39 9 20 85 88 66 36 76 45 0
0 495
56 368
201 495
231 460
209 343
22 373
172 301
43 301
182 314
92 389
188 416
158 445
9 320
0 268
62 388
184 495
168 378
75 423
42 231
31 169
139 453
