21
0 41 7 58 44 27 58 48 43 34 30 50 46 3 41 52 38 18 14 48 23
41 0 42 20 52 68 30 58 20 58 34 13 14 38 51 91 40 23 51 84 60
7 42 0 61 37 28 63 41 48 41 36 50 50 9 48 49 45 19 9 53 28
58 20 61 0 72 85 16 78 19 64 40 24 12 55 54 110 43 42 70 94 74
44 52 37 72 0 58 82 6 69 78 67 50 66 44 83 63 76 39 37 88 64
27 68 28 85 58 0 84 59 70 40 51 77 73 30 54 29 57 45 21 34 18
58 30 63 16 82 84 0 88 15 57 34 39 16 55 44 110 33 46 72 87 70
48 58 41 78 6 59 88 0 75 82 73 56 72 49 88 61 82 45 40 91 67
43 20 48 19 69 70 15 75 0 45 21 32 8 40 35 95 24 32 57 75 56
34 58 41 64 78 40 57 82 45 0 24 71 53 34 16 69 24 44 45 30 22
30 34 36 40 67 51 34 73 21 24 0 47 29 27 17 80 9 28 44 54 36
50 13 50 24 50 77 39 56 32 71 47 0 24 47 64 98 53 32 59 96 72
46 14 50 12 66 73 16 72 8 53 29 24 0 43 43 98 32 32 59 83 62
3 38 9 55 44 30 55 49 40 34 27 47 43 0 39 55 36 15 17 50 25
41 51 48 54 83 54 44 88 35 16 17 64 43 39 0 83 11 44 54 45 36
52 91 49 110 63 29 110 61 95 69 80 98 98 55 83 0 86 68 40 55 47
38 40 45 43 76 57 33 82 24 24 9 53 32 36 11 86 0 37 52 54 40
18 23 19 42 39 45 46 45 32 44 28 32 32 15 44 68 37 0 28 65 40
14 51 9 70 37 21 72 40 57 45 44 59 59 17 54 40 52 28 0 51 27
48 84 53 94 88 34 87 91 75 30 54 96 83 50 45 55 54 65 51 0 25
23 60 28 74 64 18 70 67 56 22 36 72 62 25 36 47 40 40 27 25 0
0 640
381 508
380 534
217 420
86 251
298 532
433 607
358 621
229 376
207 339
98 280
196 457
144 411
371 598
118 285
240 391
433 640
146 334
243 360
85 334
179 390
