31
0 52 58 26 56 41 68 48 32 51 38 33 44 59 41 45 45 34 32 40 44 41 20 51 42 29 37 37 45 44 59
52 0 98 77 108 78 117 75 77 45 87 24 93 111 63 38 69 81 50 14 96 93 67 91 66 45 82 57 9 22 95
58 98 0 62 42 86 29 27 73 66 27 74 23 50 38 67 97 68 89 91 51 52 67 7 96 87 76 43 96 80 8
26 77 62 0 40 24 61 64 11 77 35 59 40 38 61 71 37 8 37 63 23 20 10 57 36 38 15 58 68 70 67
56 108 42 40 0 60 23 60 48 91 24 86 22 8 66 89 74 41 77 96 17 20 50 41 74 78 49 67 101 96 50
41 78 86 24 60 0 83 86 13 92 59 70 64 58 82 86 16 19 29 64 43 40 22 81 17 33 11 78 69 81 91
68 117 29 61 23 83 0 55 71 91 30 94 24 31 64 91 97 64 96 107 40 43 69 33 97 95 72 67 112 102 37
48 75 27 64 60 86 55 0 75 39 38 51 38 68 12 41 93 72 80 72 63 63 64 22 90 76 79 18 74 55 20
32 77 73 11 48 13 71 75 0 83 46 64 51 46 71 77 26 7 32 63 31 28 12 68 26 35 5 68 68 75 78
51 45 66 77 91 92 91 39 83 0 67 27 70 98 28 7 91 85 73 48 88 86 71 59 88 68 88 24 49 23 59
38 87 27 35 24 59 30 38 46 67 0 64 6 31 42 65 70 41 66 77 26 26 40 23 69 65 49 43 82 73 33
33 24 74 59 86 70 94 51 64 27 64 0 70 91 39 20 66 66 47 21 77 74 52 67 63 42 69 33 23 11 71
44 93 23 40 22 64 24 38 51 70 6 70 0 30 44 69 76 46 72 83 28 29 46 20 75 71 54 46 88 78 30
59 111 50 38 8 58 31 68 46 98 31 91 30 0 73 95 72 39 75 99 15 18 48 49 72 76 47 74 104 101 58
41 63 38 61 66 82 64 12 71 28 42 39 44 73 0 29 86 69 72 60 65 64 60 31 83 68 76 6 62 43 32
45 38 67 71 89 86 91 41 77 7 65 20 69 95 29 0 84 79 66 41 84 82 65 60 81 61 82 24 42 16 61
45 69 97 37 74 16 97 93 26 91 70 66 76 72 86 84 0 33 19 55 57 54 30 91 3 24 27 82 60 76 100
34 81 68 8 41 19 64 72 7 85 41 66 46 39 69 79 33 0 38 67 24 21 14 64 33 41 8 66 72 77 74
32 50 89 37 77 29 96 80 32 73 66 47 72 75 72 66 19 38 0 36 60 57 27 83 16 5 36 66 41 57 91
40 14 91 63 96 64 107 72 63 48 77 21 83 99 60 41 55 67 36 0 84 81 53 84 52 31 68 54 5 27 90
44 96 51 23 17 43 40 63 31 88 26 77 28 15 65 84 57 24 60 84 0 3 33 48 57 61 32 65 89 88 58
41 93 52 20 20 40 43 63 28 86 26 74 29 18 64 82 54 21 57 81 3 0 30 49 54 58 29 64 86 85 59
20 67 67 10 50 22 69 64 12 71 40 52 46 48 60 65 30 14 27 53 33 30 0 61 29 28 17 56 58 63 70
51 91 7 57 41 81 33 22 68 59 23 67 20 49 31 60 91 64 83 84 48 49 61 0 89 80 72 36 89 73 10
42 66 96 36 74 17 97 90 26 88 69 63 75 72 83 81 3 33 16 52 57 54 29 89 0 21 28 79 57 73 99
29 45 87 38 78 33 95 76 35 68 65 42 71 76 68 61 24 41 5 31 61 58 28 80 21 0 39 62 36 52 88
37 82 76 15 49 11 72 79 5 88 49 69 54 47 76 82 27 8 36 68 32 29 17 72 28 39 0 73 73 80 82
37 57 43 58 67 78 67 18 68 24 43 33 46 74 6 24 82 66 66 54 65 64 56 36 79 62 73 0 56 37 38
45 9 96 68 101 69 112 74 68 49 82 23 88 104 62 42 60 72 41 5 89 86 58 89 57 36 73 56 0 26 94
44 22 80 70 96 81 102 55 75 23 73 11 78 101 43 16 76 77 57 27 88 85 63 73 73 52 80 37 26 0 75
59 95 8 67 50 91 37 20 78 59 33 71 30 58 32 61 100 74 91 90 58 59 70 10 99 88 82 38 94 75 0
0 1346
1015 1163
435 502
823 965
1024 1094
564 661
54 246
1140 1330
576 747
397 591
474 541
690 876
873 1073
1182 1303
789 959
1189 1311
805 947
555 710
604 671
60 178
526 684
976 1142
131 318
521 647
583 762
561 661
1183 1344
918 1110
1102 1241
995 1127
756 906
