31
0 82 23 72 32 55 10 7 49 34 46 88 38 30 75 38 62 90 33 22 33 72 62 54 39 92 60 48 29 80 99
82 0 95 74 87 29 75 86 35 55 98 35 67 80 58 51 84 79 70 81 75 80 119 91 70 55 75 34 78 76 84
23 95 0 64 15 72 33 28 66 56 26 91 34 19 70 45 50 82 29 45 24 62 39 38 32 88 51 61 52 72 91
72 74 64 0 50 72 74 79 70 79 48 46 34 45 16 44 18 18 40 90 40 7 63 32 34 33 14 55 94 8 27
32 87 15 50 0 70 39 38 64 58 15 79 22 7 58 36 35 68 17 54 12 47 35 24 20 76 36 54 60 58 77
55 29 72 72 70 0 46 57 6 26 81 52 51 63 62 34 76 84 53 52 58 77 102 78 54 68 67 17 49 78 92
10 75 33 74 39 46 0 11 40 24 54 83 40 36 74 34 66 92 35 16 38 75 72 60 41 88 62 42 21 82 101
7 86 28 79 38 57 11 0 51 35 52 94 45 37 82 44 69 97 40 17 40 79 67 61 46 98 67 53 24 87 106
49 35 66 70 64 6 40 51 0 20 76 55 47 57 61 30 74 83 48 46 53 75 97 74 50 69 65 15 43 77 91
34 55 56 79 58 26 24 35 20 0 73 73 49 53 74 35 77 96 48 26 52 82 93 75 52 85 71 30 23 87 104
46 98 26 48 15 81 54 52 76 73 0 86 32 20 60 47 30 65 28 68 23 43 21 16 29 79 35 65 75 55 74
88 35 91 46 79 52 83 94 55 73 86 0 57 72 30 50 63 46 63 96 67 53 106 74 59 20 54 43 94 47 49
38 67 34 34 22 51 40 45 47 49 32 57 0 15 37 17 28 52 6 56 10 35 53 27 3 55 22 35 60 42 61
30 80 19 45 7 63 36 37 57 53 20 72 15 0 51 29 33 63 10 52 5 44 41 24 13 69 32 47 57 53 72
75 58 70 16 58 62 74 82 61 74 60 30 37 51 0 40 33 22 43 90 46 23 77 45 38 19 25 46 91 18 30
38 51 45 44 36 34 34 44 30 35 47 50 17 29 40 0 44 61 19 50 24 47 68 44 20 54 36 18 51 52 70
62 84 50 18 35 76 66 69 74 77 30 63 28 33 33 44 0 35 31 82 29 13 45 14 26 51 9 59 87 25 44
90 79 82 18 68 84 92 97 83 96 65 46 52 63 22 61 35 0 58 108 58 22 80 49 52 26 32 68 112 10 9
33 70 29 40 17 53 35 40 48 48 28 63 6 10 43 19 31 58 0 51 5 40 49 27 6 61 27 37 56 48 67
22 81 45 90 54 52 16 17 46 26 68 96 56 52 90 50 82 108 51 0 54 91 84 76 57 104 78 53 7 98 117
33 75 24 40 12 58 38 40 53 52 23 67 10 5 46 24 29 58 5 54 0 39 44 23 8 64 27 42 59 48 67
72 80 62 7 47 77 75 79 75 82 43 53 35 44 23 47 13 22 40 91 39 0 58 27 34 40 13 60 95 12 31
62 119 39 63 35 102 72 67 97 93 21 106 53 41 77 68 45 80 49 84 44 58 0 32 50 96 52 86 91 70 87
54 91 38 32 24 78 60 61 74 75 16 74 27 24 45 44 14 49 27 76 23 27 32 0 24 64 20 62 81 39 58
39 70 32 34 20 54 41 46 50 52 29 59 3 13 38 20 26 52 6 57 8 34 50 24 0 56 21 38 62 42 61
92 55 88 33 76 68 88 98 69 85 79 20 55 69 19 54 51 26 61 104 64 40 96 64 56 0 44 55 105 29 29
60 75 51 14 36 67 62 67 65 71 35 54 22 32 25 36 9 32 27 78 27 13 52 20 21 44 0 50 82 22 41
48 34 61 55 54 17 42 53 15 30 65 43 35 47 46 18 59 68 37 53 42 60 86 62 38 55 50 0 51 62 76
29 78 52 94 60 49 21 24 43 23 75 94 60 57 91 51 87 112 56 7 59 95 91 81 62 105 82 51 0 102 121
80 76 72 8 58 78 82 87 77 87 55 47 42 53 18 52 25 10 48 98 48 12 70 39 42 29 22 62 102 0 19
99 84 91 27 77 92 101 106 91 104 74 49 61 72 30 70 44 9 67 117 67 31 87 58 61 29 41 76 121 19 0
0 952
730 891
92 205
67 188
305 440
687 914
604 858
546 762
568 750
16 204
516 758
357 453
434 548
556 834
683 869
116 232
537 669
72 291
229 373
181 440
278 541
464 642
711 826
295 559
104 319
310 569
536 803
285 523
624 779
614 719
574 780
