31
0 38 47 62 88 66 18 81 67 104 43 77 53 31 55 105 23 57 46 49 41 69 56 66 60 72 83 77 14 23 86
38 0 45 64 50 76 50 51 71 87 33 40 31 55 46 83 23 75 9 69 21 36 18 59 68 50 70 70 40 15 56
47 45 0 19 80 31 39 49 26 57 13 59 25 29 10 62 29 33 54 30 25 46 59 19 23 34 36 30 33 42 53
62 64 19 0 94 17 50 57 7 50 31 72 39 37 20 59 47 24 72 27 43 59 77 14 9 41 29 18 48 60 60
88 50 80 94 0 110 99 44 101 89 67 22 55 101 74 75 71 113 44 109 58 35 33 82 102 58 83 90 89 65 46
66 76 31 17 110 0 50 74 12 62 44 88 55 36 36 73 57 13 85 20 56 75 90 31 8 58 43 30 52 70 77
18 50 39 50 99 50 0 83 54 96 42 84 55 14 49 101 28 40 59 32 44 73 68 58 46 71 75 67 10 36 88
81 51 49 57 44 74 83 0 62 45 41 24 28 77 40 34 58 80 53 79 40 16 48 43 66 16 39 49 74 62 5
67 71 26 7 101 12 54 62 0 50 38 79 46 40 27 61 54 23 79 27 50 66 84 19 8 46 31 18 53 67 65
104 87 57 50 89 62 96 45 50 0 61 69 56 85 49 18 82 73 93 77 68 59 90 39 58 38 21 32 90 92 43
43 33 13 31 67 44 42 41 38 61 0 47 14 36 13 62 21 46 41 42 12 34 46 26 36 29 41 37 33 33 46
77 40 59 72 22 88 84 24 79 69 47 0 34 83 52 57 56 92 38 89 40 13 29 60 80 36 61 68 74 55 27
53 31 25 39 55 55 55 28 46 56 14 34 0 50 19 52 30 58 38 55 13 21 39 31 47 19 39 41 46 37 33
31 55 29 37 101 36 14 77 40 85 36 83 50 0 39 91 32 26 64 18 43 70 73 46 32 63 64 54 18 43 82
55 46 10 20 74 36 49 40 27 49 13 52 19 39 0 52 34 41 54 39 25 39 57 13 28 24 28 24 42 46 43
105 83 62 59 75 73 101 34 61 18 62 57 52 91 52 0 82 83 86 86 65 50 82 47 68 33 30 43 94 89 30
23 23 29 47 71 57 28 58 54 82 21 56 30 32 34 82 0 53 32 46 18 46 41 47 49 49 62 58 18 13 63
57 75 33 24 113 13 40 80 23 73 46 92 58 26 41 83 53 0 84 8 57 79 91 38 15 64 53 41 44 66 83
46 9 54 72 44 85 59 53 79 93 41 38 38 64 54 86 32 84 0 78 29 37 11 67 77 55 77 78 49 23 58
49 69 30 27 109 20 32 79 27 77 42 89 55 18 39 86 46 8 78 0 52 76 86 40 19 63 56 45 36 59 82
41 21 25 43 58 56 44 40 50 68 12 40 13 43 25 65 18 57 29 52 0 29 34 38 48 32 50 49 34 24 45
69 36 46 59 35 75 73 16 66 59 34 13 21 70 39 50 46 79 37 76 29 0 32 47 67 23 48 55 63 48 21
56 18 59 77 33 90 68 48 84 90 46 29 39 73 57 82 41 91 11 86 34 32 0 70 82 53 77 80 58 33 53
66 59 19 14 82 31 58 43 19 39 26 60 31 46 13 47 47 38 67 40 38 47 70 0 23 27 18 11 52 59 46
60 68 23 9 102 8 46 66 8 58 36 80 47 32 28 68 49 15 77 19 48 67 82 23 0 50 38 26 46 62 69
72 50 34 41 58 58 71 16 46 38 29 36 19 63 24 33 49 64 55 63 32 23 53 27 50 0 25 33 62 56 19
83 70 36 29 83 43 75 39 31 21 41 61 39 64 28 30 62 53 77 56 50 48 77 18 38 25 0 13 69 74 40
77 70 30 18 90 30 67 49 18 32 37 68 41 54 24 43 58 41 78 45 49 55 80 11 26 33 13 0 63 70 50
14 40 33 48 89 52 10 74 53 90 33 74 46 18 42 94 18 44 49 36 34 63 58 52 46 62 69 63 0 26 79
23 15 42 60 65 70 36 62 67 92 33 55 37 43 46 89 13 66 23 59 24 48 33 59 62 56 74 70 26 0 67
86 56 53 60 46 77 88 5 65 43 46 27 33 82 43 30 63 83 58 82 45 21 53 46 69 19 40 50 79 67 0
0 777
48 385
63 357
148 287
264 607
85 419
286 588
304 573
426 772
394 706
387 633
76 341
293 567
416 670
7 173
515 709
477 777
540 777
69 303
101 268
147 379
29 151
102 414
6 303
115 295
406 559
98 266
458 777
541 736
373 716
216 374
