31
0 40 59 40 103 73 57 92 36 46 56 78 64 76 81 27 69 25 32 49 7 9 74 89 70 26 36 75 95 21 36
40 0 79 17 76 62 27 90 60 38 42 66 47 75 90 19 48 35 46 33 35 43 58 62 49 25 46 83 75 35 31
59 79 0 91 98 54 73 49 23 49 56 58 62 41 27 80 69 44 33 57 56 50 62 89 70 54 34 24 83 47 50
40 17 91 0 92 79 43 107 70 54 59 83 64 91 105 13 64 47 58 50 39 48 75 78 65 37 58 98 91 44 46
103 76 98 92 0 44 49 66 97 58 48 41 41 61 87 94 34 80 81 54 96 99 37 14 33 77 77 81 18 84 68
73 62 54 79 44 0 39 31 56 27 20 5 16 18 44 76 21 48 44 29 66 67 8 35 21 47 39 38 29 52 37
57 27 73 43 49 39 0 70 61 24 21 42 23 55 77 45 21 39 45 16 50 55 34 35 22 31 42 70 48 41 27
92 90 49 107 66 31 70 0 64 53 49 29 47 16 26 101 51 68 60 57 86 84 37 62 51 72 56 25 48 72 62
36 60 23 70 97 56 61 64 0 39 49 61 57 50 46 59 63 25 16 47 34 27 61 84 64 35 20 42 84 26 34
46 38 49 54 58 27 24 53 39 0 10 32 18 37 54 49 24 22 23 8 39 41 28 45 25 20 19 47 49 26 10
56 42 56 59 48 20 21 49 49 10 0 24 8 34 56 56 14 32 33 9 49 51 18 35 15 30 29 49 39 36 20
78 66 58 83 41 5 42 29 61 32 24 0 19 20 46 80 22 53 49 33 71 72 8 34 22 52 44 40 25 57 42
64 47 62 64 41 16 23 47 57 18 8 19 0 33 58 63 7 40 41 16 57 59 11 28 8 38 37 51 31 44 28
76 75 41 91 61 18 55 16 50 37 34 20 33 0 26 85 39 52 44 42 70 68 26 53 39 56 40 21 44 56 46
81 90 27 105 87 44 77 26 46 54 56 46 58 26 0 96 65 59 49 61 76 72 52 79 65 68 47 7 70 63 59
27 19 80 13 94 76 45 101 59 49 56 80 63 85 96 0 64 37 47 47 26 35 74 80 65 29 49 89 91 33 39
69 48 69 64 34 21 21 51 63 24 14 22 7 39 65 64 0 46 47 20 62 65 14 21 1 43 43 58 27 50 34
25 35 44 47 80 48 39 68 25 22 32 53 40 52 59 37 46 0 11 27 18 19 50 67 47 10 12 52 71 4 13
32 46 33 58 81 44 45 60 16 23 33 49 41 44 49 47 47 11 0 31 27 24 48 68 48 21 5 43 71 14 18
49 33 57 50 54 29 16 57 47 8 9 33 16 42 61 47 20 27 31 0 42 45 27 41 21 23 27 54 47 30 14
7 35 56 39 96 66 50 86 34 39 49 71 57 70 76 26 62 18 27 42 0 9 67 82 63 19 30 70 88 14 29
9 43 50 48 99 67 55 84 27 41 51 72 59 68 72 35 65 19 24 45 9 0 69 86 66 24 29 66 90 15 31
74 58 62 75 37 8 34 37 61 28 18 8 11 26 52 74 14 50 48 27 67 69 0 27 14 48 43 46 23 54 38
89 62 89 78 14 35 35 62 84 45 35 34 28 53 79 80 21 67 68 41 82 86 27 0 20 63 64 73 18 71 55
70 49 70 65 33 21 22 51 64 25 15 22 8 39 65 65 1 47 48 21 63 66 14 20 0 44 44 58 26 51 35
26 25 54 37 77 47 31 72 35 20 30 52 38 56 68 29 43 10 21 23 19 24 48 63 44 0 21 61 69 10 10
36 46 34 58 77 39 42 56 20 19 29 44 37 40 47 49 43 12 5 27 30 29 43 64 44 21 0 40 66 16 16
75 83 24 98 81 38 70 25 42 47 49 40 51 21 7 89 58 52 43 54 70 66 46 73 58 61 40 0 65 56 52
95 75 83 91 18 29 48 48 84 49 39 25 31 44 70 91 27 71 71 47 88 90 23 18 26 69 66 65 0 75 59
21 35 47 44 84 52 41 72 26 26 36 57 44 56 63 33 50 4 14 30 14 15 54 71 51 10 16 56 75 0 16
36 31 50 46 68 37 27 62 34 10 20 42 28 46 59 39 34 13 18 14 29 31 38 55 35 10 16 52 59 16 0
0 673
354 603
338 652
269 528
245 549
174 437
165 353
307 542
74 410
212 378
205 572
261 641
158 549
13 216
230 499
43 432
359 655
200 499
152 339
145 288
363 661
353 500
264 645
358 673
190 502
272 481
250 543
87 310
246 599
368 664
212 495
