31
0 76 92 76 39 49 79 87 82 94 34 52 48 51 12 40 34 74 84 51 41 10 5 28 26 13 67 88 87 39 61
76 0 24 14 99 31 81 82 31 21 89 55 30 25 79 60 46 84 26 37 85 70 71 75 97 72 15 13 63 47 31
92 24 0 37 106 53 72 70 16 8 96 78 52 42 96 82 67 77 11 60 89 87 87 82 109 85 25 14 49 69 33
76 14 37 0 104 27 93 95 45 32 94 45 28 30 75 52 42 95 40 29 92 67 71 80 100 75 27 24 77 42 42
39 99 106 104 0 81 63 71 92 112 10 90 79 74 51 79 69 55 96 86 19 49 42 24 19 32 85 107 81 75 73
49 31 53 27 81 0 84 87 52 52 71 27 2 15 48 29 15 83 50 9 70 40 44 57 74 49 30 44 74 16 36
79 81 72 93 63 84 0 9 56 80 56 108 82 69 91 103 84 8 61 93 45 84 78 51 77 66 67 83 27 91 51
87 82 70 95 71 87 9 0 54 78 64 113 85 72 98 108 89 16 59 96 53 91 85 60 85 74 68 81 22 96 53
82 31 16 45 92 52 56 54 0 24 82 78 50 37 88 79 62 61 5 60 74 79 77 69 97 73 22 27 33 66 21
94 21 8 32 112 52 80 78 24 0 102 76 51 43 97 81 67 85 19 58 95 88 89 88 113 88 27 8 57 68 39
34 89 96 94 10 71 56 64 82 102 0 82 69 64 46 71 60 49 86 77 11 43 36 14 21 23 75 97 73 66 63
52 55 78 45 90 27 108 113 78 76 82 0 29 42 45 12 24 106 76 18 85 42 48 72 78 59 56 68 101 17 63
48 30 52 28 79 2 82 85 50 51 69 29 0 13 49 30 16 81 48 11 68 41 43 56 73 48 28 43 72 17 34
51 25 42 30 74 15 69 72 37 43 64 42 13 0 54 42 25 70 37 24 62 45 46 50 72 47 17 37 59 29 21
12 79 96 75 51 48 91 98 88 97 46 45 49 54 0 33 33 86 89 49 53 9 13 40 35 25 71 91 96 36 67
40 60 82 52 79 29 103 108 79 81 71 12 30 42 33 0 19 101 78 23 75 30 37 62 66 48 58 73 99 13 62
34 46 67 42 69 15 84 89 62 67 60 24 16 25 33 19 0 82 62 17 61 25 29 48 60 37 42 59 80 7 44
74 84 77 95 55 83 8 16 61 85 49 106 81 70 86 101 82 0 66 92 38 80 73 46 70 61 69 87 33 89 53
84 26 11 40 96 50 61 59 5 19 86 76 48 37 89 78 62 66 0 58 78 80 79 72 99 75 20 22 38 65 23
51 37 60 29 86 9 93 96 60 58 77 18 11 24 49 23 17 92 58 0 77 42 46 64 77 54 38 50 83 13 45
41 85 89 92 19 70 45 53 74 95 11 85 68 62 53 75 61 38 78 77 0 48 41 13 32 28 70 92 62 68 56
10 70 87 67 49 40 84 91 79 88 43 42 41 45 9 30 25 80 80 42 48 0 7 35 36 20 62 82 88 30 58
5 71 87 71 42 44 78 85 77 89 36 48 43 46 13 37 29 73 79 46 41 7 0 28 31 13 62 83 83 34 56
28 75 82 80 24 57 51 60 69 88 14 72 56 50 40 62 48 46 72 64 13 35 28 0 29 15 61 83 63 55 49
26 97 109 100 19 74 77 85 97 113 21 78 73 72 35 66 60 70 99 77 32 36 31 29 0 25 86 108 92 65 76
13 72 85 75 32 49 66 74 73 88 23 59 48 47 25 48 37 61 75 54 28 20 13 15 25 0 61 83 74 43 52
67 15 25 27 85 30 67 68 22 27 75 56 28 17 71 58 42 69 20 38 70 62 62 61 86 61 0 22 50 45 16
88 13 14 24 107 44 83 81 27 8 97 68 43 37 91 73 59 87 22 50 92 82 83 83 108 83 22 0 60 60 36
87 63 49 77 81 74 27 22 33 57 73 101 72 59 96 99 80 33 38 83 62 88 83 63 92 74 50 60 0 86 38
39 47 69 42 75 16 91 96 66 68 66 17 17 29 36 13 7 89 65 13 68 30 34 55 65 43 45 60 86 0 49
61 31 33 42 73 36 51 53 21 39 63 63 34 21 67 62 44 53 23 45 56 58 56 49 76 52 16 36 38 49 0
0 673
223 399
345 630
336 673
304 579
215 589
32 365
38 185
66 324
52 432
21 298
11 193
87 397
216 592
347 549
296 577
35 267
304 663
151 405
238 520
255 561
239 555
22 273
76 364
53 373
139 453
41 228
120 460
327 553
310 582
94 338
