31
0 38 1 65 18 23 63 41 79 6 68 22 46 46 95 79 101 56 80 78 41 80 41 59 72 52 27 55 81 64 42
38 0 38 84 24 22 76 69 75 41 46 47 8 62 91 61 109 40 50 81 3 53 77 33 83 20 64 60 59 58 26
1 38 0 64 17 24 62 40 78 5 67 21 46 45 94 78 100 55 79 77 41 79 41 58 71 51 27 54 80 63 41
65 84 64 0 64 85 14 28 45 60 72 43 89 22 54 69 44 60 91 34 86 84 49 76 19 81 53 31 77 46 63
18 24 17 64 0 22 58 45 67 18 50 23 31 42 83 62 94 39 62 68 27 62 54 41 67 34 41 45 63 50 24
23 22 24 85 22 0 80 64 88 29 66 42 30 64 104 79 116 56 72 90 25 74 64 53 89 42 50 67 79 71 41
63 76 62 14 58 80 0 34 31 58 59 41 78 17 42 55 38 47 78 21 77 70 57 63 9 70 58 18 63 32 52
41 69 40 28 45 64 34 0 62 35 74 22 76 21 76 78 72 60 92 55 72 87 23 73 43 74 25 39 84 55 56
79 75 78 45 67 88 31 62 0 76 40 60 75 42 16 29 37 36 57 13 75 48 85 50 28 62 83 25 37 17 49
6 41 5 60 18 29 58 35 76 0 67 17 49 41 91 77 96 54 80 74 44 79 37 59 67 52 23 51 79 61 41
68 46 67 72 50 66 59 74 40 67 0 60 40 56 51 15 77 14 19 51 44 13 93 13 61 26 85 41 13 27 26
22 47 21 43 23 42 41 22 60 17 60 0 54 24 76 67 79 46 76 57 50 73 34 55 50 53 25 36 71 48 37
46 8 46 89 31 30 78 76 75 49 40 54 0 67 90 55 109 39 42 81 5 47 85 27 84 14 72 61 53 58 26
46 62 45 22 42 64 17 21 42 41 56 24 67 0 56 57 55 43 75 35 64 69 43 57 26 60 42 18 64 34 42
95 91 94 54 83 104 42 76 16 91 51 76 90 56 0 38 30 51 66 21 91 57 99 64 35 77 98 40 46 33 65
79 61 78 69 62 79 55 78 29 77 15 67 55 57 38 0 66 23 28 42 59 19 99 28 55 41 92 39 8 23 38
101 109 100 44 94 116 38 72 37 96 77 79 109 55 30 66 0 71 94 28 109 85 93 87 29 97 96 49 74 52 83
56 40 55 60 39 56 47 60 36 54 14 46 39 43 51 23 71 0 32 43 40 27 79 16 52 26 71 29 25 19 15
80 50 79 91 62 72 78 92 57 80 19 76 42 75 66 28 94 32 0 70 47 9 110 21 80 30 100 60 20 46 39
78 81 77 34 68 90 21 55 13 74 51 57 81 35 21 42 28 43 70 0 81 61 78 59 15 69 77 23 50 24 55
41 3 41 86 27 25 77 72 75 44 44 50 5 64 91 59 109 40 47 81 0 51 80 31 84 18 67 61 57 58 26
80 53 79 84 62 74 70 87 48 79 13 73 47 69 57 19 85 27 9 61 51 0 106 21 72 33 98 54 11 38 38
41 77 41 49 54 64 57 23 85 37 93 34 85 43 99 99 93 79 110 78 80 106 0 89 66 87 14 61 104 77 71
59 33 58 76 41 53 63 73 50 59 13 55 27 57 64 28 87 16 21 59 31 21 89 0 68 13 79 45 26 35 18
72 83 71 19 67 89 9 43 28 67 61 50 84 26 35 55 29 52 80 15 84 72 66 68 0 76 67 23 63 34 58
52 20 51 81 34 42 70 74 62 52 26 53 14 60 77 41 97 26 30 69 18 33 87 13 76 0 75 53 39 45 18
27 64 27 53 41 50 58 25 83 23 85 25 72 42 98 92 96 71 100 77 67 98 14 79 67 75 0 58 96 72 61
55 60 54 31 45 67 18 39 25 51 41 36 61 18 40 39 49 29 60 23 61 54 61 45 23 53 58 0 47 16 35
81 59 80 77 63 79 63 84 37 79 13 71 53 64 46 8 74 25 20 50 57 11 104 26 63 39 96 47 0 31 39
64 58 63 46 50 71 32 55 17 61 27 48 58 34 33 23 52 19 46 24 58 38 77 35 34 45 72 16 31 0 32
42 26 41 63 24 41 52 56 49 41 26 37 26 42 65 38 83 15 39 55 26 38 71 18 58 18 61 35 39 32 0
0 952
355 556
216 338
36 287
703 941
733 831
408 512
476 635
718 952
356 587
438 594
68 187
222 364
285 456
87 270
572 696
743 849
236 511
305 511
649 846
487 653
334 491
399 666
757 952
673 927
751 924
191 395
389 670
219 369
297 421
183 345
