41
0 9 60 82 90 66 33 1 47 22 45 83 17 105 35 94 51 92 98 109 52 93 74 26 77 75 46 71 81 56 72 58 36 17 55 43 56 106 70 29 39
9 0 53 74 83 62 30 8 47 13 38 74 17 96 32 85 45 83 91 102 52 84 65 26 71 70 41 64 72 47 64 49 27 14 47 39 52 99 61 26 31
60 53 0 68 31 33 72 60 53 40 15 61 50 79 37 48 66 58 38 49 55 59 15 46 31 25 65 14 49 24 57 46 37 62 58 67 31 46 44 68 49
82 74 68 0 89 100 61 81 108 65 65 9 86 24 89 44 37 26 89 96 112 27 62 90 98 91 42 80 24 44 11 26 49 68 29 46 95 90 24 61 43
90 83 31 89 0 37 103 90 69 70 45 80 77 93 60 53 96 71 9 20 68 71 27 70 24 19 95 19 65 51 80 73 68 92 86 98 44 19 66 99 80
66 62 33 100 37 0 90 67 33 54 36 94 49 112 31 79 91 91 46 56 31 92 45 41 13 18 89 25 82 56 89 77 61 76 86 91 10 56 77 86 73
33 30 72 61 103 90 0 32 77 36 58 65 47 85 62 90 24 81 109 120 82 82 80 56 97 93 19 85 70 56 54 44 35 16 33 15 81 115 59 4 26
1 8 60 81 90 67 32 0 48 21 45 82 18 104 36 93 50 91 98 109 53 92 73 27 77 76 45 71 80 55 71 57 35 16 54 42 57 106 69 28 38
47 47 53 108 69 33 77 48 0 47 45 105 30 126 19 101 89 107 78 89 5 108 68 21 46 50 86 53 96 67 97 82 60 61 87 85 25 88 88 73 72
22 13 40 65 70 54 36 21 47 0 25 64 21 86 28 72 42 72 78 89 51 73 52 26 61 59 39 52 61 34 54 39 16 22 41 39 45 86 50 32 25
45 38 15 65 45 36 58 45 45 25 0 60 36 81 27 57 56 62 53 64 48 63 29 33 39 35 54 27 51 22 54 41 26 47 50 56 30 61 43 54 38
83 74 61 9 80 94 65 82 105 64 60 0 85 22 86 35 42 17 80 87 108 18 54 89 91 84 46 73 15 38 11 25 48 69 32 50 90 81 17 64 44
17 17 50 86 77 49 47 18 30 21 36 85 0 107 18 91 61 92 85 96 35 93 65 9 61 61 57 58 81 53 75 60 37 31 61 56 39 95 71 43 45
105 96 79 24 93 112 85 104 126 86 81 22 107 0 107 41 61 22 91 96 129 22 69 111 107 100 66 89 30 59 33 47 70 91 53 70 110 90 38 85 66
35 32 37 89 60 31 62 36 19 28 27 86 18 107 0 83 70 88 69 80 23 89 52 10 43 43 67 42 77 48 78 63 41 46 68 67 21 79 69 58 53
94 85 48 44 53 79 90 93 101 72 57 35 91 41 83 0 70 20 50 55 103 19 34 90 71 64 73 54 21 38 41 46 60 88 59 77 79 49 31 87 64
51 45 66 37 96 91 24 50 89 42 56 42 61 61 70 70 0 58 100 110 93 59 70 68 95 91 5 80 50 45 31 25 30 34 11 9 83 105 39 25 18
92 83 58 26 71 91 81 91 107 72 62 17 92 22 88 20 58 0 69 75 110 1 47 93 85 78 62 67 11 40 27 37 56 81 48 66 89 69 22 79 56
98 91 38 89 9 46 109 98 78 78 53 80 85 91 69 50 100 69 0 11 77 69 30 79 33 28 100 27 65 55 81 76 74 100 90 103 53 10 67 105 85
109 102 49 96 20 56 120 109 89 89 64 87 96 96 80 55 110 75 11 0 87 74 40 90 43 39 110 38 72 65 90 86 85 111 100 113 64 6 76 116 95
52 52 55 112 68 31 82 53 5 51 48 108 35 129 23 103 93 110 77 87 0 111 70 26 44 49 90 53 99 70 101 86 64 66 91 90 25 87 91 78 76
93 84 59 27 71 92 82 92 108 73 63 18 93 22 89 19 59 1 69 74 111 0 48 94 86 79 63 68 12 41 28 38 57 82 49 67 90 68 23 80 57
74 65 15 62 27 45 80 73 68 52 29 54 65 69 52 34 70 47 30 40 70 48 0 61 38 31 70 20 40 25 53 46 45 72 60 73 46 35 39 76 55
26 26 46 90 70 41 56 27 21 26 33 89 9 111 10 90 68 93 79 90 26 94 61 0 53 53 65 52 82 53 79 64 41 40 67 64 31 89 73 52 51
77 71 31 98 24 13 97 77 46 61 39 91 61 107 43 71 95 85 33 43 44 86 38 53 0 7 93 18 77 55 88 77 65 83 89 95 22 43 74 93 77
75 70 25 91 19 18 93 76 50 59 35 84 61 100 43 64 91 78 28 39 49 79 31 53 7 0 89 11 70 49 81 71 61 81 83 91 25 38 67 89 73
46 41 65 42 95 89 19 45 86 39 54 46 57 66 67 73 5 62 100 110 90 63 70 65 93 89 0 79 53 45 35 27 28 29 14 4 81 105 42 20 16
71 64 14 80 19 25 85 71 53 52 27 73 58 89 42 54 80 67 27 38 53 68 20 52 18 11 79 0 59 38 70 60 51 74 72 81 28 37 56 81 63
81 72 49 24 65 82 70 80 96 61 51 15 81 30 77 21 50 11 65 72 99 12 40 82 77 70 53 59 0 29 20 26 45 70 39 57 80 66 11 68 45
56 47 24 44 51 56 56 55 67 34 22 38 53 59 48 38 45 40 55 65 70 41 25 53 55 49 45 38 29 0 33 22 22 50 35 48 52 60 21 53 30
72 64 57 11 80 89 54 71 97 54 54 11 75 33 78 41 31 27 81 90 101 28 53 79 88 81 35 70 20 33 0 15 38 58 21 39 84 84 14 53 33
58 49 46 26 73 77 44 57 82 39 41 25 60 47 63 46 25 37 76 86 86 38 46 64 77 71 27 60 26 22 15 0 23 44 14 31 71 81 15 42 19
36 27 37 49 68 61 35 35 60 16 26 48 37 70 41 60 30 56 74 85 64 57 45 41 65 61 28 51 45 22 38 23 0 28 27 30 53 80 34 31 12
17 14 62 68 92 76 16 16 61 22 47 69 31 91 46 88 34 81 100 111 66 82 72 40 83 81 29 74 70 50 58 44 28 0 39 26 66 107 59 12 25
55 47 58 29 86 86 33 54 87 41 50 32 61 53 68 59 11 48 90 100 91 49 60 67 89 83 14 72 39 35 21 14 27 39 0 18 80 95 28 32 16
43 39 67 46 98 91 15 42 85 39 56 50 56 70 67 77 9 66 103 113 90 67 73 64 95 91 4 81 57 48 39 31 30 26 18 0 83 108 46 16 18
56 52 31 95 44 10 81 57 25 45 30 90 39 110 21 79 83 89 53 64 25 90 46 31 22 25 81 28 80 52 84 71 53 66 80 83 0 63 73 77 65
106 99 46 90 19 56 115 106 88 86 61 81 95 90 79 49 105 69 10 6 87 68 35 89 43 38 105 37 66 60 84 81 80 107 95 108 63 0 70 111 90
70 61 44 24 66 77 59 69 88 50 43 17 71 38 69 31 39 22 67 76 91 23 39 73 74 67 42 56 11 21 14 15 34 59 28 46 73 70 0 57 34
29 26 68 61 99 86 4 28 73 32 54 64 43 85 58 87 25 79 105 116 78 80 76 52 93 89 20 81 68 53 53 42 31 12 32 16 77 111 57 0 23
39 31 49 43 80 73 26 38 72 25 38 44 45 66 53 64 18 56 85 95 76 57 55 51 77 73 16 63 45 30 33 19 12 25 16 18 65 90 34 23 0
0 774
462 774
451 725
60 511
47 445
386 688
286 515
69 477
203 377
251 467
399 774
65 222
415 774
170 531
24 222
234 408
407 741
83 409
314 533
446 774
155 518
395 616
101 278
387 774
399 594
328 726
100 403
213 462
29 425
328 516
265 675
167 630
401 774
118 303
375 692
262 540
317 774
200 640
109 304
250 703
174 388
