41
0 98 15 59 87 82 87 78 46 14 51 65 76 51 44 98 47 93 80 84 27 5 76 81 39 99 26 71 46 44 15 14 57 82 77 84 78 32 46 86 46
98 0 92 67 99 40 12 35 56 94 57 80 23 68 54 23 68 15 21 83 71 95 37 57 98 4 73 80 73 77 90 86 91 26 29 20 87 67 52 12 52
15 92 0 45 72 71 82 78 37 2 40 50 72 37 39 90 33 86 73 69 25 18 75 85 25 94 27 56 32 29 27 23 42 80 69 77 63 31 41 80 40
59 67 45 0 39 32 63 73 26 47 16 14 58 8 35 55 12 56 46 29 43 59 72 90 36 66 49 17 13 17 62 57 24 69 39 47 25 47 36 57 34
87 99 72 39 0 59 99 112 65 73 55 26 96 45 74 81 49 85 81 16 80 90 111 129 50 97 86 22 47 47 97 92 30 107 73 79 14 84 75 92 73
82 40 71 32 59 0 40 58 37 73 31 42 41 36 42 23 39 26 22 43 58 81 59 80 67 38 64 41 42 46 80 75 56 52 15 20 47 58 42 33 40
87 12 82 63 99 40 0 24 47 84 51 77 11 62 43 31 62 22 18 83 60 83 26 46 91 16 61 78 67 71 78 74 87 15 26 20 85 55 41 7 42
78 35 78 73 112 58 24 0 50 80 58 87 17 69 42 54 67 45 37 98 53 74 3 22 93 39 52 90 72 75 66 65 93 9 43 41 98 47 40 30 42
46 56 37 26 65 37 47 50 0 39 10 39 39 20 9 53 17 49 36 55 21 44 48 64 44 57 27 43 22 25 43 38 43 48 32 40 51 23 10 44 8
14 94 2 47 73 73 84 80 39 0 42 52 74 39 41 92 35 88 75 71 27 18 77 87 25 96 29 58 34 31 28 23 43 82 71 79 64 33 43 82 42
51 57 40 16 55 31 51 58 10 42 0 30 44 11 19 50 11 48 36 45 30 51 56 74 41 57 36 33 16 20 52 47 36 55 30 39 41 33 20 46 18
65 80 50 14 26 42 77 87 39 52 30 0 72 19 48 65 23 68 59 19 54 67 86 103 33 79 60 6 21 21 71 66 14 83 52 60 13 58 49 70 47
76 23 72 58 96 41 11 17 39 74 44 72 0 55 33 38 55 29 20 82 49 72 18 39 83 27 50 74 60 64 67 63 80 11 26 24 82 44 31 14 32
51 68 37 8 45 36 62 69 20 39 11 19 55 0 29 58 4 58 47 37 35 51 67 84 31 68 41 24 6 10 54 49 25 66 40 49 32 39 30 57 28
44 54 39 35 74 42 43 42 9 41 19 48 33 29 0 54 26 49 36 64 17 41 40 56 51 55 22 52 31 34 39 34 52 42 33 40 60 16 2 42 2
98 23 90 55 81 23 31 54 53 92 50 65 38 58 54 0 60 9 20 65 71 95 56 76 89 19 76 64 64 68 93 88 79 45 21 15 70 70 54 24 52
47 68 33 12 49 39 62 67 17 35 11 23 55 4 26 60 0 59 47 41 31 47 65 81 30 68 37 28 5 9 50 45 26 65 41 50 36 35 27 57 25
93 15 86 56 85 26 22 45 49 88 48 68 29 58 49 9 59 0 14 69 66 90 47 67 89 12 71 67 64 68 88 83 80 36 18 9 73 65 48 15 47
80 21 73 46 81 22 18 37 36 75 36 59 20 47 36 20 47 14 0 65 53 77 38 59 77 21 57 60 52 56 74 70 70 30 8 5 67 51 34 11 34
84 83 69 29 16 43 83 98 55 71 45 19 82 37 64 65 41 69 65 0 72 86 98 117 51 81 78 13 39 40 90 85 30 93 57 63 8 76 65 76 63
27 71 25 43 80 58 60 53 21 27 30 54 49 35 17 71 31 66 53 72 0 24 50 60 44 72 6 59 34 34 22 17 53 56 50 57 67 6 19 59 19
5 95 18 59 90 81 83 74 44 18 51 67 72 51 41 95 47 90 77 86 24 0 71 76 43 96 22 73 47 46 10 9 60 78 74 81 80 28 43 83 43
76 37 75 72 111 59 26 3 48 77 56 86 18 67 40 56 65 47 38 98 50 71 0 21 91 41 50 89 70 73 63 62 91 11 44 42 97 44 38 32 40
81 57 85 90 129 80 46 22 64 87 74 103 39 84 56 76 81 67 59 117 60 76 21 0 104 61 58 107 86 89 66 67 107 31 65 63 115 54 54 52 56
39 98 25 36 50 67 91 93 44 25 41 33 83 31 51 89 30 89 77 51 44 43 91 104 0 98 49 39 25 21 52 48 21 92 71 80 43 50 53 87 51
99 4 94 66 97 38 16 39 57 96 57 79 27 68 55 19 68 12 21 81 72 96 41 61 98 0 75 79 73 77 92 88 90 30 28 19 85 69 54 14 54
26 73 27 49 86 64 61 52 27 29 36 60 50 41 22 76 37 71 57 78 6 22 50 58 49 75 0 65 40 40 17 13 59 56 55 62 73 6 23 61 24
71 80 56 17 22 41 78 90 43 58 33 6 74 24 52 64 28 67 60 13 59 73 89 107 39 79 65 0 26 27 77 72 19 85 52 60 8 63 53 71 51
46 73 32 13 47 42 67 72 22 34 16 21 60 6 31 64 5 64 52 39 34 47 70 86 25 73 40 26 0 4 51 46 22 70 46 55 34 38 32 62 30
44 77 29 17 47 46 71 75 25 31 20 21 64 10 34 68 9 68 56 40 34 46 73 89 21 77 40 27 4 0 50 45 19 73 50 59 34 39 35 66 33
15 90 27 62 97 80 78 66 43 28 52 71 67 54 39 93 50 88 74 90 22 10 63 66 52 92 17 77 51 50 0 5 68 71 72 79 84 23 40 78 41
14 86 23 57 92 75 74 65 38 23 47 66 63 49 34 88 45 83 70 85 17 9 62 67 48 88 13 72 46 45 5 0 63 69 67 74 79 19 36 74 36
57 91 42 24 30 56 87 93 43 43 36 14 80 25 52 79 26 80 70 30 53 60 91 107 21 90 59 19 22 19 68 63 0 91 63 71 22 58 53 81 51
82 26 80 69 107 52 15 9 48 82 55 83 11 66 42 45 65 36 30 93 56 78 11 31 92 30 56 85 70 73 71 69 91 0 37 34 93 50 40 21 41
77 29 69 39 73 15 26 43 32 71 30 52 26 40 33 21 41 18 8 57 50 74 44 65 71 28 55 52 46 50 72 67 63 37 0 9 59 49 33 19 31
84 20 77 47 79 20 20 41 40 79 39 60 24 49 40 15 50 9 5 63 57 81 42 63 80 19 62 60 55 59 79 74 71 34 9 0 67 56 39 13 38
78 87 63 25 14 47 85 98 51 64 41 13 82 32 60 70 36 73 67 8 67 80 97 115 43 85 73 8 34 34 84 79 22 93 59 67 0 71 61 78 59
32 67 31 47 84 58 55 47 23 33 33 58 44 39 16 70 35 65 51 76 6 28 44 54 50 69 6 63 38 39 23 19 58 50 49 56 71 0 17 55 18
46 52 41 36 75 42 41 40 10 43 20 49 31 30 2 54 27 48 34 65 19 43 38 54 53 54 23 53 32 35 40 36 53 40 33 39 61 17 0 40 2
86 12 80 57 92 33 7 30 44 82 46 70 14 57 42 24 57 15 11 76 59 83 32 52 87 14 61 71 62 66 78 74 81 21 19 13 78 55 40 0 40
46 52 40 34 73 40 42 42 8 42 18 47 32 28 2 52 25 47 34 63 19 43 40 56 51 54 24 51 30 33 41 36 51 41 31 38 59 18 2 40 0
0 774
43 489
27 343
308 733
458 658
131 338
423 663
416 749
49 463
266 647
328 739
234 662
298 684
21 426
51 368
403 706
101 443
43 233
368 774
107 397
235 521
264 482
118 302
157 565
245 686
10 369
307 551
401 774
28 284
134 351
117 440
330 632
291 732
3 191
376 746
384 608
134 577
72 287
228 592
131 389
52 426
