41
0 46 35 32 17 35 72 35 29 49 70 31 32 40 66 35 65 23 58 54 58 29 19 43 43 50 36 58 36 44 47 22 4 36 31 32 58 35 56 35 61
46 0 60 60 34 44 70 27 68 5 108 77 16 33 72 12 105 55 22 83 96 20 45 10 49 91 61 22 59 24 3 63 43 51 76 78 68 81 92 62 15
35 60 0 66 29 20 46 36 17 65 48 43 44 33 34 56 47 57 60 23 37 54 54 53 22 37 1 60 4 44 63 21 32 13 30 51 25 48 32 2 73
32 60 66 0 48 67 104 65 55 62 92 42 54 70 98 48 85 9 80 81 81 40 16 65 75 70 67 80 68 71 60 48 36 68 51 34 90 41 82 66 74
17 34 29 48 0 20 57 18 34 39 75 47 18 23 52 27 71 40 42 51 63 26 32 29 28 57 29 42 28 27 36 29 13 23 42 49 45 51 59 30 48
35 44 20 67 20 0 37 17 35 49 68 57 29 13 32 42 67 58 40 42 57 44 52 34 8 57 19 40 16 24 47 35 31 7 48 63 27 62 52 22 54
72 70 46 104 57 37 0 46 63 75 81 89 60 39 15 73 83 95 55 53 73 78 89 60 29 80 45 55 42 46 73 67 68 38 76 97 24 94 67 48 75
35 27 36 65 18 17 46 0 48 32 84 65 14 7 46 27 83 57 25 59 73 32 49 17 22 71 36 25 33 9 30 45 31 24 58 67 41 69 68 38 37
29 68 17 55 34 35 63 48 0 73 41 26 52 48 50 60 37 46 73 26 29 56 47 63 39 23 18 73 21 57 70 7 29 30 13 35 41 31 27 15 82
49 5 65 62 39 49 75 32 73 0 113 80 21 38 77 14 110 57 26 88 101 22 47 15 54 96 66 26 64 29 3 68 47 56 80 80 73 84 97 67 12
70 108 48 92 75 68 81 84 41 113 0 51 92 81 66 101 7 84 108 29 12 97 87 101 69 22 49 108 52 92 111 48 70 61 41 60 59 53 16 46 121
31 77 43 42 47 57 89 65 26 80 51 0 63 67 76 66 44 34 89 49 42 60 40 74 63 29 44 89 47 74 78 22 35 53 14 9 67 5 44 41 92
32 16 44 54 18 29 60 14 52 21 92 63 0 21 60 13 89 48 26 67 80 18 38 11 36 75 45 26 43 17 19 47 28 35 60 64 55 67 76 46 30
40 33 33 70 23 13 39 7 48 38 81 67 21 0 39 34 80 63 27 55 70 39 54 23 16 70 32 27 29 11 36 46 36 20 59 72 35 72 65 35 42
66 72 34 98 52 32 15 46 50 77 66 76 60 39 0 73 68 89 61 38 58 76 84 62 24 65 33 61 31 48 75 55 62 30 63 85 9 81 52 35 79
35 12 56 48 27 42 73 27 60 14 101 66 13 34 73 0 97 43 32 78 89 8 33 17 49 83 56 32 54 29 12 54 33 47 66 66 68 70 86 57 26
65 105 47 85 71 67 83 83 37 110 7 44 89 80 68 97 0 77 107 30 10 92 80 99 69 15 48 107 51 91 107 43 65 60 34 53 60 46 16 45 119
23 55 57 9 40 58 95 57 46 57 84 34 48 63 89 43 77 0 74 72 73 35 10 59 66 62 58 74 59 65 55 39 27 59 43 28 81 35 73 57 69
58 22 60 80 42 40 55 25 73 26 108 89 26 27 61 32 107 74 0 82 97 40 64 16 42 96 59 0 56 16 24 70 54 47 83 90 61 93 92 62 20
54 83 23 81 51 42 53 59 26 88 29 49 67 55 38 78 30 72 82 0 20 77 73 76 41 28 23 82 26 66 86 33 53 35 35 58 30 53 14 21 96
58 96 37 81 63 57 73 73 29 101 12 42 80 70 58 89 10 73 97 20 0 85 75 90 59 13 38 97 41 81 99 36 58 50 30 51 50 45 6 35 110
29 20 54 40 26 44 78 32 56 22 97 60 18 39 76 8 92 35 40 77 85 0 25 25 52 78 55 40 54 35 20 49 27 48 60 59 70 63 83 56 34
19 45 54 16 32 52 89 49 47 47 87 40 38 54 84 33 80 10 64 73 75 25 0 49 60 65 55 64 55 55 45 40 22 54 46 36 76 42 74 54 59
43 10 53 65 29 34 60 17 63 15 101 74 11 23 62 17 99 59 16 76 90 25 49 0 39 86 53 16 50 14 13 58 39 41 71 75 58 78 85 55 20
43 49 22 75 28 8 29 22 39 54 69 63 36 16 24 49 69 66 42 41 59 52 60 39 0 59 21 42 18 27 52 41 39 10 52 70 19 68 53 24 58
50 91 37 70 57 57 80 71 23 96 22 29 75 70 65 83 15 62 96 28 13 78 65 86 59 0 38 96 41 80 93 29 51 50 19 38 56 32 17 35 105
36 61 1 67 29 19 45 36 18 66 49 44 45 32 33 56 48 58 59 23 38 55 55 53 21 38 0 59 3 43 64 22 33 12 31 52 24 49 33 3 73
58 22 60 80 42 40 55 25 73 26 108 89 26 27 61 32 107 74 0 82 97 40 64 16 42 96 59 0 56 16 24 70 54 47 83 90 61 93 92 62 20
36 59 4 68 28 16 42 33 21 64 52 47 43 29 31 54 51 59 56 26 41 54 55 50 18 41 3 56 0 40 62 25 33 9 34 55 22 52 36 6 70
44 24 44 71 27 24 46 9 57 29 92 74 17 11 48 29 91 65 16 66 81 35 55 14 27 80 43 16 40 0 27 54 40 31 67 76 46 78 76 46 31
47 3 63 60 36 47 73 30 70 3 111 78 19 36 75 12 107 55 24 86 99 20 45 13 52 93 64 24 62 27 0 65 44 53 77 78 71 82 95 65 14
22 63 21 48 29 35 67 45 7 68 48 22 47 46 55 54 43 39 70 33 36 49 40 58 41 29 22 70 25 54 65 0 22 31 13 30 46 27 34 20 77
4 43 32 36 13 31 68 31 29 47 70 35 28 36 62 33 65 27 54 53 58 27 22 39 39 51 33 54 33 40 44 22 0 32 33 36 54 39 56 32 58
36 51 13 68 23 7 38 24 30 56 61 53 35 20 30 47 60 59 47 35 50 48 54 41 10 50 12 47 9 31 53 31 32 0 43 60 22 58 45 15 61
31 76 30 51 42 48 76 58 13 80 41 14 60 59 63 66 34 43 83 35 30 60 46 71 52 19 31 83 34 67 77 13 33 43 0 23 54 18 31 28 90
32 78 51 34 49 63 97 67 35 80 60 9 64 72 85 66 53 28 90 58 51 59 36 75 70 38 52 90 55 76 78 30 36 60 23 0 76 7 53 50 92
58 68 25 90 45 27 24 41 41 73 59 67 55 35 9 68 60 81 61 30 50 70 76 58 19 56 24 61 22 46 71 46 54 22 54 76 0 72 44 26 77
35 81 48 41 51 62 94 69 31 84 53 5 67 72 81 70 46 35 93 53 45 63 42 78 68 32 49 93 52 78 82 27 39 58 18 7 72 0 48 46 96
56 92 32 82 59 52 67 68 27 97 16 44 76 65 52 86 16 73 92 14 6 83 74 85 53 17 33 92 36 76 95 34 56 45 31 53 44 48 0 30 105
35 62 2 66 30 22 48 38 15 67 46 41 46 35 35 57 45 57 62 21 35 56 54 55 24 35 3 62 6 46 65 20 32 15 28 50 26 46 30 0 75
61 15 73 74 48 54 75 37 82 12 121 92 30 42 79 26 119 69 20 96 110 34 59 20 58 105 73 20 70 31 14 77 58 61 90 92 77 96 105 75 0
0 894
267 585
200 484
234 527
266 534
580 894
525 864
221 509
5 253
77 333
119 378
128 457
190 492
298 528
292 582
412 685
607 800
24 394
443 686
272 615
171 337
430 700
347 647
375 598
232 585
300 482
323 542
40 335
201 504
454 693
86 352
110 360
93 255
504 830
209 485
30 202
271 411
278 664
306 595
342 546
148 511
