41
0 30 82 74 32 86 96 66 39 105 66 45 43 97 89 35 70 61 105 72 27 37 81 97 89 69 96 79 96 33 71 68 22 89 89 31 41 26 113 97 61
30 0 54 62 9 83 67 36 46 93 42 38 41 71 86 9 41 67 84 48 9 44 63 85 73 40 87 67 87 39 41 42 31 75 75 1 40 6 90 79 51
82 54 0 50 59 80 19 33 75 65 21 55 62 17 81 56 15 84 44 16 55 74 37 64 48 16 71 53 73 71 22 15 71 52 51 54 63 60 44 48 52
74 62 50 0 71 30 69 71 45 31 32 29 33 51 31 71 55 41 38 35 55 45 16 23 16 54 25 5 26 44 61 39 53 15 15 63 35 68 47 24 13
32 9 59 71 0 92 69 35 54 102 49 47 50 76 95 3 44 76 91 54 18 52 71 94 82 43 96 76 96 47 42 48 38 84 84 8 49 6 97 87 60
86 83 80 30 92 0 98 100 47 37 62 45 44 80 3 92 85 29 59 65 75 49 44 28 38 84 19 28 17 53 91 69 64 34 35 84 46 88 68 44 33
96 67 19 69 69 98 0 37 94 79 40 74 81 22 98 66 26 103 53 35 69 93 54 80 64 27 87 70 89 90 27 34 89 68 67 66 82 72 51 62 71
66 36 33 71 35 100 37 0 77 94 39 61 68 50 101 32 18 93 76 39 43 75 63 90 74 18 96 76 97 70 11 33 65 78 77 35 67 40 77 77 67
39 46 75 45 54 47 94 77 0 75 54 20 13 85 50 55 71 22 81 60 37 2 57 65 61 70 61 50 60 7 76 60 18 60 60 47 12 48 90 69 32
105 93 65 31 102 37 79 94 75 0 55 60 64 58 35 101 77 64 28 55 86 76 31 10 20 76 18 26 20 75 83 61 84 18 18 94 66 99 36 17 44
66 42 21 32 49 62 40 39 54 55 0 34 41 31 63 48 23 63 42 6 40 53 24 51 35 22 57 37 58 50 29 7 52 39 38 43 42 48 48 40 31
45 38 55 29 47 45 74 61 20 60 34 0 7 65 48 47 52 32 63 40 30 19 39 52 44 51 51 34 51 17 58 40 24 44 44 39 8 43 72 52 16
43 41 62 33 50 44 81 68 13 64 41 7 0 72 47 50 59 26 69 47 32 12 45 56 49 58 53 38 53 11 65 47 21 48 48 42 2 45 78 57 20
97 71 17 51 76 80 22 50 85 58 31 65 72 0 80 73 32 90 31 25 70 84 36 59 44 33 67 52 69 81 39 29 83 48 47 71 73 77 29 41 58
89 86 81 31 95 3 98 101 50 35 63 48 47 80 0 95 86 32 58 66 78 52 44 26 37 85 17 28 15 56 92 70 67 33 34 87 49 91 67 43 35
35 9 56 71 3 92 66 32 55 101 48 47 50 73 95 0 41 76 90 52 18 53 70 94 81 40 96 76 96 48 39 46 40 83 83 8 49 9 95 86 60
70 41 15 55 44 85 26 18 71 77 23 52 59 32 86 41 0 84 58 22 43 70 46 73 57 1 79 59 80 65 7 16 63 61 60 40 59 46 59 60 54
61 67 84 41 76 29 103 93 22 64 63 32 26 90 32 76 84 0 77 68 58 24 56 54 55 83 47 43 45 29 89 70 40 53 54 68 27 70 86 63 32
105 84 44 38 91 59 53 76 81 28 42 63 69 31 58 90 58 77 0 38 81 81 24 32 22 58 41 34 43 80 65 44 87 25 24 85 71 90 9 15 49
72 48 16 35 54 65 35 39 60 55 6 40 47 25 66 52 22 68 38 0 46 59 24 51 35 21 58 38 59 56 28 6 58 39 38 48 48 54 43 38 36
27 9 55 55 18 75 69 43 37 86 40 30 32 70 78 18 43 58 81 46 0 35 58 78 68 42 80 60 80 30 45 41 23 69 69 10 31 13 88 74 44
37 44 74 45 52 49 93 75 2 76 53 19 12 84 52 53 70 24 81 59 35 0 57 66 61 69 63 50 62 5 74 59 16 60 60 45 11 46 90 69 32
81 63 37 16 71 44 54 63 57 31 24 39 45 36 44 70 46 56 24 24 58 57 0 27 11 45 34 16 36 56 52 30 63 15 14 64 47 69 33 16 25
97 85 64 23 94 28 80 90 65 10 51 52 56 59 26 94 73 54 32 51 78 66 27 0 16 72 9 18 11 67 79 57 76 12 13 86 58 91 41 18 36
89 73 48 16 82 38 64 74 61 20 35 44 49 44 37 81 57 55 22 35 68 61 11 16 0 56 23 12 25 60 63 41 68 4 3 74 51 79 31 8 29
69 40 16 54 43 84 27 18 70 76 22 51 58 33 85 40 1 83 58 21 42 69 45 72 56 0 78 58 79 64 7 15 62 60 59 39 58 45 60 59 53
96 87 71 25 96 19 87 96 61 18 57 51 53 67 17 96 79 47 41 58 80 63 34 9 23 78 0 20 2 64 85 63 74 19 20 88 55 93 50 27 36
79 67 53 5 76 28 70 76 50 26 37 34 38 52 28 76 59 43 34 38 60 50 16 18 12 58 20 0 21 49 65 43 58 10 11 68 40 73 43 20 18
96 87 73 26 96 17 89 97 60 20 58 51 53 69 15 96 80 45 43 59 80 62 36 11 25 79 2 21 0 63 86 64 74 21 22 88 55 93 52 29 36
33 39 71 44 47 53 90 70 7 75 50 17 11 81 56 48 65 29 80 56 30 5 56 67 60 64 64 49 63 0 69 56 11 59 59 40 9 41 89 68 31
71 41 22 61 42 91 27 11 76 83 29 58 65 39 92 39 7 89 65 28 45 74 52 79 63 7 85 65 86 69 0 22 66 67 66 40 64 46 66 66 60
68 42 15 39 48 69 34 33 60 61 7 40 47 29 70 46 16 70 44 6 41 59 30 57 41 15 63 43 64 56 22 0 56 45 44 42 48 48 49 44 38
22 31 71 53 38 64 89 65 18 84 52 24 21 83 67 40 63 40 87 58 23 16 63 76 68 62 74 58 74 11 66 56 0 68 68 32 19 32 96 76 40
89 75 52 15 84 34 68 78 60 18 39 44 48 48 33 83 61 53 25 39 69 60 15 12 4 60 19 10 21 59 67 45 68 0 1 76 50 81 34 10 28
89 75 51 15 84 35 67 77 60 18 38 44 48 47 34 83 60 54 24 38 69 60 14 13 3 59 20 11 22 59 66 44 68 1 0 76 50 81 33 9 28
31 1 54 63 8 84 66 35 47 94 43 39 42 71 87 8 40 68 85 48 10 45 64 86 74 39 88 68 88 40 40 42 32 76 76 0 41 6 91 80 52
41 40 63 35 49 46 82 67 12 66 42 8 2 73 49 49 59 27 71 48 31 11 47 58 51 58 55 40 55 9 64 48 19 50 50 41 0 43 80 59 22
26 6 60 68 6 88 72 40 48 99 48 43 45 77 91 9 46 70 90 54 13 46 69 91 79 45 93 73 93 41 46 48 32 81 81 6 43 0 96 85 57
113 90 44 47 97 68 51 77 90 36 48 72 78 29 67 95 59 86 9 43 88 90 33 41 31 60 50 43 52 89 66 49 96 34 33 91 80 96 0 24 58
97 79 48 24 87 44 62 77 69 17 40 52 57 41 43 86 60 63 15 38 74 69 16 18 8 59 27 20 29 68 66 44 76 10 9 80 59 85 24 0 37
61 51 52 13 60 33 71 67 32 44 31 16 20 58 35 60 54 32 49 36 44 32 25 36 29 53 36 18 36 31 60 38 40 28 28 52 22 57 58 37 0
0 1549
16 158
1073 1292
1062 1214
103 278
730 946
243 416
1298 1382
358 451
215 317
852 1017
965 1149
967 1177
1127 1335
1205 1365
1342 1517
1217 1370
1134 1276
370 488
1335 1549
506 654
1220 1351
748 854
69 214
963 1190
1209 1306
571 672
478 606
853 942
828 946
370 483
589 690
491 607
759 960
1159 1377
1362 1549
1364 1540
892 969
15 140
203 399
913 1019
