41
0 62 51 35 43 21 38 63 19 25 35 52 46 56 16 31 67 59 22 58 27 60 59 56 24 37 57 40 34 37 23 43 63 48 23 6 49 39 65 37 55
62 0 54 64 23 71 24 12 76 82 70 23 77 84 73 83 18 4 83 31 53 11 70 19 39 31 44 82 61 79 40 70 4 75 43 59 41 69 19 26 41
51 54 0 22 56 41 41 64 50 55 83 65 93 32 67 48 70 54 61 25 24 43 16 65 49 57 12 90 21 87 50 20 51 94 53 45 13 85 71 52 14
35 64 22 0 57 19 43 73 28 33 70 66 81 23 51 26 78 63 39 41 13 56 24 69 43 54 33 75 3 72 43 8 63 82 46 30 28 73 77 51 33
43 23 56 57 0 58 15 21 60 66 47 9 54 79 53 70 24 19 65 42 44 28 72 13 19 8 51 59 54 56 20 64 27 52 22 41 44 46 22 6 48
21 71 41 19 58 0 47 77 9 14 56 67 67 35 34 12 82 68 20 56 21 66 43 71 40 53 50 60 20 57 39 26 72 69 40 18 44 60 80 52 50
38 24 41 43 15 47 0 30 52 58 53 24 62 65 51 59 35 21 59 28 30 22 57 26 17 17 36 63 40 60 18 50 25 61 21 35 29 54 34 11 33
63 12 64 73 21 77 30 0 80 86 65 15 71 94 73 89 6 10 85 43 60 23 80 10 39 29 56 77 70 75 40 79 16 68 43 61 51 64 7 26 53
19 76 50 28 60 9 52 80 0 6 52 69 62 43 27 12 84 73 11 64 29 72 52 73 41 54 59 53 29 50 40 35 77 65 41 19 52 56 82 54 58
25 82 55 33 66 14 58 86 6 0 56 75 65 43 30 10 90 79 9 70 35 78 57 79 47 60 64 56 34 53 46 39 83 69 47 25 58 60 88 60 64
35 70 83 70 47 56 53 65 52 56 0 50 11 91 26 64 66 66 48 80 60 74 93 55 36 39 85 12 68 10 35 78 73 13 32 40 76 4 63 45 82
52 23 65 66 9 67 24 15 69 75 50 0 56 88 60 79 16 19 74 48 53 32 81 5 28 15 59 62 63 60 29 73 27 53 29 50 52 49 13 15 56
46 77 93 81 54 67 62 71 62 65 11 56 0 102 35 74 70 73 57 89 70 82 104 61 45 47 94 13 79 13 44 89 81 4 41 51 85 8 67 53 91
56 84 32 23 79 35 65 94 43 43 91 88 102 0 69 33 100 84 52 57 35 74 20 91 65 76 44 95 25 92 65 15 82 103 68 51 44 94 99 73 46
16 73 67 51 53 34 51 73 27 30 26 60 35 69 0 39 76 69 22 74 43 73 75 65 34 45 73 26 50 23 33 59 75 39 31 22 65 30 73 47 71
31 83 48 26 70 12 59 89 12 10 64 79 74 33 39 0 94 80 19 66 31 76 47 83 51 64 58 65 27 62 50 29 83 77 51 29 53 68 92 64 58
67 18 70 78 24 82 35 6 84 90 66 16 70 100 76 94 0 16 89 49 65 29 86 11 43 31 62 78 75 76 44 85 22 67 45 65 57 64 3 30 59
59 4 54 63 19 68 21 10 73 79 66 19 73 84 69 80 16 0 80 33 51 14 70 15 35 27 46 78 60 75 36 69 8 71 39 56 41 65 17 22 43
22 83 61 39 65 20 59 85 11 9 48 74 57 52 22 19 89 80 0 74 39 80 63 78 46 59 70 47 40 45 45 46 84 61 45 24 62 52 87 59 68
58 31 25 41 42 56 28 43 64 70 80 48 89 57 74 66 49 33 74 0 35 20 41 47 44 45 14 90 39 87 45 44 28 89 48 52 13 81 50 39 11
27 53 24 13 44 21 30 60 29 35 60 53 70 35 43 31 65 51 39 35 0 45 34 56 30 41 31 66 10 63 30 20 52 71 33 21 23 62 64 38 29
60 11 43 56 28 66 22 23 72 78 74 32 82 74 73 76 29 14 80 20 45 0 59 29 39 35 33 85 53 82 40 60 8 80 43 56 30 74 30 29 30
59 70 16 24 72 43 57 80 52 57 93 81 104 20 75 47 86 70 63 41 34 59 0 81 63 72 27 99 25 96 63 18 67 105 66 53 29 96 87 68 30
56 19 65 69 13 71 26 10 73 79 55 5 61 91 65 83 11 15 78 47 56 29 81 0 32 20 58 67 66 65 33 76 23 58 34 54 52 54 9 19 55
24 39 49 43 19 40 17 39 41 47 36 28 45 65 34 51 43 35 46 44 30 39 63 32 0 13 49 46 40 43 1 50 41 46 4 22 40 37 41 13 46
37 31 57 54 8 53 17 29 54 60 39 15 47 76 45 64 31 27 59 45 41 35 72 20 13 0 53 51 51 48 14 61 34 46 14 35 45 39 28 6 50
57 44 12 33 51 50 36 56 59 64 85 59 94 44 73 58 62 46 70 14 31 33 27 58 49 53 0 94 31 91 50 32 41 95 53 51 9 86 63 47 3
40 82 90 75 59 60 63 77 53 56 12 62 13 95 26 65 78 78 47 90 66 85 99 67 46 51 94 0 74 3 45 83 85 17 42 46 85 15 75 57 91
34 61 21 3 54 20 40 70 29 34 68 63 79 25 50 27 75 60 40 39 10 53 25 66 40 51 31 74 0 71 40 10 60 80 43 28 26 71 74 48 31
37 79 87 72 56 57 60 75 50 53 10 60 13 92 23 62 76 75 45 87 63 82 96 65 43 48 91 3 71 0 42 80 82 17 39 43 82 13 73 54 88
23 40 50 43 20 39 18 40 40 46 35 29 44 65 33 50 44 36 45 45 30 40 63 33 1 14 50 45 40 42 0 50 42 45 3 21 41 36 42 14 47
43 70 20 8 64 26 50 79 35 39 78 73 89 15 59 29 85 69 46 44 20 60 18 76 50 61 32 83 10 80 50 0 68 90 53 38 31 81 84 58 34
63 4 51 63 27 72 25 16 77 83 73 27 81 82 75 83 22 8 84 28 52 8 67 23 41 34 41 85 60 82 42 68 0 79 45 60 38 73 23 29 38
48 75 94 82 52 69 61 68 65 69 13 53 4 103 39 77 67 71 61 89 71 80 105 58 46 46 95 17 80 17 45 90 79 0 42 52 86 9 64 52 92
23 43 53 46 22 40 21 43 41 47 32 29 41 68 31 51 45 39 45 48 33 43 66 34 4 14 53 42 43 39 3 53 45 42 0 22 44 33 42 17 50
6 59 45 30 41 18 35 61 19 25 40 50 51 51 22 29 65 56 24 52 21 56 53 54 22 35 51 46 28 43 21 38 60 52 22 0 43 43 63 35 49
49 41 13 28 44 44 29 51 52 58 76 52 85 44 65 53 57 41 62 13 23 30 29 52 40 45 9 85 26 82 41 31 38 86 44 43 0 77 58 40 6
39 69 85 73 46 60 54 64 56 60 4 49 8 94 30 68 64 65 52 81 62 74 96 54 37 39 86 15 71 13 36 81 73 9 33 43 77 0 61 45 83
65 19 71 77 22 80 34 7 82 88 63 13 67 99 73 92 3 17 87 50 64 30 87 9 41 28 63 75 74 73 42 84 23 64 42 63 58 61 0 28 60
37 26 52 51 6 52 11 26 54 60 45 15 53 73 47 64 30 22 59 39 38 29 68 19 13 6 47 57 48 54 14 58 29 52 17 35 40 45 28 0 44
55 41 14 33 48 50 33 53 58 64 82 56 91 46 71 58 59 43 68 11 29 30 30 55 46 50 3 91 31 88 47 34 38 92 50 49 6 83 60 44 0
0 692
188 556
316 679
0 377
151 607
332 692
33 483
301 663
269 692
53 274
279 457
281 556
325 692
79 416
121 568
291 494
78 559
233 428
324 624
286 692
275 631
240 575
243 417
277 518
212 522
326 529
312 625
232 530
299 692
335 548
237 654
210 436
151 346
96 477
85 581
220 438
52 245
139 366
138 420
324 692
222 660
