41
0 70 24 90 46 4 66 31 88 70 63 29 81 76 45 39 21 52 67 89 62 45 40 17 64 81 66 74 73 46 61 84 79 51 39 65 58 13 95 23 61
70 0 46 23 29 73 61 88 46 4 27 43 39 14 32 67 59 24 7 32 44 29 57 54 24 32 5 25 43 69 75 31 60 19 63 31 13 57 65 47 32
24 46 0 66 22 27 59 48 69 46 40 6 62 52 22 41 22 28 43 68 48 23 29 8 43 60 42 51 57 41 53 61 68 27 38 46 34 11 81 1 43
90 23 66 0 52 93 63 104 36 25 49 64 31 30 55 77 76 47 23 16 48 45 80 73 30 23 28 43 40 92 98 46 56 42 73 35 32 77 55 67 38
46 29 22 52 0 48 66 70 65 28 18 17 58 31 5 58 43 6 29 57 51 23 30 30 38 52 24 29 56 42 50 39 71 10 54 44 20 33 81 23 41
4 73 27 93 48 0 70 33 92 73 65 31 85 79 47 43 25 54 70 93 66 48 39 20 68 85 69 76 77 44 59 86 83 54 43 69 61 16 99 26 65
66 61 59 63 66 70 0 59 35 65 81 63 34 75 70 30 45 68 54 50 17 43 88 57 37 40 64 84 23 100 112 92 14 61 28 30 53 62 30 59 29
31 88 48 104 70 33 59 0 88 91 88 54 84 99 70 29 29 76 83 98 62 60 71 40 74 88 87 99 73 77 92 109 73 74 32 72 75 40 89 47 68
88 46 69 36 65 92 35 88 0 50 72 71 7 60 70 59 67 64 40 20 26 46 94 73 27 14 51 71 15 106 115 77 23 55 56 23 45 78 20 70 27
70 4 46 25 28 73 65 91 50 0 24 43 43 10 31 70 62 23 11 36 48 32 56 54 28 36 4 21 47 68 73 27 64 19 66 35 16 57 69 47 36
63 27 40 49 18 65 81 88 72 24 0 34 65 20 18 75 61 13 32 59 64 38 37 48 46 58 22 11 65 47 49 21 82 20 72 53 28 50 90 41 52
29 43 6 64 17 31 63 54 71 43 34 0 64 48 16 47 28 23 41 68 51 25 25 14 44 61 39 45 59 37 49 55 71 24 44 48 32 16 84 7 45
81 39 62 31 58 85 34 84 7 43 65 64 0 53 63 55 62 57 33 16 22 39 87 66 20 8 44 64 11 99 108 70 26 48 52 16 38 71 26 63 20
76 14 52 30 31 79 75 99 60 10 20 48 53 0 33 78 70 25 21 44 58 40 57 60 38 46 12 13 57 67 69 17 74 25 74 45 24 63 79 53 46
45 32 22 55 5 47 70 70 70 31 18 16 63 33 0 60 44 8 34 62 55 27 25 30 43 57 27 29 61 37 45 39 75 15 57 49 25 32 86 23 46
39 67 41 77 58 43 30 29 59 70 75 47 55 78 60 0 20 62 60 69 33 39 69 35 47 59 66 83 44 79 93 93 44 56 4 44 54 39 60 40 40
21 59 22 76 43 25 45 29 67 62 61 28 62 70 44 20 0 48 54 72 41 31 49 15 47 62 58 71 52 59 73 81 58 45 18 46 46 19 74 21 42
52 24 28 47 6 54 68 76 64 23 13 23 57 25 8 62 48 0 26 55 53 25 33 36 37 51 19 23 56 45 51 33 72 9 59 44 19 39 81 29 42
67 7 43 23 29 70 54 83 40 11 32 41 33 21 34 60 54 26 0 29 37 23 59 50 17 26 11 32 36 71 77 38 53 19 56 24 9 54 59 44 25
89 32 68 16 57 93 50 98 20 36 59 68 16 44 62 69 72 55 29 0 36 45 87 73 25 10 37 57 27 99 106 61 42 47 66 26 37 78 39 69 30
62 44 48 48 51 66 17 62 26 48 64 51 22 58 55 33 41 53 37 36 0 28 76 49 20 26 47 67 11 88 99 75 20 45 30 13 36 54 33 48 12
45 29 23 45 23 48 43 60 46 32 38 25 39 40 27 39 31 25 23 45 28 0 48 28 20 37 28 45 35 60 71 54 48 18 35 23 16 33 60 24 20
40 57 29 80 30 39 88 71 94 56 37 25 87 57 25 69 49 33 59 87 76 48 0 34 67 82 52 48 83 12 24 57 96 40 67 71 50 32 108 30 68
17 54 8 73 30 20 57 40 73 54 48 14 66 60 30 35 15 36 50 73 49 28 34 0 48 65 50 59 59 44 58 69 68 35 33 50 41 5 82 7 46
64 24 43 30 38 68 37 74 27 28 46 44 20 38 43 47 47 37 17 25 20 20 67 48 0 17 28 49 19 79 88 55 36 28 43 7 18 53 44 44 8
81 32 60 23 52 85 40 88 14 36 58 61 8 46 57 59 62 51 26 10 26 37 82 65 17 0 37 57 17 94 102 63 33 42 56 16 32 70 34 61 20
66 5 42 28 24 69 64 87 51 4 22 39 44 12 27 66 58 19 11 37 47 28 52 50 28 37 0 21 47 64 70 28 64 15 62 35 12 53 70 43 35
74 25 51 43 29 76 84 99 71 21 11 45 64 13 29 83 71 23 32 57 67 45 48 59 49 57 21 0 68 58 58 10 85 27 80 56 31 61 90 52 55
73 43 57 40 56 77 23 73 15 47 65 59 11 57 61 44 52 56 36 27 11 35 83 59 19 17 47 68 0 95 106 74 17 47 41 12 37 64 25 57 15
46 69 41 92 42 44 100 77 106 68 47 37 99 67 37 79 59 45 71 99 88 60 12 44 79 94 64 58 95 0 15 65 108 52 77 83 62 40 120 41 80
61 75 53 98 50 59 112 92 115 73 49 49 108 69 45 93 73 51 77 106 99 71 24 58 88 102 70 58 106 15 0 63 119 60 91 94 70 55 131 54 91
84 31 61 46 39 86 92 109 77 27 21 55 70 17 39 93 81 33 38 61 75 54 57 69 55 63 28 10 74 65 63 0 91 37 89 62 40 71 96 62 63
79 60 68 56 71 83 14 73 23 64 82 71 26 74 75 44 58 72 53 42 20 48 96 68 36 33 64 85 17 108 119 91 0 63 42 29 54 73 16 68 30
51 19 27 42 10 54 61 74 55 19 20 24 48 25 15 56 45 9 19 47 45 18 40 35 28 42 15 27 47 52 60 37 63 0 53 35 10 38 72 28 33
39 63 38 73 54 43 28 32 56 66 72 44 52 74 57 4 18 59 56 66 30 35 67 33 43 56 62 80 41 77 91 89 42 53 0 40 50 37 58 37 36
65 31 46 35 44 69 30 72 23 35 53 48 16 45 49 44 46 44 24 26 13 23 71 50 7 16 35 56 12 83 94 62 29 35 40 0 25 55 37 47 4
58 13 34 32 20 61 53 75 45 16 28 32 38 24 25 54 46 19 9 37 36 16 50 41 18 32 12 31 37 62 70 40 54 10 50 25 0 45 62 35 24
13 57 11 77 33 16 62 40 78 57 50 16 71 63 32 39 19 39 54 78 54 33 32 5 53 70 53 61 64 40 55 71 73 38 37 55 45 0 87 10 51
95 65 81 55 81 99 30 89 20 69 90 84 26 79 86 60 74 81 59 39 33 60 108 82 44 34 70 90 25 120 131 96 16 72 58 37 62 87 0 81 40
23 47 1 67 23 26 59 47 70 47 41 7 63 53 23 40 21 29 44 69 48 24 30 7 44 61 43 52 57 41 54 62 68 28 37 47 35 10 81 0 43
61 32 43 38 41 65 29 68 27 36 52 45 20 46 46 40 42 42 25 30 12 20 68 46 8 20 35 55 15 80 91 63 30 33 36 4 24 51 40 43 0
0 1549
1262 1358
1382 1549
1032 1161
547 714
590 773
1243 1435
1152 1232
244 445
1331 1436
549 629
434 616
444 658
46 137
509 702
1081 1291
895 1120
698 889
292 420
221 389
278 441
1002 1130
366 516
541 645
506 590
1094 1311
361 467
960 1174
676 881
116 331
831 940
1107 1283
145 240
248 356
769 898
165 252
490 625
274 436
809 906
766 976
674 840
