41
0 54 79 42 23 28 28 76 67 61 22 40 59 23 38 8 89 16 53 37 68 47 70 30 55 89 71 60 18 89 41 82 23 9 27 35 27 53 59 40 53
54 0 25 35 62 50 67 22 30 31 54 60 26 37 17 57 35 42 40 20 30 36 43 41 62 39 31 68 69 37 60 28 31 50 45 87 28 59 5 64 34
79 25 0 54 87 73 92 3 36 42 79 80 37 62 42 82 10 67 54 45 35 53 50 64 78 20 33 84 94 17 81 5 56 75 69 112 53 75 21 85 49
42 35 54 0 62 21 67 53 64 62 29 26 58 19 34 41 60 42 11 18 64 5 74 13 80 55 65 33 49 56 70 54 30 34 53 77 34 77 40 72 60
23 62 87 62 0 51 5 84 65 57 45 63 57 43 45 30 97 21 73 50 66 67 63 52 36 101 69 83 36 99 21 90 34 32 19 28 35 36 66 19 47
28 50 73 21 51 0 56 70 75 71 8 13 67 15 42 23 80 36 30 30 75 26 82 9 78 76 77 32 29 77 66 73 29 19 49 61 35 75 55 67 66
28 67 92 67 5 56 0 89 69 61 50 68 61 48 50 35 102 26 78 55 70 72 66 57 37 106 73 88 40 104 22 95 39 37 23 26 40 37 71 18 51
76 22 3 53 84 70 89 0 33 39 76 79 34 59 39 79 13 64 53 42 32 52 47 61 75 23 30 83 91 20 78 8 53 72 66 109 50 72 18 82 46
67 30 36 64 65 75 69 33 0 8 77 86 8 60 33 74 46 51 70 46 1 66 14 67 46 56 5 97 85 53 52 41 48 68 46 93 42 43 26 56 18
61 31 42 62 57 71 61 39 8 0 71 82 5 56 29 68 52 45 70 44 9 65 12 63 38 62 13 95 79 59 44 47 42 62 38 85 36 35 28 48 10
22 54 79 29 45 8 50 76 77 71 0 18 69 17 44 16 87 33 38 34 77 34 82 16 75 83 80 38 21 84 62 80 29 13 46 53 35 72 59 61 66
40 60 80 26 63 13 68 79 86 82 18 0 78 28 53 34 86 49 30 40 86 28 94 19 91 80 88 20 37 81 79 80 42 31 62 70 48 88 65 79 79
59 26 37 58 57 67 61 34 8 5 69 78 0 52 25 66 47 43 65 40 9 60 17 59 41 57 12 91 77 54 46 42 40 60 38 85 34 38 23 50 12
23 37 62 19 43 15 48 59 60 56 17 28 52 0 27 22 70 24 30 17 60 24 67 9 65 69 63 43 34 69 54 63 14 15 37 58 20 62 42 55 51
38 17 42 34 45 42 50 39 33 29 44 53 25 27 0 43 52 25 43 16 33 38 41 34 48 56 36 67 55 54 44 45 16 36 28 70 11 45 21 47 26
8 57 82 41 30 23 35 79 74 68 16 34 66 22 43 0 91 23 52 38 74 46 77 28 63 90 77 54 12 90 49 84 27 7 35 38 32 61 62 48 60
89 35 10 60 97 80 102 13 46 52 87 86 47 70 52 91 0 77 58 53 45 58 60 71 88 13 42 88 103 10 91 7 66 84 79 122 63 85 31 95 59
16 42 67 42 21 36 26 64 51 45 33 49 43 24 25 23 77 0 53 29 52 47 54 33 42 80 55 67 34 79 30 70 13 20 13 45 14 39 46 31 37
53 40 54 11 73 30 78 53 70 70 38 30 65 30 43 52 58 53 0 28 70 6 82 24 91 51 70 30 59 52 81 53 41 45 64 88 45 88 44 83 69
37 20 45 18 50 30 55 42 46 44 34 40 40 17 16 38 53 29 28 0 47 22 56 21 63 52 48 51 50 52 56 46 16 31 39 72 18 60 25 58 42
68 30 35 64 66 75 70 32 1 9 77 86 9 60 33 74 45 52 70 47 0 66 15 67 47 55 4 97 86 52 53 40 48 68 47 94 42 44 26 57 19
47 36 53 5 67 26 72 52 66 65 34 28 60 24 38 46 58 47 6 22 66 0 77 18 85 52 67 32 54 53 75 53 35 39 58 82 39 82 41 77 64
70 43 50 74 63 82 66 47 14 12 82 94 17 67 41 77 60 54 82 56 15 77 0 75 36 70 18 107 88 67 46 55 53 73 45 91 47 34 40 50 17
30 41 64 13 52 9 57 61 67 63 16 19 59 9 34 28 71 33 24 21 67 18 75 0 74 67 69 34 36 68 63 64 23 21 46 65 29 71 46 64 60
55 62 78 80 36 78 37 75 46 38 75 91 41 65 48 63 88 42 91 63 47 85 36 74 0 98 51 108 72 95 15 83 51 62 29 62 46 3 61 19 29
89 39 20 55 101 76 106 23 56 62 83 80 57 69 56 90 13 80 51 52 55 52 70 67 98 0 53 79 102 3 98 15 68 83 84 124 66 95 37 102 69
71 31 33 65 69 77 73 30 5 13 80 88 12 63 36 77 42 55 70 48 4 67 18 69 51 53 0 98 89 50 57 38 51 71 50 97 45 48 26 61 23
60 68 84 33 83 32 88 83 97 95 38 20 91 43 67 54 88 67 30 51 97 32 107 34 108 79 98 0 56 81 97 83 57 51 80 89 63 105 73 98 93
18 69 94 49 36 29 40 91 85 79 21 37 77 34 55 12 103 34 59 50 86 54 88 36 72 102 89 56 0 102 57 96 39 19 45 33 44 71 74 55 71
89 37 17 56 99 77 104 20 53 59 84 81 54 69 54 90 10 79 52 52 52 53 67 68 95 3 50 81 102 0 96 12 67 83 82 124 65 92 35 100 66
41 60 81 70 21 66 22 78 52 44 62 79 46 54 44 49 91 30 81 56 53 75 46 63 15 98 57 97 57 96 0 86 40 49 17 47 38 15 61 4 34
82 28 5 54 90 73 95 8 41 47 80 80 42 63 45 84 7 70 53 46 40 53 55 64 83 15 38 83 96 12 86 0 59 77 73 115 56 80 25 90 54
23 31 56 30 34 29 39 53 48 42 29 42 40 14 16 27 66 13 41 16 48 35 53 23 51 68 51 57 39 67 40 59 0 20 23 57 6 48 36 42 37
9 50 75 34 32 19 37 72 68 62 13 31 60 15 36 7 84 20 45 31 68 39 73 21 62 83 71 51 19 83 49 77 20 0 33 44 26 59 55 48 56
27 45 69 53 19 49 23 66 46 38 46 62 38 37 28 35 79 13 64 39 47 58 45 46 29 84 50 80 45 82 17 73 23 33 0 47 21 26 48 19 29
35 87 112 77 28 61 26 109 93 85 53 70 85 58 70 38 122 45 88 72 94 82 91 65 62 124 97 89 33 124 47 115 57 44 47 0 59 62 91 43 75
27 28 53 34 35 35 40 50 42 36 35 48 34 20 11 32 63 14 45 18 42 39 47 29 46 66 45 63 44 65 38 56 6 26 21 59 0 43 32 40 31
53 59 75 77 36 75 37 72 43 35 72 88 38 62 45 61 85 39 88 60 44 82 34 71 3 95 48 105 71 92 15 80 48 59 26 62 43 0 58 19 26
59 5 21 40 66 55 71 18 26 28 59 65 23 42 21 62 31 46 44 25 26 41 40 46 61 37 26 73 74 35 61 25 36 55 48 91 32 58 0 65 33
40 64 85 72 19 67 18 82 56 48 61 79 50 55 47 48 95 31 83 58 57 77 50 64 19 102 61 98 55 100 4 90 42 48 19 43 40 19 65 0 38
53 34 49 60 47 66 51 46 18 10 66 79 12 51 26 60 59 37 69 42 19 64 17 60 29 69 23 93 71 66 34 54 37 56 29 75 31 26 33 38 0
0 692
226 508
272 670
118 561
41 374
274 615
320 504
299 692
319 692
161 522
221 561
338 692
76 582
16 463
267 692
142 518
204 488
144 409
322 692
215 585
305 629
109 361
113 302
185 423
343 692
81 322
281 692
51 366
257 692
28 499
223 692
168 371
84 299
331 659
34 545
243 496
251 683
326 603
60 399
75 268
280 642
