41
0 98 22 52 15 26 21 59 76 55 114 11 31 46 31 98 97 60 84 90 63 81 51 46 12 86 87 66 115 36 59 48 7 53 71 85 16 19 69 60 64
98 0 85 46 100 74 77 62 80 81 37 87 97 60 73 10 42 58 17 19 68 26 71 80 93 25 31 35 35 62 56 50 101 87 98 60 87 91 47 58 34
22 85 0 40 35 29 14 63 85 66 108 12 48 47 13 89 95 62 76 83 69 75 29 57 30 80 70 52 109 24 40 42 21 67 86 88 6 6 51 41 51
52 46 40 0 56 31 31 41 65 55 69 41 58 27 28 49 59 38 36 43 48 36 35 48 49 41 39 16 70 16 27 12 55 58 76 59 41 46 29 29 13
15 100 35 56 0 26 30 53 66 45 111 24 17 43 43 100 93 54 86 91 54 81 64 36 7 86 94 72 114 43 70 50 22 41 58 78 29 34 78 72 69
26 74 29 31 26 0 15 35 56 37 88 20 27 20 27 74 71 35 60 66 40 56 48 28 19 61 70 47 90 21 49 24 33 38 57 61 26 32 56 51 44
21 77 14 31 30 15 0 49 71 52 96 10 39 33 13 80 83 48 66 72 55 63 34 43 23 68 66 45 97 15 40 30 24 53 72 74 12 18 49 42 43
59 62 63 41 53 35 49 0 24 19 61 55 41 16 57 57 42 4 45 46 7 36 73 19 49 40 74 53 65 45 68 29 66 25 37 26 61 67 70 70 49
76 80 85 65 66 56 71 24 0 21 66 76 50 40 81 73 47 28 63 62 17 54 97 30 64 56 98 77 71 69 92 53 83 26 21 24 82 88 94 94 73
55 81 66 55 45 37 52 19 21 0 77 55 30 28 64 76 58 23 64 65 14 55 83 9 43 59 91 69 82 55 81 43 62 7 21 38 61 67 84 83 65
114 37 108 69 111 88 96 61 66 77 0 106 102 68 97 27 19 58 34 27 63 33 101 80 105 28 68 65 5 84 87 66 120 84 87 42 108 114 82 89 62
11 87 12 41 24 20 10 55 76 55 106 0 36 40 20 90 91 55 76 82 60 73 40 46 18 78 76 55 107 25 48 40 14 55 74 81 6 12 58 49 53
31 97 48 58 17 27 39 41 50 30 102 36 0 37 52 95 83 44 81 84 41 74 73 23 19 79 97 74 105 48 76 48 38 25 41 65 42 48 83 78 71
46 60 47 27 43 20 33 16 40 28 68 40 37 0 41 58 51 15 44 48 23 38 57 21 37 43 64 42 71 29 54 15 53 31 49 41 45 51 56 56 38
31 73 13 28 43 27 13 57 81 64 97 20 52 41 0 77 85 56 64 71 64 64 21 55 36 69 57 39 98 13 28 32 32 65 84 81 17 19 38 29 39
98 10 89 49 100 74 80 57 73 76 27 90 95 58 77 0 32 53 14 11 63 21 78 76 93 17 41 41 25 65 63 50 104 82 92 52 90 95 55 65 39
97 42 95 59 93 71 83 42 47 58 19 91 83 51 85 32 0 39 30 24 44 24 94 61 88 21 69 59 24 72 81 53 104 65 68 23 95 101 77 83 56
60 58 62 38 54 35 48 4 28 23 58 55 44 15 56 53 39 0 41 42 11 32 71 23 50 36 70 49 61 44 65 26 67 29 41 26 60 66 66 67 45
84 17 76 36 86 60 66 45 63 64 34 76 81 44 64 14 30 41 0 7 51 9 67 63 79 9 39 31 34 52 53 36 90 70 81 44 77 82 48 55 28
90 19 83 43 91 66 72 46 62 65 27 82 84 48 71 11 24 42 7 0 52 10 74 65 85 6 45 38 27 59 60 42 96 71 81 41 84 89 55 62 35
63 68 69 48 54 40 55 7 17 14 63 60 41 23 64 63 44 11 51 52 0 42 80 18 51 46 81 60 68 52 75 36 70 21 30 24 66 72 77 77 56
81 26 75 36 81 56 63 36 54 55 33 73 74 38 64 21 24 32 9 10 42 0 71 55 75 5 47 35 34 51 57 33 87 61 72 35 75 81 53 59 32
51 71 29 35 64 48 34 73 97 83 101 40 73 57 21 78 94 71 67 74 80 71 0 75 57 75 46 37 101 28 15 45 50 85 104 94 35 34 26 15 39
46 80 57 48 36 28 43 19 30 9 80 46 23 21 55 76 61 23 63 65 18 55 75 0 34 59 85 63 84 47 73 36 53 10 29 42 52 58 77 75 59
12 93 30 49 7 19 23 49 64 43 105 18 19 37 36 93 88 50 79 85 51 75 57 34 0 80 87 65 108 36 63 43 19 41 59 75 24 30 71 65 62
86 25 80 41 86 61 68 40 56 59 28 78 79 43 69 17 21 36 9 6 46 5 75 59 80 0 48 39 29 56 61 38 92 65 75 35 80 86 57 63 36
87 31 70 39 94 70 66 74 98 91 68 76 97 64 57 41 69 70 39 45 81 47 46 85 87 48 0 23 66 51 31 49 89 95 111 82 74 76 20 31 26
66 35 52 16 72 47 45 53 77 69 65 55 74 42 39 41 59 49 31 38 60 35 37 63 65 39 23 0 65 30 22 27 69 73 90 66 55 58 18 24 4
115 35 109 70 114 90 97 65 71 82 5 107 105 71 98 25 24 61 34 27 68 34 101 84 108 29 66 65 0 85 87 67 121 89 92 47 109 115 80 89 62
36 62 24 16 43 21 15 45 69 55 84 25 48 29 13 65 72 44 52 59 52 51 28 47 36 56 51 30 85 0 28 19 39 57 76 68 25 30 35 30 28
59 56 40 27 70 49 40 68 92 81 87 48 76 54 28 63 81 65 53 60 75 57 15 73 63 61 31 22 87 28 0 39 60 83 102 86 45 46 11 2 26
48 50 42 12 50 24 30 29 53 43 66 40 48 15 32 50 53 26 36 42 36 33 45 36 43 38 49 27 67 19 39 0 54 46 64 49 42 48 41 41 23
7 101 21 55 22 33 24 66 83 62 120 14 38 53 32 104 104 67 90 96 70 87 50 53 19 92 89 69 121 39 60 54 0 60 78 92 15 16 70 61 67
53 87 67 58 41 38 53 25 26 7 84 55 25 31 65 82 65 29 70 71 21 61 85 10 41 65 95 73 89 57 83 46 60 0 19 45 61 67 87 85 69
71 98 86 76 58 57 72 37 21 21 87 74 41 49 84 92 68 41 81 81 30 72 104 29 59 75 111 90 92 76 102 64 78 19 0 45 80 86 105 104 86
85 60 88 59 78 61 74 26 24 38 42 81 65 41 81 52 23 26 44 41 24 35 94 42 75 35 82 66 47 68 86 49 92 45 45 0 86 92 84 88 62
16 87 6 41 29 26 12 61 82 61 108 6 42 45 17 90 95 60 77 84 66 75 35 52 24 80 74 55 109 25 45 42 15 61 80 86 0 6 55 46 53
19 91 6 46 34 32 18 67 88 67 114 12 48 51 19 95 101 66 82 89 72 81 34 58 30 86 76 58 115 30 46 48 16 67 86 92 6 0 56 46 57
69 47 51 29 78 56 49 70 94 84 82 58 83 56 38 55 77 66 48 55 77 53 26 77 71 57 20 18 80 35 11 41 70 87 105 84 55 56 0 11 22
60 58 41 29 72 51 42 70 94 83 89 49 78 56 29 65 83 67 55 62 77 59 15 75 65 63 31 24 89 30 2 41 61 85 104 88 46 46 11 0 28
64 34 51 13 69 44 43 49 73 65 62 53 71 38 39 39 56 45 28 35 56 32 39 59 62 36 26 4 62 28 26 23 67 69 86 62 53 57 22 28 0
0 1549
217 423
185 412
862 1080
953 1154
810 935
512 700
256 486
1114 1292
26 164
243 370
665 800
370 547
2 90
1126 1222
872 968
1068 1292
181 270
234 328
868 1044
755 986
32 261
1110 1209
542 679
11 229
1215 1314
330 547
47 161
1231 1313
1308 1422
215 374
892 1072
1320 1518
726 836
481 609
1280 1387
707 936
1390 1549
1141 1370
1384 1549
681 884
