51
0 43 37 27 31 65 63 51 41 46 64 17 34 33 60 47 51 56 30 35 44 28 41 40 40 74 25 26 33 34 33 31 42 50 43 49 50 39 52 16 39 13 33 38 17 49 56 48 53 30 18
43 0 80 45 24 32 74 84 52 6 26 27 77 24 46 6 80 99 18 78 47 62 62 67 11 80 38 54 11 48 12 74 37 83 9 15 90 8 25 54 82 47 69 66 33 88 70 14 64 46 25
37 80 0 55 67 96 69 33 57 82 97 54 10 64 84 84 42 19 65 15 62 29 48 39 75 80 50 46 70 52 70 19 68 34 78 86 20 76 83 36 3 35 24 36 49 20 62 85 75 58 55
27 45 55 0 21 75 90 77 66 50 71 25 47 47 77 51 78 74 41 45 67 55 68 67 48 99 48 12 35 59 33 40 61 76 49 41 73 37 64 19 56 40 59 65 38 72 83 40 26 3 28
31 24 67 21 0 54 82 81 58 29 50 16 61 34 63 30 79 86 26 60 57 57 63 66 28 91 40 32 14 51 12 55 49 80 28 20 81 16 44 34 69 40 63 65 30 80 76 19 41 22 18
65 32 96 75 54 0 64 90 49 26 7 51 97 32 26 26 82 113 35 99 43 72 61 71 27 65 47 82 40 50 42 95 33 89 26 45 101 40 13 78 99 61 79 72 48 99 64 45 95 76 48
63 74 69 90 82 64 0 43 24 70 70 67 77 51 38 72 32 75 59 81 27 42 22 30 63 11 42 89 72 31 74 82 37 42 65 88 60 78 56 78 72 50 45 33 52 58 7 87 116 93 64
51 84 33 77 81 90 43 0 41 83 92 65 43 62 69 85 11 33 66 48 47 24 29 19 75 53 46 71 78 40 79 52 57 1 78 95 18 85 77 60 36 41 18 18 53 16 37 94 100 80 64
41 52 57 66 58 49 24 41 0 49 52 43 62 28 28 51 33 69 35 66 6 28 12 22 41 33 18 67 48 7 50 65 16 40 44 64 55 54 37 57 60 29 34 24 28 53 19 63 92 69 40
46 6 82 50 29 26 70 83 49 0 21 30 80 21 40 2 78 100 17 81 44 62 59 65 8 76 37 59 15 45 17 77 33 82 5 21 90 14 19 58 85 47 69 65 33 88 67 20 70 51 28
64 26 97 71 50 7 70 92 52 21 0 49 98 33 32 20 85 114 34 99 46 73 64 73 24 71 48 80 36 52 38 95 36 91 22 39 102 34 15 77 100 62 80 74 49 100 69 39 90 72 47
17 27 54 25 16 51 67 65 43 30 49 0 51 22 52 32 63 73 16 52 43 41 48 50 26 76 25 31 16 36 16 47 36 64 27 32 67 22 39 28 56 24 47 49 15 65 61 31 51 28 3
34 77 10 47 61 97 77 43 62 80 98 51 0 65 87 81 51 27 64 5 66 35 55 47 74 88 51 37 67 56 67 9 69 44 77 81 30 73 84 28 9 36 32 44 49 30 70 80 65 50 52
33 24 64 47 34 32 51 62 28 21 33 22 65 0 30 23 57 82 8 67 24 41 38 44 13 58 16 53 21 24 23 63 15 61 16 37 70 27 19 48 67 29 48 44 16 68 47 36 73 50 19
60 46 84 77 63 26 38 69 28 40 32 52 87 30 0 41 61 97 37 90 22 55 40 50 35 39 36 83 49 32 51 88 18 68 37 61 83 52 21 76 87 51 62 52 43 81 39 60 103 80 49
47 6 84 51 30 26 72 85 51 2 20 32 81 23 41 0 80 102 19 82 46 64 61 67 10 78 39 60 16 47 18 78 35 84 7 20 92 14 20 59 86 49 71 67 35 90 69 19 70 52 29
51 80 42 78 79 82 32 11 33 78 85 63 51 57 61 80 0 44 62 56 39 23 21 13 70 42 42 73 74 34 75 58 49 10 73 91 29 81 70 62 45 39 20 14 49 27 26 90 102 81 61
56 99 19 74 86 113 75 33 69 100 114 73 27 82 97 102 44 0 83 31 75 42 58 48 93 86 66 64 89 65 89 36 82 34 96 105 15 95 100 55 18 53 35 45 67 17 69 104 92 77 74
30 18 65 41 26 35 59 66 35 17 34 16 64 8 37 19 62 83 0 65 32 45 44 49 10 66 20 47 13 30 15 61 23 65 13 29 73 19 23 43 68 30 52 48 16 71 54 28 66 44 13
35 78 15 45 60 99 81 48 66 81 99 52 5 67 90 82 56 31 65 0 70 39 59 51 75 92 54 34 68 60 67 5 72 49 78 80 35 73 86 26 13 39 37 48 51 35 74 79 61 48 53
44 47 62 67 57 43 27 47 6 44 46 43 66 24 22 46 39 75 32 70 0 33 18 28 36 34 19 69 45 10 47 69 11 46 39 61 61 51 32 60 65 32 40 30 29 59 23 60 93 70 40
28 62 29 55 57 72 42 24 28 62 73 41 35 41 55 64 23 42 45 39 33 0 20 13 54 53 25 51 54 23 55 40 40 23 57 71 29 61 59 40 32 17 7 10 29 27 35 70 80 58 40
41 62 48 68 63 61 22 29 12 59 64 48 55 38 40 61 21 58 44 59 18 20 0 10 51 33 24 67 56 14 58 60 28 28 54 73 43 63 49 56 51 28 24 13 33 41 15 72 94 71 45
40 67 39 67 66 71 30 19 22 65 73 50 47 44 50 67 13 48 49 51 28 13 10 0 57 41 29 64 61 21 62 52 38 18 60 78 33 68 58 53 42 27 15 3 36 31 23 77 93 70 48
40 11 75 48 28 27 63 75 41 8 24 26 74 13 35 10 70 93 10 75 36 54 51 57 0 69 29 57 14 37 16 71 26 74 3 26 83 17 16 53 78 40 61 57 26 81 59 25 69 50 23
74 80 80 99 91 65 11 53 33 76 71 76 88 58 39 78 42 86 66 92 34 53 33 41 69 0 51 100 79 40 81 93 43 52 71 95 71 85 59 89 83 61 56 44 61 69 18 94 125 102 73
25 38 50 48 40 47 42 46 18 37 48 25 51 16 36 39 42 66 20 54 19 25 24 29 29 51 0 50 32 11 34 52 18 45 32 49 54 39 34 41 53 15 32 28 10 52 36 48 74 51 22
26 54 46 12 32 82 89 71 67 59 80 31 37 53 83 60 73 64 47 34 69 51 67 64 57 100 50 0 44 60 42 29 66 70 58 52 65 47 70 11 46 39 53 61 41 64 82 51 29 14 34
33 11 70 35 14 40 72 78 48 15 36 16 67 21 49 16 74 89 13 68 45 54 56 61 14 79 32 44 0 43 2 63 36 77 14 17 81 7 30 43 72 38 61 60 25 79 67 16 55 36 15
34 48 52 59 51 50 31 40 7 45 52 36 56 24 32 47 34 65 30 60 10 23 14 21 37 40 11 60 43 0 45 59 17 39 40 59 52 49 37 50 55 22 30 22 21 50 25 58 85 62 33
33 12 70 33 12 42 74 79 50 17 38 16 67 23 51 18 75 89 15 67 47 55 58 62 16 81 34 42 2 45 0 62 38 78 16 16 82 6 32 42 72 39 62 61 26 80 69 15 53 34 15
31 74 19 40 55 95 82 52 65 77 95 47 9 63 88 78 58 36 61 5 69 40 60 52 71 93 52 29 63 59 62 0 70 52 74 75 39 68 82 21 18 37 38 49 47 39 75 74 56 43 49
42 37 68 61 49 33 37 57 16 33 36 36 69 15 18 35 49 82 23 72 11 40 28 38 26 43 18 66 36 17 38 70 0 56 28 52 69 42 21 58 71 33 47 39 25 67 34 51 87 64 33
50 83 34 76 80 89 42 1 40 82 91 64 44 61 68 84 10 34 65 49 46 23 28 18 74 52 45 70 77 39 78 52 56 0 77 94 19 84 76 59 37 40 17 17 52 17 36 93 99 79 63
43 9 78 49 28 26 65 78 44 5 22 27 77 16 37 7 73 96 13 78 39 57 54 60 3 71 32 58 14 40 16 74 28 77 0 24 86 16 16 55 81 43 64 60 29 84 62 23 69 50 25
49 15 86 41 20 45 88 95 64 21 39 32 81 37 61 20 91 105 29 80 61 71 73 78 26 95 49 52 17 59 16 75 52 94 24 0 98 10 40 54 88 55 78 77 42 96 83 1 55 40 31
50 90 20 73 81 101 60 18 55 90 102 67 30 70 83 92 29 15 73 35 61 29 43 33 83 71 54 65 81 52 82 39 69 19 86 98 0 88 88 54 22 43 22 31 57 2 54 97 94 76 67
39 8 76 37 16 40 78 85 54 14 34 22 73 27 52 14 81 95 19 73 51 61 63 68 17 85 39 47 7 49 6 68 42 84 16 10 88 0 32 48 78 45 68 67 32 86 73 9 56 38 21
52 25 83 64 44 13 56 77 37 19 15 39 84 19 21 20 70 100 23 86 32 59 49 58 16 59 34 70 30 37 32 82 21 76 16 40 88 32 0 66 86 48 66 59 35 86 54 39 85 66 36
16 54 36 19 34 78 78 60 57 58 77 28 28 48 76 59 62 55 43 26 60 40 56 53 53 89 41 11 43 50 42 21 58 59 55 54 54 48 66 0 37 28 42 50 33 53 71 53 40 22 30
39 82 3 56 69 99 72 36 60 85 100 56 9 67 87 86 45 18 68 13 65 32 51 42 78 83 53 46 72 55 72 18 71 37 81 88 22 78 86 37 0 38 27 39 52 22 65 87 74 59 57
13 47 35 40 40 61 50 41 29 47 62 24 36 29 51 49 39 53 30 39 32 17 28 27 40 61 15 39 38 22 39 37 33 40 43 55 43 45 48 28 38 0 23 25 14 41 43 54 66 43 24
33 69 24 59 63 79 45 18 34 69 80 47 32 48 62 71 20 35 52 37 40 7 24 15 61 56 32 53 61 30 62 38 47 17 64 78 22 68 66 42 27 23 0 12 36 20 38 77 82 62 47
38 66 36 65 65 72 33 18 24 65 74 49 44 44 52 67 14 45 48 48 30 10 13 3 57 44 28 61 60 22 61 49 39 17 60 77 31 67 59 50 39 25 12 0 35 29 26 76 90 68 47
17 33 49 38 30 48 52 53 28 33 49 15 49 16 43 35 49 67 16 51 29 29 33 36 26 61 10 41 25 21 26 47 25 52 29 42 57 32 35 33 52 14 36 35 0 55 46 41 64 41 12
49 88 20 72 80 99 58 16 53 88 100 65 30 68 81 90 27 17 71 35 59 27 41 31 81 69 52 64 79 50 80 39 67 17 84 96 2 86 86 53 22 41 20 29 55 0 52 95 93 75 65
56 70 62 83 76 64 7 37 19 67 69 61 70 47 39 69 26 69 54 74 23 35 15 23 59 18 36 82 67 25 69 75 34 36 62 83 54 73 54 71 65 43 38 26 46 52 0 82 109 86 58
48 14 85 40 19 45 87 94 63 20 39 31 80 36 60 19 90 104 28 79 60 70 72 77 25 94 48 51 16 58 15 74 51 93 23 1 97 9 39 53 87 54 77 76 41 95 82 0 54 40 30
53 64 75 26 41 95 116 100 92 70 90 51 65 73 103 70 102 92 66 61 93 80 94 93 69 125 74 29 55 85 53 56 87 99 69 55 94 56 85 40 74 66 82 90 64 93 109 54 0 23 54
30 46 58 3 22 76 93 80 69 51 72 28 50 50 80 52 81 77 44 48 70 58 71 70 50 102 51 14 36 62 34 43 64 79 50 40 76 38 66 22 59 43 62 68 41 75 86 40 23 0 31
18 25 55 28 18 48 64 64 40 28 47 3 52 19 49 29 61 74 13 53 40 40 45 48 23 73 22 34 15 33 15 49 33 63 25 31 67 21 36 30 57 24 47 47 12 65 58 30 54 31 0
0 997
84 241
98 444
370 700
172 588
305 573
519 793
616 963
426 699
125 407
451 772
57 376
140 289
493 869
502 845
406 655
652 997
498 908
155 320
8 182
667 899
641 954
618 986
539 869
488 921
93 442
444 807
578 807
208 636
575 866
110 350
80 260
687 997
451 765
319 554
446 721
253 623
146 444
287 673
427 730
31 278
2 179
267 661
209 492
466 844
279 500
446 691
43 472
446 768
247 533
360 515
