51
0 29 39 18 70 49 53 100 74 57 49 9 45 104 58 41 53 81 14 102 95 66 82 71 61 64 89 60 61 83 37 36 11 90 39 29 64 101 50 46 20 45 24 37 90 71 71 100 78 29 57
29 0 24 26 55 22 54 84 71 40 67 20 17 115 55 66 50 63 33 86 77 63 87 84 69 70 71 70 50 65 58 37 35 85 10 15 82 83 49 26 28 61 21 49 90 53 59 86 80 45 68
39 24 0 24 32 38 33 63 48 18 58 34 21 95 32 64 27 42 33 65 56 40 66 67 50 49 50 53 26 44 52 19 38 61 25 10 73 62 28 9 23 51 16 38 67 32 35 63 58 38 51
18 26 24 0 52 48 35 82 56 42 41 19 37 91 40 42 35 65 9 84 78 48 66 59 45 48 72 46 43 68 32 18 14 72 35 17 56 84 32 33 2 35 8 24 72 56 53 82 61 19 43
70 55 32 52 0 62 34 31 29 15 71 66 44 86 23 82 24 13 60 33 26 27 54 67 49 46 20 54 10 16 70 36 66 34 52 42 82 32 29 29 50 64 46 52 49 10 7 31 46 58 55
49 22 38 48 62 0 71 87 85 47 89 40 18 133 70 88 65 66 55 89 80 78 104 103 87 87 74 89 60 68 80 55 57 94 13 33 104 86 66 34 49 82 41 69 105 56 67 89 96 67 87
53 54 33 35 34 71 0 57 23 35 38 54 54 62 11 51 10 46 39 59 56 15 33 35 17 16 52 21 24 49 39 17 45 41 58 39 48 60 6 40 33 31 33 21 37 43 30 56 26 29 21
100 84 63 82 31 87 57 0 39 45 95 97 71 90 46 108 50 21 90 2 8 44 62 83 67 63 14 72 39 21 96 65 96 26 80 73 101 5 55 58 80 88 77 78 50 31 29 2 54 85 74
74 71 48 56 29 85 23 39 0 39 56 75 67 57 16 73 21 37 62 41 41 8 25 44 28 24 39 33 25 40 62 38 68 18 73 56 62 43 24 51 54 51 54 44 20 39 22 37 17 52 35
57 40 18 42 15 47 35 45 39 0 68 52 29 94 28 78 25 24 50 47 38 34 62 70 52 50 32 56 14 26 66 30 56 47 37 28 82 44 29 14 40 61 34 48 59 14 20 46 53 52 56
49 67 58 41 71 89 38 95 56 68 0 56 77 60 49 19 47 84 36 97 94 51 49 27 28 33 90 25 61 87 12 39 38 74 76 57 15 98 42 67 40 7 48 20 60 80 68 93 48 22 21
9 20 34 19 66 40 54 97 75 52 56 0 36 110 59 50 54 76 20 99 90 67 85 77 64 67 84 65 59 78 45 37 19 91 30 24 71 96 51 41 21 51 21 42 91 66 69 97 80 35 62
45 17 21 37 44 18 54 71 67 29 77 36 0 116 52 79 48 50 46 73 64 60 87 88 71 70 58 74 42 52 68 40 49 76 9 20 92 70 49 16 37 70 29 57 87 40 49 73 78 55 72
104 115 95 91 86 133 62 90 57 94 60 110 116 0 67 77 70 94 90 92 96 60 32 33 46 46 96 45 80 97 72 78 94 64 120 100 50 95 68 102 89 60 94 68 40 96 79 88 41 75 48
58 55 32 40 23 70 11 46 16 28 49 59 52 67 0 62 5 35 47 48 45 8 35 44 26 23 41 31 14 38 50 22 53 32 57 40 59 49 9 37 38 42 38 32 35 33 19 45 26 40 32
41 66 64 42 82 88 51 108 73 78 19 50 79 77 62 0 59 95 33 110 106 66 67 46 46 51 102 43 72 98 12 48 32 91 76 59 27 111 54 73 42 22 50 30 78 91 80 107 66 26 39
53 50 27 35 24 65 10 50 21 25 47 54 48 70 5 59 0 37 42 52 47 13 39 45 27 25 43 31 14 40 47 17 48 37 52 35 58 52 5 32 33 40 33 29 40 33 21 49 31 35 31
81 63 42 65 13 66 46 21 37 24 84 76 50 94 35 95 37 0 73 23 14 37 62 78 61 57 8 66 23 3 83 49 79 35 59 52 94 20 42 37 63 77 58 65 56 10 16 23 54 71 67
14 33 33 9 60 55 39 90 62 50 36 20 46 90 47 33 42 73 0 92 86 54 68 57 47 50 80 46 51 76 25 25 6 79 43 26 51 92 38 42 10 31 17 23 76 64 61 90 64 15 43
102 86 65 84 33 89 59 2 41 47 97 99 73 92 48 110 52 23 92 0 9 46 64 85 69 65 15 74 41 22 98 67 98 28 82 75 103 3 57 60 82 90 79 80 52 33 31 4 56 87 76
95 77 56 78 26 80 56 8 41 38 94 90 64 96 45 106 47 14 86 9 0 44 66 85 68 64 6 73 36 13 94 62 92 32 73 66 102 6 52 51 76 87 72 76 56 24 26 10 58 82 75
66 63 40 48 27 78 15 44 8 34 51 67 60 60 8 66 13 37 54 46 44 0 28 41 24 20 41 29 20 40 54 30 60 26 65 48 58 47 16 44 46 45 46 36 27 37 21 42 19 44 31
82 87 66 66 54 104 33 62 25 62 49 85 87 32 35 67 39 62 68 64 66 28 0 25 22 18 64 24 48 65 57 50 73 36 91 72 48 67 38 71 64 45 66 46 13 64 47 60 9 54 28
71 84 67 59 67 103 35 83 44 70 27 77 88 33 44 46 45 78 57 85 85 41 25 0 18 21 82 14 58 81 39 48 61 58 90 70 23 87 41 75 57 27 63 35 38 77 62 81 29 42 16
61 69 50 45 49 87 17 67 28 52 28 64 71 46 26 46 27 61 47 69 68 24 22 18 0 5 65 5 40 64 36 32 51 46 74 54 34 71 23 57 43 24 48 24 32 59 45 65 20 32 7
64 70 49 48 46 87 16 63 24 50 33 67 70 46 23 51 25 57 50 65 64 20 18 21 5 0 61 9 37 60 41 33 55 41 74 55 39 67 22 56 46 29 49 28 27 56 41 61 15 36 12
89 71 50 72 20 74 52 14 39 32 90 84 58 96 41 102 43 8 80 15 6 41 64 82 65 61 0 70 30 7 90 56 86 33 67 60 99 12 48 45 70 83 66 72 56 18 22 16 56 78 72
60 70 53 46 54 89 21 72 33 56 25 65 74 45 31 43 31 66 46 74 73 29 24 14 5 9 70 0 45 69 33 34 50 50 76 56 30 76 27 61 44 21 49 23 35 64 50 70 23 31 4
61 50 26 43 10 60 24 39 25 14 61 59 42 80 14 72 14 23 51 41 36 20 48 58 40 37 30 45 0 26 60 26 57 35 49 36 72 41 19 26 41 54 38 42 45 19 10 39 39 48 45
83 65 44 68 16 68 49 21 40 26 87 78 52 97 38 98 40 3 76 22 13 40 65 81 64 60 7 69 26 0 86 52 82 37 61 54 97 19 45 39 66 80 60 68 59 12 19 23 57 74 70
37 58 52 32 70 80 39 96 62 66 12 45 68 72 50 12 47 83 25 98 94 54 57 39 36 41 90 33 60 86 0 36 26 80 67 48 27 99 42 61 31 12 39 18 68 79 68 95 56 14 29
36 37 19 18 36 55 17 65 38 30 39 37 40 78 22 48 17 49 25 67 62 30 50 48 32 33 56 34 26 52 36 0 31 54 42 22 54 67 14 28 16 32 16 19 54 43 36 65 43 22 32
11 35 38 14 66 57 45 96 68 56 38 19 49 94 53 32 48 79 6 98 92 60 73 61 51 55 86 50 57 82 26 31 0 85 45 31 53 98 44 47 16 34 22 27 82 70 67 96 70 19 47
90 85 61 72 34 94 41 26 18 47 74 91 76 64 32 91 37 35 79 28 32 26 36 58 46 41 33 50 35 37 80 54 85 0 84 71 80 31 41 61 70 69 70 62 24 42 27 24 29 70 53
39 10 25 35 52 13 58 80 73 37 76 30 9 120 57 76 52 59 43 82 73 65 91 90 74 74 67 76 49 61 67 42 45 84 0 20 91 79 53 23 36 69 28 56 92 49 57 82 83 54 74
29 15 10 17 42 33 39 73 56 28 57 24 20 100 40 59 35 52 26 75 66 48 72 70 54 55 60 56 36 54 48 22 31 71 20 0 72 72 34 17 17 50 9 37 75 42 45 73 65 35 54
64 82 73 56 82 104 48 101 62 82 15 71 92 50 59 27 58 94 51 103 102 58 48 23 34 39 99 30 72 97 27 54 53 80 91 72 0 105 54 82 55 22 63 35 61 91 78 99 51 37 27
101 83 62 84 32 86 60 5 43 44 98 96 70 95 49 111 52 20 92 3 6 47 67 87 71 67 12 76 41 19 99 67 98 31 79 72 105 0 57 57 82 91 78 81 55 30 31 7 59 87 78
50 49 28 32 29 66 6 55 24 29 42 51 49 68 9 54 5 42 38 57 52 16 38 41 23 22 48 27 19 45 42 14 44 41 53 34 54 57 0 34 30 35 30 24 41 38 26 54 31 31 27
46 26 9 33 29 34 40 58 51 14 67 41 16 102 37 73 32 37 42 60 51 44 71 75 57 56 45 61 26 39 61 28 47 61 23 17 82 57 34 0 32 60 25 47 71 27 34 60 63 47 60
20 28 23 2 50 49 33 80 54 40 40 21 37 89 38 42 33 63 10 82 76 46 64 57 43 46 70 44 41 66 31 16 16 70 36 17 55 82 30 32 0 34 8 22 70 54 51 80 59 18 41
45 61 51 35 64 82 31 88 51 61 7 51 70 60 42 22 40 77 31 90 87 45 45 27 24 29 83 21 54 80 12 32 34 69 69 50 22 91 35 60 34 0 41 13 56 73 61 87 44 16 17
24 21 16 8 46 41 33 77 54 34 48 21 29 94 38 50 33 58 17 79 72 46 66 63 48 49 66 49 38 60 39 16 22 70 28 9 63 78 30 25 8 41 0 28 70 48 48 77 59 26 47
37 49 38 24 52 69 21 78 44 48 20 42 57 68 32 30 29 65 23 80 76 36 46 35 24 28 72 23 42 68 18 19 27 62 56 37 35 81 24 47 22 13 28 0 55 61 50 77 43 8 20
90 90 67 72 49 105 37 50 20 59 60 91 87 40 35 78 40 56 76 52 56 27 13 38 32 27 56 35 45 59 68 54 82 24 92 75 61 55 41 71 70 56 70 55 0 59 42 48 12 63 39
71 53 32 56 10 56 43 31 39 14 80 66 40 96 33 91 33 10 64 33 24 37 64 77 59 56 18 64 19 12 79 43 70 42 49 42 91 30 38 27 54 73 48 61 59 0 17 33 56 65 64
71 59 35 53 7 67 30 29 22 20 68 69 49 79 19 80 21 16 61 31 26 21 47 62 45 41 22 50 10 19 68 36 67 27 57 45 78 31 26 34 51 61 48 50 42 17 0 29 39 56 51
100 86 63 82 31 89 56 2 37 46 93 97 73 88 45 107 49 23 90 4 10 42 60 81 65 61 16 70 39 23 95 65 96 24 82 73 99 7 54 60 80 87 77 77 48 33 29 0 52 84 72
78 80 58 61 46 96 26 54 17 53 48 80 78 41 26 66 31 54 64 56 58 19 9 29 20 15 56 23 39 57 56 43 70 29 83 65 51 59 31 63 59 44 59 43 12 56 39 52 0 51 27
29 45 38 19 58 67 29 85 52 52 22 35 55 75 40 26 35 71 15 87 82 44 54 42 32 36 78 31 48 74 14 22 19 70 54 35 37 87 31 47 18 16 26 8 63 65 56 84 51 0 28
57 68 51 43 55 87 21 74 35 56 21 62 72 48 32 39 31 67 43 76 75 31 28 16 7 12 72 4 45 70 29 32 47 53 74 54 27 78 27 60 41 17 47 20 39 64 51 72 27 28 0
0 863
41 338
41 296
98 438
156 375
336 652
375 665
436 822
144 518
398 711
129 452
22 244
122 417
140 561
379 559
408 716
59 369
304 482
392 806
415 666
65 305
76 310
254 479
389 802
77 593
134 638
40 516
13 440
478 863
321 495
45 394
229 547
506 782
471 849
313 587
101 405
161 559
354 560
382 786
126 379
196 459
18 306
91 503
274 655
75 470
44 417
304 599
453 863
162 361
182 536
347 579
