51
0 62 76 63 48 66 65 78 94 95 26 20 93 97 44 35 43 62 77 82 68 66 62 49 87 51 77 38 31 48 19 93 87 12 50 90 57 73 29 50 83 93 61 56 12 55 26 24 63 100 42
62 0 70 77 14 16 54 68 62 111 56 73 56 72 65 29 39 82 104 97 56 99 5 85 72 71 102 24 34 14 77 117 96 56 15 49 78 78 69 67 81 56 5 50 50 20 54 58 10 79 78
76 70 0 23 66 55 16 4 30 44 51 66 35 27 36 73 40 30 48 32 14 53 75 50 12 33 45 67 59 68 72 53 28 64 72 40 32 13 53 30 11 35 74 24 72 82 50 53 60 27 47
63 77 23 0 69 66 28 27 53 34 38 48 57 50 19 71 39 7 29 20 29 30 82 27 35 13 26 66 56 71 54 40 24 51 75 60 9 12 35 13 22 57 81 28 60 85 38 39 69 50 25
48 14 66 69 0 22 50 65 66 103 43 59 61 74 56 16 30 73 95 89 53 90 15 74 72 62 93 10 20 2 63 109 90 42 6 55 69 72 56 58 77 61 14 44 36 16 41 45 17 81 66
66 16 55 66 22 0 40 53 46 98 53 72 40 56 58 38 32 71 94 84 41 91 21 78 57 62 92 31 35 24 78 105 82 58 27 33 69 64 65 58 66 40 21 38 54 35 51 55 6 63 71
65 54 16 28 50 40 0 15 30 58 40 58 32 32 31 57 25 35 57 44 3 58 59 49 23 30 54 51 44 52 64 65 42 53 56 33 34 24 47 26 27 32 58 9 58 66 39 42 44 35 44
78 68 4 27 65 53 15 0 26 48 53 69 31 23 39 72 39 34 52 36 12 57 73 54 9 36 49 66 58 67 75 57 32 66 71 36 36 17 56 33 14 31 72 23 72 81 52 55 58 24 50
94 62 30 53 66 46 30 26 0 71 70 88 7 10 61 78 51 60 78 60 27 83 67 79 21 60 75 71 68 68 94 81 55 82 72 15 62 43 77 56 37 7 67 38 84 81 68 72 52 17 74
95 111 44 34 103 98 58 48 71 0 71 78 78 65 52 105 73 34 22 14 57 36 115 49 50 45 20 100 90 105 82 12 16 84 109 84 38 34 66 47 34 78 114 61 94 119 72 72 102 60 53
26 56 51 38 43 53 40 53 70 71 0 19 70 72 19 37 21 38 58 58 43 49 58 32 62 26 57 34 23 44 25 73 62 14 47 68 33 48 13 25 58 70 57 32 23 55 2 2 51 75 24
20 73 66 48 59 72 58 69 88 78 19 0 89 90 30 48 40 46 57 65 61 46 73 29 78 35 58 49 39 59 6 74 71 17 62 87 41 59 13 36 69 89 72 50 27 68 21 17 70 93 25
93 56 35 57 61 40 32 31 7 78 70 89 0 17 63 74 50 64 83 67 29 87 61 81 28 62 80 67 65 63 95 88 62 81 67 8 65 48 78 58 44 0 61 39 83 75 68 72 46 24 76
97 72 27 50 74 56 32 23 10 65 72 90 17 0 62 85 56 57 72 54 29 80 77 77 15 59 69 78 74 76 96 75 49 85 80 25 59 39 79 56 31 17 77 41 89 90 71 74 62 7 73
44 65 36 19 56 58 31 39 61 52 19 30 63 62 0 54 26 19 40 39 34 34 69 20 48 7 38 50 39 58 36 54 43 32 62 63 14 29 17 6 39 63 68 25 42 71 20 20 58 63 13
35 29 73 71 16 38 57 72 78 105 37 48 74 85 54 0 33 73 94 91 60 86 28 69 80 61 92 7 15 15 52 108 94 31 15 68 68 76 50 58 83 74 27 49 23 20 35 38 33 91 61
43 39 40 39 30 32 25 39 51 73 21 40 50 56 26 33 0 43 65 59 28 60 43 46 48 32 63 27 19 32 46 79 61 31 36 47 39 43 33 28 50 50 42 16 33 46 19 23 32 60 39
62 82 30 7 73 71 35 34 60 34 38 46 64 57 19 73 43 0 23 20 36 23 86 21 42 12 21 69 58 75 51 36 25 51 79 67 5 18 33 15 28 64 85 33 61 89 39 39 74 56 21
77 104 48 29 95 94 57 52 78 22 58 57 83 72 40 94 65 23 0 18 58 14 108 28 57 33 3 90 79 97 61 17 26 69 101 88 26 35 48 37 41 83 107 56 79 111 59 58 97 70 35
82 97 32 20 89 84 44 36 60 14 58 65 67 54 39 91 59 20 18 0 44 30 101 38 39 32 15 86 76 91 70 21 8 71 95 72 25 20 53 33 23 67 100 47 80 105 58 59 88 52 40
68 56 14 29 53 41 3 12 27 57 43 61 29 29 34 60 28 36 58 44 0 59 61 52 20 33 55 54 47 55 67 65 42 56 59 31 36 24 50 29 25 29 60 12 61 69 42 45 46 32 47
66 99 53 30 90 91 58 57 83 36 49 46 87 80 34 86 60 23 14 30 59 0 103 17 65 29 16 83 72 92 49 31 38 58 96 90 24 41 37 33 50 87 102 55 68 104 51 48 92 79 25
62 5 75 82 15 21 59 73 67 115 58 73 61 77 69 28 43 86 108 101 61 103 0 88 77 75 106 24 35 14 77 122 100 56 13 54 82 82 71 71 86 61 1 54 50 16 56 60 15 84 80
49 85 50 27 74 78 49 54 79 49 32 29 81 77 20 69 46 21 28 38 52 17 88 0 62 19 29 66 55 76 33 45 45 41 79 82 18 39 20 23 49 81 87 45 51 87 34 31 78 77 8
87 72 12 35 72 57 23 9 21 50 62 78 28 15 48 80 48 42 57 39 20 65 77 62 0 45 54 74 67 74 84 60 34 75 78 34 44 24 65 42 16 28 77 32 81 88 61 64 62 15 59
51 71 33 13 62 62 30 36 60 45 26 35 62 59 7 61 32 12 33 32 33 29 75 19 45 0 31 57 46 64 41 47 37 39 68 63 7 24 22 4 34 62 74 26 49 78 27 27 64 60 14
77 102 45 26 93 92 54 49 75 20 57 58 80 69 38 92 63 21 3 15 55 16 106 29 54 31 0 88 77 95 62 16 23 69 99 85 24 32 48 35 38 80 105 54 79 109 58 58 95 67 35
38 24 67 66 10 31 51 66 71 100 34 49 67 78 50 7 27 69 90 86 54 83 24 66 74 57 88 0 11 10 53 104 88 32 13 61 64 70 47 54 77 67 23 43 26 21 32 36 26 84 58
31 34 59 56 20 35 44 58 68 90 23 39 65 74 39 15 19 58 79 76 47 72 35 55 67 46 77 11 0 21 44 93 79 23 24 61 53 61 36 43 69 65 34 35 19 32 21 25 32 79 47
48 14 68 71 2 24 52 67 68 105 44 59 63 76 58 15 32 75 97 91 55 92 14 76 74 64 95 10 21 0 63 111 92 42 4 57 71 74 57 60 79 63 13 46 36 14 42 46 18 83 68
19 77 72 54 63 78 64 75 94 82 25 6 95 96 36 52 46 51 61 70 67 49 77 33 84 41 62 53 44 63 0 78 76 21 66 93 46 65 19 42 75 95 76 56 29 72 27 23 75 99 30
93 117 53 40 109 105 65 57 81 12 73 74 88 75 54 108 79 36 17 21 65 31 122 45 60 47 16 104 93 111 78 0 26 85 115 93 40 41 64 51 44 88 121 68 95 125 74 74 109 72 51
87 96 28 24 90 82 42 32 55 16 62 71 62 49 43 94 61 25 26 8 42 38 100 45 34 37 23 88 79 92 76 26 0 75 96 68 30 18 58 37 18 62 99 46 84 106 62 63 86 46 46
12 56 64 51 42 58 53 66 82 84 14 17 81 85 32 31 31 51 69 71 56 58 56 41 75 39 69 32 23 42 21 85 75 0 45 78 46 61 21 38 71 81 55 44 10 51 14 12 55 88 34
50 15 72 75 6 27 56 71 72 109 47 62 67 80 62 15 36 79 101 95 59 96 13 79 78 68 99 13 24 4 66 115 96 45 0 60 75 78 60 64 83 67 12 50 38 10 45 49 21 87 71
90 49 40 60 55 33 33 36 15 84 68 87 8 25 63 68 47 67 88 72 31 90 54 82 34 63 85 61 61 57 93 93 68 78 60 0 67 53 77 59 50 8 54 38 79 68 66 70 39 32 76
57 78 32 9 69 69 34 36 62 38 33 41 65 59 14 68 39 5 26 25 36 24 82 18 44 7 24 64 53 71 46 40 30 46 75 67 0 21 28 11 31 65 81 32 56 85 34 34 71 59 16
73 78 13 12 72 64 24 17 43 34 48 59 48 39 29 76 43 18 35 20 24 41 82 39 24 24 32 70 61 74 65 41 18 61 78 53 21 0 46 23 10 48 81 28 70 88 48 49 68 38 37
29 69 53 35 56 65 47 56 77 66 13 13 78 79 17 50 33 33 48 53 50 37 71 20 65 22 48 47 36 57 19 64 58 21 60 77 28 46 0 23 56 78 70 39 31 68 15 12 64 80 13
50 67 30 13 58 58 26 33 56 47 25 36 58 56 6 58 28 15 37 33 29 33 71 23 42 4 35 54 43 60 42 51 37 38 64 59 11 23 23 0 33 58 70 22 47 74 25 26 60 57 18
83 81 11 22 77 66 27 14 37 34 58 69 44 31 39 83 50 28 41 23 25 50 86 49 16 34 38 77 69 79 75 44 18 71 83 50 31 10 56 33 0 44 85 34 79 93 57 59 71 29 47
93 56 35 57 61 40 32 31 7 78 70 89 0 17 63 74 50 64 83 67 29 87 61 81 28 62 80 67 65 63 95 88 62 81 67 8 65 48 78 58 44 0 61 39 83 75 68 72 46 24 76
61 5 74 81 14 21 58 72 67 114 57 72 61 77 68 27 42 85 107 100 60 102 1 87 77 74 105 23 34 13 76 121 99 55 12 54 81 81 70 70 85 61 0 53 49 15 55 59 15 84 79
56 50 24 28 44 38 9 23 38 61 32 50 39 41 25 49 16 33 56 47 12 55 54 45 32 26 54 43 35 46 56 68 46 44 50 38 32 28 39 22 34 39 53 0 49 60 30 34 41 44 38
12 50 72 60 36 54 58 72 84 94 23 27 83 89 42 23 33 61 79 80 61 68 50 51 81 49 79 26 19 36 29 95 84 10 38 79 56 70 31 47 79 83 49 49 0 43 22 22 51 93 44
55 20 82 85 16 35 66 81 81 119 55 68 75 90 71 20 46 89 111 105 69 104 16 87 88 78 109 21 32 14 72 125 106 51 10 68 85 88 68 74 93 75 15 60 43 0 53 57 29 97 79
26 54 50 38 41 51 39 52 68 72 2 21 68 71 20 35 19 39 59 58 42 51 56 34 61 27 58 32 21 42 27 74 62 14 45 66 34 48 15 25 57 68 55 30 22 53 0 4 49 74 26
24 58 53 39 45 55 42 55 72 72 2 17 72 74 20 38 23 39 58 59 45 48 60 31 64 27 58 36 25 46 23 74 63 12 49 70 34 49 12 26 59 72 59 34 22 57 4 0 53 77 23
63 10 60 69 17 6 44 58 52 102 51 70 46 62 58 33 32 74 97 88 46 92 15 78 62 64 95 26 32 18 75 109 86 55 21 39 71 68 64 60 71 46 15 41 51 29 49 53 0 69 71
100 79 27 50 81 63 35 24 17 60 75 93 24 7 63 91 60 56 70 52 32 79 84 77 15 60 67 84 79 83 99 72 46 88 87 32 59 38 80 57 29 24 84 44 93 97 74 77 69 0 74
42 78 47 25 66 71 44 50 74 53 24 25 76 73 13 61 39 21 35 40 47 25 80 8 59 14 35 58 47 68 30 51 46 34 71 76 16 37 13 18 47 76 79 38 44 79 26 23 71 74 0
0 1727
1279 1389
749 992
1457 1714
1433 1588
487 587
895 1083
190 412
574 789
508 653
1059 1202
857 1042
463 607
372 495
832 1028
1554 1699
309 471
80 169
510 685
828 917
1505 1670
478 663
1229 1399
42 231
1068 1182
390 561
838 1087
1149 1294
1400 1618
1217 1452
664 831
586 701
378 531
206 296
882 977
874 992
95 227
959 1053
36 129
343 472
285 478
257 436
549 764
312 506
702 817
1323 1412
718 872
1093 1290
747 918
1321 1434
732 905
