51
0 28 74 81 22 67 25 86 33 93 73 29 57 57 100 53 80 65 48 61 18 47 37 7 77 25 89 46 64 69 97 45 62 50 69 62 40 50 67 17 54 42 77 110 62 56 80 79 71 30 108
28 0 50 66 34 69 47 65 16 74 53 4 64 67 88 54 63 61 20 70 17 20 51 35 79 8 70 34 79 78 89 20 75 22 70 76 12 39 39 42 49 43 78 97 67 28 56 53 47 35 94
74 50 0 28 66 68 81 15 61 27 11 47 71 76 51 57 23 50 37 77 56 32 75 81 71 58 23 34 93 83 58 49 85 33 63 89 40 35 27 80 44 53 67 57 69 35 6 10 3 58 52
81 66 28 0 65 49 80 18 81 14 17 62 57 62 23 45 5 32 60 62 63 53 68 87 50 74 12 35 79 64 30 72 71 56 43 75 61 31 53 80 33 47 45 32 52 59 25 37 28 56 28
22 34 66 65 0 45 15 74 47 78 62 33 35 36 80 31 65 44 53 40 17 48 17 24 55 37 74 33 45 48 77 54 42 52 47 42 45 34 68 15 34 21 55 90 40 60 71 73 63 9 89
67 69 68 49 45 0 50 67 85 63 58 66 12 17 50 15 53 18 79 14 55 72 34 69 10 75 61 41 31 15 42 87 23 76 6 27 74 37 85 57 25 26 12 59 5 83 69 78 66 37 60
25 47 81 80 15 50 0 89 58 93 77 47 38 36 93 41 80 56 67 40 31 63 16 22 60 48 89 48 40 48 89 67 39 67 55 38 59 49 83 8 47 33 62 103 45 75 86 88 78 24 102
86 65 15 18 74 67 89 0 76 12 13 61 73 78 37 59 14 49 52 79 68 47 80 93 68 73 9 42 95 82 47 64 87 48 61 91 55 40 41 89 46 58 63 43 69 50 9 22 18 65 38
33 16 61 81 47 85 58 76 0 87 66 20 79 81 104 70 78 77 25 85 30 29 64 39 95 10 83 50 92 93 105 16 88 29 86 89 21 55 45 50 65 59 94 113 83 33 67 62 58 49 109
93 74 27 14 78 63 93 12 87 0 21 70 71 76 27 59 13 46 64 76 75 58 82 99 63 82 4 47 93 78 37 76 85 60 57 89 66 44 53 93 47 61 58 31 66 62 21 34 30 69 26
73 53 11 17 62 58 77 13 66 21 0 49 62 67 40 48 13 40 43 68 55 37 68 80 61 61 17 29 84 73 47 55 76 39 53 80 45 28 36 77 35 46 57 49 59 42 11 21 11 53 44
29 4 47 62 33 66 47 61 20 70 49 0 61 64 84 51 59 57 20 67 16 18 50 36 76 12 66 30 77 75 85 22 72 21 67 74 12 35 38 42 45 40 75 93 64 28 53 50 44 32 90
57 64 71 57 35 12 38 73 79 71 62 61 0 5 62 14 60 26 77 6 49 70 22 58 22 69 69 41 22 14 54 83 14 74 18 18 71 37 85 45 27 22 24 71 7 82 73 81 69 30 72
57 67 76 62 36 17 36 78 81 76 67 64 5 0 67 19 65 31 81 4 51 74 20 57 26 71 74 46 17 12 59 86 9 78 23 13 74 42 90 43 32 26 29 76 12 86 78 86 74 32 77
100 88 51 23 80 50 93 37 104 27 40 84 62 67 0 53 28 38 83 64 83 76 79 104 46 96 28 55 81 65 11 95 73 79 44 77 84 50 76 95 46 60 41 10 55 82 46 59 51 71 10
53 54 57 45 31 15 41 59 70 59 48 51 14 19 53 0 47 15 64 20 40 57 26 55 25 60 56 27 36 27 48 72 28 61 16 32 59 23 71 45 13 11 24 63 13 69 59 67 55 23 63
80 63 23 5 65 53 80 14 78 13 13 59 60 65 28 47 0 35 56 65 62 50 70 86 54 71 9 34 82 68 35 68 74 52 47 78 57 31 49 80 35 48 49 36 55 55 20 32 24 56 32
65 61 50 32 44 18 56 49 77 46 40 57 26 31 38 15 35 0 66 30 51 59 41 68 21 68 44 28 47 33 33 75 39 63 13 43 62 23 70 59 12 23 18 48 20 70 51 60 49 35 48
48 20 37 60 53 79 67 52 25 64 43 20 77 81 83 64 56 66 0 83 36 7 68 55 86 25 60 38 95 91 88 12 89 4 77 92 8 43 20 62 54 55 84 92 77 8 43 37 34 50 87
61 70 77 62 40 14 40 79 85 76 68 67 6 4 64 20 65 30 83 0 55 76 24 61 22 75 74 47 17 8 56 89 9 80 20 13 77 43 91 47 33 28 26 73 10 88 79 87 75 36 74
18 17 56 63 17 55 31 68 30 75 55 16 49 51 83 40 62 51 36 55 0 32 34 25 65 20 71 28 62 63 82 37 58 36 56 59 28 33 52 26 39 29 64 93 53 44 62 61 53 19 90
47 20 32 53 48 72 63 47 29 58 37 18 70 74 76 57 50 59 7 76 32 0 62 54 79 26 54 31 89 84 81 19 83 4 70 86 8 36 20 58 47 48 77 85 70 12 38 33 29 44 81
37 51 75 68 17 34 16 80 64 82 68 50 22 20 79 26 70 41 68 24 34 62 0 37 44 54 79 41 28 32 74 71 25 66 39 25 61 40 81 23 35 22 46 89 29 74 78 84 72 18 89
7 35 81 87 24 69 22 93 39 99 80 36 58 57 104 55 86 68 55 61 25 54 37 0 79 32 95 52 62 69 101 52 61 57 71 60 47 56 74 14 58 45 79 114 64 63 87 86 78 33 113
77 79 71 50 55 10 60 68 95 63 61 76 22 26 46 25 54 21 86 22 65 79 44 79 0 85 62 48 38 19 36 95 30 83 9 34 82 44 91 67 32 36 5 53 15 90 72 81 70 47 56
25 8 58 74 37 75 48 73 10 82 61 12 69 71 96 60 71 68 25 75 20 26 54 32 85 0 78 42 82 83 97 20 78 28 76 79 18 47 45 41 56 49 84 105 73 33 64 59 55 39 102
89 70 23 12 74 61 89 9 83 4 17 66 69 74 28 56 9 44 60 74 71 54 79 95 62 78 0 43 91 76 38 72 83 56 55 87 62 40 50 89 44 57 57 34 64 58 18 31 26 65 29
46 34 34 35 33 41 48 42 50 47 29 30 41 46 55 27 34 28 38 47 28 31 41 52 48 42 43 0 62 54 55 47 55 35 39 58 34 5 45 48 16 20 46 65 40 42 39 43 31 24 62
64 79 93 79 45 31 40 95 92 93 84 77 22 17 81 36 82 47 95 17 62 89 28 62 38 82 91 62 0 20 73 99 8 93 37 4 88 59 106 48 49 42 43 90 27 101 95 103 91 45 91
69 78 83 64 48 15 48 82 93 78 73 75 14 12 65 27 68 33 91 8 63 84 32 69 19 83 76 54 20 0 55 97 12 88 21 16 85 50 98 55 39 36 24 72 14 96 84 93 81 44 75
97 89 58 30 77 42 89 47 105 37 47 85 54 59 11 48 35 33 88 56 82 81 74 101 36 97 38 55 73 55 0 100 65 84 36 69 87 50 83 92 43 56 31 17 47 89 55 67 58 68 20
45 20 49 72 54 87 67 64 16 76 55 22 83 86 95 72 68 75 12 89 37 19 71 52 95 20 72 47 99 97 100 0 94 16 86 96 13 52 30 61 63 62 93 104 85 18 55 49 46 54 99
62 75 85 71 42 23 39 87 88 85 76 72 14 9 73 28 74 39 89 9 58 83 25 61 30 78 83 55 8 12 65 94 0 87 29 4 83 51 99 47 41 35 35 82 19 95 87 95 83 40 83
50 22 33 56 52 76 67 48 29 60 39 21 74 78 79 61 52 63 4 80 36 4 66 57 83 28 56 35 93 88 84 16 87 0 74 90 10 40 17 62 51 52 81 88 74 8 39 33 30 48 83
69 70 63 43 47 6 55 61 86 57 53 67 18 23 44 16 47 13 77 20 56 70 39 71 9 76 55 39 37 21 36 86 29 74 0 33 73 35 83 61 23 27 8 53 11 81 64 73 62 39 54
62 76 89 75 42 27 38 91 89 89 80 74 18 13 77 32 78 43 92 13 59 86 25 60 34 79 87 58 4 16 69 96 4 90 33 0 85 55 102 46 45 38 39 86 23 98 91 99 87 42 87
40 12 40 61 45 74 59 55 21 66 45 12 71 74 84 59 57 62 8 77 28 8 61 47 82 18 62 34 88 85 87 13 83 10 73 85 0 39 27 54 50 49 80 93 72 16 46 41 37 43 89
50 39 35 31 34 37 49 40 55 44 28 35 37 42 50 23 31 23 43 43 33 36 40 56 44 47 40 5 59 50 50 52 51 40 35 55 39 0 48 49 12 18 41 60 36 47 38 44 32 25 58
67 39 27 53 68 85 83 41 45 53 36 38 85 90 76 71 49 70 20 91 52 20 81 74 91 45 50 45 106 98 83 30 99 17 83 102 27 48 0 78 60 64 88 84 84 12 32 20 25 63 79
17 42 80 80 15 57 8 89 50 93 77 42 45 43 95 45 80 59 62 47 26 58 23 14 67 41 89 48 48 55 92 61 47 62 61 46 54 49 78 0 49 36 69 105 52 70 86 87 77 24 104
54 49 44 33 34 25 47 46 65 47 35 45 27 32 46 13 35 12 54 33 39 47 35 58 32 56 44 16 49 39 43 63 41 51 23 45 50 12 60 49 0 14 30 56 25 58 46 54 42 25 55
42 43 53 47 21 26 33 58 59 61 46 40 22 26 60 11 48 23 55 28 29 48 22 45 36 49 57 20 42 36 56 62 35 52 27 38 49 18 64 36 14 0 35 70 24 60 56 62 50 12 69
77 78 67 45 55 12 62 63 94 58 57 75 24 29 41 24 49 18 84 26 64 77 46 79 5 84 57 46 43 24 31 93 35 81 8 39 80 41 88 69 30 35 0 48 17 88 67 77 66 47 51
110 97 57 32 90 59 103 43 113 31 49 93 71 76 10 63 36 48 92 73 93 85 89 114 53 105 34 65 90 72 17 104 82 88 53 86 93 60 84 105 56 70 48 0 64 91 52 65 60 81 5
62 67 69 52 40 5 45 69 83 66 59 64 7 12 55 13 55 20 77 10 53 70 29 64 15 73 64 40 27 14 47 85 19 74 11 23 72 36 84 52 25 24 17 64 0 82 70 79 67 34 65
56 28 35 59 60 83 75 50 33 62 42 28 82 86 82 69 55 70 8 88 44 12 74 63 90 33 58 42 101 96 89 18 95 8 81 98 16 47 12 70 58 60 88 91 82 0 41 31 32 56 86
80 56 6 25 71 69 86 9 67 21 11 53 73 78 46 59 20 51 43 79 62 38 78 87 72 64 18 39 95 84 55 55 87 39 64 91 46 38 32 86 46 56 67 52 70 41 0 13 9 63 47
79 53 10 37 73 78 88 22 62 34 21 50 81 86 59 67 32 60 37 87 61 33 84 86 81 59 31 43 103 93 67 49 95 33 73 99 41 44 20 87 54 62 77 65 79 31 13 0 12 66 60
71 47 3 28 63 66 78 18 58 30 11 44 69 74 51 55 24 49 34 75 53 29 72 78 70 55 26 31 91 81 58 46 83 30 62 87 37 32 25 77 42 50 66 60 67 32 9 12 0 55 55
30 35 58 56 9 37 24 65 49 69 53 32 30 32 71 23 56 35 50 36 19 44 18 33 47 39 65 24 45 44 68 54 40 48 39 42 43 25 63 24 25 12 47 81 34 56 63 66 55 0 80
108 94 52 28 89 60 102 38 109 26 44 90 72 77 10 63 32 48 87 74 90 81 89 113 56 102 29 62 91 75 20 99 83 83 54 87 89 58 79 104 55 69 51 5 65 86 47 60 55 80 0
0 1221
105 276
32 180
804 926
398 724
451 765
943 1221
8 195
620 931
372 598
419 582
478 761
189 347
811 1165
822 1139
83 367
829 1134
382 741
889 1139
815 1164
806 1161
956 1186
110 378
430 779
618 768
304 488
577 717
574 763
768 954
734 1091
778 940
619 887
941 1221
848 1181
431 565
11 158
770 1039
29 394
921 1195
730 1075
749 1071
943 1221
44 402
883 1188
599 878
290 466
936 1221
908 1219
66 426
527 810
508 860
