51
0 16 62 39 64 50 56 25 76 43 54 32 48 62 30 20 18 67 49 26 68 33 59 66 41 80 36 41 23 42 35 53 20 27 49 47 37 38 29 64 43 8 52 74 47 46 28 33 76 14 55
16 0 49 34 48 38 41 12 60 32 42 46 36 66 46 26 26 64 36 15 57 43 45 50 29 67 20 28 35 30 19 50 34 11 33 34 29 30 43 48 39 21 40 61 34 42 44 46 64 17 41
62 49 0 77 59 12 16 37 55 63 67 94 63 112 90 54 56 106 63 36 14 92 15 29 21 79 44 21 66 60 37 92 69 46 51 16 68 67 91 29 81 69 67 73 17 84 88 94 78 50 15
39 34 77 0 41 68 64 45 60 17 26 43 22 36 55 58 56 30 23 49 88 31 68 65 60 51 33 57 62 20 40 16 58 31 34 61 9 10 46 63 5 35 24 46 60 8 54 40 47 49 64
64 48 59 41 0 58 43 50 19 24 16 82 19 75 91 74 74 62 18 54 73 70 45 34 55 20 28 49 83 25 35 53 82 37 15 47 33 32 83 33 44 66 18 14 46 45 89 79 19 65 44
50 38 12 68 58 0 17 26 57 57 63 82 58 103 78 42 44 98 58 24 20 81 20 32 9 78 38 12 54 54 30 84 57 37 47 11 60 60 79 31 73 57 62 72 12 76 76 82 77 38 16
56 41 16 64 43 17 0 31 40 49 51 87 48 100 86 53 55 92 47 31 30 83 4 15 20 63 31 15 65 46 25 79 66 35 35 9 55 54 84 14 68 62 51 57 9 71 84 87 62 46 1
25 12 37 45 50 26 31 0 59 39 47 57 41 78 55 25 26 75 42 4 45 55 34 43 17 69 22 16 37 36 16 61 37 16 35 22 39 39 54 41 50 32 45 63 22 53 53 57 68 17 30
76 60 55 60 19 57 40 59 0 43 35 100 38 94 105 84 84 81 37 62 69 89 40 26 57 30 40 51 95 42 43 72 94 49 29 47 52 51 100 26 63 80 37 26 46 64 103 98 31 75 41
43 32 63 17 24 57 49 39 43 0 11 58 5 53 67 58 58 43 6 43 76 46 52 48 50 37 19 45 66 3 27 31 63 23 17 47 9 8 59 46 21 43 9 31 46 23 65 55 33 49 50
54 42 67 26 16 63 51 47 35 11 0 68 6 59 77 68 67 46 6 51 81 56 54 46 57 26 26 51 76 12 34 37 74 31 16 52 19 18 69 45 28 54 2 20 51 29 76 65 22 59 52
32 46 94 43 82 82 87 57 100 58 68 0 63 42 16 47 45 57 64 58 100 14 91 95 73 94 62 73 41 59 64 47 36 54 71 79 49 50 5 93 45 25 66 88 79 47 16 4 90 46 87
48 36 63 22 19 58 48 41 38 5 6 63 0 58 72 62 61 46 1 45 76 51 51 45 51 32 20 46 70 6 28 36 68 25 13 47 14 13 64 43 26 48 4 26 46 28 70 60 28 53 49
62 66 112 36 75 103 100 78 94 53 59 42 58 0 58 81 79 21 59 81 123 31 104 101 95 77 69 92 80 56 76 23 75 66 70 96 45 46 47 99 32 54 57 76 95 30 58 38 73 76 100
30 46 90 55 91 78 86 55 105 67 77 16 72 58 0 38 36 72 73 55 94 29 89 96 69 103 65 71 30 67 65 62 25 56 76 77 58 59 11 94 57 25 75 97 77 60 2 20 99 40 85
20 26 54 58 74 42 53 25 84 58 68 47 62 81 38 0 2 87 62 23 56 52 56 67 34 93 46 38 12 56 41 73 15 37 59 44 54 55 42 66 63 27 66 87 44 66 36 50 90 9 52
18 26 56 56 74 44 55 26 84 58 67 45 61 79 36 2 0 85 62 24 58 50 58 69 36 93 46 40 11 55 41 71 13 37 59 46 53 54 40 67 61 25 65 87 46 64 34 48 89 9 54
67 64 106 30 62 98 92 75 81 43 46 57 46 21 72 87 85 0 47 79 118 43 95 91 90 59 62 87 88 46 69 14 84 61 59 90 38 39 61 89 25 61 44 58 89 22 72 53 55 79 93
49 36 63 23 18 58 47 42 37 6 6 64 1 59 73 62 62 47 0 46 76 52 50 44 51 31 20 46 71 7 28 37 69 26 12 47 15 14 65 42 27 49 4 26 46 29 71 61 28 53 48
26 15 36 49 54 24 31 4 62 43 51 58 45 81 55 23 24 79 46 0 43 57 34 45 15 73 26 16 35 40 20 65 35 20 39 22 43 43 55 43 54 33 49 67 22 57 53 58 72 15 30
68 57 14 88 73 20 30 45 69 76 81 100 76 123 94 56 58 118 76 43 0 100 29 43 29 93 57 32 68 73 50 104 71 57 65 29 80 80 97 43 93 76 80 87 30 96 92 101 92 55 29
33 43 92 31 70 81 83 55 89 46 56 14 51 31 29 52 50 43 52 57 100 0 87 89 72 82 55 71 50 48 58 33 45 48 62 77 37 38 18 87 31 25 54 76 77 33 29 10 78 47 83
59 45 15 68 45 20 4 34 40 52 54 91 51 104 89 56 58 95 50 34 29 87 0 14 23 65 35 18 68 49 29 83 69 39 38 12 59 58 88 14 72 66 54 59 12 75 87 91 64 49 4
66 50 29 65 34 32 15 43 26 48 46 95 45 101 96 67 69 91 44 45 43 89 14 0 35 53 34 29 79 45 31 79 80 41 32 24 56 55 93 2 69 71 47 48 23 71 94 94 53 60 16
41 29 21 60 55 9 20 17 57 50 57 73 51 95 69 34 36 90 51 15 29 72 23 35 0 75 31 6 46 47 23 76 49 29 42 11 52 52 70 34 65 48 55 69 12 68 67 73 74 29 19
80 67 79 51 20 78 63 69 30 37 26 94 32 77 103 93 93 59 31 73 93 82 65 53 75 0 47 69 102 38 54 55 100 56 34 67 45 44 95 52 51 80 28 6 66 51 102 91 4 84 64
36 20 44 33 28 38 31 22 40 19 26 62 20 69 65 46 46 62 20 26 57 55 35 34 31 47 0 26 55 16 8 48 54 9 13 28 24 23 61 32 37 40 24 41 27 40 63 61 46 37 31
41 28 21 57 49 12 15 16 51 45 51 73 46 92 71 38 40 87 46 16 32 71 18 29 6 69 26 0 50 42 18 73 51 26 36 6 49 48 70 28 62 48 50 63 6 65 69 73 68 31 14
23 35 66 62 83 54 65 37 95 66 76 41 70 80 30 12 11 88 71 35 68 50 68 79 46 102 55 50 0 64 52 74 5 46 68 56 60 61 36 78 66 27 74 96 56 69 28 45 98 20 64
42 30 60 20 25 54 46 36 42 3 12 59 6 56 67 56 55 46 7 40 73 48 49 45 47 38 16 42 64 0 24 34 62 20 14 44 11 10 60 43 24 42 10 32 43 26 65 57 34 47 47
35 19 37 40 35 30 25 16 43 27 34 64 28 76 65 41 41 69 28 20 50 58 29 31 23 54 8 18 52 24 0 55 52 10 20 21 31 31 62 29 44 40 32 48 20 47 63 63 53 32 25
53 50 92 16 53 84 79 61 72 31 37 47 36 23 62 73 71 14 37 65 104 33 83 79 76 55 48 73 74 34 55 0 70 47 48 76 24 25 51 77 11 47 35 53 75 8 62 43 51 65 79
20 34 69 58 82 57 66 37 94 63 74 36 68 75 25 15 13 84 69 35 71 45 69 80 49 100 54 51 5 62 52 70 0 45 67 57 57 58 31 78 62 23 72 94 57 65 23 40 96 20 65
27 11 46 31 37 37 35 16 49 23 31 54 25 66 56 37 37 61 26 20 57 48 39 41 29 56 9 26 46 20 10 47 45 0 22 30 23 23 52 39 36 31 29 50 29 39 54 53 53 28 35
49 33 51 34 15 47 35 35 29 17 16 71 13 70 76 59 59 59 12 39 65 62 38 32 42 34 13 36 68 14 20 48 67 22 0 36 25 24 71 30 38 51 16 28 35 40 74 69 33 50 36
47 34 16 61 47 11 9 22 47 47 52 79 47 96 77 44 46 90 47 22 29 77 12 24 11 67 28 6 56 44 21 76 57 30 36 0 52 51 76 23 65 54 51 61 1 68 75 79 66 37 8
37 29 68 9 33 60 55 39 52 9 19 49 14 45 58 54 53 38 15 43 80 37 59 56 52 45 24 49 60 11 31 24 57 23 25 52 0 1 50 54 13 35 17 39 51 16 57 46 41 46 55
38 30 67 10 32 60 54 39 51 8 18 50 13 46 59 55 54 39 14 43 80 38 58 55 52 44 23 48 61 10 31 25 58 23 24 51 1 0 51 53 14 36 16 38 50 17 58 47 40 46 54
29 43 91 46 83 79 84 54 100 59 69 5 64 47 11 42 40 61 65 55 97 18 88 93 70 95 61 70 36 60 62 51 31 52 71 76 50 51 0 91 48 22 67 89 76 50 11 9 91 42 84
64 48 29 63 33 31 14 41 26 46 45 93 43 99 94 66 67 89 42 43 43 87 14 2 34 52 32 28 78 43 29 77 78 39 30 23 54 53 91 0 67 69 45 47 22 69 92 92 52 58 15
43 39 81 5 44 73 68 50 63 21 28 45 26 32 57 63 61 25 27 54 93 31 72 69 65 51 37 62 66 24 44 11 62 36 38 65 13 14 48 67 0 39 26 47 64 3 57 41 47 54 68
8 21 69 35 66 57 62 32 80 43 54 25 48 54 25 27 25 61 49 33 76 25 66 71 48 80 40 48 27 42 40 47 23 31 51 54 35 36 22 69 39 0 52 74 54 42 23 25 76 22 62
52 40 67 24 18 62 51 45 37 9 2 66 4 57 75 66 65 44 4 49 80 54 54 47 55 28 24 50 74 10 32 35 72 29 16 51 17 16 67 45 26 52 0 22 50 27 74 63 24 57 52
74 61 73 46 14 72 57 63 26 31 20 88 26 76 97 87 87 58 26 67 87 76 59 48 69 6 41 63 96 32 48 53 94 50 28 61 39 38 89 47 47 74 22 0 60 48 96 85 5 78 58
47 34 17 60 46 12 9 22 46 46 51 79 46 95 77 44 46 89 46 22 30 77 12 23 12 66 27 6 56 43 20 75 57 29 35 1 51 50 76 22 64 54 50 60 0 67 75 79 65 37 8
46 42 84 8 45 76 71 53 64 23 29 47 28 30 60 66 64 22 29 57 96 33 75 71 68 51 40 65 69 26 47 8 65 39 40 68 16 17 50 69 3 42 27 48 67 0 59 43 47 57 71
28 44 88 54 89 76 84 53 103 65 76 16 70 58 2 36 34 72 71 53 92 29 87 94 67 102 63 69 28 65 63 62 23 54 74 75 57 58 11 92 57 23 74 96 75 59 0 20 98 38 83
33 46 94 40 79 82 87 57 98 55 65 4 60 38 20 50 48 53 61 58 101 10 91 94 73 91 61 73 45 57 63 43 40 53 69 79 46 47 9 92 41 25 63 85 79 43 20 0 87 47 87
76 64 78 47 19 77 62 68 31 33 22 90 28 73 99 90 89 55 28 72 92 78 64 53 74 4 46 68 98 34 53 51 96 53 33 66 41 40 91 52 47 76 24 5 65 47 98 87 0 81 63
14 17 50 49 65 38 46 17 75 49 59 46 53 76 40 9 9 79 53 15 55 47 49 60 29 84 37 31 20 47 32 65 20 28 50 37 46 46 42 58 54 22 57 78 37 57 38 47 81 0 45
55 41 15 64 44 16 1 30 41 50 52 87 49 100 85 52 54 93 48 30 29 83 4 16 19 64 31 14 64 47 25 79 65 35 36 8 55 54 84 15 68 62 52 58 8 71 83 87 63 45 0
0 772
175 493
158 507
74 316
25 283
264 768
277 594
368 772
381 742
341 636
158 513
208 772
34 520
203 613
212 710
269 487
301 768
12 211
44 329
105 597
223 754
329 772
194 425
91 388
194 676
127 459
268 645
87 521
321 751
297 652
236 594
12 324
95 658
209 595
377 639
168 604
373 606
203 543
140 382
166 666
322 725
104 525
202 474
75 526
223 426
10 261
33 494
36 441
185 624
248 588
354 772
